801	12/09
17:00	 Akhisar Bld.
Gaziantepspor	
0
0
1.50
2.60
2.5
2.20
1.67
2.10
3.30
3.60
1.30
1.35
1.75
1.5
1.0
2.30
2.25
1.62
1.65
 	 0:0(0:0)  
804	12/09
17:00	 Bursaspor
Genclerbirligi	
–1.0
+1.0
2.40
1.57
2.5
1.83
2.00
1.80
3.70
4.30
1.22
1.28
2.00
1.5
1.0
1.83
2.15
1.97
1.70
 	 3:2(1:0)  
802	12/09
20:15	 Antalyaspor
Eskisehirspor	
0
0
1.53
2.50
2.5
1.87
1.93
2.10
3.50
3.45
1.32
1.32
1.75
1.5
1.0
2.05
1.90
1.75
1.90
 	 2:0(0:0)  
805	12/09
20:15	 Galatasaray SK
Mersin Idmanyurdu	
–1.5
+1.5
2.10
1.72
3.0
1.90
1.90
1.40
5.00
7.00
1.10
1.17
3.00
2.0
1.0
1.80
2.60
2.05
1.50
 	 1:1(0:0)  
803	13/09
17:00	 Besiktas JK
Istanbul Basaksehir	
–1.0
+1.0
2.25
1.65
2.5
1.85
1.95
1.67
3.80
5.20
1.16
1.26
2.20
1.5
1.0
1.80
2.40
2.00
1.57
 	 2:0(1:0)  
809	13/09
17:00	 Caykur Rizespor
Sivasspor	
0
0
1.55
2.35
2.5
1.85
1.90
2.15
3.40
3.35
1.30
1.32
1.65
1.5
1.0
2.00
1.80
1.75
1.95
 	 1:1(0:1)  
808	13/09
20:15	 Osmanlispor
Konyaspor	
0
0
1.42
2.85
2.0
1.67
2.20
2.00
3.30
4.00
1.25
1.35
1.83
1.5
1.0
2.25
2.50
1.62
1.53
 	 1:2(1:0)  
807	13/09
21:00	 Kasimpasa
Fenerbahce	
+1.0
–1.0
1.48
2.65
3.0
2.10
1.75
3.70
3.70
1.95
1.87
1.28
1.28
1.0
1.5
1.75
1.80
2.05
2.00
 	 0:1(0:1)  
806	14/09
21:00	 Kayserispor
Trabzonspor	
0
0
1.77
2.05
2.5
2.20
1.67
2.55
3.20
2.90
1.42
1.35
1.53
1.0
1.0
1.72
1.90
2.10
1.90
 	 0:1(0:0)  
7606	18/09
20:00	 Istanbul Basaksehir
Akhisar Bld.	
–1.0
+1.0
2.30
1.62
2.5
2.10
1.72
1.70
3.70
5.10
1.16
1.27
2.14
1.5
1.0
1.95
2.95
1.85
1.40
 	 2:0(1:0)  
7607	18/09
20:00	 Mersin Idmanyurdu
Osmanlispor	
0
0
2.00
1.80
2.5
1.95
1.85
2.80
3.35
2.50
1.53
1.33
1.45
1.0
1.0
1.70
1.60
2.15
2.35
 	 0:4(0:2)  
7608	19/09
17:00	 Caykur Rizespor
Antalyaspor	
0
0
1.60
2.35
2.5
2.00
1.80
2.25
3.35
3.25
1.35
1.33
1.67
1.5
1.0
2.25
1.93
1.65
1.87
 	 5:1(3:1)  
7609	19/09
17:00	 Sivasspor
Konyaspor	
0
0
1.45
2.75
2.5
1.93
1.87
2.00
3.50
3.70
1.28
1.32
1.83
1.5
1.0
2.05
2.05
1.77
1.77
 	 0:0(0:0)  
7612	19/09
20:00	 Eskisehirspor
Kasimpasa	
0
0
1.97
1.85
2.5
1.97
1.83
2.75
3.35
2.55
1.53
1.33
1.46
1.0
1.0
1.67
1.62
2.20
2.30
 	 0:3(0:1)  
7610	19/09
20:00	 Trabzonspor
Galatasaray SK	
0
0
1.80
2.00
2.5
1.83
1.97
2.50
3.45
2.75
1.45
1.32
1.55
1.5
1.0
2.30
1.60
1.62
2.35
 	 0:1(0:0)  
7611	20/09
20:00	 Fenerbahce
Bursaspor	
–1.0
+1.0
1.93
1.87
3.0
2.15
1.70
1.57
4.30
5.50
1.15
1.22
2.45
2.0
1.0
2.15
2.40
1.70
1.57
 	 2:1(1:0)  
7605	21/09
20:00	 Genclerbirligi
Besiktas JK	
+1.0
–1.0
1.53
2.50
2.5
1.80
2.00
4.00
3.70
1.87
1.95
1.30
1.25
1.0
1.5
2.05
1.85
1.77
1.95
 	 1:1(1:0)  
6246	26/09
16:00	 Osmanlispor
Trabzonspor	
0
0
1.77
2.05
2.5
2.00
1.80
2.50
3.30
2.85
1.44
1.35
1.55
1.0
1.0
1.62
1.75
2.30
2.05
 	 3:1(1:0)  
6238	26/09
19:00	 Akhisar Bld.
Genclerbirligi	
0
0
1.77
2.05
2.0
1.72
2.15
2.50
3.25
2.90
1.42
1.35
1.53
1.0
1.0
1.77
1.97
2.05
1.83
 	 1:0(0:0)  
6242	26/09
19:00	 Galatasaray SK
Gaziantepspor	
–1.0
+1.0
1.70
2.15
3.0
2.10
1.75
1.44
4.50
7.50
1.09
1.21
2.81
2.0
1.0
1.93
2.80
1.87
1.44
 	 2:1(1:1)  
6245	27/09
14:00	 Konyaspor
Mersin Idmanyurdu	
–1.0
+1.0
2.45
1.55
2.5
2.10
1.75
1.80
3.60
4.50
1.22
1.30
2.05
1.5
1.0
2.00
2.60
1.80
1.50
 	 2:0(1:0)  
6239	27/09
17:00	 Antalyaspor
Sivasspor	
0
0
1.65
2.25
2.5
1.90
1.90
2.30
3.40
3.10
1.37
1.32
1.65
1.5
1.0
2.20
1.77
1.67
2.05
 	 1:1(1:1)  
6240	27/09
19:00	 Besiktas JK
Fenerbahce	
0
0
1.72
2.15
2.5
1.90
1.90
2.40
3.40
2.95
1.42
1.32
1.60
1.5
1.0
2.30
1.72
1.62
2.10
 	 3:2(2:1)  
8686	28/09
19:00	 Kayserispor
Istanbul Basaksehir	
0
0
1.75
2.10
2.0
1.77
2.05
2.55
3.00
3.05
1.38
1.40
1.53
1.0
1.0
1.80
2.10
2.00
1.75
 	 0:1(0:0)  
8687	28/09
19:00	 Kasimpasa
Caykur Rizespor	
–1.0
+1.0
2.65
1.48
2.5
1.95
1.85
1.90
3.60
4.00
1.25
1.30
1.90
1.5
1.0
1.97
2.25
1.83
1.65
 	 1:1(1:0)  
8685	28/09
20:00	 Bursaspor
Eskisehirspor	
–1.0
+1.0
2.25
1.65
2.5
1.87
1.93
1.72
3.70
5.00
1.17
1.28
2.13
1.5
1.0
1.83
2.45
2.00
1.57
 	 2:0(0:0)  
7616	02/10
20:00	 Sivasspor
Mersin Idmanyurdu	
–1.0
+1.0
2.40
1.57
2.5
1.75
2.05
1.80
3.90
4.30
1.23
1.27
2.05
1.5
1.0
1.80
2.05
2.00
1.77
 	 2:2(2:0)  
7617	02/10
20:00	 Trabzonspor
Konyaspor	
–1.0
+1.0
2.45
1.55
2.5
2.10
1.75
1.83
3.50
4.50
1.20
1.32
2.00
1.5
1.0
2.00
2.60
1.80
1.50
 	 1:2(0:0)  
7612	03/10
16:00	 Gaziantepspor
Osmanlispor	
0
0
2.20
1.67
2.5
2.10
1.75
3.05
3.30
2.35
1.60
1.35
1.38
1.0
1.0
1.90
1.60
1.90
2.35
 	 2:1(2:1)  
7613	03/10
19:00	 Genclerbirligi
Kayserispor	
0
0
1.83
1.97
2.0
1.72
2.15
2.60
3.20
2.80
1.45
1.35
1.50
1.0
1.0
1.83
1.93
1.97
1.87
 	 2:0(0:0)  
7614	03/10
19:00	 Istanbul Basaksehir
Galatasaray SK	
0
0
1.93
1.87
2.5
1.93
1.87
2.70
3.35
2.60
1.50
1.33
1.47
1.0
1.0
1.65
1.60
2.25
2.35
 	 0:2(0:0)  
7615	04/10
14:00	 Caykur Rizespor
Bursaspor	
0
0
1.97
1.85
2.5
1.97
1.83
2.75
3.30
2.60
1.53
1.33
1.46
1.0
1.0
1.70
1.62
2.15
2.30
 	 2:3(1:1)  
7619	04/10
17:00	 Eskisehirspor
Besiktas JK	
+1.0
–1.0
1.60
2.35
2.5
2.00
1.80
4.80
3.55
1.77
2.05
1.30
1.20
1.0
1.5
2.60
1.93
1.50
1.87
 	 1:2(0:1)  
7611	04/10
19:00	 Antalyaspor
Kasimpasa	
0
0
2.05
1.75
2.5
1.90
1.90
2.85
3.40
2.45
1.57
1.32
1.44
1.0
1.5
1.70
2.30
2.15
1.62
 	 0:0(0:0)  
7618	04/10
20:00	 Fenerbahce
Akhisar Bld.	
–1.5
+1.5
2.00
1.80
3.0
2.00
1.83
1.33
5.00
10.00
1.05
1.17
3.33
2.0
1.0
1.75
3.20
2.10
1.35
 	 2:2(2:0)  
284	17/10
16:00	 Bursaspor
Antalyaspor	
–1.0
+1.0
2.25
1.65
2.5
1.75
2.05
1.72
3.80
4.80
1.18
1.27
2.12
1.5
1.0
1.75
2.20
2.10
1.67
 	 0:2(0:0)  
285	17/10
19:00	 Galatasaray SK
Genclerbirligi	
–1.0
+1.0
1.90
1.90
3.0
2.15
1.70
1.57
4.30
5.50
1.15
1.22
2.45
2.0
1.0
2.15
2.45
1.72
1.57
 	 4:1(0:1)  
286	17/10
19:00	 Konyaspor
Gaziantepspor	
–1.0
+1.0
2.30
1.62
2.0
1.67
2.20
1.72
3.45
5.50
1.15
1.31
2.12
1.5
1.0
2.05
3.30
1.77
1.33
 	 2:1(1:0)  
287	18/10
13:30	 Kasimpasa
Sivasspor	
–1.0
+1.0
2.70
1.46
2.5
1.87
1.93
1.95
3.55
3.90
1.27
1.30
1.87
1.5
1.0
1.97
2.05
1.83
1.77
 	 2:1(1:0)  
288	18/10
17:00	 Kayserispor
Fenerbahce	
+1.0
–1.0
1.44
2.80
2.5
2.00
1.80
4.05
3.45
1.93
1.86
1.31
1.24
1.0
1.5
2.20
2.05
1.67
1.75
 	 0:1(0:1)  
289	18/10
19:00	 Akhisar Bld.
Eskisehirspor	
0
0
1.53
2.50
2.5
2.10
1.72
2.13
3.30
3.55
1.29
1.33
1.71
1.5
1.0
2.30
2.15
1.62
1.70
 	 1:0(0:0)  
290	18/10
20:00	 Besiktas JK
Caykur Rizespor	
–1.5
+1.5
2.20
1.67
3.0
2.15
1.70
1.40
4.80
7.50
1.08
1.18
2.93
2.0
1.0
1.95
3.00
1.85
1.40
 	 1:0(0:0)  
291	19/10
20:00	 Mersin Idmanyurdu
Trabzonspor	
0
0
2.25
1.65
2.5
1.83
1.97
3.10
3.45
2.25
1.65
1.32
1.38
1.0
1.5
1.72
2.15
2.10
1.70
 	 3:2(2:0)  
292	19/10
20:00	 Osmanlispor
Istanbul Basaksehir	
0
0
1.62
2.25
2.5
2.10
1.72
2.30
3.30
3.20
1.36
1.35
1.62
1.0
1.0
1.57
1.97
2.40
1.83
 	 0:3(0:0)  
5886	23/10
19:00	 Caykur Rizespor
Akhisar Bld.	
0
0
1.47
2.70
2.5
2.15
1.72
2.05
3.35
3.70
1.28
1.33
1.77
1.5
1.0
2.20
2.25
1.65
1.65
 	 0:2(0:2)  
5887	23/10
20:00	 Eskisehirspor
Kayserispor	
0
0
1.77
2.05
2.0
1.67
2.20
2.55
3.15
2.90
1.42
1.36
1.53
1.0
1.0
1.75
1.95
2.05
1.85
 	 1:3(1:2)  
5890	24/10
16:00	 Genclerbirligi
Osmanlispor	
0
0
2.00
1.83
2.5
1.95
1.85
2.75
3.35
2.55
1.53
1.33
1.45
1.0
1.0
1.67
1.60
2.20
2.35
 	 1:0(1:0)  
5891	24/10
16:00	 Kasimpasa
Bursaspor	
0
0
1.87
1.93
2.5
1.87
1.93
2.60
3.35
2.70
1.48
1.32
1.53
1.5
1.0
2.40
1.60
1.57
2.35
 	 0:1(0:0)  
5893	24/10
19:00	 Gaziantepspor
Mersin Idmanyurdu	
0
0
1.75
2.10
2.5
2.10
1.75
2.45
3.30
2.90
1.42
1.35
1.55
1.0
1.0
1.62
1.83
2.30
1.97
 	 1:0(0:0)  
5894	24/10
19:00	 Sivasspor
Trabzonspor	
0
0
1.87
1.93
2.5
1.87
1.93
2.60
3.35
2.70
1.48
1.32
1.53
1.5
1.0
2.40
1.60
1.57
2.35
 	 0:2(0:1)  
5897	25/10
13:00	 Istanbul Basaksehir
Konyaspor	
–1.0
+1.0
2.70
1.47
2.0
1.67
2.20
1.90
3.35
4.30
1.22
1.33
1.90
1.5
1.0
2.15
2.70
1.70
1.47
 	 4:0(1:0)  
5900	25/10
18:00	 Fenerbahce
Galatasaray SK	
–1.0
+1.0
2.60
1.50
2.5
1.80
2.00
1.90
3.60
4.00
1.25
1.30
1.93
1.5
1.0
1.87
2.00
1.93
1.80
 	 1:1(1:0)  
5903	26/10
19:00	 Antalyaspor
Besiktas JK	
+1.0
–1.0
1.65
2.25
2.5
1.85
1.95
4.70
3.70
1.75
2.10
1.28
1.20
1.0
1.5
2.20
1.80
1.67
2.00
 	 1:5(1:2)  
1654	28/10
18:00	 Bursaspor
Sivasspor	
–1.0
+1.0
2.15
1.70
2.5
1.72
2.10
1.70
3.80
5.00
1.17
1.27
2.16
1.5
1.0
1.72
2.20
2.15
1.67
 	 1:0(0:0)  
1656	28/10
18:00	 Kayserispor
Caykur Rizespor	
0
0
1.53
2.50
2.5
2.15
1.70
2.10
3.30
3.65
1.28
1.33
1.73
1.5
1.0
2.30
2.15
1.62
1.70
 	 0:0(0:0)  
1659	28/10
20:45	 Trabzonspor
Gaziantepspor	
–1.0
+1.0
1.90
1.90
2.5
1.90
1.90
1.53
4.20
6.50
1.12
1.24
2.55
1.5
1.0
1.67
3.30
2.20
1.33
 	 2:2(0:1)  
1657	29/10
18:00	 Mersin Idmanyurdu
Istanbul Basaksehir	
0
0
2.35
1.60
2.5
1.93
1.87
3.25
3.30
2.25
1.65
1.35
1.35
1.0
1.5
1.85
2.20
1.95
1.67
 	 1:1(1:0)  
1658	29/10
18:00	 Osmanlispor
Fenerbahce	
+1.0
–1.0
1.46
2.70
2.5
1.87
1.93
3.90
3.50
1.95
1.87
1.30
1.27
1.0
1.5
2.05
1.97
1.77
1.83
 	 0:1(0:0)  
1655	29/10
20:45	 Galatasaray SK
Eskisehirspor	
–1.0
+1.0
1.77
2.05
2.5
1.72
2.10
1.44
4.50
7.50
1.09
1.21
2.81
2.0
1.0
2.05
2.90
1.75
1.42
 	 4:0(3:0)  
1652	30/10
18:00	 Akhisar Bld.
Antalyaspor	
0
0
1.62
2.25
2.5
2.10
1.75
2.30
3.30
3.20
1.36
1.35
1.65
1.5
1.0
2.35
1.95
1.60
1.85
 	 2:1(1:0)  
1653	30/10
18:00	 Konyaspor
Genclerbirligi	
–1.0
+1.0
2.75
1.45
2.5
2.10
1.75
1.95
3.40
4.00
1.25
1.32
1.87
1.5
1.0
2.10
2.35
1.72
1.60
 	 0:0(0:0)  
1651	30/10
20:45	 Besiktas JK
Kasimpasa	
–1.0
+1.0
2.05
1.77
2.5
1.87
1.93
1.57
4.00
6.00
1.13
1.24
2.40
1.5
1.0
1.75
2.75
2.10
1.46
 	 3:3(1:2)  
8770	06/11
18:00	 Eskisehirspor
Osmanlispor	
0
0
2.05
1.75
2.5
2.10
1.75
2.90
3.30
2.50
1.55
1.35
1.42
1.0
1.0
1.85
1.65
1.95
2.25
 	 0:2(0:2)  
8771	06/11
19:00	 Genclerbirligi
Mersin Idmanyurdu	
0
0
1.53
2.55
2.5
2.00
1.80
2.05
3.40
3.70
1.28
1.32
1.77
1.5
1.0
2.15
2.05
1.70
1.77
 	 1:1(1:0)  
8772	07/11
13:00	 Antalyaspor
Kayserispor	
0
0
1.72
2.10
2.5
2.15
1.72
2.45
3.25
2.95
1.40
1.35
1.57
1.0
1.0
1.65
1.90
2.25
1.90
 	 1:1(1:0)  
8773	07/11
15:00	 Istanbul Basaksehir
Trabzonspor	
0
0
1.67
2.20
2.5
2.05
1.77
2.35
3.30
3.10
1.37
1.35
1.62
1.5
1.0
2.35
1.87
1.60
1.93
 	 1:0(1:0)  
8774	07/11
18:00	 Kasimpasa
Akhisar Bld.	
–1.0
+1.0
2.25
1.65
2.5
1.87
1.93
1.75
3.70
4.80
1.20
1.28
2.10
1.5
1.0
1.83
2.45
2.00
1.57
 	 2:1(0:1)  
8775	07/11
18:00	 Caykur Rizespor
Galatasaray SK	
0
0
2.70
1.46
2.5
1.80
2.00
3.70
3.55
2.00
1.80
1.30
1.28
1.0
1.5
1.90
1.93
1.90
1.87
 	 4:3(2:1)  
8776	08/11
14:00	 Sivasspor
Gaziantepspor	
–1.0
+1.0
2.40
1.57
2.5
1.83
1.97
1.80
3.70
4.40
1.22
1.30
2.00
1.5
1.0
1.85
2.20
1.95
1.67
 	 3:0(0:0)  
8777	08/11
17:00	 Fenerbahce
Konyaspor	
–1.5
+1.5
2.10
1.75
2.5
1.85
1.95
1.38
4.70
8.50
1.07
1.20
3.10
2.0
1.0
2.05
4.30
1.80
1.22
 	 1:0(0:0)  
8778	08/11
20:15	 Bursaspor
Besiktas JK	
0
0
2.05
1.77
2.5
1.80
2.00
2.85
3.35
2.45
1.55
1.33
1.44
1.0
1.5
1.60
2.20
2.35
1.67
 	 0:1(0:0) 
460	21/11
13:30	 Akhisar Bld.
Bursaspor	
0
0
2.20
1.67
2.5
2.05
1.77
3.05
3.35
2.35
1.60
1.35
1.38
1.0
1.5
1.87
2.40
1.93
1.57
 	 3:1(1:0)  
453	21/11
17:00	 Mersin Idmanyurdu
Fenerbahce	
+1.0
–1.0
2.00
1.80
2.5
1.75
2.05
7.00
4.40
1.47
2.70
1.21
1.10
1.0
2.0
2.85
2.15
1.42
1.72
 	 1:3(0:1)  
454	21/11
19:00	 Kayserispor
Kasimpasa	
0
0
1.75
2.10
2.0
1.67
2.20
2.45
3.30
2.95
1.42
1.35
1.55
1.0
1.0
1.75
1.97
2.10
1.83
 	 0:0(0:0)  
455	21/11
20:15	 Galatasaray SK
Antalyaspor	
–1.0
+1.0
1.72
2.10
3.0
1.77
2.05
1.45
4.70
7.00
1.11
1.20
2.81
2.0
1.0
1.75
2.20
2.05
1.67
 	 3:3(1:0)  
456	22/11
14:00	 Konyaspor
Eskisehirspor	
0
0
1.46
2.70
2.0
1.67
2.20
2.05
3.30
3.80
1.27
1.35
1.77
1.5
1.0
2.30
2.40
1.62
1.57
 	 3:2(0:1)  
457	22/11
14:00	 Osmanlispor
Caykur Rizespor	
–1.0
+1.0
2.55
1.53
2.5
1.95
1.85
1.85
3.55
4.30
1.23
1.30
1.95
1.5
1.0
1.95
2.30
1.85
1.62
 	 0:1(0:0)  
458	22/11
16:30	 Trabzonspor
Genclerbirligi	
–1.0
+1.0
2.35
1.60
2.5
1.87
1.93
1.75
3.70
4.70
1.19
1.28
2.10
1.5
1.0
1.85
2.35
1.95
1.60
 	 1:0(0:0)  
459	22/11
19:00	 Besiktas JK
Sivasspor	
–1.5
+1.5
2.00
1.80
3.0
1.95
1.85
1.38
5.00
8.00
1.08
1.17
3.15
2.0
1.0
1.80
3.00
2.00
1.40
 	 2:0(1:0)  
452	23/11
20:00	 Gaziantepspor
Istanbul Basaksehir	
0
0
2.85
1.44
2.5
2.25
1.65
4.00
3.30
2.00
1.83
1.35
1.25
1.0
1.5
2.45
2.25
1.55
1.65
 	 0:1(0:0)  
9478	27/11
19:00	 Antalyaspor
Osmanlispor	
0
0
2.10
1.75
2.5
1.87
1.93
2.90
3.40
2.40
1.60
1.32
1.42
1.0
1.5
1.67
2.25
2.20
1.62
 	 1:1(0:0)  
9479	27/11
19:00	 Bursaspor
Kayserispor	
0
0
1.55
2.45
2.5
2.20
1.67
2.20
3.25
3.50
1.32
1.35
1.70
1.5
1.0
2.35
2.20
1.60
1.67
 	 1:2(1:1)  
9480	27/11
19:00	 Caykur Rizespor
Konyaspor	
0
0
1.50
2.60
2.0
1.72
2.10
2.10
3.30
3.60
1.30
1.35
1.75
1.0
1.0
1.60
2.45
2.35
1.57
 	 0:0(0:0)  
9481	28/11
16:00	 Sivasspor
Istanbul Basaksehir	
0
0
1.93
1.87
2.5
2.10
1.72
2.75
3.25
2.65
1.50
1.35
1.46
1.0
1.0
1.77
1.72
2.05
2.10
 	 2:2(2:1)  
9475	28/11
19:00	 Eskisehirspor
Mersin Idmanyurdu	
0
0
1.53
2.55
2.5
1.93
1.87
2.10
3.45
3.45
1.32
1.32
1.75
1.5
1.0
2.10
1.95
1.72
1.85
 	 3:2(2:0)  
9476	29/11
14:00	 Genclerbirligi
Gaziantepspor	
–1.0
+1.0
2.45
1.55
2.5
2.10
1.72
1.80
3.50
4.70
1.20
1.32
2.00
1.5
1.0
2.00
2.70
1.80
1.47
 	 2:2(2:0)  
9473	29/11
17:00	 Besiktas JK
Akhisar Bld.	
–1.5
+1.5
2.05
1.77
3.0
2.10
1.72
1.35
5.00
9.00
1.06
1.17
3.22
2.0
1.0
1.83
3.40
1.97
1.32
 	 0:2(0:2)  
9474	29/11
20:15	 Kasimpasa
Galatasaray SK	
0
0
2.40
1.57
2.5
1.72
2.10
3.25
3.60
2.15
1.72
1.30
1.35
1.0
1.5
1.70
1.97
2.15
1.83
 	 2:2(1:1)  
9477	30/11
20:00	 Fenerbahce
Trabzonspor	
–1.0
+1.0
1.87
1.93
2.5
1.80
2.00
1.53
4.30
6.00
1.13
1.22
2.50
2.0
1.0
2.25
2.85
1.65
1.42
 	 2:0(1:0)  
4506	04/12
20:00	 Galatasaray SK
Bursaspor	
–1.0
+1.0
2.20
1.67
3.0
1.90
1.90
1.67
4.00
4.75
1.18
1.24
2.17
2.0
1.0
2.15
1.83
1.70
1.97
 	 3:0(0:0)  
4507	05/12
13:30	 Osmanlispor
Kasimpasa	
0
0
1.65
2.20
2.5
1.97
1.83
2.25
3.40
3.20
1.35
1.32
1.65
1.5
1.0
2.30
1.83
1.62
1.97
 	 0:1(0:0)  
4508	05/12
16:00	 Konyaspor
Antalyaspor	
0
0
1.55
2.45
2.5
2.15
1.70
2.15
3.30
3.45
1.30
1.32
1.70
1.5
1.0
2.35
2.10
1.60
1.72
 	 3:2(2:0)  
4509	05/12
19:00	 Kayserispor
Besiktas JK	
0
0
2.70
1.47
2.5
2.10
1.72
3.70
3.35
2.05
1.77
1.33
1.28
1.0
1.5
2.25
2.20
1.65
1.67
 	 1:2(1:2)  
4510	06/12
16:00	 Istanbul Basaksehir
Genclerbirligi	
–1.0
+1.0
2.65
1.48
2.5
2.05
1.77
1.90
3.40
4.30
1.23
1.32
1.90
1.5
1.0
2.05
2.35
1.77
1.57
 	 2:0(0:0)  
4511	06/12
19:00	 Gaziantepspor
Fenerbahce	
+1.0
–1.0
2.00
1.80
2.5
1.87
1.93
7.00
4.30
1.48
2.66
1.22
1.10
1.0
1.5
3.30
1.67
1.33
2.20
 	 2:2(1:0)  
4512	06/12
19:00	 Mersin Idmanyurdu
Caykur Rizespor	
0
0
2.10
1.75
2.5
1.93
1.87
2.90
3.40
2.40
1.57
1.32
1.42
1.0
1.5
1.72
2.30
2.10
1.62
 	 3:0(1:0)  
4513	07/12
18:00	 Akhisar Bld.
Sivasspor	
0
0
1.62
2.30
2.5
1.95
1.85
2.25
3.40
3.15
1.36
1.32
1.65
1.5
1.0
2.25
1.85
1.65
1.95
 	 1:0(0:0)  
4514	07/12
20:00	 Trabzonspor
Eskisehirspor	
–1.0
+1.0
2.30
1.62
2.5
1.80
2.00
1.75
3.80
4.60
1.20
1.27
2.08
1.5
1.0
1.80
2.25
2.00
1.65
 	 3:1(1:0)  
5495	11/12
19:00	 Bursaspor
Osmanlispor	
0
0
1.60
2.35
2.5
1.90
1.90
2.20
3.45
3.25
1.35
1.32
1.70
1.5
1.0
2.15
1.85
1.70
1.95
 	 0:4(0:3)  
5496	12/12
13:30	 Kasimpasa
Konyaspor	
–1.0
+1.0
2.40
1.57
2.5
2.15
1.72
1.70
3.60
5.30
1.15
1.29
2.14
1.5
1.0
2.00
2.85
1.80
1.42
 	 2:1(2:0)  
5497	12/12
16:00	 Eskisehirspor
Gaziantepspor	
0
0
1.50
2.55
2.5
2.05
1.77
2.10
3.40
3.55
1.30
1.33
1.75
1.5
1.0
2.20
2.10
1.67
1.75
 	 1:2(0:1)  
5498	12/12
19:00	 Antalyaspor
Mersin Idmanyurdu	
–1.0
+1.0
2.65
1.47
3.0
2.10
1.72
1.95
3.60
3.80
1.26
1.29
1.85
1.5
1.0
1.83
1.77
2.00
2.05
 	 3:2(0:2)  
5499	12/12
19:00	 Caykur Rizespor
Trabzonspor	
0
0
1.85
1.97
2.5
1.90
1.90
2.55
3.40
2.70
1.46
1.32
1.53
1.0
1.0
1.57
1.65
2.40
2.25
 	 3:0(2:0)  
5500	13/12
13:00	 Kayserispor
Akhisar Bld.	
0
0
1.42
2.90
2.0
1.77
2.05
2.00
3.30
4.00
1.25
1.33
1.83
1.5
1.0
2.35
2.70
1.60
1.46
 	 3:2(2:1)  
5501	13/12
14:00	 Genclerbirligi
Sivasspor	
0
0
1.72
2.15
2.5
1.95
1.85
2.40
3.35
2.95
1.40
1.33
1.60
1.5
1.0
2.30
1.75
1.60
2.05
 	 0:1(0:1)  
5502	13/12
19:00	 Fenerbahce
Istanbul Basaksehir	
–1.0
+1.0
1.95
1.85
2.5
2.00
1.83
1.57
4.00
6.00
1.13
1.25
2.45
1.5
1.0
1.77
3.30
2.05
1.33
 	 1:0(0:0)  
5503	14/12
20:00	 Besiktas JK
Galatasaray SK	
0
0
1.50
2.60
2.5
1.72
2.10
2.05
3.60
3.50
1.32
1.30
1.80
1.5
1.0
1.93
1.77
1.87
2.05
 	 2:1(0:0)  
9601	19/12
13:30	 Gaziantepspor
Caykur Rizespor	
0
0
1.90
1.90
2.5
2.15
1.72
2.70
3.25
2.70
1.47
1.35
1.47
1.0
1.0
1.75
1.75
2.05
2.05
 	 2:0(2:0)  
9602	19/12
16:00	 Konyaspor
Bursaspor	
0
0
1.72
2.10
2.5
2.15
1.72
2.45
3.25
3.00
1.40
1.35
1.57
1.0
1.0
1.65
1.90
2.25
1.90
 	 1:0(1:0)  
9603	19/12
19:00	 Mersin Idmanyurdu
Kasimpasa	
+1.0
–1.0
1.48
2.65
3.0
2.15
1.70
3.70
3.70
1.95
1.87
1.28
1.28
1.0
1.5
1.80
1.83
2.00
2.00
 	 1:2(1:1)  
9604	19/12
19:00	 Trabzonspor
Antalyaspor	
–1.0
+1.0
2.20
1.65
3.0
2.00
1.80
1.75
4.00
4.30
1.22
1.27
2.10
1.5
1.0
1.65
1.90
2.25
1.90
 	 3:0(1:0)  
9605	20/12
13:00	 Sivasspor
Kayserispor	
0
0
1.83
2.00
2.5
2.10
1.72
2.55
3.30
2.80
1.44
1.35
1.53
1.0
1.0
1.70
1.80
2.15
2.00
 	 0:0(0:0)  
9606	20/12
16:00	 Galatasaray SK
Akhisar Bld.	
–1.0
+1.0
1.85
1.95
3.0
1.97
1.83
1.50
4.50
6.00
1.12
1.20
2.57
2.0
1.0
1.97
2.25
1.83
1.65
 	 3:2(2:0)  
9607	20/12
19:00	 Genclerbirligi
Fenerbahce	
+1.0
–1.0
1.80
2.00
2.5
2.00
1.80
6.30
4.00
1.55
2.45
1.24
1.12
1.0
1.5
3.30
1.80
1.33
2.00
 	 0:1(0:1)  
9608	20/12
19:00	 Istanbul Basaksehir
Eskisehirspor	
–1.0
+1.0
2.05
1.77
2.5
1.87
1.93
1.62
4.00
5.50
1.16
1.25
2.35
1.5
1.0
1.75
2.75
2.10
1.46
 	 2:1(0:1)  
9609	21/12
20:00	 Osmanlispor
Besiktas JK	
0
0
2.55
1.53
2.5
1.93
1.87
3.45
3.45
2.10
1.75
1.32
1.32
1.0
1.5
1.95
2.10
1.85
1.72
 	 2:3(2:1)
6416	26/12
14:00	 Caykur Rizespor
Istanbul Basaksehir	
0
0
2.70
1.47
2.5
2.15
1.70
3.70
3.40
2.05
1.77
1.35
1.28
1.0
1.5
2.30
2.25
1.62
1.65
 	 2:1(0:1)  
6417	26/12
16:30	 Antalyaspor
Gaziantepspor	
0
0
1.57
2.40
2.5
1.75
2.10
2.15
3.50
3.25
1.33
1.29
1.69
1.5
1.0
1.97
1.72
1.83
2.10
 	 0:0(0:0)  
6418	26/12
19:00	 Kasimpasa
Trabzonspor	
0
0
1.60
2.35
2.5
1.90
1.90
2.20
3.45
3.25
1.34
1.31
1.67
1.5
1.0
2.15
1.83
1.70
1.97
 	 1:1(1:1)  
6419	27/12
14:00	 Bursaspor
Mersin Idmanyurdu	
–1.5
+1.5
2.10
1.75
2.5
1.70
2.15
1.40
4.80
8.00
1.08
1.20
3.05
2.0
1.0
1.90
3.35
1.90
1.33
 	 2:1(0:1)  
6420	27/12
16:00	 Kayserispor
Galatasaray SK	
0
0
1.97
1.85
2.5
1.83
1.97
2.70
3.45
2.55
1.53
1.32
1.47
1.0
1.5
1.57
2.30
2.40
1.62
 	 1:1(1:0)  
6421	27/12
16:30	 Akhisar Bld.
Osmanlispor	
0
0
1.72
2.10
2.5
2.15
1.70
2.45
3.20
3.00
1.39
1.35
1.55
1.0
1.0
1.67
1.90
2.20
1.90
 	 0:0(0:0)  
6422	27/12
19:00	 Besiktas JK
Konyaspor	
–1.5
+1.5
2.05
1.77
2.5
1.72
2.10
1.38
4.80
8.50
1.07
1.19
3.07
2.0
1.0
1.90
3.60
1.90
1.28
 	 4:0(0:0)  
6423	28/12
19:00	 Eskisehirspor
Genclerbirligi	
0
0
1.67
2.20
2.5
2.10
1.75
2.35
3.35
3.05
1.38
1.35
1.60
1.0
1.0
1.60
1.90
2.35
1.90
 	 2:0(2:0)  
6424	28/12
20:00	 Fenerbahce
Sivasspor	
–1.5
+1.5
2.00
1.83
2.5
1.70
2.15
1.35
5.00
9.00
1.06
1.17
3.22
2.0
1.0
1.83
3.70
1.97
1.28
 	 2:1(1:1)  
3748	16/01
13:30	 Kayserispor
Osmanlispor	
0
0
1.55
2.45
2.0
1.72
2.10
2.25
3.15
3.45
1.32
1.36
1.67
1.0
1.0
1.62
2.20
2.30
1.67
 	 1:0(1:0)  
3749	16/01
13:30	 Kasimpasa
Gaziantepspor	
–1.0
+1.0
1.97
1.83
2.5
1.93
1.87
1.55
4.00
6.00
1.12
1.25
2.50
1.5
1.0
1.72
3.00
2.10
1.40
 	 1:2(1:1)  
3750	16/01
16:00	 Akhisar Bld.
Konyaspor	
0
0
1.62
2.30
2.0
1.87
1.95
2.35
3.05
3.35
1.33
1.40
1.60
1.0
1.0
1.75
2.25
2.10
1.65
 	 0:2(0:2)  
3751	16/01
19:00	 Galatasaray SK
Sivasspor	
–1.0
+1.0
2.05
1.77
3.0
1.93
1.87
1.58
4.30
5.30
1.16
1.22
2.37
2.0
1.0
2.05
1.97
1.77
1.83
 	 3:1(2:0)  
3752	17/01
13:30	 Antalyaspor
Istanbul Basaksehir	
0
0
2.50
1.53
2.5
1.87
1.95
3.50
3.35
2.15
1.72
1.33
1.32
1.0
1.5
1.77
2.05
2.05
1.77
 	 1:2(1:1)  
3753	17/01
13:30	 Caykur Rizespor
Genclerbirligi	
0
0
1.67
2.20
2.5
2.10
1.72
2.35
3.30
3.10
1.37
1.35
1.60
1.0
1.0
1.60
1.90
2.35
1.90
 	 2:3(1:2)  
3754	17/01
16:00	 Bursaspor
Trabzonspor	
0
0
1.53
2.55
2.5
1.93
1.87
2.10
3.40
3.50
1.32
1.32
1.75
1.5
1.0
2.10
1.87
1.75
1.93
 	 4:2(2:2)  
3756	18/01
19:00	 Eskisehirspor
Fenerbahce	
+1.0
–1.0
1.93
1.87
2.5
1.80
2.00
6.50
4.30
1.50
2.65
1.22
1.12
1.0
2.0
2.85
2.25
1.42
1.65
 	 0:3(0:1)  
1097	23/01
13:30	 Konyaspor
Kayserispor	
0
0
1.77
2.05
2.0
1.93
1.87
2.55
3.10
2.95
1.40
1.38
1.53
1.0
1.0
1.95
2.20
1.85
1.67
 	 1:0(0:0)  
1098	23/01
16:00	 Mersin Idmanyurdu
Akhisar Bld.	
0
0
2.30
1.62
2.5
1.93
1.87
3.15
3.40
2.27
1.64
1.32
1.36
1.0
1.5
1.77
2.20
2.05
1.67
 	 0:0(0:0)  
1099	23/01
19:00	 Osmanlispor
Galatasaray SK	
0
0
2.05
1.77
2.5
1.83
1.97
2.85
3.50
2.40
1.57
1.32
1.44
1.0
1.5
1.60
2.20
2.35
1.67
 	 3:2(2:2)  
1100	24/01
13:00	 Genclerbirligi
Antalyaspor	
0
0
1.53
2.50
2.5
1.87
1.93
2.15
3.40
3.40
1.32
1.32
1.70
1.5
1.0
2.05
1.80
1.75
2.00
 	 1:0(0:0)  
1101	24/01
13:00	 Sivasspor
Eskisehirspor	
–1.0
+1.0
2.55
1.53
2.5
1.93
1.87
1.80
3.70
4.40
1.22
1.28
2.00
1.5
1.0
1.90
2.25
1.90
1.65
 	 1:2(0:1)  
1102	24/01
16:00	 Gaziantepspor
Bursaspor	
0
0
2.55
1.53
2.5
2.00
1.80
3.50
3.45
2.10
1.75
1.31
1.31
1.0
1.5
1.97
2.15
1.83
1.70
 	 2:3(1:0)  
1103	24/01
16:00	 Fenerbahce
Caykur Rizespor	
–1.5
+1.5
1.85
1.95
3.0
1.93
1.87
1.30
5.50
10.00
1.05
1.15
3.55
2.5
1.0
2.20
3.45
1.67
1.32
 	 2:1(2:0)  
1105	25/01
20:00	 Istanbul Basaksehir
Kasimpasa	
0
0
1.60
2.30
2.5
2.10
1.75
2.30
3.20
3.30
1.35
1.35
1.65
1.5
1.0
2.35
1.93
1.60
1.87
 	 1:1(0:1)  
6532	05/02
19:00	 Osmanlispor
Sivasspor	
–1.0
+1.0
2.90
1.40
2.5
2.00
1.80
1.95
3.45
4.00
1.25
1.31
1.85
1.5
1.0
2.05
2.15
1.77
1.70
 	 4:0(2:0)  
6533	05/02
20:00	 Antalyaspor
Fenerbahce	
+1.0
–1.0
2.20
1.67
2.5
1.75
2.10
7.50
4.70
1.42
2.89
1.19
1.09
1.0
2.0
3.10
1.97
1.37
1.83
 	 4:2(1:0)  
6535	06/02
13:30	 Kayserispor
Mersin Idmanyurdu	
–1.0
+1.0
2.00
1.80
2.5
1.87
1.93
1.57
4.00
6.00
1.13
1.25
2.50
1.5
1.0
1.72
2.80
2.15
1.44
 	 0:1(0:1)  
6536	06/02
16:00	 Bursaspor
Istanbul Basaksehir	
0
0
1.57
2.40
2.5
1.93
1.87
2.20
3.35
3.30
1.33
1.33
1.70
1.5
1.0
2.15
1.83
1.70
2.00
 	 3:3(1:0)  
6537	06/02
19:00	 Galatasaray SK
Konyaspor	
–1.0
+1.0
2.00
1.83
2.5
1.85
1.95
1.57
4.00
6.00
1.13
1.24
2.40
1.5
1.0
1.70
2.75
2.15
1.46
 	 0:0(0:0)  
6538	07/02
13:30	 Caykur Rizespor
Eskisehirspor	
0
0
1.44
2.80
2.5
1.87
1.93
1.95
3.60
3.80
1.27
1.30
1.87
1.5
1.0
1.97
1.97
1.83
1.83
 	 1:1(0:1)  
6547	07/02
15:00	 Akhisar Bld.
Trabzonspor	
0
0
1.75
2.05
2.5
2.05
1.77
2.45
3.30
2.90
1.42
1.33
1.57
1.0
1.0
1.60
1.75
2.35
2.05
 	 2:1(1:1)  
6549	07/02
19:00	 Besiktas JK
Gaziantepspor	
–1.5
+1.5
1.80
2.00
3.0
1.97
1.83
1.27
5.50
12.00
1.03
1.15
3.75
2.5
1.0
2.20
3.90
1.67
1.25
 	 4:0(2:0)  
6550	08/02
20:00	 Kasimpasa
Genclerbirligi	
–1.0
+1.0
2.15
1.72
2.5
1.90
1.90
1.62
4.00
5.50
1.15
1.25
2.30
1.5
1.0
1.77
2.60
2.05
1.50
 	 0:1(0:0)  
4777	12/02
20:00	 Fenerbahce
Kasimpasa	
–1.0
+1.0
1.93
1.87
2.5
1.80
2.00
1.55
4.20
6.00
1.13
1.23
2.47
1.5
1.0
1.65
2.70
2.25
1.47
 	 3:1(2:0)  
4821	13/02
13:30	 Genclerbirligi
Bursaspor	
0
0
1.72
2.10
2.5
1.90
1.90
2.40
3.35
2.95
1.42
1.33
1.60
1.5
1.0
2.25
1.67
1.65
2.20
 	 2:0(0:0)  
4822	13/02
16:00	 Konyaspor
Osmanlispor	
0
0
1.83
1.97
2.0
1.75
2.10
2.60
3.20
2.80
1.44
1.36
1.50
1.0
1.0
1.83
1.93
1.97
1.87
 	 1:1(0:0)  
4823	13/02
19:00	 Mersin Idmanyurdu
Galatasaray SK	
+1.0
–1.0
1.55
2.50
3.0
2.00
1.80
4.20
3.90
1.80
2.00
1.26
1.23
1.0
1.5
1.80
1.70
2.00
2.15
 	 2:1(1:0)  
4824	14/02
13:30	 Gaziantepspor
Akhisar Bld.	
0
0
1.97
1.83
2.5
2.20
1.67
2.80
3.20
2.60
1.50
1.36
1.44
1.0
1.0
1.83
1.75
2.00
2.10
 	 0:1(0:0)  
4825	14/02
13:30	 Sivasspor
Caykur Rizespor	
0
0
1.57
2.40
2.5
1.93
1.87
2.20
3.40
3.30
1.35
1.32
1.70
1.5
1.0
2.15
1.80
1.70
2.00
 	 2:1(1:0)  
4835	14/02
16:00	 Eskisehirspor
Antalyaspor	
0
0
1.72
2.10
2.5
1.80
2.00
2.40
3.45
2.90
1.42
1.32
1.60
1.5
1.0
2.15
1.60
1.70
2.35
 	 3:2(0:1)  
4836	14/02
19:00	 Istanbul Basaksehir
Besiktas JK	
0
0
2.35
1.60
2.5
1.80
2.00
3.20
3.50
2.20
1.67
1.30
1.35
1.0
1.5
1.70
2.05
2.15
1.77
 	 2:2(1:0)  
4837	15/02
20:00	 Trabzonspor
Kayserispor	
0
0
1.55
2.45
2.5
2.05
1.75
2.20
3.35
3.40
1.32
1.33
1.70
1.5
1.0
2.25
2.00
1.62
1.83
 	 2:1(2:0)  
7250	19/02
20:00	 Konyaspor
Sivasspor	
0
0
1.57
2.40
2.0
1.72
2.15
2.20
3.25
3.40
1.32
1.35
1.67
1.0
1.0
1.62
2.20
2.30
1.67
 	 2:1(1:0)  
7252	20/02
13:30	 Kasimpasa
Eskisehirspor	
–1.0
+1.0
2.15
1.70
2.5
1.85
1.95
1.65
3.90
5.30
1.16
1.26
2.25
1.5
1.0
1.75
2.50
2.05
1.53
 	 2:1(2:0)  
7253	20/02
16:00	 Antalyaspor
Caykur Rizespor	
0
0
1.72
2.10
2.5
1.85
1.95
2.40
3.40
2.90
1.42
1.32
1.60
1.5
1.0
2.20
1.62
1.67
2.30
 	 2:1(1:1)  
7254	20/02
19:00	 Bursaspor
Fenerbahce	
+1.0
–1.0
1.53
2.55
2.5
1.83
1.97
4.00
3.60
1.87
1.93
1.30
1.25
1.0
1.5
2.10
1.87
1.75
1.93
 	 0:0(0:0)  
7255	21/02
13:00	 Kayserispor
Gaziantepspor	
–1.0
+1.0
2.25
1.65
2.5
2.20
1.67
1.65
3.70
5.70
1.14
1.28
2.24
1.5
1.0
1.95
3.20
1.85
1.35
 	 2:2(1:0)  
7256	21/02
13:00	 Osmanlispor
Mersin Idmanyurdu	
–1.0
+1.0
1.95
1.85
2.5
1.87
1.93
1.55
4.00
6.30
1.12
1.24
2.45
1.5
1.0
1.70
2.80
2.15
1.44
 	 3:1(1:1)  
7266	21/02
15:30	 Akhisar Bld.
Istanbul Basaksehir	
0
0
1.85
1.95
2.0
1.75
2.10
2.65
3.20
2.75
1.45
1.36
1.50
1.0
1.0
1.83
1.90
1.97
1.90
 	 0:0(0:0)  
7267	21/02
19:00	 Galatasaray SK
Trabzonspor	
–1.0
+1.0
2.50
1.53
3.0
2.00
1.83
1.80
3.80
4.30
1.23
1.27
2.05
1.5
1.0
1.70
1.75
2.20
2.05
 	 2:1(0:1)  
7268	22/02
20:00	 Besiktas JK
Genclerbirligi	
–1.0
+1.0
1.77
2.05
3.0
2.15
1.70
1.46
4.50
6.50
1.11
1.20
2.80
2.0
1.0
2.00
2.75
1.80
1.46
 	 1:0(0:0)  
1437	26/02
20:00	 Istanbul Basaksehir
Kayserispor	
–1.0
+1.0
2.65
1.48
2.5
2.10
1.72
1.80
3.50
4.70
1.20
1.32
2.00
1.5
1.0
2.05
2.50
1.77
1.53
 	 1:0(0:0)  
1438	27/02
13:30	 Mersin Idmanyurdu
Konyaspor	
0
0
2.00
1.80
2.5
2.20
1.67
2.80
3.30
2.55
1.53
1.35
1.44
1.0
1.0
1.85
1.72
1.95
2.10
 	 0:2(0:0)  
1439	27/02
13:30	 Caykur Rizespor
Kasimpasa	
0
0
2.00
1.80
2.5
1.93
1.87
2.80
3.35
2.50
1.53
1.33
1.44
1.0
1.5
1.65
2.35
2.25
1.60
 	 2:0(1:0)  
1440	27/02
16:00	 Eskisehirspor
Bursaspor	
0
0
2.10
1.72
2.5
1.77
2.05
2.90
3.45
2.40
1.60
1.32
1.42
1.5
1.5
2.35
2.10
1.60
1.72
 	 0:1(0:1)  
1441	27/02
19:00	 Trabzonspor
Osmanlispor	
0
0
2.05
1.75
2.5
2.05
1.77
2.95
3.30
2.45
1.55
1.35
1.42
1.0
1.0
1.77
1.60
2.05
2.35
 	 1:2(0:1)  
1442	28/02
13:30	 Sivasspor
Antalyaspor	
–1.0
+1.0
2.65
1.48
2.5
1.77
2.05
1.90
3.70
3.90
1.26
1.28
1.90
1.5
1.0
1.83
1.90
1.97
1.90
 	 0:0(0:0)  
1443	28/02
16:00	 Genclerbirligi
Akhisar Bld.	
0
0
1.57
2.40
2.0
1.80
2.00
2.20
3.25
3.40
1.32
1.35
1.67
1.0
1.0
1.67
2.35
2.20
1.60
 	 3:1(0:1)  
1444	28/02
19:00	 Gaziantepspor
Galatasaray SK	
0
0
2.60
1.50
2.5
1.75
2.10
3.55
3.50
2.05
1.76
1.30
1.29
1.0
1.5
1.73
1.90
2.10
1.90
 	 2:0(1:0)  
1445	29/02
20:00	 Fenerbahce
Besiktas JK	
0
0
1.57
2.40
2.5
1.83
1.97
2.15
3.50
3.30
1.35
1.32
1.70
1.5
1.0
2.05
1.75
1.77
2.10
 	 2:0(1:0)  
6568	04/03
20:00	 Mersin Idmanyurdu
Sivasspor	
0
0
2.20
1.67
2.5
1.97
1.83
3.10
3.30
2.35
1.62
1.35
1.37
1.0
1.5
1.77
2.30
2.05
1.62
 	 1:0(0:0)  
6569	05/03
13:30	 Kayserispor
Genclerbirligi	
0
0
1.47
2.70
2.0
1.75
2.10
2.10
3.20
3.80
1.27
1.36
1.75
1.5
1.0
2.40
2.35
1.57
1.57
 	 0:2(0:2)  
6570	05/03
16:00	 Bursaspor
Caykur Rizespor	
–1.0
+1.0
2.35
1.57
2.5
1.83
1.97
1.75
3.80
4.60
1.20
1.27
2.08
1.5
1.0
1.80
2.20
2.00
1.67
 	 1:0(1:0)  
6567	05/03
19:00	 Osmanlispor
Gaziantepspor	
–1.0
+1.0
2.15
1.70
2.5
2.00
1.80
1.60
3.90
5.80
1.13
1.25
2.33
1.5
1.0
1.83
2.95
1.97
1.40
 	 1:1(0:0)  
6590	06/03
13:30	 Kasimpasa
Antalyaspor	
–1.0
+1.0
2.50
1.53
2.5
1.83
1.97
1.80
3.75
4.30
1.22
1.27
2.00
1.5
1.0
1.83
2.10
1.97
1.75
 	 2:1(0:0)  
6591	06/03
16:00	 Galatasaray SK
Istanbul Basaksehir	
0
0
1.57
2.40
2.5
1.87
1.93
2.20
3.40
3.30
1.34
1.32
1.67
1.5
1.0
2.10
1.75
1.75
2.10
 	 3:3(0:2)  
6589	06/03
19:00	 Konyaspor
Trabzonspor	
0
0
1.48
2.65
2.5
2.15
1.72
2.10
3.30
3.70
1.28
1.33
1.77
1.5
1.0
2.25
2.15
1.65
1.70
 	 2:0(1:0)  
6587	06/03
19:00	 Akhisar Bld.
Fenerbahce	
+1.0
–1.0
1.55
2.45
2.5
2.05
1.80
5.00
3.60
1.75
2.09
1.30
1.18
1.0
1.5
2.55
1.93
1.50
1.87
 	 0:3(0:1)  
6588	07/03
20:00	 Besiktas JK
Eskisehirspor	
–1.5
+1.5
1.90
1.90
3.0
1.90
1.90
1.30
5.50
10.00
1.05
1.15
3.55
2.5
1.0
2.20
3.20
1.67
1.35
 	 3:1(2:0)  
5166	11/03
20:00	 Trabzonspor
Mersin Idmanyurdu	
–1.0
+1.0
2.65
1.48
2.5
1.77
2.05
1.87
3.70
4.00
1.24
1.27
1.92
1.5
1.0
1.83
1.90
1.97
1.90
 	 1:0(0:0)  
5167	12/03
13:00	 Gaziantepspor
Konyaspor	
0
0
2.25
1.62
2.0
1.72
2.10
3.25
3.15
2.35
1.60
1.36
1.35
1.0
1.0
2.10
1.67
1.75
2.20
 	 0:1(0:1)  
5168	12/03
15:30	 Istanbul Basaksehir
Osmanlispor	
0
0
1.47
2.70
2.5
2.15
1.72
2.05
3.40
3.70
1.28
1.33
1.77
1.5
1.0
2.20
2.15
1.65
1.70
 	 2:3(1:2)  
5169	12/03
19:00	 Caykur Rizespor
Besiktas JK	
+1.0
–1.0
1.77
2.05
2.5
1.80
2.00
5.50
4.00
1.60
2.32
1.24
1.14
1.0
1.5
2.50
1.70
1.53
2.15
 	 1:2(0:2)  
5170	13/03
13:30	 Eskisehirspor
Akhisar Bld.	
0
0
1.90
1.90
2.5
2.20
1.67
2.70
3.20
2.70
1.47
1.36
1.47
1.0
1.0
1.77
1.77
2.05
2.05
 	 3:3(2:1)  
5171	13/03
16:00	 Genclerbirligi
Galatasaray SK	
0
0
1.90
1.90
2.5
1.93
1.87
2.65
3.35
2.65
1.50
1.33
1.50
1.0
1.0
1.60
1.60
2.35
2.35
 	 1:1(1:0)  
5172	13/03
19:00	 Fenerbahce
Kayserispor	
–1.5
+1.5
2.10
1.72
2.5
1.75
2.10
1.37
4.80
9.00
1.07
1.19
3.10
2.0
1.0
1.90
3.45
1.90
1.32
 	 1:0(0:0)  
5173	14/03
19:00	 Sivasspor
Kasimpasa	
0
0
1.65
2.25
2.5
2.00
1.80
2.30
3.35
3.10
1.37
1.33
1.62
1.5
1.0
2.30
1.83
1.62
2.00
 	 1:0(1:0)  
5174	14/03
20:00	 Antalyaspor
Bursaspor	
0
0
2.40
1.57
2.5
1.80
2.00
3.25
3.45
2.20
1.67
1.31
1.34
1.0
1.5
1.67
2.05
2.20
1.77
 	 3:0(0:0)  
6545	18/03
19:00	 Kayserispor
Eskisehirspor	
–1.0
+1.0
2.40
1.57
2.5
2.05
1.77
1.72
3.70
5.00
1.17
1.28
2.13
1.5
1.0
1.93
2.65
1.87
1.48
 	 0:0(0:0)  
6546	18/03
20:00	 Akhisar Bld.
Caykur Rizespor	
0
0
1.44
2.75
2.5
2.15
1.70
2.00
3.35
3.90
1.27
1.33
1.80
1.5
1.0
2.20
2.25
1.67
1.65
 	 1:1(0:0)  
6547	19/03
13:30	 Osmanlispor
Genclerbirligi	
0
0
1.48
2.65
2.5
2.15
1.70
2.10
3.30
3.70
1.28
1.34
1.74
1.5
1.0
2.25
2.15
1.65
1.70
 	 3:1(1:1)  
6548	19/03
16:00	 Trabzonspor
Sivasspor	
0
0
1.67
2.20
2.5
1.87
1.93
2.30
3.50
3.00
1.40
1.32
1.62
1.5
1.0
2.20
1.67
1.67
2.20
 	 1:0(0:0)  
6549	19/03
19:00	 Besiktas JK
Antalyaspor	
–1.5
+1.5
1.97
1.83
3.5
2.15
1.70
1.37
5.50
7.00
1.10
1.15
3.20
2.5
1.0
2.15
2.45
1.72
1.57
 	 1:0(1:0)  
6550	20/03
13:30	 Konyaspor
Istanbul Basaksehir	
0
0
1.83
1.97
2.0
1.77
2.05
2.60
3.20
2.80
1.43
1.35
1.49
1.0
1.0
1.85
1.95
1.95
1.85
 	 1:1(1:0)  
6551	20/03
13:30	 Mersin Idmanyurdu
Gaziantepspor	
0
0
1.48
2.65
2.0
1.70
2.15
2.10
3.30
3.70
1.28
1.35
1.77
1.5
1.0
2.35
2.30
1.60
1.60
 	 0:0(0:0)  
6552	20/03
16:00	 Bursaspor
Kasimpasa	
0
0
1.48
2.65
2.5
1.90
1.90
2.05
3.45
3.60
1.30
1.32
1.80
1.5
1.0
2.05
1.87
1.77
1.93
 	 4:1(3:0)  
2749	02/04
13:30	 Genclerbirligi
Konyaspor	
0
0
1.60
2.35
2.0
1.80
2.00
2.30
3.15
3.35
1.33
1.36
1.65
1.0
1.0
1.72
2.30
2.15
1.62
 	 0:1(0:0)  
2750	02/04
16:00	 Gaziantepspor
Trabzonspor	
0
0
2.05
1.77
2.5
2.00
1.80
2.90
3.30
2.47
1.54
1.33
1.41
1.0
1.0
1.75
1.60
2.10
2.35
 	 0:1(0:0)  
2751	02/04
19:00	 Eskisehirspor
Galatasaray SK	
0
0
2.20
1.67
2.5
1.75
2.05
3.00
3.55
2.30
1.62
1.30
1.40
1.0
1.5
1.60
2.05
2.35
1.75
 	 4:3(1:1)  
2752	03/04
13:30	 Istanbul Basaksehir
Mersin Idmanyurdu	
–1.0
+1.0
1.87
1.93
2.5
1.87
1.93
1.50
4.30
6.50
1.11
1.22
2.59
1.5
1.0
1.67
3.00
2.20
1.38
 	 3:0(2:0)  
2753	03/04
13:30	 Sivasspor
Bursaspor	
0
0
1.67
2.20
2.5
1.90
1.90
2.35
3.40
3.05
1.38
1.32
1.62
1.5
1.0
2.20
1.70
1.67
2.15
 	 1:2(1:1)  
2754	03/04
16:00	 Antalyaspor
Akhisar Bld.	
0
0
1.46
2.75
2.5
2.00
1.80
2.00
3.40
3.80
1.28
1.30
1.83
1.5
1.0
2.10
2.10
1.72
1.75
 	 2:2(0:1)  
2755	03/04
19:00	 Fenerbahce
Osmanlispor	
–1.0
+1.0
1.83
1.97
2.5
1.85
1.95
1.50
4.30
6.50
1.11
1.22
2.59
2.0
1.0
2.25
3.05
1.65
1.38
 	 0:0(0:0)  
2756	04/04
19:00	 Caykur Rizespor
Kayserispor	
0
0
1.87
1.95
2.5
2.20
1.67
2.65
3.20
2.75
1.45
1.35
1.48
1.0
1.0
1.77
1.83
2.05
1.97
 	 0:0(0:0)  
2757	04/04
20:00	 Kasimpasa
Besiktas JK	
+1.0
–1.0
1.62
2.30
2.5
1.80
2.00
4.80
3.90
1.70
2.15
1.26
1.18
1.0
1.5
2.25
1.77
1.65
2.05
 	 2:1(1:1)  
6283	08/04
20:00	 Gaziantepspor
Sivasspor	
0
0
2.45
1.55
2.5
2.10
1.72
3.40
3.30
2.20
1.70
1.35
1.32
1.0
1.5
2.00
2.30
1.80
1.62
 	 0:1(0:1)  
6280	09/04
13:00	 Osmanlispor
Eskisehirspor	
–1.0
+1.0
2.20
1.67
2.5
1.83
1.97
1.67
3.90
5.00
1.17
1.27
2.25
1.5
1.0
1.75
2.35
2.05
1.60
 	 0:0(0:0)  
6281	09/04
17:00	 Galatasaray SK
Caykur Rizespor	
–1.0
+1.0
2.40
1.57
3.0
2.00
1.80
1.77
3.90
4.30
1.23
1.27
2.10
1.5
1.0
1.67
1.80
2.20
2.00
 	 1:1(0:0)  
6287	09/04
20:00	 Konyaspor
Fenerbahce	
+1.0
–1.0
1.53
2.50
2.0
1.77
2.05
5.00
3.45
1.77
2.10
1.32
1.17
1.0
1.5
3.20
2.15
1.35
1.72
 	 2:1(1:1)  
6285	10/04
13:30	 Mersin Idmanyurdu
Genclerbirligi	
0
0
2.00
1.80
2.5
2.20
1.67
2.85
3.20
2.60
1.53
1.36
1.44
1.0
1.0
1.85
1.72
1.95
2.10
 	 1:3(0:2)  
6284	10/04
16:00	 Kayserispor
Antalyaspor	
0
0
1.48
2.65
2.5
2.10
1.75
2.10
3.35
3.60
1.30
1.33
1.77
1.5
1.0
2.20
2.10
1.67
1.75
 	 0:0(0:0)  
6286	10/04
19:00	 Trabzonspor
Istanbul Basaksehir	
0
0
1.97
1.83
2.5
2.00
1.80
2.75
3.35
2.55
1.53
1.33
1.46
1.0
1.0
1.67
1.62
2.20
2.30
 	 1:1(1:1)  
6288	11/04
19:00	 Akhisar Bld.
Kasimpasa	
0
0
1.77
2.05
2.5
2.10
1.75
2.50
3.30
2.90
1.42
1.35
1.55
1.0
1.0
1.65
1.77
2.25
2.05
 	 0:1(0:0)  
6282	11/04
20:00	 Besiktas JK
Bursaspor	
–1.0
+1.0
1.70
2.15
3.0
1.95
1.85
1.45
4.70
6.50
1.11
1.20
2.85
2.0
1.0
1.85
2.45
1.95
1.57
 	 3:2(1:1)  
286	16/04
13:00	 Eskisehirspor
Konyaspor	
0
0
1.70
2.15
2.0
1.72
2.10
2.45
3.15
3.05
1.38
1.37
1.57
1.0
1.0
1.72
2.00
2.10
1.80
 	 1:2(0:1)  
285	16/04
13:00	 Caykur Rizespor
Osmanlispor	
0
0
2.10
1.72
2.5
2.10
1.75
3.00
3.30
2.40
1.57
1.35
1.40
1.0
1.0
1.83
1.60
1.97
2.35
 	 0:1(0:0)  
284	16/04
16:00	 Antalyaspor
Galatasaray SK	
0
0
1.65
2.25
3.0
2.05
1.77
2.25
3.60
3.05
1.38
1.30
1.67
1.5
1.5
1.93
2.30
1.87
1.62
 	 4:2(1:1)  
287	16/04
19:00	 Sivasspor
Besiktas JK	
+1.0
–1.0
1.60
2.35
2.5
1.80
2.00
4.50
3.80
1.77
2.06
1.27
1.21
1.0
1.5
2.15
1.77
1.70
2.05
 	 1:2(0:0)  
288	17/04
13:30	 Istanbul Basaksehir
Gaziantepspor	
–1.5
+1.5
2.20
1.67
2.5
1.93
1.87
1.38
4.70
9.00
1.07
1.20
3.09
2.0
1.0
2.10
4.30
1.72
1.23
 	 4:1(3:1)  
290	17/04
16:00	 Bursaspor
Akhisar Bld.	
–1.0
+1.0
2.25
1.65
2.5
1.83
1.97
1.67
3.90
5.00
1.18
1.25
2.25
1.5
1.0
1.77
2.35
2.05
1.60
 	 0:2(0:0)  
291	17/04
19:00	 Fenerbahce
Mersin Idmanyurdu	
–2.0
+2.0
1.90
1.90
3.0
1.80
2.00
1.18
7.50
15.00
1.02
1.09
5.00
2.5
1.0
1.90
5.50
1.90
1.16
 	 4:1(2:1)  
292	18/04
20:00	 Genclerbirligi
Trabzonspor	
0
0
1.53
2.50
2.5
2.05
1.77
2.15
3.35
3.50
1.32
1.33
1.72
1.5
1.0
2.20
2.00
1.65
1.80
 	 3:1(2:0)  
6164	22/04
20:00	 Kayserispor
Bursaspor	
0
0
1.50
2.60
2.5
1.93
1.87
2.10
3.40
3.60
1.30
1.32
1.77
1.5
1.0
2.10
1.90
1.75
1.90
 	 2:1(2:1)  
6162	23/04
13:30	 Osmanlispor
Antalyaspor	
–1.0
+1.0
2.55
1.50
2.5
1.77
2.05
1.83
3.70
4.30
1.22
1.28
1.99
1.5
1.0
1.80
1.97
2.00
1.83
 	 3:0(1:0)  
6165	23/04
16:00	 Istanbul Basaksehir
Sivasspor	
–1.0
+1.0
2.45
1.55
2.5
1.80
2.05
1.77
3.75
4.50
1.20
1.27
2.05
1.5
1.0
1.80
2.05
2.00
1.77
 	 2:2(1:2)  
6163	23/04
19:00	 Akhisar Bld.
Besiktas JK	
+1.0
–1.0
1.95
1.85
2.5
1.77
2.05
6.50
4.30
1.50
2.60
1.22
1.11
1.0
2.0
2.75
2.15
1.46
1.70
 	 3:3(1:1)  
6166	24/04
13:30	 Konyaspor
Caykur Rizespor	
–1.0
+1.0
2.65
1.48
2.5
2.20
1.67
1.83
3.40
4.70
1.19
1.32
1.97
1.5
1.0
2.10
2.65
1.75
1.48
 	 3:1(1:1)  
6167	24/04
13:30	 Mersin Idmanyurdu
Eskisehirspor	
0
0
1.75
2.10
2.5
1.87
1.93
2.45
3.30
2.90
1.42
1.35
1.57
1.5
1.0
2.25
1.62
1.65
2.30
 	 1:2(1:0)  
6168	24/04
16:00	 Galatasaray SK
Kasimpasa	
0
0
1.62
2.25
3.0
2.05
1.75
2.25
3.50
3.10
1.37
1.32
1.67
1.5
1.5
1.93
2.30
1.87
1.62
 	 4:1(1:1)  
6169	24/04
20:00	 Trabzonspor
Fenerbahce	
+1.0
–1.0
1.77
2.05
3.0
2.00
1.80
5.50
4.10
1.60
2.35
1.24
1.15
1.0
2.0
2.10
2.10
1.75
1.72
 	 (0:2)  
6170	25/04
20:00	 Gaziantepspor
Genclerbirligi	
0
0
2.20
1.67
2.5
2.15
1.72
3.10
3.30
2.35
1.60
1.34
1.37
1.0
1.0
1.90
1.60
1.90
2.35
 	 1:3(0:1)  
6704	29/04
19:00	 Caykur Rizespor
Mersin Idmanyurdu	
–1.5
+1.5
2.05
1.77
2.5
1.80
2.00
1.38
5.00
8.00
1.08
1.18
3.08
2.0
1.0
1.95
4.00
1.85
1.23
 	 2:0(1:0)  
6699	29/04
20:00	 Bursaspor
Galatasaray SK	
0
0
1.80
2.00
3.0
1.80
2.05
2.45
3.60
2.70
1.47
1.30
1.57
1.5
1.5
1.85
1.95
1.95
1.85
 	 1:1(1:0)  
6701	30/04
13:30	 Genclerbirligi
Istanbul Basaksehir	
0
0
2.25
1.65
2.5
1.90
1.90
3.15
3.35
2.30
1.62
1.33
1.36
1.0
1.5
1.75
2.20
2.10
1.67
 	 0:0(0:0)  
6702	30/04
16:00	 Eskisehirspor
Trabzonspor	
–1.0
+1.0
2.05
1.75
2.5
1.75
2.05
1.60
4.00
5.50
1.15
1.25
2.40
1.5
1.0
1.67
2.30
2.20
1.60
 	 1:0(1:0)  
6703	30/04
19:00	 Besiktas JK
Kayserispor	
–1.5
+1.5
2.05
1.75
3.0
2.10
1.72
1.37
5.00
8.00
1.08
1.17
3.10
2.0
1.0
1.85
3.25
1.95
1.35
 	 4:0(3:0)  
6700	01/05
16:00	 Sivasspor
Akhisar Bld.	
–1.0
+1.0
2.30
1.62
2.5
1.87
1.93
1.70
3.80
5.00
1.17
1.27
2.16
1.5
1.0
1.80
2.35
2.00
1.60
 	 1:1(0:0)  
6706	01/05
19:00	 Antalyaspor
Konyaspor	
0
0
1.90
1.90
2.5
2.00
1.80
2.65
3.25
2.70
1.47
1.35
1.48
1.0
1.0
1.65
1.65
2.25
2.25
 	 1:0(0:0)  
6707	01/05
19:00	 Fenerbahce
Gaziantepspor	
–2.5
+2.5
2.10
1.72
3.5
2.10
1.75
1.17
8.00
16.00
1.02
1.09
5.33
2.5
1.0
1.70
6.00
2.15
1.12
 	 3:0(1:0)  
6705	02/05
20:00	 Kasimpasa
Osmanlispor	
0
0
1.90
1.90
2.5
1.87
1.93
2.65
3.35
2.65
1.48
1.32
1.48
1.5
1.5
2.35
2.40
1.60
1.57
 	 1:1(1:1)  
2664	07/05
13:30	 Sivasspor
Genclerbirligi	
0
0
1.48
2.65
2.5
1.87
1.93
2.00
3.55
3.65
1.28
1.29
1.80
1.5
1.0
2.00
1.90
1.80
1.90
 	 2:1(0:1)  
2665	07/05
16:00	 Gaziantepspor
Eskisehirspor	
0
0
2.45
1.55
2.5
2.05
1.75
3.45
3.35
2.15
1.70
1.33
1.32
1.0
1.5
2.00
2.25
1.80
1.65
 	 1:1(1:0)  
2666	07/05
19:00	 Osmanlispor
Bursaspor	
–1.0
+1.0
2.05
1.77
2.5
1.72
2.10
1.60
4.00
5.50
1.14
1.24
2.32
1.5
1.0
1.65
2.30
2.25
1.62
 	 3:3(0:2)  
2667	08/05
13:00	 Akhisar Bld.
Kayserispor	
0
0
1.90
1.90
2.5
2.05
1.80
2.70
3.25
2.65
1.48
1.35
1.47
1.0
1.0
1.67
1.65
2.20
2.25
 	 1:1(1:0)  
2668	08/05
15:30	 Trabzonspor
Caykur Rizespor	
0
0
2.15
1.72
2.5
1.87
1.93
3.00
3.25
2.45
1.57
1.35
1.40
1.0
1.5
1.65
2.20
2.25
1.67
 	 6:0(4:0)  
2669	08/05
19:00	 Mersin Idmanyurdu
Antalyaspor	
+1.0
–1.0
1.53
2.55
3.0
1.90
1.90
3.90
3.95
1.80
1.96
1.23
1.24
1.0
1.5
1.67
1.67
2.20
2.20
 	 0:1(0:1)  
2670	08/05
20:00	 Galatasaray SK
Besiktas JK	
+1.0
–1.0
1.57
2.40
3.0
1.83
1.97
4.30
3.90
1.77
2.10
1.27
1.22
1.0
2.0
1.65
2.15
2.25
1.70
 	 0:1(0:0)  
2671	09/05
20:00	 Istanbul Basaksehir
Fenerbahce	
+1.0
–1.0
1.50
2.60
2.5
1.75
2.05
4.10
3.70
1.85
1.95
1.27
1.23
1.0
1.5
1.90
1.80
1.90
2.00
 	 2:1(0:0)  
2663	09/05
20:00	 Konyaspor
Kasimpasa	
0
0
1.46
2.70
2.5
1.90
1.90
2.05
3.45
3.65
1.29
1.31
1.77
1.5
1.0
2.00
1.93
1.80
1.87
 	 2:0(1:0)  
4710	13/05
20:00	 Antalyaspor
Trabzonspor	
–1.0
+1.0
2.50
1.53
3.0
2.00
1.80
1.83
3.90
4.00
1.25
1.26
1.97
1.5
1.0
1.70
1.75
2.15
2.05
 	 7:0(3:0)  
4713	14/05
16:00	 Bursaspor
Konyaspor	
0
0
1.72
2.10
2.5
1.93
1.87
2.40
3.35
2.95
1.40
1.32
1.57
1.5
1.0
2.30
1.70
1.62
2.15
 	 1:1(1:1)  
4708	14/05
19:00	 Caykur Rizespor
Gaziantepspor	
–1.0
+1.0
2.30
1.62
2.5
1.90
1.90
1.70
3.70
5.00
1.17
1.28
2.20
1.5
1.0
1.80
2.35
2.00
1.57
 	 1:0(1:0)  
4709	14/05
19:00	 Eskisehirspor
Istanbul Basaksehir	
0
0
1.53
2.55
2.5
1.83
1.97
2.10
3.50
3.45
1.31
1.31
1.75
1.5
1.0
2.00
1.77
1.80
2.05
 	 1:2(0:0)  
4714	14/05
19:00	 Kayserispor
Sivasspor	
0
0
1.50
2.55
2.5
1.93
1.87
2.10
3.40
3.55
1.30
1.32
1.75
1.5
1.0
2.10
1.90
1.75
1.90
 	 1:1(1:0)  
4711	15/05
19:00	 Akhisar Bld.
Galatasaray SK	
0
0
1.90
1.90
3.0
2.15
1.72
2.65
3.35
2.65
1.48
1.32
1.48
1.5
1.5
2.15
2.15
1.70
1.70
 	 1:2(0:1)  
4715	15/05
19:00	 Besiktas JK
Osmanlispor	
–1.0
+1.0
1.77
2.05
3.0
1.83
1.97
1.47
4.40
7.00
1.10
1.21
2.70
2.0
1.0
1.80
2.20
2.00
1.67
 	 3:1(2:0)  
4712	15/05
19:00	 Kasimpasa
Mersin Idmanyurdu	
–2.0
+2.0
1.95
1.85
3.5
2.10
1.75
1.20
6.50
15.00
1.01
1.11
4.50
2.5
1.0
1.83
3.80
1.97
1.27
 	 7:0(3:0)  
4716	15/05
19:00	 Fenerbahce
Genclerbirligi	
–1.5
+1.5
1.80
2.00
3.0
1.75
2.10
1.28
5.80
10.00
1.05
1.13
3.70
2.5
1.0
2.05
3.00
1.77
1.40
 	 2:1(1:0)  
3208	18/05
19:00	 Konyaspor
Besiktas JK	
0
0
1.70
2.05
2.5
1.67
2.10
2.30
3.70
2.80
1.42
1.27
1.60
1.5
1.5
2.00
2.30
1.75
1.60
 	 2:1(2:1)  
3206	18/05
20:00	 Istanbul Basaksehir
Caykur Rizespor	
–1.0
+1.0
1.70
2.10
3.0
1.87
1.87
1.42
4.80
7.00
1.10
1.18
2.85
2.0
1.0
1.80
2.35
1.95
1.55
 	 1:0(0:0)  
3204	18/05
20:00	 Mersin Idmanyurdu
Bursaspor	
0
0
2.35
1.55
3.0
1.72
2.05
3.15
3.80
2.05
1.72
1.25
1.33
1.5
1.5
2.05
1.67
1.70
2.10
 	 2:5(1:2)  
3200	19/05
20:00	 Sivasspor
Fenerbahce	
0
0
1.83
1.90
2.5
1.72
2.05
2.50
3.80
2.55
1.51
1.26
1.53
1.5
1.5
2.15
2.20
1.65
1.62
 	 2:2(2:1)  
3201	19/05
20:00	 Trabzonspor
Kasimpasa	
+1.0
–1.0
1.67
2.10
3.0
1.72
2.05
4.80
4.20
1.65
2.24
1.23
1.18
1.0
2.0
1.70
1.95
2.10
1.80
 	 0:6(0:3)  
3202	19/05
20:00	 Genclerbirligi
Eskisehirspor	
0
0
1.93
1.80
2.5
1.70
2.10
2.60
3.70
2.45
1.53
1.26
1.47
1.5
1.5
2.20
2.10
1.62
1.67
 	 3:1(2:1)  
3203	19/05
20:00	 Osmanlispor
Akhisar Bld.	
–1.0
+1.0
1.93
1.80
3.0
1.93
1.80
1.55
4.30
5.50
1.14
1.21
2.41
2.0
1.0
2.00
2.05
1.75
1.72
 	 1:0(0:0)  
3205	19/05
20:00	 Gaziantepspor
Antalyaspor	
0
0
1.47
2.55
2.5
1.75
2.00
2.05
3.30
3.70
1.26
1.32
1.74
1.5
1.0
1.90
1.70
1.83
2.10
 	 2:0(1:0)  
3207	19/05
20:00	 Galatasaray SK
Kayserispor	
–1.0
+1.0
1.95
1.80
3.0
1.95
1.80
1.55
4.30
5.70
1.14
1.22
2.45
2.0
1.0
2.00
2.10
1.75
1.70
 	 6:0(3:0)  