738	12/09
14:45	 Everton
Chelsea	
0
0
2.55
1.53
2.5
1.75
2.05
3.40
3.70
2.05
1.80
1.28
1.32
1.0
1.5
1.77
1.95
2.05
1.85
 	 3:1(2:1)  
729	12/09
17:00	 Arsenal London
Stoke City	
–1.5
+1.5
1.77
2.05
3.0
1.80
2.00
1.28
5.50
10.00
1.05
1.14
3.80
2.5
1.0
2.05
3.50
1.75
1.30
 	 2:0(1:0)  
737	12/09
17:00	 Crystal Palace
Manchester City	
+1.0
–1.0
1.67
2.20
3.0
2.10
1.75
4.50
4.00
1.72
2.15
1.25
1.22
1.0
1.5
2.00
1.67
1.80
2.20
 	 0:1(0:0)  
741	12/09
17:00	 Norwich City
AFC Bournemouth	
0
0
1.70
2.15
2.5
1.85
1.95
2.32
3.45
3.00
1.38
1.30
1.60
1.5
1.0
2.20
1.70
1.67
2.15
 	 3:1(1:0)  
743	12/09
17:00	 Watford
Swansea City	
0
0
1.85
1.95
2.5
2.10
1.75
2.62
3.30
2.72
1.46
1.33
1.50
1.0
1.0
1.72
1.72
2.10
2.10
 	 1:0(0:0)  
744	12/09
17:00	 West Bromwich Albion
Southampton	
0
0
2.20
1.67
2.0
1.72
2.10
3.15
3.30
2.32
1.60
1.34
1.36
1.0
1.0
2.10
1.72
1.75
2.10
 	 0:0(0:0)  
740	12/09
19:30	 Manchester United
Liverpool	
–1.0
+1.0
2.80
1.44
2.5
2.15
1.72
1.95
3.50
4.00
1.25
1.32
1.87
1.5
1.0
2.15
2.40
1.70
1.57
 	 3:1(0:0)  
742	13/09
15:30	 Sunderland
Tottenham Hotspur	
+1.0
–1.0
1.48
2.65
2.5
1.93
1.87
4.00
3.60
1.90
1.93
1.30
1.25
1.0
1.5
2.15
1.97
1.70
1.83
 	 0:1(0:0)  
739	13/09
18:00	 Leicester City
Aston Villa	
–1.0
+1.0
2.35
1.57
2.5
1.90
1.90
1.77
3.80
4.50
1.22
1.27
2.10
1.5
1.0
1.87
2.35
1.93
1.60
 	 3:2(0:1)  
745	14/09
22:00	 West Ham United
Newcastle United	
0
0
1.57
2.40
2.5
1.90
1.90
2.15
3.50
3.30
1.33
1.30
1.70
1.5
1.0
2.15
1.85
1.70
1.95
 	 2:0(1:0)  
748	19/09
14:45	 Chelsea
Arsenal London	
0
0
1.65
2.25
2.5
1.77
2.05
2.20
3.70
3.05
1.38
1.30
1.67
1.5
1.0
2.05
1.67
1.75
2.20
 	 2:0(0:0)  
746	19/09
17:00	 Aston Villa
West Bromwich Albion	
0
0
1.70
2.15
2.0
1.67
2.20
2.40
3.30
3.00
1.40
1.33
1.57
1.0
1.0
1.70
2.00
2.15
1.80
 	 0:1(0:1)  
747	19/09
17:00	 AFC Bournemouth
Sunderland	
–1.0
+1.0
2.10
1.75
2.5
2.00
1.80
1.61
4.00
5.50
1.15
1.25
2.32
1.5
1.0
1.83
3.05
1.97
1.38
 	 2:0(2:0)  
751	19/09
17:00	 Newcastle United
Watford	
0
0
1.62
2.20
2.5
2.00
1.75
2.30
3.30
3.10
1.36
1.32
1.60
1.5
1.0
2.30
1.85
1.57
1.90
 	 1:2(0:2)  
754	19/09
17:00	 Stoke City
Leicester City	
0
0
1.70
2.15
2.5
2.05
1.77
2.35
3.40
3.00
1.40
1.32
1.60
1.0
1.0
1.57
1.87
2.40
1.93
 	 2:2(2:0)  
755	19/09
17:00	 Swansea City
Everton	
0
0
1.53
2.50
2.5
2.00
1.80
2.10
3.50
3.40
1.30
1.30
1.72
1.5
1.0
2.20
2.00
1.67
1.80
 	 0:0(0:0)  
750	19/09
19:30	 Manchester City
West Ham United	
–1.5
+1.5
1.70
2.10
3.5
2.00
1.75
1.25
6.00
10.00
1.03
1.12
3.80
2.5
1.0
1.87
2.65
1.87
1.45
 	 1:2(1:2)  
753	20/09
15:30	 Tottenham Hotspur
Crystal Palace	
–1.0
+1.0
2.55
1.53
2.5
1.80
2.00
1.85
3.65
4.20
1.23
1.28
1.95
1.5
1.0
1.87
2.00
1.93
1.80
 	 1:0(0:0)  
749	20/09
18:00	 Liverpool
Norwich City	
–1.0
+1.0
1.77
2.05
2.5
1.80
2.00
1.50
4.10
7.00
1.10
1.24
2.55
2.0
1.0
2.15
3.10
1.72
1.37
 	 1:1(0:0)  
752	20/09
18:00	 Southampton
Manchester United	
0
0
2.30
1.62
2.5
1.97
1.83
3.30
3.40
2.20
1.67
1.32
1.34
1.0
1.5
1.87
2.25
1.93
1.65
 	 2:3(1:1)  
6161	26/09
14:45	 Tottenham Hotspur
Manchester City	
0
0
2.40
1.57
2.5
1.75
2.05
3.20
3.70
2.10
1.75
1.28
1.35
1.0
1.5
1.72
2.00
2.10
1.80
 	 4:1(1:1)  
6156	26/09
17:00	 Leicester City
Arsenal London	
+1.0
–1.0
1.65
2.25
3.0
2.10
1.75
4.30
4.00
1.75
2.15
1.25
1.22
1.0
1.5
2.00
1.70
1.83
2.20
 	 2:5(1:2)  
6157	26/09
17:00	 Liverpool
Aston Villa	
–1.0
+1.0
1.77
2.05
2.5
1.93
1.87
1.48
4.30
7.00
1.10
1.22
2.70
1.5
1.0
1.67
3.55
2.20
1.30
 	 3:2(1:0)  
6158	26/09
17:00	 Manchester United
Sunderland	
–2.0
+2.0
2.00
1.83
3.0
1.90
1.90
1.20
6.50
15.00
1.01
1.11
4.80
2.5
1.0
1.97
5.50
1.83
1.15
 	 3:0(1:0)  
6160	26/09
17:00	 Southampton
Swansea City	
–1.0
+1.0
2.50
1.53
2.5
2.15
1.72
1.80
3.60
4.50
1.20
1.30
2.05
1.5
1.0
2.05
2.70
1.77
1.46
 	 3:1(1:0)  
6162	26/09
17:00	 Stoke City
AFC Bournemouth	
0
0
1.72
2.10
2.5
2.05
1.77
2.32
3.45
3.00
1.40
1.31
1.62
1.0
1.0
1.60
1.83
2.35
1.97
 	 2:1(1:0)  
6165	26/09
17:00	 West Ham United
Norwich City	
0
0
1.62
2.30
2.5
1.93
1.87
2.20
3.45
3.25
1.34
1.31
1.67
1.5
1.0
2.20
1.83
1.67
2.00
 	 2:2(1:1)  
6159	26/09
19:30	 Newcastle United
Chelsea	
+1.0
–1.0
1.77
2.05
2.5
1.78
2.03
5.25
4.00
1.62
2.35
1.25
1.15
1.0
1.5
2.50
1.70
1.53
2.15
 	 2:2(1:0)  
6163	27/09
18:00	 Watford
Crystal Palace	
0
0
1.75
2.10
2.5
2.10
1.72
2.40
3.30
3.00
1.40
1.33
1.57
1.0
1.0
1.65
1.87
2.25
1.93
 	 0:1(0:0)  
6164	28/09
22:00	 West Bromwich Albion
Everton	
0
0
2.10
1.72
2.5
2.20
1.67
2.95
3.30
2.40
1.57
1.33
1.40
1.0
1.0
1.95
1.67
1.85
2.20
 	 2:3(1:0)  
6149	03/10
14:45	 Crystal Palace
West Bromwich Albion	
–1.0
+1.0
2.55
1.53
2.5
2.20
1.67
1.81
3.40
4.80
1.18
1.31
2.00
1.5
1.0
2.10
2.80
1.75
1.44
 	 2:0(0:0)  
6150	03/10
17:00	 Aston Villa
Stoke City	
0
0
1.65
2.25
2.5
2.15
1.70
2.35
3.25
3.15
1.36
1.35
1.62
1.0
1.0
1.62
2.00
2.30
1.80
 	 0:1(0:0)  
6151	03/10
17:00	 AFC Bournemouth
Watford	
0
0
1.48
2.60
2.5
1.90
1.90
2.05
3.50
3.60
1.30
1.32
1.80
1.5
1.0
2.05
1.97
1.77
1.83
 	 1:1(1:1)  
6152	03/10
17:00	 Manchester City
Newcastle United	
–1.5
+1.5
1.72
2.10
3.5
2.10
1.75
1.24
6.50
11.00
1.04
1.10
4.30
2.5
1.0
1.93
3.05
1.87
1.38
 	 6:1(1:1)  
6153	03/10
17:00	 Norwich City
Leicester City	
0
0
1.60
2.35
2.5
1.90
1.90
2.20
3.45
3.20
1.35
1.32
1.67
1.5
1.0
2.15
1.83
1.70
2.00
 	 1:2(0:1)  
6154	03/10
17:00	 Sunderland
West Ham United	
0
0
2.20
1.67
2.5
1.90
1.90
3.07
3.50
2.25
1.64
1.30
1.37
1.0
1.5
1.75
2.20
2.05
1.67
 	 2:2(2:1)  
6155	03/10
19:30	 Chelsea
Southampton	
–1.0
+1.0
2.20
1.67
2.5
1.90
1.90
1.70
3.90
5.00
1.18
1.27
2.20
1.5
1.0
1.80
2.55
2.00
1.50
 	 1:3(1:1)  
6169	04/10
15:30	 Everton
Liverpool	
0
0
2.05
1.77
2.5
1.97
1.83
2.85
3.35
2.47
1.54
1.32
1.42
1.0
1.0
1.72
1.57
2.10
2.40
 	 1:1(1:1)  
6170	04/10
18:00	 Arsenal London
Manchester United	
0
0
1.48
2.65
2.5
1.87
1.93
2.05
3.50
3.55
1.30
1.30
1.75
1.5
1.0
2.00
1.95
1.80
1.85
 	 3:0(3:0)  
6171	04/10
18:00	 Swansea City
Tottenham Hotspur	
0
0
1.75
2.10
2.5
1.97
1.83
2.42
3.35
2.90
1.41
1.32
1.55
1.5
1.0
2.35
1.75
1.57
2.10
 	 2:2(2:1)  
223	17/10
14:45	 Tottenham Hotspur
Liverpool	
0
0
1.65
2.25
2.5
1.90
1.90
2.25
3.55
3.10
1.38
1.30
1.67
1.5
1.0
2.20
1.77
1.67
2.05
 	 0:0(0:0)  
224	17/10
17:00	 Chelsea
Aston Villa	
–1.5
+1.5
1.90
1.90
3.0
2.05
1.77
1.33
5.00
9.00
1.06
1.16
3.50
2.0
1.0
1.72
3.70
2.15
1.28
 	 2:0(1:0)  
225	17/10
17:00	 Crystal Palace
West Ham United	
–1.0
+1.0
2.70
1.47
2.5
1.83
1.97
1.92
3.60
3.90
1.25
1.29
1.88
1.5
1.0
1.93
2.00
1.87
1.80
 	 1:3(1:1)  
226	17/10
17:00	 Everton
Manchester United	
0
0
2.20
1.67
2.5
2.05
1.77
3.00
3.40
2.35
1.62
1.32
1.40
1.0
1.5
1.87
2.40
1.93
1.57
 	 0:3(0:2)  
227	17/10
17:00	 Manchester City
AFC Bournemouth	
–1.5
+1.5
1.97
1.83
3.0
2.00
1.83
1.36
5.00
8.50
1.07
1.17
3.25
2.0
1.0
1.75
3.20
2.10
1.35
 	 5:1(4:1)  
228	17/10
17:00	 Southampton
Leicester City	
–1.0
+1.0
2.25
1.65
2.5
1.72
2.10
1.70
3.90
4.80
1.18
1.26
2.15
1.5
1.0
1.72
2.10
2.10
1.72
 	 2:2(2:0)  
229	17/10
17:00	 West Bromwich Albion
Sunderland	
0
0
1.47
2.65
2.5
2.15
1.70
2.05
3.35
3.75
1.27
1.33
1.77
1.5
1.0
2.30
2.25
1.62
1.65
 	 1:0(0:0)  
230	17/10
19:30	 Watford
Arsenal London	
+1.0
–1.0
2.05
1.77
2.5
1.70
2.15
6.50
4.50
1.50
2.70
1.22
1.12
1.0
2.0
2.80
2.05
1.44
1.80
 	 0:3(0:0)  
231	18/10
18:00	 Newcastle United
Norwich City	
0
0
1.72
2.10
2.5
1.87
1.93
2.35
3.40
3.00
1.40
1.32
1.60
1.5
1.0
2.25
1.70
1.65
2.15
 	 6:2(3:2)  
232	19/10
22:00	 Swansea City
Stoke City	
–1.0
+1.0
2.80
1.44
2.5
2.15
1.72
1.95
3.40
4.05
1.24
1.32
1.85
1.5
1.0
2.15
2.40
1.70
1.57
 	 0:1(0:1)  
210	24/10
17:00	 Aston Villa
Swansea City	
0
0
2.10
1.72
2.5
2.20
1.67
3.00
3.30
2.40
1.57
1.33
1.40
1.0
1.0
1.95
1.67
1.85
2.20
 	 1:2(0:0)  
212	24/10
17:00	 Leicester City
Crystal Palace	
0
0
1.62
2.30
2.5
1.75
2.05
2.17
3.60
3.15
1.35
1.28
1.68
1.5
1.0
2.05
1.67
1.77
2.20
 	 1:0(0:0)  
213	24/10
17:00	 Norwich City
West Bromwich Albion	
–1.0
+1.0
2.75
1.45
2.5
2.10
1.72
1.95
3.45
4.00
1.25
1.31
1.85
1.5
1.0
2.15
2.45
1.72
1.57
 	 0:1(0:0)  
214	24/10
17:00	 Stoke City
Watford	
0
0
1.57
2.45
2.5
2.15
1.70
2.15
3.30
3.50
1.30
1.33
1.70
1.5
1.0
2.35
2.15
1.60
1.72
 	 0:2(0:1)  
215	24/10
17:00	 West Ham United
Chelsea	
+1.0
–1.0
1.57
2.45
2.5
1.75
2.05
4.20
3.70
1.83
1.97
1.27
1.22
1.0
1.5
2.05
1.80
1.77
2.00
 	 2:1(1:0)  
216	24/10
19:30	 Arsenal London
Everton	
–1.5
+1.5
2.10
1.75
3.0
1.80
2.00
1.42
4.80
7.00
1.10
1.18
2.90
2.0
1.0
1.72
2.45
2.10
1.55
 	 2:1(2:1)  
218	25/10
16:05	 AFC Bournemouth
Tottenham Hotspur	
0
0
2.10
1.75
2.5
1.85
1.95
2.90
3.50
2.35
1.60
1.30
1.40
1.0
1.5
1.67
2.25
2.20
1.65
 	 1:5(1:3)  
233	25/10
16:05	 Manchester United
Manchester City	
0
0
1.85
1.95
2.5
1.80
2.00
2.50
3.55
2.65
1.48
1.30
1.55
1.5
1.5
2.25
2.35
1.62
1.60
 	 0:0(0:0)  
234	25/10
18:15	 Liverpool
Southampton	
–1.0
+1.0
2.70
1.47
2.5
1.93
1.87
1.90
3.60
3.90
1.27
1.30
1.90
1.5
1.0
2.00
2.15
1.83
1.70
 	 1:1(0:0)  
9014	31/10
14:45	 Chelsea
Liverpool	
0
0
1.50
2.60
2.5
2.05
1.77
2.05
3.50
3.55
1.30
1.32
1.77
1.5
1.0
2.20
2.10
1.67
1.72
 	 1:3(1:1)  
9015	31/10
17:00	 Crystal Palace
Manchester United	
+1.0
–1.0
1.46
2.70
2.5
2.15
1.72
4.00
3.50
1.90
1.93
1.32
1.25
1.0
1.5
2.50
2.10
1.53
1.72
 	 0:0(0:0)  
9016	31/10
17:00	 Manchester City
Norwich City	
–1.5
+1.5
1.75
2.10
3.5
2.15
1.70
1.27
6.00
10.00
1.05
1.13
3.90
2.5
1.0
1.97
3.20
1.83
1.35
 	 2:1(0:0)  
9017	31/10
17:00	 Newcastle United
Stoke City	
0
0
1.70
2.15
2.5
2.00
1.80
2.35
3.30
3.05
1.37
1.33
1.60
1.5
1.0
2.40
1.83
1.57
1.97
 	 0:0(0:0)  
9018	31/10
17:00	 Swansea City
Arsenal London	
+1.0
–1.0
1.62
2.30
2.5
1.72
2.10
4.30
3.90
1.77
2.10
1.25
1.22
1.0
1.5
2.05
1.75
1.77
2.10
 	 0:3(0:0)  
9023	31/10
17:00	 Watford
West Ham United	
0
0
1.77
2.05
2.5
1.97
1.83
2.45
3.40
2.85
1.42
1.32
1.55
1.0
1.0
1.57
1.75
2.40
2.10
 	 2:0(1:0)  
9019	31/10
17:00	 West Bromwich Albion
Leicester City	
0
0
2.00
1.80
2.5
2.05
1.75
2.80
3.30
2.55
1.50
1.33
1.44
1.0
1.0
1.77
1.65
2.05
2.25
 	 2:3(1:0)  
9020	01/11
15:30	 Everton
Sunderland	
–1.0
+1.0
1.72
2.10
2.5
1.72
2.10
1.46
4.40
7.00
1.10
1.20
2.70
2.0
1.0
2.00
2.95
1.80
1.40
 	 6:2(2:1)  
9021	01/11
18:00	 Southampton
AFC Bournemouth	
–1.0
+1.0
1.95
1.85
2.5
1.77
2.05
1.57
4.30
5.50
1.15
1.23
2.45
1.5
1.0
1.67
2.60
2.20
1.50
 	 2:0(2:0)  
9022	02/11
22:00	 Tottenham Hotspur
Aston Villa	
–1.5
+1.5
2.10
1.72
2.5
1.77
2.05
1.38
4.75
8.50
1.07
1.19
3.00
2.0
1.0
1.97
3.60
1.83
1.28
 	 3:1(2:0)  
9034	07/11
14:45	 AFC Bournemouth
Newcastle United	
0
0
1.55
2.45
2.5
1.85
1.95
2.10
3.50
3.40
1.30
1.30
1.72
1.5
1.0
2.05
1.85
1.75
1.95
 	 0:1(0:1)  
9035	07/11
17:00	 Leicester City
Watford	
–1.0
+1.0
2.35
1.60
2.5
1.80
2.00
1.73
3.75
4.75
1.18
1.27
2.10
1.5
1.0
1.80
2.20
2.00
1.67
 	 2:1(0:0)  
9029	07/11
17:00	 Manchester United
West Bromwich Albion	
–1.5
+1.5
1.97
1.83
2.5
1.70
2.15
1.33
5.00
9.50
1.05
1.17
3.30
2.0
1.0
1.80
3.90
2.00
1.25
 	 2:0(0:0)  
9036	07/11
17:00	 Norwich City
Swansea City	
0
0
1.77
2.05
2.5
1.95
1.85
2.45
3.40
2.82
1.42
1.31
1.54
1.5
1.0
2.40
1.72
1.57
2.15
 	 1:0(0:0)  
9037	07/11
17:00	 Sunderland
Southampton	
+1.0
–1.0
1.48
2.65
2.5
2.10
1.72
4.30
3.50
1.85
1.95
1.29
1.20
1.0
1.5
2.55
2.10
1.53
1.75
 	 0:1(0:0)  
9038	07/11
17:00	 West Ham United
Everton	
0
0
1.75
2.10
2.5
1.83
1.97
2.40
3.40
2.90
1.40
1.30
1.55
1.5
1.0
2.20
1.65
1.65
2.25
 	 1:1(1:1)  
9030	07/11
19:30	 Stoke City
Chelsea	
+1.0
–1.0
1.46
2.75
2.5
2.05
1.77
4.00
3.50
1.93
1.87
1.30
1.24
1.0
1.5
2.30
2.05
1.62
1.75
 	 1:0(0:0)  
9031	08/11
15:30	 Aston Villa
Manchester City	
+1.0
–1.0
2.05
1.77
3.0
2.15
1.70
7.00
4.30
1.47
2.65
1.21
1.10
1.0
2.0
2.70
2.00
1.46
1.80
 	 0:0(0:0)  
9032	08/11
18:00	 Arsenal London
Tottenham Hotspur	
–1.0
+1.0
1.95
1.85
3.0
1.95
1.85
1.60
4.30
5.00
1.17
1.22
2.40
2.0
1.0
2.05
2.15
1.80
1.72
 	 1:1(0:1)  
9033	08/11
18:00	 Liverpool
Crystal Palace	
–1.0
+1.0
2.15
1.70
2.5
1.87
1.93
1.66
3.80
5.20
1.16
1.26
2.20
1.5
1.0
1.80
2.55
2.05
1.50
 	 1:2(1:1)  
363	21/11
14:45	 Watford
Manchester United	
0
0
2.80
1.42
2.0
1.80
2.00
3.90
3.30
2.02
1.79
1.33
1.25
1.0
1.5
2.75
2.30
1.46
1.60
 	 1:2(0:1)  
364	21/11
17:00	 Chelsea
Norwich City	
–1.5
+1.5
2.10
1.75
3.0
2.05
1.75
1.36
5.00
8.50
1.07
1.17
3.15
2.0
1.0
1.85
3.05
1.95
1.38
 	 1:0(0:0)  
365	21/11
17:00	 Everton
Aston Villa	
–1.0
+1.0
2.15
1.72
2.5
1.85
1.95
1.65
3.90
5.25
1.16
1.26
2.25
1.5
1.0
1.77
2.50
2.05
1.53
 	 4:0(3:0)  
366	21/11
17:00	 Newcastle United
Leicester City	
0
0
2.00
1.80
3.0
2.05
1.75
2.75
3.55
2.45
1.55
1.30
1.45
1.5
1.5
2.20
2.05
1.67
1.75
 	 0:3(0:1)  
367	21/11
17:00	 Southampton
Stoke City	
–1.0
+1.0
2.20
1.67
2.5
2.05
1.75
1.66
3.75
5.50
1.15
1.28
2.20
1.5
1.0
1.90
2.95
1.90
1.40
 	 0:1(0:1)  
368	21/11
17:00	 Swansea City
AFC Bournemouth	
0
0
1.62
2.30
2.5
2.15
1.70
2.22
3.35
3.30
1.34
1.33
1.66
1.0
1.0
1.57
2.05
2.40
1.77
 	 2:2(2:2)  
369	21/11
17:00	 West Bromwich Albion
Arsenal London	
+1.0
–1.0
1.93
1.87
2.5
1.80
2.00
6.40
4.20
1.52
2.55
1.23
1.12
1.0
1.5
2.90
1.65
1.42
2.25
 	 2:1(2:1)  
370	21/11
19:30	 Manchester City
Liverpool	
–1.0
+1.0
2.40
1.57
2.5
1.72
2.10
1.77
3.70
4.60
1.20
1.28
2.05
1.5
1.0
1.77
2.00
2.05
1.80
 	 1:4(1:3)  
371	22/11
18:00	 Tottenham Hotspur
West Ham United	
–1.0
+1.0
1.87
1.93
2.5
1.70
2.15
1.54
4.20
6.00
1.13
1.23
2.45
2.0
1.0
2.10
2.55
1.72
1.53
 	 4:1(2:0)  
372	23/11
22:00	 Crystal Palace
Sunderland	
–1.0
+1.0
1.87
1.93
2.5
1.87
1.93
1.52
4.00
6.75
1.10
1.24
2.50
1.5
1.0
1.67
3.10
2.20
1.37
 	 0:1(0:0)  
379	28/11
17:00	 Aston Villa
Watford	
0
0
1.80
2.00
2.0
1.72
2.15
2.55
3.20
2.85
1.42
1.35
1.50
1.0
1.0
1.80
1.95
2.00
1.85
 	 2:3(1:1)  
380	28/11
17:00	 AFC Bournemouth
Everton	
0
0
2.30
1.62
2.5
1.85
1.95
3.15
3.50
2.20
1.66
1.30
1.35
1.0
1.5
1.75
2.15
2.05
1.70
 	 3:3(0:2)  
381	28/11
17:00	 Crystal Palace
Newcastle United	
–1.0
+1.0
2.25
1.65
2.5
1.87
1.93
1.70
3.80
4.90
1.17
1.26
2.15
1.5
1.0
1.83
2.45
2.00
1.57
 	 5:1(3:1)  
373	28/11
17:00	 Manchester City
Southampton	
–1.0
+1.0
1.80
2.00
3.0
1.97
1.83
1.50
4.50
6.00
1.12
1.20
2.55
2.0
1.0
1.95
2.35
1.85
1.60
 	 3:1(2:0)  
382	28/11
17:00	 Sunderland
Stoke City	
0
0
2.30
1.62
2.5
2.15
1.70
3.25
3.30
2.25
1.65
1.33
1.35
1.0
1.0
2.05
1.60
1.77
2.35
 	 2:0(0:0)  
374	28/11
19:30	 Leicester City
Manchester United	
0
0
2.70
1.46
2.5
1.87
1.93
3.70
3.50
2.00
1.80
1.30
1.27
1.0
1.5
2.00
2.00
1.83
1.80
 	 1:1(1:1)  
375	29/11
14:00	 Tottenham Hotspur
Chelsea	
0
0
1.83
1.97
2.5
1.95
1.85
2.55
3.35
2.75
1.45
1.32
1.50
1.0
1.0
1.60
1.67
2.35
2.20
 	 0:0(0:0)  
376	29/11
16:05	 West Ham United
West Bromwich Albion	
–1.0
+1.0
2.45
1.55
2.5
1.97
1.83
1.77
3.70
4.60
1.20
1.28
2.05
1.5
1.0
1.93
2.45
1.87
1.57
 	 1:1(1:0)  
377	29/11
18:15	 Liverpool
Swansea City	
–1.0
+1.0
1.93
1.87
2.5
1.80
2.00
1.55
4.00
6.20
1.12
1.24
2.40
1.5
1.0
1.67
2.80
2.20
1.44
 	 1:0(0:0)  
378	29/11
18:15	 Norwich City
Arsenal London	
+1.0
–1.0
1.93
1.87
3.0
2.05
1.77
6.00
4.30
1.53
2.50
1.22
1.13
1.0
2.0
2.35
2.05
1.57
1.77
 	 1:1(1:1)  
3836	05/12
14:45	 Stoke City
Manchester City	
+1.0
–1.0
1.67
2.20
2.5
1.90
1.90
5.00
3.90
1.70
2.20
1.27
1.18
1.0
1.5
2.55
1.80
1.50
2.00
 	 2:0(2:0)  
3837	05/12
17:00	 Arsenal London
Sunderland	
–1.5
+1.5
1.72
2.10
3.0
1.90
1.90
1.27
6.00
11.00
1.04
1.13
4.30
2.5
1.0
2.10
4.30
1.75
1.23
 	 3:1(1:1)  
3838	05/12
17:00	 Manchester United
West Ham United	
–1.0
+1.0
1.67
2.20
2.5
2.00
1.80
1.42
4.30
8.50
1.07
1.22
2.95
1.5
1.0
1.67
4.70
2.20
1.20
 	 0:0(0:0)  
3830	05/12
17:00	 Southampton
Aston Villa	
–1.0
+1.0
1.80
2.00
2.5
1.90
1.90
1.50
4.35
6.50
1.12
1.22
2.60
1.5
1.0
1.67
3.20
2.20
1.35
 	 1:1(0:1)  
3831	05/12
17:00	 Swansea City
Leicester City	
0
0
1.80
2.00
2.5
1.95
1.85
2.50
3.40
2.80
1.45
1.32
1.55
1.0
1.0
1.57
1.67
2.40
2.20
 	 0:3(0:2)  
3832	05/12
17:00	 Watford
Norwich City	
0
0
1.65
2.20
2.5
1.95
1.85
2.30
3.30
3.20
1.36
1.34
1.60
1.5
1.0
2.25
1.77
1.62
2.05
 	 2:0(1:0)  
3833	05/12
17:00	 West Bromwich Albion
Tottenham Hotspur	
+1.0
–1.0
1.55
2.45
2.5
2.05
1.75
4.70
3.65
1.77
2.05
1.29
1.18
1.0
1.5
2.50
1.97
1.53
1.83
 	 1:1(1:1)  
3839	05/12
19:30	 Chelsea
AFC Bournemouth	
–1.5
+1.5
2.10
1.75
2.5
1.75
2.05
1.40
4.70
8.00
1.08
1.20
3.10
2.0
1.0
1.95
3.60
1.85
1.28
 	 0:1(0:0)  
3834	06/12
18:00	 Newcastle United
Liverpool	
+1.0
–1.0
1.87
1.93
3.0
2.15
1.70
5.70
4.25
1.56
2.45
1.22
1.14
1.0
2.0
2.30
2.15
1.60
1.70
 	 2:0(0:0)  
3835	07/12
22:00	 Everton
Crystal Palace	
0
0
1.47
2.70
2.5
1.80
2.05
1.98
3.60
3.70
1.28
1.29
1.82
1.5
1.0
1.93
1.87
1.87
1.93
 	 1:1(0:0)  
3823	12/12
14:45	 Norwich City
Everton	
0
0
2.10
1.72
2.5
1.87
1.93
2.90
3.55
2.35
1.60
1.30
1.42
1.0
1.5
1.70
2.25
2.15
1.65
 	 1:1(0:1)  
3821	12/12
17:00	 Crystal Palace
Southampton	
0
0
1.80
2.00
2.5
2.15
1.70
2.50
3.30
2.85
1.42
1.33
1.53
1.0
1.0
1.72
1.85
2.10
1.95
 	 1:0(1:0)  
3822	12/12
17:00	 Sunderland
Watford	
0
0
1.97
1.83
2.5
2.20
1.67
2.80
3.30
2.55
1.50
1.33
1.44
1.0
1.0
1.85
1.75
1.95
2.10
 	 0:1(0:1)  
3820	12/12
17:00	 West Ham United
Stoke City	
0
0
1.60
2.25
2.5
2.15
1.67
2.25
3.30
3.10
1.35
1.32
1.62
1.0
1.0
1.57
2.00
2.30
1.75
 	 0:0(0:0)  
3824	12/12
17:00	 Manchester City
Swansea City	
–1.5
+1.5
1.77
2.05
3.0
1.80
2.00
1.28
5.50
10.00
1.05
1.14
3.90
2.5
1.0
2.05
3.50
1.75
1.30
 	 2:1(1:0)  
3825	12/12
19:30	 AFC Bournemouth
Manchester United	
+1.0
–1.0
1.45
2.75
2.5
2.15
1.72
4.00
3.50
1.93
1.90
1.32
1.25
1.0
1.5
2.45
2.15
1.55
1.72
 	 2:1(1:1)  
3826	13/12
15:30	 Aston Villa
Arsenal London	
+1.0
–1.0
1.83
1.97
2.5
1.87
1.93
5.50
4.00
1.60
2.40
1.25
1.14
1.0
1.5
2.85
1.72
1.42
2.10
 	 0:2(0:2)  
3827	13/12
18:00	 Liverpool
West Bromwich Albion	
–1.5
+1.5
2.05
1.75
2.5
1.85
1.95
1.37
4.70
9.00
1.06
1.20
3.20
2.0
1.0
2.00
4.30
1.80
1.22
 	 2:2(1:1)  
3828	13/12
18:00	 Tottenham Hotspur
Newcastle United	
–1.5
+1.5
1.83
1.97
3.0
2.00
1.80
1.28
5.50
10.50
1.04
1.14
3.60
2.5
1.0
2.25
3.90
1.65
1.25
 	 1:2(1:0)  
3829	14/12
22:00	 Leicester City
Chelsea	
0
0
2.25
1.65
2.5
1.87
1.93
3.05
3.55
2.25
1.65
1.30
1.38
1.0
1.5
1.75
2.20
2.05
1.67
 	 2:1(1:0)  
9541	19/12
17:00	 Chelsea
Sunderland	
–1.5
+1.5
1.83
2.00
3.0
2.15
1.70
1.28
5.50
11.00
1.04
1.15
3.80
2.0
1.0
1.70
4.70
2.15
1.20
 	 3:1(2:0)  
9542	19/12
17:00	 Everton
Leicester City	
0
0
1.57
2.40
3.0
2.00
1.80
2.07
3.85
3.15
1.36
1.27
1.77
1.5
1.0
1.85
1.57
1.95
2.40
 	 2:3(1:1)  
9543	19/12
17:00	 Manchester United
Norwich City	
–1.5
+1.5
2.15
1.70
2.5
1.77
2.05
1.42
4.70
7.50
1.08
1.20
3.00
2.0
1.0
2.00
3.50
1.83
1.30
 	 1:2(0:1)  
9544	19/12
17:00	 Southampton
Tottenham Hotspur	
0
0
1.97
1.85
2.5
1.97
1.83
2.70
3.45
2.55
1.53
1.32
1.47
1.0
1.0
1.67
1.62
2.20
2.30
 	 0:2(0:2)  
9536	19/12
17:00	 Stoke City
Crystal Palace	
0
0
1.72
2.15
2.0
1.67
2.20
2.40
3.25
3.05
1.38
1.34
1.57
1.0
1.0
1.70
1.95
2.15
1.85
 	 1:2(0:1)  
9537	19/12
17:00	 West Bromwich Albion
AFC Bournemouth	
0
0
1.90
1.90
2.0
1.67
2.20
2.67
3.30
2.67
1.48
1.34
1.48
1.0
1.0
1.83
1.85
1.97
1.95
 	 1:2(0:0)  
9538	19/12
19:30	 Newcastle United
Aston Villa	
–1.0
+1.0
2.75
1.45
2.5
2.05
1.77
1.92
3.50
4.10
1.24
1.31
1.88
1.5
1.0
2.10
2.30
1.75
1.60
 	 1:1(1:0)  
9539	20/12
15:30	 Watford
Liverpool	
+1.0
–1.0
1.44
2.85
2.5
2.05
1.77
4.00
3.50
1.93
1.87
1.30
1.25
1.0
1.5
2.25
2.10
1.65
1.72
 	 3:0(2:0)  
9540	20/12
18:00	 Swansea City
West Ham United	
0
0
1.46
2.70
2.5
2.10
1.72
2.05
3.35
3.75
1.27
1.33
1.77
1.5
1.0
2.20
2.25
1.67
1.65
 	 0:0(0:0)  
9545	21/12
22:00	 Arsenal London
Manchester City	
0
0
1.75
2.10
2.5
1.72
2.10
2.35
3.65
2.80
1.44
1.28
1.60
1.5
1.5
2.10
2.35
1.72
1.60
 	 2:1(2:0)  
9551	26/12
14:45	 Stoke City
Manchester United	
0
0
2.40
1.57
2.0
1.83
2.00
3.40
3.20
2.25
1.67
1.35
1.32
1.0
1.0
2.40
1.70
1.57
2.15
 	 2:0(2:0)  
9552	26/12
17:00	 Chelsea
Watford	
–1.5
+1.5
2.05
1.75
2.5
1.72
2.10
1.37
4.90
8.50
1.07
1.18
3.10
2.0
1.0
1.90
3.50
1.90
1.30
 	 2:2(1:1)  
9553	26/12
17:00	 Liverpool
Leicester City	
–1.0
+1.0
2.05
1.77
2.5
1.72
2.10
1.65
4.00
5.00
1.17
1.24
2.20
1.5
1.0
1.67
2.20
2.20
1.65
 	 1:0(0:0)  
9554	26/12
17:00	 Manchester City
Sunderland	
–2.0
+2.0
1.85
1.95
3.5
2.10
1.75
1.18
7.50
14.00
1.02
1.09
4.90
2.5
1.0
1.80
4.30
2.05
1.23
 	 4:1(3:0)  
9546	26/12
17:00	 Aston Villa
West Ham United	
0
0
2.00
1.80
2.5
2.20
1.67
2.85
3.30
2.50
1.52
1.33
1.42
1.0
1.0
1.87
1.72
1.93
2.10
 	 1:1(0:1)  
9547	26/12
17:00	 AFC Bournemouth
Crystal Palace	
0
0
1.80
2.00
2.5
2.10
1.75
2.55
3.25
2.80
1.44
1.35
1.53
1.0
1.0
1.67
1.77
2.20
2.05
 	 0:0(0:0)  
9548	26/12
17:00	 Swansea City
West Bromwich Albion	
0
0
1.48
2.60
2.0
1.72
2.15
2.07
3.30
3.70
1.27
1.33
1.75
1.5
1.0
2.40
2.40
1.57
1.57
 	 1:0(1:0)  
9549	26/12
17:00	 Tottenham Hotspur
Norwich City	
–1.5
+1.5
2.10
1.72
3.0
2.05
1.75
1.40
4.75
7.50
1.08
1.18
2.90
2.0
1.0
1.85
2.80
1.95
1.42
 	 3:0(2:0)  
9550	26/12
19:30	 Newcastle United
Everton	
0
0
2.25
1.65
2.5
1.75
2.05
3.20
3.50
2.20
1.67
1.30
1.35
1.0
1.5
1.67
2.05
2.20
1.77
 	 0:1(0:0)  
9555	26/12
21:45	 Southampton
Arsenal London	
0
0
2.50
1.53
2.5
1.87
1.93
3.40
3.60
2.10
1.75
1.30
1.33
1.0
1.5
1.87
2.05
1.93
1.75
 	 4:0(1:0)  
6330	28/12
17:00	 Crystal Palace
Swansea City	
–1.0
+1.0
2.80
1.44
2.0
1.67
2.20
1.90
3.45
4.25
1.23
1.31
1.90
1.5
1.0
2.20
2.60
1.65
1.50
 	 0:0(0:0)  
6331	28/12
17:00	 Everton
Stoke City	
–1.0
+1.0
2.50
1.53
2.5
1.90
1.90
1.83
3.70
4.30
1.23
1.28
2.00
1.5
1.0
1.93
2.25
1.87
1.65
 	 3:4(1:2)  
6332	28/12
17:00	 Norwich City
Aston Villa	
–1.0
+1.0
2.70
1.47
2.5
2.10
1.72
1.90
3.60
4.00
1.24
1.29
1.90
1.5
1.0
2.10
2.50
1.72
1.53
 	 2:0(1:0)  
6333	28/12
17:00	 Watford
Tottenham Hotspur	
0
0
2.20
1.67
2.5
2.00
1.83
3.05
3.45
2.30
1.65
1.32
1.40
1.0
1.5
1.83
2.30
1.97
1.62
 	 1:2(1:1)  
6334	28/12
17:00	 West Bromwich Albion
Newcastle United	
0
0
1.53
2.50
2.0
1.67
2.20
2.10
3.35
3.60
1.30
1.33
1.74
1.5
1.0
2.35
2.25
1.57
1.65
 	 1:0(0:0)  
6335	28/12
19:30	 Arsenal London
AFC Bournemouth	
–1.0
+1.0
1.80
2.00
2.5
1.72
2.10
1.50
4.30
6.50
1.12
1.22
2.65
2.0
1.0
2.10
2.80
1.75
1.44
 	 2:0(1:0)  
6336	28/12
19:30	 Manchester United
Chelsea	
0
0
1.75
2.10
2.0
1.70
2.15
2.50
3.15
3.00
1.40
1.36
1.55
1.0
1.0
1.75
2.00
2.10
1.83
 	 0:0(0:0)  
6337	28/12
19:30	 West Ham United
Southampton	
0
0
2.45
1.55
2.0
1.67
2.20
3.45
3.35
2.15
1.70
1.32
1.30
1.0
1.0
2.20
1.60
1.67
2.35
 	 2:1(0:1)  
6338	29/12
21:45	 Leicester City
Manchester City	
+1.0
–1.0
1.60
2.35
3.0
1.90
1.90
4.05
4.00
1.80
2.02
1.25
1.24
1.0
1.5
1.75
1.67
2.10
2.20
 	 0:0(0:0)  
6339	30/12
21:45	 Sunderland
Liverpool	
+1.0
–1.0
1.72
2.10
2.5
1.95
1.85
5.50
3.90
1.65
2.30
1.27
1.16
1.0
1.5
2.80
1.80
1.44
2.00
 	 0:1(0:0)  
7175	02/01
14:45	 West Ham United
Liverpool	
0
0
2.75
1.45
2.5
2.00
1.80
3.80
3.55
1.97
1.85
1.30
1.27
1.0
1.5
2.15
2.10
1.70
1.75
 	 2:0(1:0)  
7176	02/01
17:00	 Arsenal London
Newcastle United	
–1.5
+1.5
1.77
2.05
3.0
1.75
2.10
1.28
5.70
10.50
1.05
1.14
3.70
2.5
1.0
2.05
3.20
1.77
1.35
 	 1:0(0:0)  
7177	02/01
17:00	 Leicester City
AFC Bournemouth	
–1.0
+1.0
2.60
1.50
2.5
1.75
2.10
1.87
3.70
4.00
1.24
1.27
1.93
1.5
1.0
1.85
1.93
1.95
1.87
 	 0:0(0:0)  
7178	02/01
17:00	 Manchester United
Swansea City	
–1.0
+1.0
1.90
1.90
2.5
2.00
1.80
1.55
4.00
6.50
1.12
1.25
2.55
1.5
1.0
1.77
3.50
2.05
1.30
 	 2:1(0:0)  
7179	02/01
17:00	 Norwich City
Southampton	
0
0
2.45
1.55
2.5
2.05
1.77
3.50
3.40
2.12
1.72
1.32
1.30
1.0
1.5
2.05
2.25
1.77
1.65
 	 1:0(0:0)  
7180	02/01
17:00	 Sunderland
Aston Villa	
0
0
1.65
2.25
2.0
1.67
2.20
2.27
3.30
3.25
1.35
1.34
1.65
1.0
1.0
1.65
2.10
2.25
1.75
 	 3:1(1:0)  
7181	02/01
17:00	 West Bromwich Albion
Stoke City	
0
0
1.85
1.95
2.0
1.85
1.95
2.67
3.10
2.80
1.43
1.37
1.47
1.0
1.0
1.95
2.05
1.85
1.77
 	 2:1(0:0)  
7182	02/01
19:30	 Watford
Manchester City	
+1.0
–1.0
1.80
2.05
3.0
2.10
1.72
5.00
4.30
1.62
2.35
1.23
1.17
1.0
2.0
2.20
2.20
1.67
1.67
 	 1:2(0:0)  
7183	03/01
15:30	 Crystal Palace
Chelsea	
0
0
2.60
1.50
2.5
1.97
1.85
3.50
3.55
2.05
1.77
1.30
1.32
1.0
1.5
2.00
2.10
1.80
1.72
 	 0:3(0:1)  
7184	03/01
18:00	 Everton
Tottenham Hotspur	
0
0
1.85
1.95
2.5
1.72
2.10
2.50
3.55
2.70
1.48
1.30
1.53
1.5
1.5
2.20
2.25
1.67
1.62
 	 1:1(1:1)  
1774	12/01
21:45	 Aston Villa
Crystal Palace	
0
0
2.35
1.60
2.0
1.70
2.15
3.35
3.20
2.25
1.64
1.35
1.32
1.0
1.0
2.10
1.62
1.72
2.30
 	 1:0(0:0)  
1775	12/01
21:45	 AFC Bournemouth
West Ham United	
0
0
1.44
2.80
2.5
2.05
1.77
1.97
3.55
3.80
1.27
1.30
1.84
1.5
1.0
2.10
2.20
1.72
1.67
 	 1:3(1:0)  
1776	12/01
21:45	 Newcastle United
Manchester United	
+1.0
–1.0
1.53
2.50
2.5
2.15
1.70
4.70
3.60
1.77
2.05
1.29
1.18
1.0
1.5
2.75
2.05
1.45
1.77
 	 3:3(1:2)  
1778	13/01
21:45	 Chelsea
West Bromwich Albion	
–1.5
+1.5
2.15
1.70
2.5
1.93
1.87
1.40
4.50
8.50
1.07
1.20
3.05
2.0
1.0
2.15
4.30
1.70
1.22
 	 2:2(1:1)  
1779	13/01
21:45	 Manchester City
Everton	
–1.0
+1.0
1.72
2.15
3.0
1.77
2.05
1.48
4.70
6.00
1.13
1.20
2.75
2.0
1.0
1.75
2.20
2.05
1.67
 	 0:0(0:0)  
1780	13/01
21:45	 Southampton
Watford	
–1.0
+1.0
2.80
1.44
2.5
2.10
1.72
1.93
3.50
4.00
1.25
1.32
1.90
1.5
1.0
2.15
2.40
1.72
1.57
 	 2:0(1:0)  
1781	13/01
21:45	 Stoke City
Norwich City	
0
0
1.44
2.80
2.5
2.20
1.67
2.00
3.45
3.90
1.27
1.32
1.83
1.5
1.0
2.20
2.45
1.65
1.57
 	 3:1(0:0)  
1777	13/01
21:45	 Swansea City
Sunderland	
–1.0
+1.0
2.45
1.55
2.5
2.15
1.70
1.77
3.60
4.70
1.20
1.30
2.05
1.5
1.0
2.05
2.85
1.77
1.42
 	 2:4(2:1)  
1782	13/01
22:00	 Liverpool
Arsenal London	
0
0
2.05
1.80
2.5
1.90
1.90
2.80
3.45
2.45
1.57
1.32
1.45
1.0
1.5
1.67
2.35
2.20
1.60
 	 3:3(2:2)  
1783	13/01
22:00	 Tottenham Hotspur
Leicester City	
–1.0
+1.0
2.25
1.65
2.5
1.87
1.93
1.72
3.90
4.70
1.20
1.27
2.15
1.5
1.0
1.83
2.45
2.00
1.57
 	 0:1(0:0)  
1784	16/01
14:45	 Tottenham Hotspur
Sunderland	
–1.5
+1.5
1.90
1.90
3.0
2.15
1.70
1.32
5.00
10.00
1.05
1.16
3.50
2.0
1.0
1.75
4.00
2.05
1.23
 	 4:1(1:1)  
1785	16/01
17:00	 AFC Bournemouth
Norwich City	
–1.0
+1.0
2.50
1.53
2.5
2.00
1.80
1.80
3.60
4.50
1.20
1.29
2.00
1.5
1.0
1.97
2.45
1.83
1.55
 	 3:0(1:0)  
1786	16/01
17:00	 Chelsea
Everton	
–1.0
+1.0
2.15
1.70
2.5
1.80
2.00
1.68
3.80
5.00
1.15
1.26
2.15
1.5
1.0
1.75
2.35
2.05
1.57
 	 3:3(0:0)  
1787	16/01
17:00	 Manchester City
Crystal Palace	
–1.5
+1.5
1.93
1.87
3.0
1.97
1.83
1.35
5.00
9.00
1.07
1.16
3.40
2.0
1.0
1.70
3.35
2.15
1.33
 	 4:0(2:0)  
1788	16/01
17:00	 Newcastle United
West Ham United	
0
0
1.80
2.00
2.5
1.93
1.87
2.50
3.35
2.80
1.44
1.33
1.53
1.5
1.0
2.35
1.65
1.60
2.25
 	 2:1(2:0)  
1789	16/01
17:00	 Southampton
West Bromwich Albion	
–1.0
+1.0
2.15
1.70
2.5
2.15
1.70
1.66
3.70
5.50
1.15
1.28
2.20
1.5
1.0
1.93
3.25
1.87
1.35
 	 3:0(2:0)  
1790	16/01
19:30	 Aston Villa
Leicester City	
0
0
2.50
1.53
2.5
2.10
1.75
3.45
3.45
2.10
1.75
1.32
1.32
1.0
1.5
2.10
2.25
1.75
1.65
 	 1:1(0:1)  
1791	17/01
16:05	 Liverpool
Manchester United	
0
0
1.75
2.10
2.5
2.15
1.70
2.45
3.35
2.90
1.42
1.33
1.57
1.0
1.0
1.67
1.90
2.20
1.90
 	 0:1(0:0)  
1792	17/01
18:15	 Stoke City
Arsenal London	
+1.0
–1.0
1.50
2.55
2.5
2.10
1.75
4.30
3.60
1.85
2.00
1.30
1.22
1.0
1.5
2.50
2.05
1.53
1.77
 	 0:0(0:0)  
1793	18/01
22:00	 Swansea City
Watford	
0
0
1.67
2.20
2.0
1.80
2.05
2.35
3.20
3.15
1.37
1.35
1.60
1.0
1.0
1.75
2.20
2.05
1.67
 	 1:0(1:0)  
1022	23/01
14:45	 Norwich City
Liverpool	
+1.0
–1.0
1.45
2.75
2.5
2.10
1.75
4.00
3.55
1.93
1.90
1.30
1.25
1.0
1.5
2.35
2.10
1.60
1.72
 	 4:5(2:1)  
1023	23/01
17:00	 Crystal Palace
Tottenham Hotspur	
0
0
2.65
1.48
2.5
2.15
1.70
3.70
3.40
2.05
1.77
1.32
1.28
1.0
1.5
2.20
2.25
1.67
1.65
 	 1:3(1:0)  
1024	23/01
17:00	 Leicester City
Stoke City	
–1.0
+1.0
2.65
1.48
2.5
2.05
1.77
1.85
3.60
4.30
1.22
1.29
1.95
1.5
1.0
2.00
2.40
1.80
1.57
 	 3:0(1:0)  
1025	23/01
17:00	 Manchester United
Southampton	
0
0
1.46
2.70
2.0
1.67
2.20
2.05
3.40
3.70
1.28
1.33
1.80
1.5
1.0
2.30
2.40
1.62
1.57
 	 0:1(0:0)  
1026	23/01
17:00	 Sunderland
AFC Bournemouth	
0
0
1.90
1.90
2.5
2.05
1.77
2.65
3.40
2.65
1.48
1.32
1.48
1.0
1.0
1.67
1.67
2.20
2.20
 	 1:1(1:1)  
1027	23/01
17:00	 Watford
Newcastle United	
0
0
1.44
2.85
2.5
2.00
1.80
1.95
3.60
3.80
1.26
1.29
1.85
1.5
1.0
2.05
2.15
1.75
1.70
 	 2:1(0:0)  
1028	23/01
17:00	 West Bromwich Albion
Aston Villa	
0
0
1.55
2.45
2.0
1.87
1.93
2.25
3.10
3.50
1.30
1.37
1.64
1.0
1.0
1.72
2.45
2.10
1.57
 	 0:0(0:0)  
1029	23/01
19:30	 West Ham United
Manchester City	
+1.0
–1.0
1.72
2.15
2.5
1.72
2.10
4.80
4.00
1.67
2.25
1.25
1.20
1.0
1.5
2.20
1.70
1.67
2.15
 	 2:2(1:1)  
1030	24/01
15:30	 Everton
Swansea City	
–1.0
+1.0
2.10
1.72
2.5
1.93
1.87
1.65
3.90
5.00
1.16
1.27
2.30
1.5
1.0
1.80
2.75
2.00
1.46
 	 1:2(1:2)  
1031	24/01
18:00	 Arsenal London
Chelsea	
0
0
1.48
2.65
2.5
1.90
1.90
2.05
3.55
3.55
1.30
1.30
1.80
1.5
1.0
2.05
1.97
1.77
1.83
 	 0:1(0:1)  
1032	02/02
21:45	 Arsenal London
Southampton	
–1.0
+1.0
2.10
1.75
2.5
1.95
1.85
1.62
3.90
5.50
1.14
1.25
2.25
1.5
1.0
1.80
2.80
2.05
1.44
 	 0:0(0:0)  
1033	02/02
21:45	 Leicester City
Liverpool	
0
0
1.90
1.90
2.5
2.10
1.72
2.70
3.25
2.70
1.48
1.35
1.48
1.0
1.0
1.75
1.75
2.10
2.10
 	 2:0(0:0)  
1034	02/02
21:45	 Sunderland
Manchester City	
+1.0
–1.0
2.15
1.70
3.0
2.15
1.70
7.25
4.60
1.43
2.80
1.19
1.09
1.0
2.0
2.85
1.95
1.42
1.85
 	 0:1(0:1)  
1893	02/02
21:45	 Norwich City
Tottenham Hotspur	
+1.0
–1.0
1.42
2.85
2.5
2.00
1.80
4.10
3.50
1.91
1.89
1.30
1.24
1.0
1.5
2.20
2.05
1.67
1.77
 	 0:3(0:2)  
1894	02/02
21:45	 West Ham United
Aston Villa	
–1.0
+1.0
2.70
1.46
2.5
2.20
1.67
1.85
3.45
4.50
1.20
1.31
1.95
1.5
1.0
2.15
2.65
1.72
1.48
 	 2:0(0:0)  
1895	02/02
22:00	 Crystal Palace
AFC Bournemouth	
0
0
1.50
2.55
2.5
2.15
1.70
2.12
3.30
3.60
1.30
1.33
1.72
1.5
1.0
2.30
2.15
1.62
1.70
 	 1:2(1:1)  
1896	02/02
22:00	 West Bromwich Albion
Swansea City	
0
0
1.65
2.25
2.0
1.80
2.00
2.35
3.15
3.20
1.35
1.35
1.60
1.0
1.0
1.75
2.15
2.10
1.70
 	 1:1(0:0)  
1037	02/02
22:00	 Manchester United
Stoke City	
–1.0
+1.0
2.30
1.62
2.0
1.67
2.20
1.70
3.60
5.50
1.16
1.30
2.20
1.5
1.0
2.00
3.30
1.80
1.33
 	 3:0(2:0)  
1035	03/02
21:45	 Everton
Newcastle United	
–1.0
+1.0
2.00
1.80
3.0
2.15
1.70
1.61
4.00
5.50
1.15
1.25
2.30
2.0
1.0
2.20
2.30
1.67
1.62
 	 3:0(1:0)  
1036	03/02
21:45	 Watford
Chelsea	
+1.0
–1.0
1.47
2.70
2.5
2.15
1.70
4.30
3.40
1.90
1.93
1.32
1.23
1.0
1.5
2.55
2.10
1.50
1.72
 	 0:0(0:0)  
6598	06/02
14:45	 Manchester City
Leicester City	
–1.0
+1.0
2.04
1.77
3.0
2.04
1.77
1.62
4.15
5.00
1.16
1.23
2.30
2.0
1.0
2.15
2.35
1.70
1.60
 	 1:3(0:1)  
6602	06/02
17:00	 Aston Villa
Norwich City	
0
0
1.72
2.10
2.0
1.75
2.05
2.45
3.20
3.05
1.40
1.36
1.55
1.0
1.0
1.75
2.05
2.05
1.77
 	 2:0(1:0)  
6599	06/02
17:00	 Liverpool
Sunderland	
–1.0
+1.0
1.70
2.15
2.5
1.75
2.05
1.45
4.50
7.00
1.10
1.20
2.85
2.0
1.0
2.05
3.20
1.80
1.35
 	 2:2(0:0)  
6603	06/02
17:00	 Newcastle United
West Bromwich Albion	
0
0
1.57
2.40
2.0
1.70
2.15
2.20
3.30
3.40
1.32
1.34
1.67
1.0
1.0
1.60
2.15
2.35
1.70
 	 1:0(1:0)  
6608	06/02
17:00	 Stoke City
Everton	
0
0
2.00
1.80
2.5
2.00
1.80
2.80
3.35
2.52
1.53
1.33
1.45
1.0
1.0
1.72
1.60
2.15
2.35
 	 0:3(0:3)  
6609	06/02
17:00	 Swansea City
Crystal Palace	
0
0
1.62
2.30
2.0
1.80
2.00
2.30
3.15
3.35
1.33
1.36
1.62
1.0
1.0
1.72
2.20
2.15
1.67
 	 1:1(1:0)  
6610	06/02
17:00	 Tottenham Hotspur
Watford	
–1.0
+1.0
1.80
2.00
2.5
1.85
1.95
1.47
4.30
7.25
1.10
1.22
2.70
2.0
1.0
2.20
3.10
1.67
1.37
 	 1:0(0:0)  
6611	06/02
19:30	 Southampton
West Ham United	
–1.0
+1.0
2.25
1.65
2.5
1.97
1.83
1.69
3.80
5.10
1.17
1.27
2.20
1.5
1.0
1.85
2.65
1.95
1.48
 	 1:0(1:0)  
6600	07/02
15:30	 AFC Bournemouth
Arsenal London	
+1.0
–1.0
1.50
2.60
2.5
1.93
1.87
4.00
3.70
1.87
1.93
1.28
1.25
1.0
1.5
2.20
1.97
1.67
1.83
 	 0:2(0:2)  
6601	07/02
18:00	 Chelsea
Manchester United	
0
0
1.50
2.60
2.0
1.67
2.20
2.10
3.35
3.60
1.30
1.33
1.75
1.5
1.0
2.35
2.35
1.60
1.60
 	 1:1(0:0)  
7376	13/02
14:45	 Sunderland
Manchester United	
+1.0
–1.0
1.60
2.35
2.5
2.10
1.72
4.80
3.70
1.75
2.15
1.30
1.18
1.0
1.5
2.85
1.97
1.42
1.83
 	 2:1(1:1)  
7385	13/02
17:00	 AFC Bournemouth
Stoke City	
0
0
1.46
2.70
2.5
2.20
1.67
2.05
3.30
3.80
1.26
1.33
1.77
1.5
1.0
2.30
2.30
1.62
1.62
 	 1:3(0:1)  
7386	13/02
17:00	 Crystal Palace
Watford	
0
0
1.60
2.35
2.0
1.70
2.15
2.25
3.25
3.30
1.33
1.34
1.64
1.0
1.0
1.62
2.10
2.30
1.72
 	 1:2(1:1)  
7387	13/02
17:00	 Everton
West Bromwich Albion	
–1.0
+1.0
2.15
1.72
2.5
1.90
1.90
1.62
3.95
5.50
1.15
1.25
2.30
1.5
1.0
1.77
2.60
2.05
1.50
 	 0:1(0:1)  
7388	13/02
17:00	 Norwich City
West Ham United	
0
0
1.75
2.05
2.5
2.05
1.77
2.47
3.30
2.90
1.40
1.33
1.54
1.0
1.0
1.60
1.77
2.35
2.05
 	 2:2(0:0)  
7389	13/02
17:00	 Swansea City
Southampton	
0
0
2.15
1.72
2.0
1.75
2.10
3.05
3.20
2.45
1.57
1.36
1.40
1.0
1.0
2.05
1.75
1.77
2.10
 	 0:1(0:0)  
7378	13/02
19:30	 Chelsea
Newcastle United	
–1.0
+1.0
1.75
2.10
3.0
2.15
1.70
1.45
4.50
7.00
1.10
1.20
2.80
2.0
1.0
2.00
2.80
1.80
1.44
 	 5:1(3:0)  
7377	14/02
14:00	 Arsenal London
Leicester City	
–1.0
+1.0
2.30
1.62
2.5
1.80
2.00
1.75
3.90
4.50
1.22
1.27
2.10
1.5
1.0
1.80
2.20
2.05
1.67
 	 2:1(0:1)  
7379	14/02
16:05	 Aston Villa
Liverpool	
+1.0
–1.0
1.53
2.55
2.5
2.10
1.72
4.50
3.60
1.83
2.00
1.30
1.22
1.0
1.5
2.60
2.05
1.50
1.77
 	 0:6(0:2)  
7380	14/02
18:15	 Manchester City
Tottenham Hotspur	
–1.0
+1.0
2.40
1.57
3.0
2.00
1.80
1.83
4.00
3.90
1.27
1.25
2.00
1.5
1.0
1.72
1.80
2.15
2.00
 	 1:2(0:0)  
721	27/02
14:45	 West Ham United
Sunderland	
–1.0
+1.0
2.55
1.53
2.5
1.90
1.90
1.82
3.70
4.30
1.22
1.28
2.00
1.5
1.0
1.90
2.20
1.90
1.67
 	 1:0(1:0)  
722	27/02
17:00	 Leicester City
Norwich City	
–1.0
+1.0
1.97
1.83
2.5
1.75
2.05
1.56
4.10
6.00
1.13
1.24
2.40
2.0
1.0
2.25
2.50
1.65
1.53
 	 1:0(0:0)  
718	27/02
17:00	 Southampton
Chelsea	
0
0
2.10
1.72
2.5
2.15
1.70
2.95
3.35
2.40
1.57
1.33
1.42
1.0
1.0
1.90
1.67
1.90
2.20
 	 1:2(1:0)  
723	27/02
17:00	 Stoke City
Aston Villa	
–1.0
+1.0
2.85
1.42
2.0
1.70
2.15
1.90
3.35
4.40
1.21
1.33
1.90
1.5
1.0
2.20
2.60
1.67
1.50
 	 2:1(0:0)  
729	27/02
17:00	 Watford
AFC Bournemouth	
0
0
1.83
1.97
2.5
2.10
1.72
2.60
3.30
2.75
1.45
1.34
1.50
1.0
1.0
1.70
1.77
2.15
2.05
 	 0:0(0:0)  
730	27/02
19:30	 West Bromwich Albion
Crystal Palace	
0
0
1.95
1.85
2.0
1.80
2.00
2.85
3.10
2.65
1.48
1.37
1.44
1.0
1.0
1.97
1.87
1.83
1.93
 	 3:2(3:0)  
719	28/02
16:05	 Manchester United
Arsenal London	
0
0
2.30
1.62
2.5
2.15
1.70
3.20
3.35
2.25
1.65
1.33
1.35
1.0
1.0
2.05
1.60
1.77
2.35
 	 3:2(2:1)  
720	28/02
16:05	 Tottenham Hotspur
Swansea City	
–1.0
+1.0
1.72
2.10
2.5
1.93
1.87
1.45
4.30
7.50
1.10
1.22
2.80
1.5
1.0
1.65
3.80
2.25
1.27
 	 2:1(0:1)  
731	01/03
21:45	 Aston Villa
Everton	
+1.0
–1.0
1.53
2.55
2.5
2.00
1.80
4.50
3.60
1.80
2.00
1.28
1.20
1.0
1.5
2.45
1.95
1.57
1.85
 	 1:3(0:2)  
714	01/03
21:45	 AFC Bournemouth
Southampton	
0
0
2.15
1.70
2.5
2.10
1.72
3.00
3.30
2.40
1.57
1.33
1.40
1.0
1.0
1.87
1.62
1.93
2.30
 	 2:0(1:0)  
715	01/03
21:45	 Leicester City
West Bromwich Albion	
–1.0
+1.0
2.10
1.72
2.5
2.05
1.77
1.58
3.90
6.10
1.14
1.27
2.35
1.5
1.0
1.83
3.05
1.97
1.38
 	 2:2(2:1)  
716	01/03
21:45	 Norwich City
Chelsea	
+1.0
–1.0
1.80
2.00
2.5
1.80
2.00
5.70
4.10
1.58
2.40
1.24
1.14
1.0
1.5
2.60
1.67
1.50
2.20
 	 1:2(0:2)  
717	01/03
21:45	 Sunderland
Crystal Palace	
0
0
1.77
2.05
2.5
2.15
1.70
2.50
3.25
2.90
1.40
1.34
1.52
1.0
1.0
1.67
1.85
2.20
1.95
 	 2:2(1:0)  
724	02/03
21:45	 Arsenal London
Swansea City	
–1.5
+1.5
2.05
1.77
2.5
1.80
2.00
1.35
4.80
9.50
1.05
1.18
3.20
2.0
1.0
1.93
4.00
1.87
1.23
 	 1:2(1:1)  
725	02/03
21:45	 Stoke City
Newcastle United	
–1.0
+1.0
2.85
1.42
2.5
2.10
1.72
1.90
3.50
4.00
1.25
1.32
1.90
1.5
1.0
2.10
2.35
1.72
1.60
 	 1:0(0:0)  
726	02/03
21:45	 West Ham United
Tottenham Hotspur	
+1.0
–1.0
1.46
2.70
2.5
1.90
1.90
3.80
3.65
1.93
1.90
1.30
1.27
1.0
1.5
2.10
1.97
1.75
1.83
 	 1:0(1:0)  
727	02/03
22:00	 Liverpool
Manchester City	
0
0
1.90
1.90
2.5
1.87
1.93
2.60
3.50
2.60
1.50
1.30
1.50
1.0
1.0
1.60
1.60
2.35
2.35
 	 3:0(2:0)  
728	02/03
22:00	 Manchester United
Watford	
–1.0
+1.0
2.20
1.67
2.5
2.10
1.72
1.66
3.70
5.50
1.15
1.28
2.20
1.5
1.0
1.90
3.10
1.90
1.37
 	 1:0(0:0)  
5203	05/03
14:45	 Tottenham Hotspur
Arsenal London	
0
0
1.67
2.20
2.5
1.80
2.00
2.25
3.55
3.00
1.40
1.30
1.65
1.5
1.0
2.10
1.67
1.72
2.20
 	 2:2(0:1)  
5204	05/03
17:00	 Chelsea
Stoke City	
–1.0
+1.0
1.87
1.93
2.5
1.90
1.90
1.53
4.00
6.50
1.12
1.23
2.55
1.5
1.0
1.70
3.20
2.15
1.35
 	 1:1(1:0)  
5205	05/03
17:00	 Manchester City
Aston Villa	
–2.0
+2.0
1.88
1.92
3.0
1.80
2.00
1.18
7.00
15.00
1.01
1.11
5.00
2.5
1.0
1.90
5.00
1.90
1.18
 	 4:0(0:0)  
5199	05/03
17:00	 Everton
West Ham United	
–1.0
+1.0
2.05
1.77
2.5
1.80
2.00
1.62
4.10
5.25
1.16
1.24
2.30
1.5
1.0
1.70
2.50
2.20
1.53
 	 2:3(1:0)  
5200	05/03
17:00	 Newcastle United
AFC Bournemouth	
0
0
1.80
2.00
2.5
2.10
1.72
2.52
3.30
2.85
1.42
1.34
1.52
1.0
1.0
1.67
1.80
2.20
2.00
 	 1:3(0:1)  
5201	05/03
17:00	 Southampton
Sunderland	
–1.0
+1.0
2.05
1.75
2.5
1.97
1.83
1.60
3.90
5.90
1.13
1.26
2.35
1.5
1.0
1.80
2.95
2.05
1.40
 	 1:1(0:0)  
5202	05/03
17:00	 Swansea City
Norwich City	
0
0
1.50
2.60
2.5
2.15
1.70
2.10
3.25
3.75
1.28
1.35
1.75
1.5
1.0
2.30
2.15
1.62
1.70
 	 1:0(0:0)  
5206	05/03
19:30	 Watford
Leicester City	
0
0
2.00
1.80
2.5
2.20
1.67
2.80
3.30
2.55
1.53
1.35
1.44
1.0
1.0
1.87
1.75
1.93
2.10
 	 0:1(0:0)  
5207	06/03
15:30	 Crystal Palace
Liverpool	
0
0
2.55
1.53
2.5
2.00
1.80
3.50
3.50
2.10
1.77
1.32
1.32
1.0
1.5
2.05
2.20
1.77
1.67
 	 1:2(0:0)  
5208	06/03
18:00	 West Bromwich Albion
Manchester United	
+1.0
–1.0
1.42
2.85
2.5
2.20
1.67
4.00
3.45
1.95
1.87
1.32
1.25
1.0
1.5
2.50
2.20
1.53
1.67
 	 1:0(0:0)  
4026	12/03
14:45	 Norwich City
Manchester City	
+1.0
–1.0
1.90
1.90
2.5
1.80
2.00
6.00
4.20
1.55
2.50
1.23
1.13
1.0
1.5
2.80
1.65
1.44
2.25
 	 0:0(0:0)  
4023	12/03
17:00	 AFC Bournemouth
Swansea City	
–1.0
+1.0
2.85
1.42
2.5
2.15
1.70
1.94
3.45
4.05
1.24
1.31
1.86
1.5
1.0
2.15
2.45
1.70
1.57
 	 3:2(1:1)  
4024	12/03
17:00	 Stoke City
Southampton	
0
0
1.85
1.95
2.0
1.85
1.95
2.65
3.15
2.80
1.44
1.36
1.48
1.0
1.0
1.93
2.00
1.87
1.80
 	 1:2(0:2)  
4022	13/03
18:00	 Aston Villa
Tottenham Hotspur	
+1.0
–1.0
2.15
1.70
2.5
1.90
1.90
7.70
4.50
1.43
2.80
1.21
1.09
1.0
2.0
3.70
2.20
1.28
1.67
 	 0:2(0:1)  
4025	14/03
22:00	 Leicester City
Newcastle United	
–1.0
+1.0
1.97
1.83
2.5
1.75
2.10
1.57
4.30
5.50
1.15
1.22
2.40
2.0
1.0
2.25
2.45
1.65
1.55
 	 1:0(1:0)  
4016	19/03
14:45	 Everton
Arsenal London	
0
0
1.93
1.87
3.0
2.10
1.75
2.60
3.70
2.50
1.55
1.28
1.53
1.5
1.5
2.15
2.10
1.70
1.72
 	 0:2(0:2)  
4017	19/03
17:00	 Chelsea
West Ham United	
–1.0
+1.0
2.10
1.75
2.5
1.80
2.00
1.62
4.00
5.40
1.15
1.25
2.30
1.5
1.0
1.70
2.45
2.15
1.57
 	 2:2(1:1)  
4018	19/03
17:00	 Crystal Palace
Leicester City	
0
0
2.10
1.72
2.5
2.10
1.72
2.95
3.40
2.40
1.60
1.32
1.42
1.0
1.0
1.87
1.62
1.93
2.30
 	 0:1(0:1)  
4013	19/03
17:00	 Watford
Stoke City	
0
0
1.57
2.40
2.5
2.20
1.67
2.22
3.30
3.35
1.33
1.34
1.66
1.0
1.0
1.60
2.10
2.35
1.72
 	 1:2(0:1)  
4014	19/03
17:00	 West Bromwich Albion
Norwich City	
0
0
1.50
2.60
2.5
2.20
1.67
2.10
3.35
3.60
1.30
1.33
1.75
1.5
1.0
2.30
2.20
1.62
1.67
 	 0:1(0:0)  
4015	19/03
19:30	 Swansea City
Aston Villa	
–1.0
+1.0
2.20
1.67
2.5
2.05
1.77
1.64
3.80
5.50
1.15
1.26
2.25
1.5
1.0
1.87
2.95
1.93
1.40
 	 1:0(0:0)  
4020	20/03
15:30	 Newcastle United
Sunderland	
0
0
1.50
2.60
2.5
2.20
1.67
2.10
3.40
3.55
1.30
1.32
1.75
1.5
1.0
2.30
2.25
1.62
1.65
 	 1:1(0:1)  
4019	20/03
15:30	 Southampton
Liverpool	
0
0
1.87
1.93
2.5
2.15
1.70
2.60
3.35
2.70
1.47
1.33
1.50
1.0
1.0
1.75
1.80
2.10
2.00
 	 3:2(0:2)  
4012	20/03
18:00	 Tottenham Hotspur
AFC Bournemouth	
–1.0
+1.0
1.90
1.90
2.5
1.80
2.00
1.53
4.20
6.20
1.12
1.23
2.50
1.5
1.0
1.65
2.75
2.25
1.45
 	 3:0(2:0)  
4021	20/03
18:00	 Manchester City
Manchester United	
–1.0
+1.0
2.45
1.57
2.5
1.90
1.90
1.80
3.80
4.30
1.22
1.27
2.05
1.5
1.0
1.90
2.30
1.90
1.62
 	 0:1(0:1)  
2669	02/04
14:45	 Aston Villa
Chelsea	
+1.0
–1.0
1.60
2.35
2.5
2.05
1.77
4.80
3.70
1.75
2.15
1.28
1.20
1.0
1.5
2.75
1.95
1.46
1.87
 	 0:4(0:2)  
2670	02/04
17:00	 Arsenal London
Watford	
–1.5
+1.5
2.00
1.83
2.5
1.70
2.15
1.35
5.00
9.00
1.05
1.17
3.25
2.0
1.0
1.83
3.70
1.97
1.28
 	 4:0(2:0)  
2671	02/04
17:00	 AFC Bournemouth
Manchester City	
0
0
2.65
1.48
2.5
1.83
2.00
3.55
3.70
2.00
1.83
1.28
1.30
1.0
1.5
1.90
1.97
1.90
1.83
 	 0:4(0:3)  
2675	02/04
17:00	 Norwich City
Newcastle United	
0
0
1.62
2.30
2.5
2.10
1.72
2.25
3.35
3.25
1.35
1.33
1.65
1.5
1.0
2.35
1.95
1.57
1.85
 	 3:2(1:0)  
2676	02/04
17:00	 Stoke City
Swansea City	
0
0
1.47
2.70
2.0
1.72
2.15
2.05
3.30
3.80
1.26
1.33
1.77
1.5
1.0
2.35
2.35
1.60
1.60
 	 2:2(1:0)  
2677	02/04
17:00	 Sunderland
West Bromwich Albion	
–1.0
+1.0
3.00
1.40
2.0
1.72
2.15
1.95
3.40
4.10
1.24
1.32
1.85
1.5
1.0
2.25
2.55
1.65
1.50
 	 0:0(0:0)  
2678	02/04
17:00	 West Ham United
Crystal Palace	
–1.0
+1.0
2.70
1.47
2.5
1.97
1.83
1.85
3.60
4.30
1.22
1.29
1.95
1.5
1.0
2.00
2.25
1.83
1.65
 	 2:2(2:1)  
2672	02/04
19:30	 Liverpool
Tottenham Hotspur	
0
0
1.60
2.55
2.5
1.99
1.93
2.20
3.55
3.50
1.37
1.36
1.76
1.5
1.0
2.21
1.96
1.75
1.94
 	 1:1(0:0)  
2673	03/04
15:30	 Leicester City
Southampton	
0
0
1.55
2.45
2.5
2.20
1.67
2.18
3.35
3.40
1.31
1.33
1.70
1.5
1.0
2.40
2.15
1.57
1.70
 	 1:0(1:0)  
2674	03/04
18:00	 Manchester United
Everton	
0
0
1.47
2.70
2.5
2.00
1.80
2.00
3.55
3.70
1.30
1.30
1.83
1.5
1.0
2.10
2.10
1.72
1.72
 	 1:0(0:0)  
2679	09/04
14:45	 West Ham United
Arsenal London	
+1.0
–1.0
1.53
2.50
2.5
1.75
2.05
4.00
3.80
1.85
2.00
1.27
1.25
1.0
1.5
2.00
1.83
1.80
2.00
 	 3:3(2:2)  
2680	09/04
17:00	 Swansea City
Chelsea	
0
0
2.80
1.44
2.5
2.15
1.72
3.80
3.45
1.97
1.83
1.32
1.27
1.0
1.5
2.35
2.20
1.60
1.67
 	 1:0(1:0)  
2685	09/04
17:00	 Aston Villa
AFC Bournemouth	
0
0
2.60
1.50
2.5
2.10
1.75
3.55
3.40
2.10
1.74
1.32
1.30
1.0
1.5
2.10
2.20
1.75
1.67
 	 1:2(0:1)  
2686	09/04
17:00	 Crystal Palace
Norwich City	
0
0
1.42
2.90
2.5
2.15
1.70
1.95
3.45
4.00
1.25
1.31
1.85
1.5
1.0
2.15
2.35
1.70
1.60
 	 1:0(0:0)  
2687	09/04
17:00	 Southampton
Newcastle United	
–1.0
+1.0
1.87
1.93
2.5
2.00
1.80
1.51
4.00
7.00
1.10
1.24
2.55
1.5
1.0
1.75
3.55
2.10
1.30
 	 3:1(2:0)  
2688	09/04
17:00	 Watford
Everton	
0
0
2.45
1.55
2.5
2.10
1.75
3.40
3.40
2.15
1.70
1.32
1.32
1.0
1.5
2.00
2.25
1.80
1.62
 	 1:1(1:1)  
2681	09/04
19:30	 Manchester City
West Bromwich Albion	
–1.5
+1.5
2.05
1.77
2.5
1.77
2.05
1.36
4.80
9.00
1.06
1.18
3.15
2.0
1.0
1.90
3.80
1.90
1.27
 	 2:1(1:1)  
2682	10/04
15:30	 Sunderland
Leicester City	
0
0
2.65
1.48
2.5
2.05
1.77
3.60
3.50
2.05
1.80
1.32
1.30
1.0
1.5
2.15
2.15
1.70
1.70
 	 0:2(0:0)  
2683	10/04
18:00	 Liverpool
Stoke City	
–1.0
+1.0
1.90
1.90
2.5
1.93
1.87
1.55
4.00
6.00
1.12
1.25
2.50
1.5
1.0
1.72
3.20
2.10
1.35
 	 4:1(2:1)  
2684	10/04
18:30	 Tottenham Hotspur
Manchester United	
–1.0
+1.0
2.90
1.42
2.5
2.05
1.77
1.93
3.50
4.00
1.24
1.30
1.87
1.5
1.0
2.05
2.20
1.75
1.67
 	 3:0(0:0)  
206	16/04
14:45	 Norwich City
Sunderland	
0
0
1.65
2.25
2.5
2.15
1.70
2.32
3.30
3.20
1.36
1.35
1.62
1.0
1.0
1.60
1.97
2.35
1.83
 	 0:3(0:1)  
202	16/04
17:00	 Manchester United
Aston Villa	
–1.5
+1.5
1.80
2.05
2.5
1.83
1.97
1.25
5.80
13.00
1.02
1.13
4.30
2.0
1.0
1.80
6.50
2.05
1.11
 	 1:0(1:0)  
207	16/04
17:00	 Everton
Southampton	
0
0
2.05
1.75
2.5
1.97
1.83
2.90
3.35
2.45
1.55
1.33
1.42
1.0
1.5
1.72
2.35
2.10
1.57
 	 1:1(0:0)  
208	16/04
17:00	 Newcastle United
Swansea City	
0
0
1.72
2.15
2.5
1.97
1.83
2.40
3.40
2.95
1.41
1.32
1.58
1.5
1.0
2.35
1.75
1.60
2.10
 	 3:0(1:0)  
209	16/04
17:00	 West Bromwich Albion
Watford	
0
0
1.57
2.40
2.0
1.80
2.00
2.30
3.15
3.40
1.33
1.37
1.64
1.0
1.0
1.67
2.25
2.20
1.65
 	 0:1(0:1)  
203	16/04
19:30	 Chelsea
Manchester City	
0
0
1.99
1.93
2.5
1.83
2.12
2.70
3.60
2.65
1.56
1.35
1.54
1.5
1.5
2.33
2.30
1.68
1.70
 	 0:3(0:1)  
201	17/04
15:30	 AFC Bournemouth
Liverpool	
0
0
2.20
1.67
2.5
1.93
1.87
3.00
3.50
2.30
1.62
1.32
1.40
1.0
1.5
1.75
2.25
2.10
1.65
 	 1:2(0:2)  
204	17/04
15:30	 Leicester City
West Ham United	
–1.0
+1.0
2.75
1.45
2.5
1.95
1.85
1.92
3.60
3.95
1.26
1.29
1.88
1.5
1.0
2.00
2.15
1.80
1.72
 	 2:2(1:0)  
205	17/04
18:00	 Arsenal London
Crystal Palace	
–1.5
+1.5
1.93
1.87
3.0
1.97
1.83
1.32
5.45
9.00
1.06
1.15
3.55
2.0
1.0
1.70
3.35
2.15
1.33
 	 1:1(1:0)  
210	18/04
22:00	 Stoke City
Tottenham Hotspur	
+1.0
–1.0
1.55
2.45
2.5
1.93
1.87
4.70
3.70
1.77
2.07
1.30
1.20
1.0
1.5
2.35
1.90
1.60
1.90
 	 0:4(0:1)  
214	19/04
21:45	 Newcastle United
Manchester City	
+1.0
–1.0
1.83
1.97
3.0
2.15
1.70
5.75
4.20
1.56
2.45
1.23
1.14
1.0
2.0
2.35
2.15
1.60
1.70
 	 1:1(1:1)  
211	20/04
21:45	 West Ham United
Watford	
–1.0
+1.0
2.25
1.65
2.5
1.90
1.90
1.65
3.80
5.50
1.15
1.27
2.25
1.5
1.0
1.80
2.50
2.00
1.53
 	 3:1(2:0)  
212	20/04
22:00	 Liverpool
Everton	
–1.0
+1.0
2.05
1.77
2.5
1.77
2.05
1.60
4.00
5.50
1.15
1.25
2.40
1.5
1.0
1.67
2.45
2.20
1.57
 	 4:0(2:0)  
213	20/04
22:00	 Manchester United
Crystal Palace	
–1.0
+1.0
1.93
1.87
2.5
1.90
1.90
1.55
4.30
6.00
1.13
1.22
2.55
1.5
1.0
1.72
3.05
2.15
1.38
 	 2:0(1:0)  
215	21/04
21:45	 Arsenal London
West Bromwich Albion	
–1.5
+1.5
1.72
2.10
3.0
1.95
1.85
1.24
6.00
13.00
1.03
1.13
4.10
2.5
1.0
2.10
4.30
1.72
1.22
 	 2:0(2:0)  
217	23/04
17:00	 Liverpool
Newcastle United	
–1.5
+1.5
2.20
1.67
3.0
2.05
1.77
1.42
4.60
7.50
1.09
1.19
2.85
2.0
1.0
1.87
2.70
1.93
1.46
 	 2:2(2:0)  
221	23/04
17:00	 Aston Villa
Southampton	
+1.0
–1.0
1.70
2.15
2.5
2.15
1.70
5.75
3.80
1.62
2.30
1.26
1.14
1.0
1.5
3.20
1.90
1.35
1.90
 	 2:4(1:2)  
218	23/04
14:45	 Manchester City
Stoke City	
–1.5
+1.5
2.05
1.77
2.5
1.70
2.15
1.36
5.00
8.00
1.07
1.17
3.25
2.0
1.0
1.85
3.50
1.95
1.30
 	 4:0(2:0)  
219	24/04
16:05	 Sunderland
Arsenal London	
+1.0
–1.0
1.65
2.25
2.5
1.80
2.00
5.00
3.80
1.70
2.15
1.27
1.17
1.0
1.5
2.25
1.75
1.65
2.05
 	 0:0(0:0)  
220	24/04
18:15	 Leicester City
Swansea City	
–1.0
+1.0
2.10
1.75
2.5
2.00
1.80
1.60
3.80
6.00
1.13
1.26
2.30
1.5
1.0
1.80
3.00
2.00
1.38
 	 4:0(2:0)  
222	25/04
22:00	 Tottenham Hotspur
West Bromwich Albion	
–1.5
+1.5
1.80
2.00
2.5
1.72
2.10
1.27
5.50
11.50
1.03
1.14
3.70
2.0
1.0
1.70
4.80
2.15
1.18
 	 1:1(1:0)  
6971	10/05
22:30	 West Ham United
Manchester United	
0
0
2.25
1.65
2.5
1.83
1.97
3.05
3.70
2.25
1.67
1.30
1.37
1.0
1.5
1.70
2.10
2.15
1.72
 	 3:2(1:0)  
6973	11/05
21:45	 Norwich City
Watford	
–1.0
+1.0
2.45
1.55
2.5
1.85
1.95
1.78
3.75
4.50
1.21
1.28
2.05
1.5
1.0
1.85
2.15
1.97
1.70
 	 4:2(3:1)  
6974	11/05
21:45	 Sunderland
Everton	
–1.0
+1.0
2.60
1.50
2.5
1.72
2.10
1.87
3.75
4.00
1.25
1.27
1.93
1.5
1.0
1.80
1.87
2.00
1.93
 	 3:0(2:0)  
6972	11/05
22:00	 Liverpool
Chelsea	
–1.0
+1.0
2.60
1.50
3.0
1.97
1.83
1.87
4.00
3.70
1.28
1.25
1.93
1.5
1.0
1.75
1.70
2.10
2.15
 	 1:1(0:1)  
3894	30/04
17:00	 Everton
AFC Bournemouth	
0
0
1.72
2.15
3.0
1.93
1.87
2.30
3.70
2.90
1.42
1.28
1.62
1.5
1.5
1.90
2.15
1.90
1.70
 	 2:1(1:1)  
3895	30/04
17:00	 Newcastle United
Crystal Palace	
0
0
1.50
2.60
2.5
1.90
1.90
2.05
3.55
3.55
1.30
1.30
1.77
1.5
1.0
2.05
1.90
1.77
1.90
 	 1:0(0:0)  
3896	30/04
17:00	 Stoke City
Sunderland	
0
0
2.10
1.72
2.5
2.05
1.77
2.95
3.35
2.40
1.57
1.32
1.40
1.0
1.0
1.77
1.60
2.05
2.35
 	 1:1(0:0)  
3897	30/04
17:00	 Watford
Aston Villa	
–1.0
+1.0
2.20
1.67
2.5
1.95
1.85
1.65
3.80
5.50
1.15
1.27
2.25
1.5
1.0
1.83
2.65
2.00
1.48
 	 3:2(1:1)  
3898	30/04
17:00	 West Bromwich Albion
West Ham United	
+1.0
–1.0
1.42
2.85
2.5
1.97
1.83
3.95
3.50
1.95
1.85
1.30
1.25
1.0
1.5
2.15
2.00
1.70
1.80
 	 0:3(0:2)  
3900	30/04
19:30	 Arsenal London
Norwich City	
–2.0
+2.0
2.10
1.75
3.0
1.75
2.10
1.22
6.50
13.00
1.02
1.11
4.70
2.5
1.0
1.93
3.80
1.87
1.27
 	 1:0(0:0)  
3899	01/05
14:00	 Swansea City
Liverpool	
0
0
2.25
1.62
2.5
1.93
1.87
3.10
3.50
2.25
1.67
1.32
1.37
1.0
1.5
1.77
2.20
2.05
1.67
 	 3:1(2:0)  
3901	01/05
16:05	 Manchester United
Leicester City	
–1.0
+1.0
2.90
1.42
2.5
2.20
1.67
1.93
3.40
4.30
1.23
1.32
1.90
1.5
1.0
2.20
2.50
1.67
1.53
 	 1:1(1:1)  
3902	01/05
18:30	 Southampton
Manchester City	
0
0
1.90
1.90
2.5
1.87
1.93
2.60
3.50
2.60
1.50
1.30
1.50
1.5
1.5
2.40
2.40
1.57
1.57
 	 4:2(2:1)  
3903	02/05
22:00	 Chelsea
Tottenham Hotspur	
0
0
1.97
1.85
2.5
1.77
2.05
2.65
3.60
2.50
1.55
1.30
1.48
1.5
1.5
2.30
2.20
1.62
1.65
 	 2:2(0:2)  
2615	07/05
14:45	 Norwich City
Manchester United	
0
0
2.65
1.48
2.5
2.05
1.77
3.65
3.45
2.05
1.77
1.31
1.28
1.0
1.5
2.05
2.15
1.75
1.70
 	 0:1(0:0)  
2616	07/05
17:00	 Aston Villa
Newcastle United	
+1.0
–1.0
1.67
2.20
2.5
1.80
2.00
5.10
3.95
1.66
2.25
1.25
1.17
1.0
1.5
2.35
1.75
1.60
2.10
 	 0:0(0:0)  
2617	07/05
17:00	 AFC Bournemouth
West Bromwich Albion	
–1.0
+1.0
2.70
1.47
2.5
1.80
2.00
1.88
3.60
4.15
1.23
1.29
1.92
1.5
1.0
1.87
1.97
1.93
1.83
 	 1:1(0:1)  
2618	07/05
17:00	 Crystal Palace
Stoke City	
–1.0
+1.0
2.95
1.40
2.5
2.10
1.75
1.95
3.45
4.00
1.25
1.31
1.85
1.5
1.0
2.10
2.25
1.72
1.65
 	 2:1(0:1)  
2619	07/05
17:00	 West Ham United
Swansea City	
–1.5
+1.5
1.95
1.85
3.0
1.95
1.85
1.34
5.30
8.50
1.07
1.16
3.25
2.0
1.0
1.70
3.20
2.15
1.35
 	 1:4(0:2)  
2611	07/05
17:00	 Sunderland
Chelsea	
0
0
2.25
1.65
2.5
1.77
2.05
3.00
3.65
2.25
1.67
1.30
1.40
1.0
1.5
1.65
2.05
2.25
1.75
 	 3:2(1:2)  
2612	07/05
19:30	 Leicester City
Everton	
–1.0
+1.0
2.50
1.50
3.0
1.95
1.85
1.86
4.00
3.80
1.26
1.25
1.96
1.5
1.0
1.78
1.70
2.05
2.15
 	 3:1(2:0)  
2613	08/05
15:30	 Tottenham Hotspur
Southampton	
0
0
1.45
2.75
2.5
1.85
1.95
1.97
3.60
3.75
1.28
1.28
1.87
1.5
1.0
1.97
1.95
1.83
1.85
 	 1:2(1:1)  
2610	08/05
18:00	 Liverpool
Watford	
–1.0
+1.0
1.77
2.05
3.0
1.97
1.83
1.48
4.70
6.00
1.13
1.20
2.70
2.0
1.0
1.93
2.40
1.87
1.57
 	 2:0(1:0)  
2614	08/05
18:00	 Manchester City
Arsenal London	
0
0
1.65
2.20
2.5
1.72
2.10
2.30
3.50
3.05
1.40
1.32
1.65
1.5
1.5
2.00
2.40
1.80
1.57
 	 2:2(1:1)  
3249	15/05
17:00	 Arsenal London
Aston Villa	
–2.5
+2.5
1.72
2.10
3.5
1.75
2.10
1.07
11.50
35.00
 	
1.03
10.00
3.5
1.0
2.15
6.00
1.70
1.12
 	 4:0(1:0)  
3250	15/05
17:00	 Chelsea
Leicester City	
0
0
1.50
2.55
3.0
1.80
2.00
1.97
3.93
3.40
1.33
1.25
1.85
1.5
1.5
1.72
2.30
2.15
1.62
 	 1:1(0:0)  
3251	15/05
17:00	 Newcastle United
Tottenham Hotspur	
+1.0
–1.0
1.70
2.20
3.0
2.15
1.70
4.80
4.00
1.67
2.25
1.25
1.20
1.0
1.5
2.10
1.67
1.72
2.20
 	 5:1(2:0)  
3252	15/05
17:00	 Swansea City
Manchester City	
+1.0
–1.0
2.15
1.70
3.0
1.90
1.90
6.50
4.80
1.44
2.85
1.20
1.11
1.0
2.0
2.45
1.83
1.55
1.97
 	 1:1(1:1)  
3253	15/05
17:00	 Everton
Norwich City	
–1.0
+1.0
2.15
1.70
3.0
1.87
1.93
1.68
4.30
4.45
1.20
1.22
2.20
2.0
1.0
2.10
1.83
1.75
1.97
 	 3:0(2:0)  
3254	15/05
17:00	 Manchester United
AFC Bournemouth	
–1.5
+1.5
2.10
1.75
3.0
1.90
1.90
1.37
4.90
8.50
1.07
1.18
3.10
2.0
1.0
1.75
2.70
2.10
1.46
 	 cancelled  
3255	15/05
17:00	 Southampton
Crystal Palace	
–2.0
+2.0
2.10
1.75
3.0
1.87
1.93
1.24
6.50
11.00
1.04
1.11
4.10
2.5
1.0
2.00
4.50
1.83
1.20
 	 4:1(1:0)  
3256	15/05
17:00	 Stoke City
West Ham United	
0
0
2.30
1.62
3.0
2.00
1.80
3.02
3.90
2.15
1.70
1.26
1.38
1.5
1.5
2.30
1.90
1.60
1.90
 	 2:1(0:1)  
3257	15/05
17:00	 Watford
Sunderland	
–1.0
+1.0
1.97
1.83
3.0
1.97
1.83
1.60
4.30
5.15
1.17
1.22
2.35
2.0
1.0
2.05
2.10
1.77
1.72
 	 2:2(0:1)  
3258	15/05
17:00	 West Bromwich Albion
Liverpool	
0
0
1.83
1.97
2.5
1.75
2.05
2.50
3.60
2.67
1.48
1.30
1.52
1.5
1.5
2.20
2.30
1.67
1.62
 	 1:1(1:1)  
6028	17/05
22:00	 Manchester United
AFC Bournemouth	
–1.0
+1.0
1.87
1.93
3.0
1.85
1.95
1.53
4.50
5.50
1.14
1.20
2.50
2.0
1.0
1.90
2.05
1.90
1.77
 	 3:1(1:0)  