389	04/10
21:30	 Hannover 96
Hertha	
-0.25
+0.25
1.90
1.85
 
 	
2.75
1.95
 	
1.80
 	
2.25
3.50
3.10
1.35
1.28
1.62
1.5
1.5
1.90
2.40
1.84
1.53
 	 1:1(1:0)  
390	05/10
16:30	 Schalke 04
Augsburg	
-0.75
+0.75
2.10
1.70
 
 	
2.75
1.87
 	
1.87
 	
1.85
3.70
4.15
1.22
1.25
1.90
1.5
1.0
1.80
1.85
2.00
1.90
 	 4:1(2:1)  
391	05/10
16:30	 Borussia Monchengladbach
Borussia Dortmund	
+0.75
-0.75
1.93
1.82
 
 	
3.0
1.87
1.87
5.00
4.00
1.66
2.15
1.22
1.17
1.5
1.5
2.95
1.58
1.37
2.30
 	 2:0(0:0)  
392	05/10
16:30	 Stuttgart
Werder Bremen	
-0.75
+0.75
1.85
1.90
 
 	
3.0
1.90
1.85
1.70
4.00
4.50
1.18
1.23
2.10
2.0
1.0
2.15
1.85
1.65
1.90
 	 1:1(1:1)  
393	05/10
16:30	 Wolfsburg
Eintracht Braunschweig	
-1.75
+1.75
2.00
1.76
 
 	
3.25
1.95
 	
1.80
 	
1.27
5.70
11.00
1.03
1.12
3.60
2.5
1.5
2.05
4.65
1.72
1.17
 	 0:2(0:1)  
394	05/10
16:30	 Mainz 05
Hoffenheim	
-0.25
+0.25
1.95
1.80
 
 	
3.0
2.00
1.80
2.30
3.50
3.00
1.37
1.30
1.60
1.5
1.5
1.90
2.20
1.85
1.62
 	 2:2(0:2)  
395	05/10
19:30	 Bayer 04 Leverkusen
Bayern Munich	
+0.75
-0.75
1.93
1.82
 
 	
3.0
1.83
1.92
5.00
4.00
1.66
2.15
1.22
1.17
1.5
1.5
2.95
1.55
1.37
2.36
 	 1:1(1:1)  
396	06/10
16:30	 Nuremberg
Hamburg	
0
0
1.76
2.00
  	
2.75
1.90
 	
1.84
 	
2.45
3.45
2.80
1.40
1.29
1.51
1.5
1.5
2.15
2.35
1.65
1.55
 	 0:5(0:1)  
397	06/10
18:30	 Freiburg
Eintracht Frankfurt	
0
0
1.96
1.79
  	
2.5
1.78
1.97
2.80
3.33
2.55
1.50
1.30
1.42
1.5
1.5
2.40
2.19
1.53
1.63
 	 1:1(0:0)  
413	18/10
21:30	 Hoffenheim
Bayer 04 Leverkusen	
+0.25
-0.25
2.00
1.80
 
 	
3.0
1.87
1.87
3.45
3.50
2.10
1.70
1.28
1.29
1.5
1.5
2.36
1.74
1.55
2.02
 	 1:2(0:1)  
414	19/10
16:30	 Borussia Dortmund
Hannover 96	
–2.0
+2.0
1.95
1.80
  	
3.5
1.87
1.87
1.20
7.00
13.00
1.02
1.08
4.30
2.5
1.0
1.72
3.00
2.05
1.38
 	 1:0(1:0)  
415	19/10
16:30	 Bayern Munich
Mainz 05	
–2.5
+2.5
1.85
1.90
  	
3.5
1.78
1.97
1.10
11.00
19.00
1.01
1.04
7.00
2.5
1.5
1.50
8.55
2.48
1.05
 	 4:1(0:1)  
416	19/10
16:30	 Werder Bremen
Freiburg	
-0.25
+0.25
1.80
1.95
 
 	
2.75
1.85
 	
1.90
 	
2.10
3.45
3.50
1.28
1.28
1.70
1.5
1.5
1.87
2.57
1.87
1.47
 	 0:0(0:0)  
417	19/10
16:30	 Eintracht Braunschweig
Schalke 04	
+0.75
-0.75
1.80
1.95
 
 	
2.75
1.86
 	
1.88
 	
4.65
3.85
1.72
2.05
1.24
1.18
1.5
1.5
3.20
1.68
1.32
2.11
 	 2:3(1:1)  
418	19/10
16:30	 Eintracht Frankfurt
Nuremberg	
–1.0
+1.0
1.95
1.80
  	
2.75
1.77
 	
1.98
 	
1.58
4.00
5.85
1.12
1.22
2.30
1.5
1.5
1.58
3.40
2.30
1.29
 	 1:1(0:0)  
419	19/10
19:30	 Hertha
Borussia Monchengladbach	
0
0
1.73
2.03
  	
2.5
1.80
1.95
2.45
3.30
2.90
1.39
1.32
1.48
1.5
1.5
2.20
2.45
1.62
1.50
 	 1:0(1:0)  
420	20/10
16:30	 Hamburg
Stuttgart	
-0.25
+0.25
2.00
1.76
 
 	
3.0
1.80
1.95
2.35
3.50
2.90
1.40
1.28
1.55
1.5
1.5
1.80
2.00
1.95
1.75
 	 3:3(1:2)  
421	20/10
18:30	 Augsburg
Wolfsburg	
0
0
1.76
2.00
  	
2.5
1.87
1.87
2.45
3.35
2.85
1.42
1.30
1.53
1.5
1.5
2.30
2.50
1.58
1.49
 	 1:2(1:2)  
397	25/10
21:30	 Stuttgart
Nuremberg	
-0.75
+0.75
1.90
1.90
 
 	
2.75
1.85
 	
1.95
 	
1.67
3.90
5.00
1.17
1.25
2.19
1.5
1.5
1.65
3.35
2.20
1.30
 	 1:1(1:1)  
398	26/10
16:30	 Bayern Munich
Hertha	
–2.5
+2.5
1.95
1.85
  	
3.5
1.78
1.97
1.10
9.00
25.00
1.01
1.05
6.70
2.5
1.5
1.50
8.55
2.48
1.05
 	 3:2(1:1)  
399	26/10
16:30	 Schalke 04
Borussia Dortmund	
+0.75
-0.75
1.75
2.05
 
 	
3.0
1.80
1.95
4.00
4.00
1.82
2.00
1.25
1.25
1.5
1.5
2.40
1.62
1.53
2.20
 	 1:3(0:1)  
400	26/10
16:30	 Bayer 04 Leverkusen
Augsburg	
–1.0
+1.0
2.00
1.80
  	
2.75
1.77
 	
1.98
 	
1.58
4.20
5.50
1.15
1.23
2.38
1.5
1.5
1.58
3.40
2.30
1.29
 	 2:1(1:1)  
401	26/10
16:30	 Hannover 96
Hoffenheim	
-0.25
+0.25
1.95
1.85
 
 	
3.0
1.87
1.87
2.25
3.50
3.10
1.37
1.30
1.64
1.5
1.5
1.84
2.08
1.90
1.70
 	 1:4(0:2)  
402	26/10
16:30	 Mainz 05
Eintracht Braunschweig	
–1.0
+1.0
2.05
1.75
  	
2.75
1.92
 	
1.83
 	
1.58
4.05
5.80
1.14
1.24
2.39
1.5
1.5
1.62
4.00
2.20
1.22
 	 2:0(1:0)  
403	26/10
19:30	 Wolfsburg
Werder Bremen	
-0.75
+0.75
1.85
1.90
 
 	
2.75
1.82
 	
1.93
 	
1.68
3.90
5.00
1.17
1.26
2.20
1.5
1.5
1.65
3.20
2.16
1.32
 	 3:0(1:0)  
404	27/10
16:30	 Freiburg
Hamburg	
0
0
1.90
1.84
  	
2.75
1.87
 	
1.87
 	
2.70
3.35
2.60
1.50
1.32
1.46
1.5
1.5
2.21
2.18
1.62
1.64
 	 0:3(0:1)  
405	27/10
18:30	 Borussia Monchengladbach
Eintracht Frankfurt	
-0.25
+0.25
1.80
2.00
 
 	
2.75
1.84
 	
1.90
 	
2.05
3.55
3.50
1.30
1.29
1.76
1.5
1.5
1.90
2.55
1.85
1.47
 	 4:1(2:1)  
493	01/11
21:30	 Borussia Dortmund
Stuttgart	
-1.75
+1.75
1.85
1.95
 
 	
3.25
1.80
 	
2.00
 	
1.24
6.50
11.00
1.04
1.11
4.09
2.5
1.0
1.87
2.65
1.87
1.45
 	 6:1(2:1)  
494	02/11
16:30	 Nuremberg
Freiburg	
-0.25
+0.25
1.72
2.05
 
 	
2.5
1.90
1.84
2.00
3.45
3.80
1.27
1.31
1.81
1.5
1.0
2.01
1.95
1.75
1.80
 	 0:3(0:0)  
495	02/11
16:30	 Hoffenheim
Bayern Munich	
+1.75
-1.75
1.80
2.00
 
 	
3.5
1.95
1.85
10.00
6.00
1.27
3.75
1.13
1.05
1.0
2.5
2.60
1.85
1.46
1.90
 	 1:2(1:1)  
496	02/11
16:30	 Hamburg
Borussia Monchengladbach	
-0.25
+0.25
1.95
1.80
 
 	
3.0
1.87
1.87
2.30
3.50
3.00
1.38
1.28
1.60
1.5
1.5
1.84
2.08
1.90
1.70
 	 0:2(0:1)  
497	02/11
16:30	 Eintracht Braunschweig
Bayer 04 Leverkusen	
+1.25
-1.25
1.73
2.04
 
 	
2.75
1.76
 	
2.00
 	
7.00
4.35
1.47
2.68
1.21
1.10
1.5
1.5
3.80
1.48
1.24
2.54
 	 1:0(0:0)  
498	02/11
16:30	 Hertha
Schalke 04	
-0.25
+0.25
2.00
1.80
 
 	
2.75
1.87
 	
1.87
 	
2.30
3.50
3.00
1.39
1.30
1.62
1.5
1.5
2.03
2.40
1.74
1.53
 	 0:2(0:1)  
499	02/11
19:30	 Eintracht Frankfurt
Wolfsburg	
-0.25
+0.25
2.05
1.75
 
 	
2.75
1.84
 	
1.90
 	
2.35
3.45
2.95
1.40
1.28
1.55
1.5
1.5
2.00
2.40
1.76
1.53
 	 1:2(1:1)  
500	03/11
16:30	 Augsburg
Mainz 05	
-0.25
+0.25
1.72
2.08
 
 	
2.5
1.90
1.84
2.00
3.40
3.85
1.26
1.32
1.81
1.5
1.0
2.01
1.95
1.75
1.80
 	 2:1(1:0)  
501	03/11
18:30	 Werder Bremen
Hannover 96	
-0.25
+0.25
2.00
1.80
 
 	
2.75
1.87
 	
1.87
 	
2.30
3.50
3.00
1.39
1.30
1.62
1.5
1.5
2.03
2.40
1.74
1.53
 	 3:2(2:2)  
409	08/11
21:30	 Hannover 96
Eintracht Braunschweig	
–1.0
+1.0
2.05
1.75
  	
2.75
1.92
 	
1.88
 	
1.58
4.00
6.00
1.13
1.25
2.40
1.5
1.5
1.60
3.55
2.25
1.27
 	 0:0(0:0)  
410	09/11
16:30	 Bayern Munich
Augsburg	
-2.25
+2.25
2.00
1.80
 
 	
3.25
1.80
 	
2.00
 	
1.13
8.50
20.00
 	
1.07
5.96
1.5
1.5
1.20
6.25
4.25
1.10
 	 3:0(2:0)  
411	09/11
16:30	 Schalke 04
Werder Bremen	
–1.0
+1.0
1.95
1.80
  	
3.0
1.95
1.85
1.58
4.20
5.50
1.15
1.23
2.38
1.5
1.5
1.53
3.33
2.40
1.30
 	 3:1(0:1)  
412	09/11
16:30	 Bayer 04 Leverkusen
Hamburg	
–1.0
+1.0
1.90
1.85
  	
3.25
2.00
 	
1.80
 	
1.57
4.50
5.20
1.16
1.21
2.41
2.0
1.0
1.87
1.87
1.87
1.87
 	 5:3(2:1)  
413	09/11
16:30	 Wolfsburg
Borussia Dortmund	
+0.75
-0.75
1.92
1.88
 
 	
2.75
1.80
 	
2.00
 	
5.00
3.90
1.68
2.19
1.26
1.17
1.5
1.5
3.10
1.62
1.34
2.21
 	 2:1(0:1)  
414	09/11
16:30	 Hoffenheim
Hertha	
-0.25
+0.25
1.85
1.95
 
 	
2.75
1.85
 	
1.95
 	
2.15
3.55
3.25
1.34
1.29
1.70
1.5
1.5
1.89
2.36
1.85
1.55
 	 2:3(0:1)  
415	09/11
19:30	 Borussia Monchengladbach
Nuremberg	
-0.75
+0.75
1.80
2.00
 
 	
2.75
1.85
 	
1.95
 	
1.60
4.00
5.60
1.14
1.24
2.33
1.5
1.5
1.60
3.55
2.25
1.27
 	 3:1(0:1)  
416	10/11
16:30	 Mainz 05
Eintracht Frankfurt	
0
0
1.75
2.05
  	
2.5
1.84
1.90
2.45
3.40
2.85
1.42
1.30
1.51
1.5
1.5
2.25
2.50
1.60
1.49
 	 1:0(0:0)  
417	10/11
18:30	 Freiburg
Stuttgart	
+0.25
-0.25
1.73
2.10
 
 	
2.75
1.90
 	
1.90
 	
2.90
3.45
2.40
1.58
1.31
1.42
1.5
1.5
2.40
2.08
1.53
1.70
 	 1:3(0:2)  
429	22/11
21:30	 Stuttgart
Borussia Monchengladbach	
-0.25
+0.25
1.95
1.85
 
 	
2.75
1.95
 	
1.80
 	
2.25
3.50
3.05
1.32
1.28
1.60
1.5
1.0
2.05
1.62
1.72
2.20
 	 0:2(0:1)  
430	23/11
16:30	 Nuremberg
Wolfsburg	
+0.25
-0.25
1.95
1.85
 
 	
2.5
1.85
1.89
3.45
3.35
2.15
1.70
1.32
1.31
1.5
1.5
2.75
2.05
1.42
1.72
 	 1:1(0:1)  
431	23/11
16:30	 Augsburg
Hoffenheim	
-0.25
+0.25
1.85
1.95
 
 	
2.75
1.77
 	
1.98
 	
2.15
3.50
3.30
1.33
1.30
1.70
1.5
1.5
1.90
2.36
1.90
1.55
 	 2:0(2:0)  
432	23/11
16:30	 Eintracht Braunschweig
Freiburg	
-0.25
+0.25
1.95
1.85
 
 	
2.5
2.01
1.75
2.25
3.33
3.25
1.34
1.33
1.64
1.5
1.5
2.25
3.00
1.60
1.36
 	 0:1(0:0)  
433	23/11
16:30	 Eintracht Frankfurt
Schalke 04	
0
0
1.90
1.85
  	
2.75
1.80
 	
1.95
 	
2.65
3.50
2.55
1.52
1.30
1.48
1.5
1.5
2.10
2.05
1.70
1.72
 	 3:3(0:2)  
434	23/11
16:30	 Hertha
Bayer 04 Leverkusen	
0
0
2.00
1.80
  	
2.75
2.05
 	
1.77
 	
2.80
3.40
2.50
1.54
1.32
1.44
1.5
1.5
2.40
2.19
1.53
1.63
 	 0:1(0:1)  
435	23/11
19:30	 Borussia Dortmund
Bayern Munich	
+0.25
-0.25
1.90
1.90
 
 	
2.75
1.80
 	
2.00
 	
3.30
3.50
2.15
1.70
1.30
1.33
1.5
1.5
2.36
1.89
1.55
1.85
 	 0:3(0:0)  
436	24/11
16:30	 Hamburg
Hannover 96	
-0.25
+0.25
1.80
2.00
 
 	
3.0
1.95
1.85
2.05
3.50
3.55
1.29
1.30
1.76
1.5
1.5
1.80
2.40
1.95
1.53
 	 3:1(1:1)  
437	24/11
18:30	 Werder Bremen
Mainz 05	
-0.25
+0.25
2.05
1.77
 
 	
2.75
1.92
 	
1.88
 	
2.40
3.45
2.90
1.42
1.31
1.58
1.5
1.5
2.08
2.40
1.70
1.53
 	 2:3(0:2)  
456	29/11
21:30	 Wolfsburg
Hamburg	
-0.75
+0.75
2.05
1.77
 
 	
2.75
1.80
 	
2.00
 	
1.80
3.85
4.30
1.23
1.27
2.03
1.5
1.5
1.70
2.85
2.15
1.40
 	 1:1(1:1)  
457	30/11
16:30	 Bayern Munich
Eintracht Braunschweig	
-2.75
+2.75
1.90
1.90
 
 	
3.5
1.90
1.90
1.05
14.00
35.00
 	
1.02
10.00
2.5
1.0
1.46
8.00
2.60
1.06
 	 2:0(2:0)  
458	30/11
16:30	 Bayer 04 Leverkusen
Nuremberg	
-1.25
+1.25
2.00
1.80
 
 	
3.0
1.90
1.90
1.45
4.55
7.00
1.10
1.20
2.76
1.5
1.5
1.45
3.60
2.65
1.27
 	 3:0(1:0)  
459	30/11
16:30	 Hoffenheim
Werder Bremen	
-0.75
+0.75
1.88
1.92
 
 	
3.0
1.92
1.88
1.70
3.90
4.80
1.18
1.26
2.15
2.0
1.0
2.15
1.88
1.65
1.92
 	 4:4(2:2)  
460	30/11
16:30	 Mainz 05
Borussia Dortmund	
+1.0
–1.0
1.90
1.90
  	
3.0
1.85
1.95
5.80
4.20
1.57
2.44
1.24
1.14
1.0
2.0
2.00
1.95
1.75
1.85
 	 1:3(0:0)  
461	30/11
16:30	 Hertha
Augsburg	
-0.25
+0.25
1.75
2.05
 
 	
2.5
1.90
1.90
2.00
3.40
3.90
1.26
1.32
1.82
1.5
1.5
2.00
3.15
1.76
1.33
 	 0:0(0:0)  
462	30/11
19:30	 Schalke 04
Stuttgart	
-0.75
+0.75
1.95
1.85
 
 	
3.0
1.95
1.85
1.75
3.80
4.60
1.20
1.27
2.08
1.5
1.5
1.65
2.70
2.25
1.43
 	 3:0(1:0)  
463	01/12
16:30	 Hannover 96
Eintracht Frankfurt	
-0.25
+0.25
2.10
1.73
 
 	
2.5
1.80
2.00
2.40
3.40
2.90
1.41
1.31
1.56
1.5
1.5
2.18
2.45
1.64
1.51
 	 2:0(1:0)  
464	01/12
18:30	 Borussia Monchengladbach
Freiburg	
-1.25
+1.25
1.90
1.90
 
 	
2.75
1.80
 	
2.00
 	
1.38
4.75
8.50
1.07
1.19
3.05
1.5
1.5
1.46
4.55
2.60
1.18
 	 1:0(0:0)  
444	06/12
21:30	 Nuremberg
Mainz 05	
-0.25
+0.25
2.00
1.80
 
 	
2.5
1.82
1.98
2.35
3.40
3.00
1.39
1.32
1.59
1.5
1.5
2.20
2.60
1.67
1.46
 	 1:1(1:0)  
445	07/12
16:30	 Borussia Monchengladbach
Schalke 04	
-0.25
+0.25
1.95
1.85
 
 	
2.75
1.80
 	
2.00
 	
2.25
3.55
3.05
1.38
1.29
1.64
1.5
1.5
1.90
2.40
1.90
1.55
 	 2:1(2:1)  
446	07/12
16:30	 Stuttgart
Hannover 96	
-0.25
+0.25
1.73
2.10
 
 	
2.75
1.88
 	
1.92
 	
1.95
3.60
3.80
1.26
1.29
1.85
1.5
1.5
1.87
2.70
1.87
1.43
 	 4:2(2:2)  
447	07/12
16:30	 Werder Bremen
Bayern Munich	
+1.75
-1.75
1.90
1.90
 
 	
3.25
1.85
 	
1.95
 	
13.00
6.20
1.23
4.20
1.12
1.03
1.0
2.5
2.65
1.87
1.45
1.87
 	 0:7(0:3)  
448	07/12
16:30	 Hamburg
Augsburg	
-0.25
+0.25
1.90
1.90
 
 	
2.75
1.95
 	
1.85
 	
2.20
3.45
3.25
1.34
1.31
1.67
1.5
1.5
1.90
2.57
1.84
1.47
 	 0:1(0:1)  
449	07/12
16:30	 Eintracht Frankfurt
Hoffenheim	
-0.25
+0.25
1.90
1.90
 
 	
3.0
1.92
1.88
2.15
3.60
3.25
1.35
1.29
1.71
1.5
1.5
1.80
2.25
1.95
1.60
 	 1:2(0:0)  
450	07/12
19:30	 Borussia Dortmund
Bayer 04 Leverkusen	
–1.0
+1.0
1.85
1.95
  	
3.0
1.85
1.95
1.53
4.30
6.00
1.13
1.22
2.50
1.5
1.5
1.43
3.20
2.70
1.32
 	 0:1(0:1)  
451	08/12
16:30	 Freiburg
Wolfsburg	
+0.25
-0.25
2.10
1.73
 
 	
2.5
1.90
1.90
3.80
3.45
2.00
1.81
1.31
1.27
1.0
1.5
1.95
2.01
1.80
1.75
 	 0:3(0:2)  
452	08/12
18:30	 Eintracht Braunschweig
Hertha	
+0.25
-0.25
2.10
1.73
 
 	
2.25
1.88
 	
1.92
 	
3.70
3.40
2.05
1.77
1.32
1.28
1.5
1.5
3.60
2.15
1.27
1.70
 	 0:2(0:1)  
449	13/12
21:30	 Hertha
Werder Bremen	
-0.75
+0.75
1.75
2.05
 
 	
2.75
1.80
 	
2.00
 	
1.62
4.00
5.50
1.15
1.25
2.32
2.0
1.0
2.10
2.00
1.70
1.75
 	 3:2(2:2)  
450	14/12
16:30	 Bayern Munich
Hamburg	
-2.75
+2.75
1.95
1.85
 
 	
3.75
1.75
 	
2.00
 	
1.08
12.00
22.00
 	
1.03
7.76
3.0
1.0
1.73
4.00
2.10
1.23
 	 3:1(1:0)  
451	14/12
16:30	 Hannover 96
Nuremberg	
-0.25
+0.25
1.70
2.15
 
 	
2.75
1.98
 	
1.82
 	
1.95
3.60
3.80
1.26
1.29
1.85
1.5
1.0
1.87
1.80
1.87
1.95
 	 3:3(0:3)  
452	14/12
16:30	 Hoffenheim
Borussia Dortmund	
+0.75
-0.75
1.95
1.85
 
 	
3.25
1.85
 	
1.95
 	
4.50
4.10
1.70
2.15
1.23
1.20
1.0
2.0
1.55
1.90
2.35
1.85
 	 2:2(2:1)  
453	14/12
16:30	 Mainz 05
Borussia Monchengladbach	
0
0
1.95
1.85
  	
2.5
1.88
1.92
2.70
3.35
2.60
1.50
1.32
1.46
1.5
1.5
2.40
2.36
1.53
1.55
 	 0:0(0:0)  
454	14/12
16:30	 Augsburg
Eintracht Braunschweig	
–1.0
+1.0
1.80
2.00
  	
2.5
1.86
1.89
1.48
4.25
7.00
1.10
1.22
2.64
1.5
1.5
1.63
4.65
2.19
1.17
 	 4:1(3:0)  
455	14/12
19:30	 Wolfsburg
Stuttgart	
-0.75
+0.75
1.95
1.76
 
 	
3.0
1.95
1.80
1.75
3.60
4.70
1.18
1.28
2.05
1.5
1.0
1.62
1.90
2.20
1.85
 	 3:1(1:0)  
456	15/12
16:30	 Schalke 04
Freiburg	
-1.25
+1.25
1.90
1.80
 
 	
3.0
1.90
1.85
1.42
4.50
7.50
1.08
1.20
2.85
2.0
1.0
1.80
2.40
1.95
1.53
 	 2:0(1:0)  
457	15/12
18:30	 Bayer 04 Leverkusen
Eintracht Frankfurt	
–1.0
+1.0
1.75
2.00
  	
3.0
1.87
1.87
1.48
4.50
6.20
1.11
1.20
2.65
2.0
1.0
1.80
2.15
1.95
1.65
 	 0:1(0:0)  
408	20/12
21:30	 Eintracht Frankfurt
Augsburg	
-0.25
+0.25
2.00
1.80
 
 	
2.5
1.90
1.84
2.30
3.40
3.10
1.37
1.32
1.62
1.5
1.5
2.25
2.60
1.60
1.46
 	 1:1(1:1)  
409	21/12
16:30	 Borussia Dortmund
Hertha	
–1.5
+1.5
2.00
1.80
  	
3.25
1.87
 	
1.87
 	
1.36
5.20
8.00
1.08
1.16
3.15
2.5
1.0
2.05
2.25
1.72
1.60
 	 1:2(1:2)  
410	21/12
16:30	 Werder Bremen
Bayer 04 Leverkusen	
+0.75
-0.75
1.88
1.92
 
 	
3.0
1.85
1.90
4.50
3.90
1.75
2.09
1.26
1.21
1.0
2.0
1.80
2.00
2.00
1.80
 	 1:0(0:0)  
411	21/12
16:30	 Freiburg
Hannover 96	
0
0
1.80
2.00
  	
2.5
1.87
1.87
2.50
3.35
2.80
1.43
1.32
1.53
1.5
1.5
2.30
2.40
1.57
1.53
 	 2:1(2:0)  
412	21/12
16:30	 Hamburg
Mainz 05	
-0.25
+0.25
1.77
2.05
 
 	
2.75
1.85
 	
1.90
 	
2.05
3.45
3.65
1.29
1.31
1.77
1.5
1.5
1.95
2.80
1.80
1.40
 	 2:3(1:0)  
413	21/12
16:30	 Eintracht Braunschweig
Hoffenheim	
+0.75
-0.75
1.75
2.05
 
 	
2.75
1.80
 	
2.00
 	
4.00
3.70
1.87
1.92
1.27
1.24
1.5
1.5
2.75
1.74
1.42
2.02
 	 1:0(1:0)  
414	21/12
19:30	 Nuremberg
Schalke 04	
+0.25
-0.25
1.80
2.00
 
 	
2.75
1.90
 	
1.90
 	
3.00
3.50
2.30
1.62
1.30
1.39
1.5
1.5
2.40
2.03
1.53
1.74
 	 0:0(0:0)  
415	22/12
16:30	 Borussia Monchengladbach
Wolfsburg	
-0.25
+0.25
1.85
1.95
 
 	
2.5
1.82
1.98
2.15
3.50
3.30
1.33
1.30
1.70
1.5
1.0
2.05
1.72
1.75
2.05
 	 2:2(0:0) 
419	24/01
21:30	 Borussia Monchengladbach
Bayern Munich	
+1.0
–1.0
1.95
1.85
  	
2.75
1.80
 	
2.00
 	
6.50
4.50
1.49
2.66
1.21
1.12
1.5
1.5
3.80
1.46
1.24
2.60
 	 0:2(0:1)  
420	25/01
16:30	 Borussia Dortmund
Augsburg	
–1.5
+1.5
2.00
1.80
  	
3.25
1.95
 	
1.85
 	
1.34
5.30
8.50
1.07
1.16
3.25
1.5
1.5
1.32
4.25
3.20
1.20
 	 2:2(1:0)  
421	25/01
16:30	 Stuttgart
Mainz 05	
-0.25
+0.25
1.80
1.95
 
 	
2.75
1.88
 	
1.92
 	
2.10
3.45
3.50
1.28
1.28
1.70
1.5
1.5
1.87
2.57
1.87
1.47
 	 1:2(1:1)  
422	25/01
16:30	 Wolfsburg
Hannover 96	
–1.0
+1.0
2.00
1.80
  	
3.0
1.95
1.80
1.58
4.20
5.50
1.15
1.23
2.38
2.0
1.0
1.95
2.15
1.80
1.65
 	 1:3(1:1)  
423	25/01
16:30	 Nuremberg
Hoffenheim	
0
0
1.75
2.05
  	
3.0
1.95
1.80
2.40
3.50
2.85
1.42
1.30
1.57
1.5
1.5
1.95
2.10
1.80
1.70
 	 4:0(2:0)  
424	25/01
16:30	 Freiburg
Bayer 04 Leverkusen	
+0.75
-0.75
1.90
1.90
 
 	
2.75
1.93
 	
1.87
 	
5.00
3.75
1.70
2.14
1.27
1.17
1.5
1.5
3.20
1.68
1.32
2.11
 	 3:2(1:2)  
425	25/01
19:30	 Eintracht Frankfurt
Hertha	
-0.25
+0.25
2.05
1.77
 
 	
2.5
1.92
1.88
2.35
3.35
3.05
1.38
1.33
1.60
1.5
1.5
2.25
2.60
1.60
1.46
 	 1:0(1:0)  
426	26/01
16:30	 Werder Bremen
Eintracht Braunschweig	
-0.75
+0.75
2.10
1.70
 
 	
2.75
1.95
 	
1.85
 	
1.85
3.70
4.10
1.23
1.27
1.94
1.5
1.0
1.80
1.87
1.95
1.87
 	 0:0(0:0)  
427	26/01
18:30	 Hamburg
Schalke 04	
0
0
2.05
1.75
  	
3.0
1.85
1.95
2.80
3.50
2.40
1.57
1.30
1.42
1.5
1.5
2.00
1.90
1.75
1.85
 	 0:3(0:1)  
429	29/01
21:00	 Stuttgart
Bayern Munich	
+1.75
-1.75
1.81
1.93
 
 	
3.25
1.80
 	
1.95
 	
9.00
6.00
1.28
3.60
1.12
1.05
1.5
2.5
4.00
1.95
1.22
1.80
 	 1:2(1:0)  
442	31/01
21:30	 Eintracht Braunschweig
Borussia Dortmund	
+1.75
-1.75
1.85
1.90
 
 	
3.0
1.82
1.98
12.00
6.00
1.25
4.00
1.13
1.03
1.0
1.5
3.50
1.25
1.28
3.80
 	 1:2(0:1)  
443	01/02
16:30	 Schalke 04
Wolfsburg	
-0.25
+0.25
1.73
2.10
 
 	
3.0
2.00
1.80
1.95
3.65
3.75
1.27
1.28
1.85
1.5
1.5
1.80
2.60
1.95
1.46
 	 2:1(1:0)  
444	01/02
16:30	 Bayer 04 Leverkusen
Stuttgart	
–1.0
+1.0
1.80
2.00
  	
3.0
1.87
1.87
1.50
4.30
6.50
1.11
1.22
2.60
2.0
1.0
1.90
2.10
1.85
1.70
 	 2:1(1:1)  
445	01/02
16:30	 Hoffenheim
Hamburg	
-0.25
+0.25
1.67
2.20
 
 	
3.25
1.97
 	
1.83
 	
1.90
3.70
3.90
1.26
1.28
1.90
1.5
1.5
1.60
2.30
2.30
1.60
 	 3:0(2:0)  
446	01/02
16:30	 Mainz 05
Freiburg	
-0.75
+0.75
1.95
1.85
 
 	
2.5
1.85
1.95
1.75
3.70
4.80
1.19
1.28
2.09
1.5
1.5
1.80
3.55
1.95
1.27
 	 2:0(1:0)  
447	01/02
16:30	 Augsburg
Werder Bremen	
-0.75
+0.75
1.85
1.95
 
 	
2.75
1.90
 	
1.90
 	
1.68
3.75
5.20
1.16
1.27
2.18
1.5
1.5
1.68
3.20
2.11
1.32
 	 3:1(1:1)  
448	01/02
19:30	 Hannover 96
Borussia Monchengladbach	
+0.25
-0.25
1.73
2.10
 
 	
2.75
1.95
 	
1.80
 	
2.90
3.40
2.40
1.56
1.31
1.41
1.5
1.5
2.30
2.15
1.57
1.65
 	 3:1(0:0)  
449	02/02
16:30	 Hertha
Nuremberg	
-0.75
+0.75
2.10
1.73
 
 	
2.5
1.88
1.86
1.85
3.55
4.35
1.22
1.30
1.95
1.5
1.5
1.90
3.33
1.84
1.30
 	 1:3(1:1)  
450	02/02
18:30	 Bayern Munich
Eintracht Frankfurt	
–2.5
+2.5
1.95
1.85
  	
3.5
1.88
1.92
1.10
11.00
19.00
1.01
1.04
7.00
2.5
1.5
1.55
10.00
2.40
1.05
 	 5:0(2:0)  
452	07/02
21:30	 Borussia Monchengladbach
Bayer 04 Leverkusen	
0
0
1.85
1.90
  	
2.5
1.84
1.90
2.60
3.25
2.65
1.45
1.32
1.46
1.5
1.5
2.36
2.40
1.55
1.53
 	 0:1(0:0)  
453	08/02
16:30	 Eintracht Frankfurt
Eintracht Braunschweig	
-0.75
+0.75
1.75
2.05
 
 	
2.5
1.80
1.95
1.60
4.00
5.50
1.14
1.25
2.35
1.5
1.0
1.70
2.40
2.10
1.53
 	 3:0(3:0)  
454	08/02
16:30	 Werder Bremen
Borussia Dortmund	
+1.0
–1.0
1.97
1.78
  	
3.25
2.00
 	
1.76
 	
6.00
4.25
1.50
2.50
1.20
1.11
1.5
1.5
3.20
1.43
1.32
2.70
 	 1:5(0:2)  
455	08/02
16:30	 Nuremberg
Bayern Munich	
+2.0
–2.0
1.80
1.95
  	
3.5
1.95
1.85
13.00
6.50
1.20
4.33
1.10
1.01
1.0
2.5
2.80
1.75
1.40
2.00
 	 0:2(0:1)  
456	08/02
16:30	 Freiburg
Hoffenheim	
0
0
1.85
1.90
  	
2.75
1.80
 	
1.95
 	
2.50
3.60
2.60
1.48
1.27
1.52
1.5
1.5
2.05
2.10
1.72
1.70
 	 1:1(0:0)  
457	08/02
16:30	 Wolfsburg
Mainz 05	
-0.75
+0.75
2.00
1.76
 
 	
2.75
1.90
 	
1.85
 	
1.75
3.70
4.40
1.19
1.25
2.00
1.5
1.5
1.74
3.20
2.02
1.32
 	 3:0(0:0)  
458	08/02
19:30	 Hamburg
Hertha	
0
0
1.76
2.00
  	
2.5
1.80
1.95
2.50
3.40
2.70
1.44
1.30
1.50
1.5
1.5
2.20
2.30
1.62
1.57
 	 0:3(0:3)  
459	09/02
16:30	 Stuttgart
Augsburg	
-0.25
+0.25
2.05
1.72
 
 	
2.5
1.85
1.90
2.40
3.40
2.85
1.42
1.30
1.55
1.5
1.0
2.15
1.60
1.65
2.30
 	 1:4(0:2)  
460	09/02
18:30	 Schalke 04
Hannover 96	
–1.0
+1.0
1.90
1.85
  	
3.0
2.00
1.80
1.55
4.00
6.00
1.12
1.23
2.40
2.0
1.0
2.00
2.15
1.75
1.65
 	 2:0(2:0)  
453	07/02
21:30	 Borussia Monchengladbach
Bayer 04 Leverkusen	
0
0
2.00
1.80
  	
2.75
1.95
 	
1.85
 	
2.75
3.35
2.55
1.51
1.32
1.45
1.5
1.5
2.15
2.00
1.70
1.80
 	 0:1(0:0)  
454	08/02
16:30	 Eintracht Frankfurt
Eintracht Braunschweig	
-0.75
+0.75
1.75
2.05
 
 	
2.5
1.80
2.00
1.60
4.00
5.60
1.14
1.25
2.35
1.5
1.0
1.70
2.40
2.10
1.53
 	 3:0(3:0)  
455	08/02
16:30	 Werder Bremen
Borussia Dortmund	
+1.5
–1.5
1.90
1.90
  	
3.25
1.95
 	
1.85
 	
8.50
5.20
1.35
3.23
1.17
1.07
1.5
2.5
4.00
2.20
1.23
1.67
 	 1:5(0:2)  
456	08/02
16:30	 Nuremberg
Bayern Munich	
+1.75
-1.75
1.95
1.85
 
 	
3.25
1.85
 	
1.95
 	
12.00
6.70
1.22
4.30
1.11
1.03
1.0
2.5
3.10
1.85
1.35
1.95
 	 0:2(0:1)  
457	08/02
16:30	 Freiburg
Hoffenheim	
+0.25
-0.25
1.80
2.00
 
 	
2.75
1.85
 	
1.95
 	
3.00
3.40
2.35
1.59
1.32
1.39
1.5
1.5
2.25
2.05
1.60
1.72
 	 1:1(0:0)  
458	08/02
16:30	 Wolfsburg
Mainz 05	
-0.75
+0.75
2.00
1.80
 
 	
3.0
1.95
1.80
1.80
3.85
4.20
1.23
1.26
2.01
1.5
1.0
1.70
1.75
2.15
2.00
 	 3:0(0:0)  
459	08/02
19:30	 Hamburg
Hertha	
0
0
1.90
1.85
  	
2.75
2.00
 	
1.80
 	
2.65
3.40
2.60
1.49
1.31
1.47
1.5
1.5
2.30
2.25
1.60
1.62
 	 0:3(0:3)  
460	09/02
16:30	 Stuttgart
Augsburg	
-0.25
+0.25
2.08
1.75
 
 	
2.5
1.90
1.90
2.40
3.30
3.00
1.39
1.33
1.57
1.5
1.5
2.20
2.60
1.67
1.47
 	 1:4(0:2)  
461	09/02
18:30	 Schalke 04
Hannover 96	
–1.0
+1.0
1.95
1.85
  	
3.0
1.90
1.90
1.55
4.30
5.70
1.14
1.22
2.45
1.5
1.5
1.50
3.33
2.50
1.30
 	 2:0(2:0)  
463	14/02
21:30	 Mainz 05
Hannover 96	
-0.25
+0.25
1.70
2.08
 
 	
2.75
1.87
 	
1.93
 	
1.95
3.45
3.75
1.25
1.28
1.80
1.5
1.5
1.87
2.70
1.87
1.43
 	 2:0(0:0)  
464	15/02
16:30	 Bayern Munich
Freiburg	
-2.75
+2.75
1.87
1.87
 
 	
3.5
1.90
1.90
1.10
10.00
26.00
 	
1.06
7.22
2.5
1.5
1.50
10.00
2.50
1.05
 	 4:0(3:0)  
465	15/02
16:30	 Eintracht Braunschweig
Hamburg	
0
0
1.98
1.77
  	
2.5
1.85
1.95
2.75
3.40
2.45
1.51
1.30
1.42
1.5
1.5
2.50
2.25
1.49
1.60
 	 4:2(0:1)  
466	15/02
16:30	 Borussia Dortmund
Eintracht Frankfurt	
-1.75
+1.75
1.92
1.83
 
 	
3.25
1.93
 	
1.87
 	
1.27
5.50
10.50
1.03
1.13
3.55
2.5
1.5
2.05
4.25
1.72
1.20
 	 4:0(2:0)  
467	15/02
16:30	 Werder Bremen
Borussia Monchengladbach	
+0.25
-0.25
1.95
1.85
 
 	
2.75
1.90
 	
1.90
 	
3.30
3.50
2.15
1.70
1.30
1.33
1.0
1.5
1.62
1.95
2.20
1.80
 	 1:1(0:1)  
468	15/02
16:30	 Hoffenheim
Stuttgart	
-0.25
+0.25
1.74
2.02
 
 	
3.0
1.93
1.82
2.00
3.60
3.50
1.28
1.26
1.75
1.5
1.5
1.78
2.40
1.97
1.53
 	 4:1(1:0)  
469	15/02
19:30	 Bayer 04 Leverkusen
Schalke 04	
-0.25
+0.25
1.85
1.95
 
 	
2.75
1.76
 	
2.00
 	
2.10
3.70
3.20
1.35
1.27
1.72
1.5
1.5
1.85
2.30
1.90
1.57
 	 1:2(0:1)  
470	16/02
16:30	 Augsburg
Nuremberg	
-0.75
+0.75
2.05
1.72
 
 	
2.5
1.80
1.95
1.85
3.60
4.20
1.22
1.28
1.94
1.5
1.0
1.85
1.95
1.90
1.80
 	 0:1(0:0)  
471	16/02
18:30	 Hertha
Wolfsburg	
-0.25
+0.25
2.05
1.75
 
 	
2.5
1.87
1.87
2.40
3.40
2.90
1.42
1.32
1.57
1.5
1.0
2.20
1.65
1.62
2.15
 	 1:2(1:0)  
433	14/02
21:30	 Mainz 05
Hannover 96	
-0.25
+0.25
1.73
2.10
 
 	
2.75
1.95
 	
1.85
 	
2.00
3.60
3.65
1.29
1.29
1.80
1.5
1.5
1.90
2.70
1.90
1.43
 	 2:0(0:0)  
434	15/02
16:30	 Bayern Munich
Freiburg	
–2.5
+2.5
1.90
1.85
  	
3.5
1.85
1.95
1.09
10.00
26.00
1.01
1.05
7.22
3.0
1.0
1.85
5.50
1.95
1.13
 	 4:0(3:0)  
435	15/02
16:30	 Eintracht Braunschweig
Hamburg	
0
0
1.95
1.85
  	
2.5
1.85
1.95
2.70
3.35
2.60
1.50
1.32
1.47
1.5
1.5
2.35
2.30
1.57
1.60
 	 4:2(0:1)  
436	15/02
16:30	 Borussia Dortmund
Eintracht Frankfurt	
-1.75
+1.75
1.92
1.88
 
 	
3.25
1.80
 	
2.00
 	
1.26
6.00
11.00
1.04
1.13
3.88
2.5
1.5
1.90
4.00
1.90
1.23
 	 4:0(2:0)  
437	15/02
16:30	 Werder Bremen
Borussia Monchengladbach	
+0.25
-0.25
2.05
1.77
 
 	
2.75
1.92
 	
1.88
 	
3.55
3.50
2.05
1.76
1.30
1.29
1.5
1.5
2.85
1.90
1.40
1.90
 	 1:1(0:1)  
438	15/02
16:30	 Hoffenheim
Stuttgart	
-0.25
+0.25
1.77
2.05
 
 	
3.0
1.95
1.85
2.00
3.60
3.65
1.29
1.29
1.81
1.5
1.5
1.78
2.40
1.97
1.53
 	 4:1(1:0)  
439	15/02
19:30	 Bayer 04 Leverkusen
Schalke 04	
-0.25
+0.25
1.85
1.95
 
 	
2.75
1.89
 	
1.90
 	
2.15
3.50
3.30
1.33
1.30
1.70
1.5
1.0
1.95
1.62
1.80
2.20
 	 1:2(0:1)  
440	16/02
16:30	 Augsburg
Nuremberg	
-0.75
+0.75
2.05
1.72
 
 	
2.5
1.80
1.95
1.85
3.60
4.20
1.22
1.28
1.94
1.5
1.0
1.85
1.95
1.90
1.80
 	 0:1(0:0)  
441	16/02
18:30	 Hertha
Wolfsburg	
0
0
1.75
2.05
  	
2.5
1.90
1.90
2.45
3.40
2.85
1.42
1.30
1.51
1.5
1.5
2.25
2.50
1.60
1.49
 	 1:2(1:0)  
443	21/02
21:30	 Schalke 04
Mainz 05	
-0.75
+0.75
2.00
1.76
 
 	
2.75
1.85
 	
1.90
 	
1.75
3.70
4.40
1.19
1.25
2.00
1.5
1.5
1.70
3.20
2.10
1.32
 	 0:0(0:0)  
444	22/02
16:30	 Borussia Monchengladbach
Hoffenheim	
-0.25
+0.25
1.65
2.16
 
 	
3.0
2.00
1.76
1.90
3.70
3.75
1.25
1.26
1.84
1.5
1.5
1.80
2.60
1.95
1.46
 	 2:2(2:0)  
445	22/02
16:30	 Freiburg
Augsburg	
+0.25
-0.25
1.77
1.98
 
 	
2.25
1.76
 	
2.00
 	
3.00
3.35
2.30
1.60
1.30
1.36
1.5
1.5
2.82
2.25
1.40
1.60
 	 2:4(1:1)  
446	22/02
16:30	 Nuremberg
Eintracht Braunschweig	
-0.75
+0.75
1.90
1.85
 
 	
2.5
1.78
1.97
1.72
3.65
4.75
1.17
1.26
2.05
1.5
1.5
1.76
3.50
2.00
1.27
 	 2:1(0:1)  
447	22/02
16:30	 Hamburg
Borussia Dortmund	
+1.5
–1.5
1.90
1.90
  	
3.25
1.85
 	
1.95
 	
8.50
5.00
1.35
3.23
1.17
1.07
1.5
2.5
4.00
2.10
1.23
1.70
 	 3:0(1:0)  
448	22/02
16:30	 Stuttgart
Hertha	
0
0
1.80
1.95
  	
2.5
1.80
1.95
2.50
3.40
2.70
1.44
1.30
1.50
1.5
1.5
2.19
2.40
1.63
1.53
 	 1:2(1:1)  
449	22/02
19:30	 Wolfsburg
Bayer 04 Leverkusen	
0
0
1.85
1.95
  	
2.75
1.85
 	
1.95
 	
2.50
3.40
2.70
1.47
1.32
1.50
1.5
1.5
2.10
2.15
1.70
1.65
 	 3:1(1:1)  
450	23/02
16:30	 Eintracht Frankfurt
Werder Bremen	
-0.75
+0.75
1.90
1.85
 
 	
2.75
1.87
 	
1.87
 	
1.70
3.75
4.80
1.17
1.25
2.08
1.5
1.5
1.68
3.20
2.11
1.32
 	 0:0(0:0)  
451	23/02
18:30	 Hannover 96
Bayern Munich	
+1.75
-1.75
1.85
1.90
 
 	
3.25
1.80
 	
2.00
 	
12.00
6.00
1.25
4.00
1.13
1.03
1.0
2.5
2.65
1.87
1.45
1.87
 	 0:4(0:2)  
347	21/02
21:30	 Schalke 04
Mainz 05	
-0.75
+0.75
1.95
1.85
 
 	
2.75
1.90
 	
1.90
 	
1.75
3.80
4.60
1.20
1.27
2.10
1.5
1.0
1.65
1.90
2.15
1.85
 	 0:0(0:0)  
348	22/02
16:30	 Borussia Monchengladbach
Hoffenheim	
-0.25
+0.25
1.67
2.20
 
 	
3.0
2.05
1.77
1.90
3.70
3.90
1.26
1.28
1.90
1.5
1.5
1.80
2.60
1.95
1.46
 	 2:2(2:0)  
349	22/02
16:30	 Freiburg
Augsburg	
+0.25
-0.25
1.95
1.85
 
 	
2.25
1.88
 	
1.92
 	
3.40
3.30
2.20
1.67
1.34
1.32
1.5
1.5
3.15
2.33
1.33
1.56
 	 2:4(1:1)  
350	22/02
16:30	 Nuremberg
Eintracht Braunschweig	
–1.0
+1.0
2.05
1.77
  	
2.5
1.88
1.92
1.60
3.85
6.00
1.13
1.26
2.35
1.5
1.5
1.70
4.00
2.10
1.22
 	 2:1(0:1)  
351	22/02
16:30	 Hamburg
Borussia Dortmund	
+1.5
–1.5
1.83
1.97
  	
3.25
1.88
 	
1.92
 	
7.50
5.30
1.37
3.15
1.16
1.10
1.0
2.5
2.25
2.10
1.65
1.75
 	 3:0(1:0)  
352	22/02
16:30	 Stuttgart
Hertha	
0
0
1.90
1.90
  	
2.5
2.00
1.80
2.70
3.20
2.70
1.47
1.35
1.47
1.0
1.0
1.65
1.65
2.20
2.20
 	 1:2(1:1)  
353	22/02
19:30	 Wolfsburg
Bayer 04 Leverkusen	
-0.25
+0.25
2.05
1.77
 
 	
2.75
1.92
 	
1.88
 	
2.35
3.45
2.95
1.40
1.31
1.60
1.5
1.5
2.08
2.40
1.70
1.53
 	 3:1(1:1)  
354	23/02
16:30	 Eintracht Frankfurt
Werder Bremen	
-0.75
+0.75
1.88
1.92
 
 	
2.75
1.90
 	
1.90
 	
1.70
3.80
5.00
1.17
1.27
2.15
1.5
1.5
1.68
3.33
2.11
1.30
 	 0:0(0:0)  
355	23/02
18:30	 Hannover 96
Bayern Munich	
+1.75
-1.75
1.85
1.90
 
 	
3.25
1.88
 	
1.92
 	
12.00
6.00
1.25
4.00
1.13
1.03
1.0
2.5
2.85
1.87
1.40
1.87
 	 0:4(0:2)  
357	28/02
21:30	 Hertha
Freiburg	
-0.75
+0.75
1.75
2.05
 
 	
2.5
2.00
1.80
1.60
3.85
5.50
1.13
1.24
2.26
1.5
1.5
1.76
4.00
2.00
1.23
 	 0:0(0:0)  
358	01/03
16:30	 Augsburg
Hannover 96	
-0.25
+0.25
1.62
2.21
 
 	
2.5
1.78
1.97
1.83
3.60
4.15
1.22
1.27
1.92
1.5
1.5
1.83
3.10
1.92
1.34
 	 1:1(0:1)  
359	01/03
16:30	 Borussia Dortmund
Nuremberg	
–2.0
+2.0
1.95
1.85
  	
3.5
1.95
1.85
1.20
7.00
13.00
1.02
1.10
4.60
2.5
1.0
1.75
3.30
2.08
1.32
 	 3:0(0:0)  
360	01/03
16:30	 Bayer 04 Leverkusen
Mainz 05	
–1.0
+1.0
2.02
1.77
  	
2.75
1.77
 	
1.98
 	
1.60
4.05
5.50
1.15
1.24
2.33
1.5
1.5
1.58
3.40
2.30
1.29
 	 0:1(0:1)  
361	01/03
16:30	 Werder Bremen
Hamburg	
0
0
1.60
2.30
  	
2.75
1.77
 	
1.98
 	
2.15
3.50
3.15
1.33
1.27
1.65
1.5
1.5
1.89
2.36
1.85
1.55
 	 1:0(1:0)  
362	01/03
16:30	 Eintracht Braunschweig
Borussia Monchengladbach	
+0.75
-0.75
1.75
2.05
 
 	
2.5
1.84
1.90
4.00
3.65
1.83
1.92
1.26
1.22
1.5
1.5
3.33
1.87
1.30
1.87
 	 1:1(0:1)  
363	01/03
19:30	 Bayern Munich
Schalke 04	
-1.75
+1.75
1.80
1.95
 
 	
3.25
1.85
 	
1.90
 	
1.22
6.30
12.00
1.02
1.11
4.20
2.5
1.0
1.85
3.10
1.90
1.35
 	 5:1(4:0)  
364	02/03
16:30	 Hoffenheim
Wolfsburg	
0
0
1.86
1.88
  	
3.0
1.90
1.84
2.55
3.50
2.60
1.46
1.28
1.48
1.5
1.5
1.95
2.00
1.80
1.76
 	 6:2(4:1)  
365	02/03
18:30	 Eintracht Frankfurt
Stuttgart	
-0.25
+0.25
1.77
1.98
 
 	
2.75
2.00
 	
1.80
 	
2.05
3.45
3.55
1.28
1.29
1.72
1.5
1.5
1.95
2.80
1.80
1.40
 	 2:1(0:1)
370	28/02
21:30	 Hertha
Freiburg	
–1.0
+1.0
2.00
1.80
  	
2.5
1.95
1.85
1.58
4.00
6.00
1.13
1.25
2.40
1.5
1.5
1.77
4.00
2.05
1.25
 	 0:0(0:0)  
371	01/03
16:30	 Augsburg
Hannover 96	
-0.75
+0.75
1.95
1.85
 
 	
2.5
1.83
1.91
1.76
3.80
4.50
1.20
1.27
2.06
1.5
1.5
1.80
3.55
1.95
1.27
 	 1:1(0:1)  
372	01/03
16:30	 Borussia Dortmund
Nuremberg	
-1.75
+1.75
1.85
1.95
 
 	
3.5
1.95
1.80
1.24
6.30
12.00
1.04
1.12
4.13
2.5
1.0
1.85
2.60
1.90
1.46
 	 3:0(0:0)  
373	01/03
16:30	 Bayer 04 Leverkusen
Mainz 05	
-0.75
+0.75
1.95
1.85
 
 	
2.75
1.92
 	
1.88
 	
1.72
3.80
4.80
1.18
1.27
2.12
1.5
1.5
1.74
3.20
2.02
1.32
 	 0:1(0:1)  
374	01/03
16:30	 Werder Bremen
Hamburg	
0
0
1.95
1.85
  	
3.0
1.90
1.85
2.65
3.50
2.55
1.51
1.30
1.48
1.5
1.5
2.00
1.95
1.75
1.80
 	 1:0(1:0)  
375	01/03
16:30	 Eintracht Braunschweig
Borussia Monchengladbach	
+0.25
-0.25
2.20
1.67
 
 	
2.5
1.90
1.90
3.95
3.50
1.95
1.86
1.31
1.25
1.0
1.5
1.95
1.95
1.80
1.80
 	 1:1(0:1)  
376	01/03
19:30	 Bayern Munich
Schalke 04	
-2.25
+2.25
2.00
1.80
 
 	
3.5
1.95
1.85
1.18
7.50
15.00
1.02
1.09
5.00
2.5
1.5
1.70
5.00
2.10
1.15
 	 5:1(4:0)  
377	02/03
16:30	 Hoffenheim
Wolfsburg	
0
0
1.85
1.95
  	
3.0
1.92
1.88
2.55
3.50
2.65
1.48
1.30
1.51
1.5
1.5
1.95
2.00
1.85
1.80
 	 6:2(4:1)  
378	02/03
18:30	 Eintracht Frankfurt
Stuttgart	
-0.25
+0.25
1.80
1.95
 
 	
2.75
1.85
 	
1.90
 	
2.10
3.45
3.50
1.28
1.28
1.70
1.5
1.5
1.87
2.57
1.87
1.47
 	 2:1(0:1)
380	08/03
16:30	 Hannover 96
Bayer 04 Leverkusen	
+0.25
-0.25
1.90
1.90
 
 	
2.75
1.88
 	
1.92
 	
3.05
3.55
2.20
1.63
1.27
1.35
1.5
1.5
2.50
1.92
1.49
1.83
 	 1:1(1:1)  
381	08/03
16:30	 Schalke 04
Hoffenheim	
-0.75
+0.75
1.87
1.87
 
 	
3.0
1.90
1.90
1.70
4.00
4.60
1.18
1.24
2.08
1.5
1.5
1.60
3.00
2.25
1.37
 	 4:0(2:0)  
382	08/03
16:30	 Borussia Monchengladbach
Augsburg	
-0.25
+0.25
1.76
2.00
 
 	
2.5
1.87
1.87
2.05
3.35
3.60
1.27
1.29
1.72
1.5
1.5
2.02
3.00
1.74
1.36
 	 1:2(1:1)  
383	08/03
16:30	 Stuttgart
Eintracht Braunschweig	
-0.75
+0.75
1.76
1.99
 
 	
2.75
1.93
 	
1.82
 	
1.60
4.00
5.50
1.14
1.23
2.30
1.5
1.5
1.65
3.70
2.16
1.25
 	 2:2(2:1)  
384	08/03
16:30	 Hamburg
Eintracht Frankfurt	
-0.25
+0.25
1.90
1.85
 
 	
2.75
1.95
 	
1.85
 	
2.20
3.40
3.20
1.33
1.29
1.65
1.5
1.5
1.90
2.57
1.84
1.47
 	 1:1(0:1)  
385	08/03
16:30	 Wolfsburg
Bayern Munich	
+1.25
-1.25
1.98
1.77
 
 	
3.25
1.95
 	
1.85
 	
7.50
4.85
1.40
2.94
1.18
1.09
1.5
1.5
3.55
1.38
1.27
2.90
 	 1:6(1:1)  
386	08/03
19:30	 Nuremberg
Werder Bremen	
-0.75
+0.75
2.05
1.75
 
 	
2.75
1.98
 	
1.82
 	
1.80
3.70
4.30
1.21
1.27
1.99
1.5
1.5
1.80
3.15
1.95
1.33
 	 0:2(0:1)  
387	09/03
16:30	 Freiburg
Borussia Dortmund	
+1.5
–1.5
1.90
1.90
  	
3.0
1.80
2.00
8.50
5.50
1.33
3.35
1.15
1.07
1.5
1.5
4.30
1.33
1.20
3.20
 	 0:1(0:0)  
388	09/03
18:30	 Mainz 05
Hertha	
-0.25
+0.25
2.01
1.75
 
 	
2.5
1.95
1.80
2.35
3.35
3.00
1.38
1.32
1.58
1.5
1.5
2.30
2.70
1.58
1.43
 	 1:1(0:0)  
548	08/03
16:30	 Hannover 96
Bayer 04 Leverkusen	
+0.25
-0.25
1.95
1.85
 
 	
2.75
1.91
 	
1.85
 	
3.40
3.40
2.15
1.70
1.32
1.32
1.0
1.5
1.65
1.95
2.20
1.85
 	 1:1(1:1)  
549	08/03
16:30	 Schalke 04
Hoffenheim	
-0.25
+0.25
1.73
2.10
 
 	
3.25
1.97
 	
1.83
 	
2.00
3.70
3.55
1.30
1.28
1.80
1.5
1.5
1.65
2.25
2.20
1.60
 	 4:0(2:0)  
550	08/03
16:30	 Borussia Monchengladbach
Augsburg	
-0.25
+0.25
1.93
1.87
 
 	
2.5
1.90
1.90
2.25
3.50
3.10
1.37
1.30
1.65
1.5
1.0
2.10
1.70
1.70
2.10
 	 1:2(1:1)  
551	08/03
16:30	 Stuttgart
Eintracht Braunschweig	
-0.75
+0.75
1.90
1.90
 
 	
2.75
1.95
 	
1.85
 	
1.70
3.80
5.00
1.17
1.27
2.16
1.5
1.0
1.72
2.15
2.05
1.65
 	 2:2(2:1)  
552	08/03
16:30	 Hamburg
Eintracht Frankfurt	
0
0
2.00
1.80
  	
2.5
1.80
2.00
2.75
3.35
2.55
1.51
1.32
1.45
1.5
1.5
2.30
2.25
1.60
1.65
 	 1:1(0:1)  
553	08/03
16:30	 Wolfsburg
Bayern Munich	
+1.5
–1.5
1.95
1.85
  	
3.25
1.90
 	
1.90
 	
10.00
5.80
1.29
3.67
1.14
1.06
1.0
2.5
2.40
1.95
1.55
1.80
 	 1:6(1:1)  
554	08/03
19:30	 Nuremberg
Werder Bremen	
-0.75
+0.75
2.15
1.70
 
 	
2.75
1.95
 	
1.85
 	
1.90
3.60
4.00
1.25
1.30
1.90
1.5
1.0
1.80
2.00
1.95
1.80
 	 0:2(0:1)  
555	09/03
16:30	 Freiburg
Borussia Dortmund	
+1.5
–1.5
1.85
1.95
  	
3.0
1.80
2.00
8.50
5.20
1.35
3.23
1.17
1.07
1.5
1.5
4.30
1.33
1.20
3.20
 	 0:1(0:0)  
556	09/03
18:30	 Mainz 05
Hertha	
-0.25
+0.25
1.85
1.95
 
 	
2.25
1.83
 	
1.97
 	
2.15
3.40
3.40
1.32
1.32
1.70
1.5
1.0
2.20
2.00
1.62
1.80
 	 1:1(0:0) 
558	14/03
21:30	 Augsburg
Schalke 04	
0
0
1.85
1.90
  	
2.5
1.82
1.98
2.60
3.25
2.65
1.45
1.32
1.46
1.5
1.5
2.30
2.40
1.60
1.53
 	 1:2(1:1)  
559	15/03
16:30	 Borussia Dortmund
Borussia Monchengladbach	
–1.5
+1.5
1.92
1.82
  	
3.0
1.80
1.95
1.35
5.00
8.50
1.06
1.17
3.15
2.5
1.5
2.20
4.35
1.67
1.19
 	 1:2(0:2)  
560	15/03
16:30	 Werder Bremen
Stuttgart	
0
0
1.75
2.00
  	
2.5
1.80
2.00
2.45
3.40
2.80
1.42
1.32
1.55
1.5
1.5
2.20
2.35
1.62
1.57
 	 1:1(0:0)  
561	15/03
16:30	 Hertha
Hannover 96	
-0.25
+0.25
1.62
2.21
 
 	
2.5
1.78
1.97
1.83
3.60
4.15
1.22
1.27
1.92
1.5
1.5
1.83
3.10
1.92
1.34
 	 0:3(0:0)  
562	15/03
16:30	 Eintracht Braunschweig
Wolfsburg	
+0.75
-0.75
1.73
2.03
 
 	
2.75
1.95
 	
1.80
 	
4.25
3.60
1.80
1.95
1.26
1.20
1.5
1.5
3.15
1.80
1.33
1.95
 	 1:1(0:1)  
563	15/03
16:30	 Hoffenheim
Mainz 05	
0
0
1.58
2.30
  	
3.0
2.00
1.80
2.15
3.50
3.15
1.33
1.27
1.65
1.5
1.5
1.90
2.30
1.90
1.60
 	 2:4(0:0)  
565	16/03
16:30	 Hamburg
Nuremberg	
-0.25
+0.25
1.85
1.90
 
 	
2.5
1.85
1.90
2.15
3.40
3.30
1.32
1.30
1.67
1.5
1.5
2.05
2.75
1.72
1.42
 	 2:1(0:0)  
566	16/03
18:30	 Eintracht Frankfurt
Freiburg	
-0.25
+0.25
1.55
2.36
 
 	
2.5
1.87
1.87
1.80
3.55
4.30
1.19
1.27
1.95
1.5
1.5
1.87
3.47
1.87
1.28
 	 1:4(0:1)  
359	21/03
21:30	 Freiburg
Werder Bremen	
-0.25
+0.25
1.85
1.95
 
 	
2.5
1.85
1.95
2.15
3.40
3.40
1.32
1.32
1.70
1.5
1.5
2.10
2.65
1.70
1.45
 	 3:1(1:0)  
360	22/03
16:30	 Hannover 96
Borussia Dortmund	
+1.0
–1.0
1.90
1.90
  	
3.0
1.95
1.85
5.50
4.40
1.55
2.45
1.22
1.14
1.0
2.0
2.15
1.95
1.65
1.80
 	 0:3(0:1)  
361	22/03
16:30	 Mainz 05
Bayern Munich	
+1.75
-1.75
1.95
1.85
 
 	
3.25
1.93
 	
1.87
 	
13.00
6.30
1.23
4.30
1.12
1.03
1.0
2.5
3.20
1.90
1.35
1.90
 	 0:2(0:0)  
362	22/03
16:30	 Wolfsburg
Augsburg	
-0.25
+0.25
1.93
1.87
 
 	
2.5
1.95
1.85
2.25
3.40
3.20
1.35
1.32
1.65
1.5
1.0
2.20
1.80
1.67
2.00
 	 1:1(0:1)  
363	22/03
16:30	 Stuttgart
Hamburg	
-0.25
+0.25
1.75
2.10
 
 	
3.0
2.00
1.80
2.00
3.65
3.60
1.29
1.29
1.81
1.5
1.0
1.80
1.62
2.00
2.30
 	 1:0(0:0)  
364	22/03
16:30	 Schalke 04
Eintracht Braunschweig	
-1.25
+1.25
1.92
1.88
 
 	
3.0
1.90
1.90
1.40
4.70
8.00
1.08
1.19
3.00
1.5
1.5
1.40
4.00
2.82
1.23
 	 3:1(1:0)  
365	22/03
19:30	 Borussia Monchengladbach
Hertha	
-0.25
+0.25
1.72
2.15
 
 	
2.5
1.97
1.83
2.00
3.50
3.80
1.27
1.32
1.85
1.5
1.0
2.05
2.00
1.72
1.75
 	 3:0(3:0)  
366	23/03
16:30	 Nuremberg
Eintracht Frankfurt	
0
0
1.77
2.05
  	
2.75
2.00
 	
1.80
 	
2.45
3.40
2.85
1.42
1.32
1.55
1.5
1.5
2.20
2.40
1.67
1.55
 	 2:5(0:1)  
367	23/03
18:30	 Bayer 04 Leverkusen
Hoffenheim	
-0.75
+0.75
1.85
1.95
 
 	
3.25
1.92
 	
1.88
 	
1.70
4.10
4.50
1.20
1.23
2.15
2.0
1.0
1.90
1.65
1.85
2.25
 	 2:3(1:2)  
369	25/03
21:00	 Hertha
Bayern Munich	
+1.75
-1.75
1.85
1.95
 
 	
3.25
1.95
 	
1.85
 	
11.00
6.00
1.25
3.88
1.12
1.03
1.0
2.5
3.00
1.95
1.36
1.80
 	 1:3(0:2)  
370	25/03
21:00	 Eintracht Braunschweig
Mainz 05	
+0.25
-0.25
1.87
1.93
 
 	
2.5
1.95
1.85
3.20
3.35
2.25
1.65
1.32
1.35
1.0
1.5
1.80
2.20
2.00
1.67
 	 3:1(2:1)  
371	25/03
21:00	 Borussia Dortmund
Schalke 04	
–1.0
+1.0
2.00
1.80
  	
3.0
1.85
1.95
1.60
4.30
5.00
1.18
1.22
2.35
2.0
1.0
2.00
1.87
1.80
1.87
 	 0:0(0:0)  
372	25/03
21:00	 Werder Bremen
Wolfsburg	
+0.25
-0.25
1.80
2.00
 
 	
2.5
1.80
1.95
2.90
3.50
2.30
1.60
1.28
1.40
1.0
1.5
1.62
2.10
2.20
1.70
 	 1:3(1:2)  
373	26/03
21:00	 Hamburg
Freiburg	
-0.25
+0.25
1.80
2.00
 
 	
2.5
1.85
1.95
2.10
3.50
3.50
1.32
1.32
1.75
1.5
1.0
2.00
1.80
1.75
1.95
 	 1:1(0:0)  
374	26/03
21:00	 Eintracht Frankfurt
Borussia Monchengladbach	
0
0
1.85
1.95
  	
2.5
1.85
1.90
2.55
3.40
2.70
1.47
1.32
1.50
1.5
1.5
2.30
2.35
1.60
1.57
 	 1:0(1:0)  
375	26/03
21:00	 Augsburg
Bayer 04 Leverkusen	
0
0
1.85
1.90
  	
2.5
1.80
1.95
2.55
3.40
2.65
1.45
1.30
1.48
1.5
1.5
2.25
2.30
1.62
1.57
 	 1:3(0:1)  
376	26/03
21:00	 Nuremberg
Stuttgart	
0
0
1.75
2.00
  	
2.5
1.83
1.97
2.45
3.40
2.80
1.42
1.32
1.55
1.5
1.5
2.20
2.35
1.62
1.57
 	 2:0(1:0)  
377	26/03
21:00	 Hoffenheim
Hannover 96	
-0.25
+0.25
1.80
2.00
 
 	
3.0
1.90
1.85
2.10
3.60
3.25
1.33
1.28
1.71
1.5
1.5
1.80
2.25
1.95
1.60
 	 3:1(1:1)  
383	28/03
21:30	 Schalke 04
Hertha	
-0.75
+0.75
2.15
1.70
 
 	
2.75
1.92
 	
1.88
 	
1.88
3.80
4.00
1.25
1.30
1.90
1.5
1.0
1.80
1.85
1.95
1.90
 	 2:0(1:0)  
384	29/03
16:30	 Bayer 04 Leverkusen
Eintracht Braunschweig	
-1.25
+1.25
1.80
2.00
 
 	
3.0
1.92
1.88
1.36
5.00
8.50
1.07
1.17
3.15
2.0
1.0
1.77
2.90
2.05
1.42
 	 1:1(0:0)  
385	29/03
16:30	 Wolfsburg
Eintracht Frankfurt	
-0.75
+0.75
2.00
1.80
 
 	
3.0
2.00
1.80
1.78
4.00
4.20
1.23
1.25
2.05
1.5
1.0
1.70
1.75
2.15
2.00
 	 2:1(0:1)  
386	29/03
16:30	 Stuttgart
Borussia Dortmund	
+0.75
-0.75
1.88
1.92
 
 	
3.0
1.95
1.85
4.70
4.00
1.70
2.16
1.25
1.19
1.0
2.0
1.80
2.20
1.95
1.65
 	 2:3(2:1)  
387	29/03
16:30	 Bayern Munich
Hoffenheim	
-2.25
+2.25
2.00
1.80
 
 	
3.75
1.80
 	
2.00
 	
1.17
8.00
14.00
1.02
1.08
5.09
3.0
1.0
1.85
3.05
1.90
1.36
 	 3:3(3:2)  
388	29/03
16:30	 Mainz 05
Augsburg	
-0.25
+0.25
1.95
1.80
 
 	
2.25
1.80
 	
1.95
 	
2.30
3.35
3.10
1.36
1.32
1.60
1.5
1.0
2.30
1.85
1.57
1.90
 	 3:0(2:0)  
389	29/03
19:30	 Freiburg
Nuremberg	
-0.25
+0.25
1.93
1.87
 
 	
2.5
1.95
1.85
2.25
3.40
3.20
1.35
1.32
1.65
1.5
1.0
2.20
1.80
1.67
2.00
 	 3:2(1:2)  
390	30/03
16:30	 Borussia Monchengladbach
Hamburg	
-0.75
+0.75
1.90
1.90
 
 	
2.75
1.90
 	
1.90
 	
1.70
3.80
5.00
1.17
1.27
2.16
1.5
1.0
1.70
2.00
2.10
1.75
 	 3:1(1:1)  
391	30/03
18:30	 Hannover 96
Werder Bremen	
-0.75
+0.75
2.05
1.80
 
 	
2.75
1.88
 	
1.92
 	
1.80
3.80
4.30
1.22
1.27
2.00
1.5
1.0
1.72
1.90
2.05
1.85
 	 1:2(1:0)  
393	04/04
21:30	 Hamburg
Bayer 04 Leverkusen	
+0.25
-0.25
1.95
1.85
 
 	
2.75
1.89
 	
1.90
 	
3.30
3.50
2.15
1.70
1.30
1.33
1.0
1.5
1.62
1.95
2.20
1.80
 	 2:1(1:0)  
394	05/04
16:30	 Stuttgart
Freiburg	
-0.25
+0.25
1.75
2.08
 
 	
2.5
1.78
1.97
2.00
3.50
3.60
1.27
1.28
1.76
1.5
1.5
1.95
2.90
1.80
1.38
 	 2:0(0:0)  
395	05/04
16:30	 Augsburg
Bayern Munich	
+1.5
–1.5
1.95
1.80
  	
3.0
1.85
1.95
10.50
5.50
1.28
3.60
1.14
1.04
1.0
2.5
3.10
2.05
1.35
1.72
 	 1:0(1:0)  
396	05/04
16:30	 Eintracht Frankfurt
Mainz 05	
0
0
1.75
2.05
  	
2.5
1.90
1.90
2.45
3.40
2.85
1.42
1.30
1.51
1.5
1.5
2.25
2.50
1.65
1.50
 	 2:0(0:0)  
397	05/04
16:30	 Werder Bremen
Schalke 04	
+0.25
-0.25
1.95
1.85
 
 	
3.0
2.00
1.80
3.20
3.70
2.10
1.72
1.27
1.35
1.5
1.5
2.30
1.85
1.57
1.90
 	 1:1(1:1)  
398	05/04
16:30	 Nuremberg
Borussia Monchengladbach	
+0.25
-0.25
2.00
1.85
 
 	
2.5
1.80
2.00
3.40
3.55
2.10
1.75
1.30
1.32
1.0
1.5
1.77
2.05
2.05
1.77
 	 0:2(0:1)  
399	05/04
19:30	 Borussia Dortmund
Wolfsburg	
–1.0
+1.0
1.85
1.95
  	
3.0
1.82
1.98
1.53
4.30
6.00
1.13
1.22
2.50
1.5
1.5
1.45
3.50
2.65
1.28
 	 2:1(0:1)  
400	06/04
16:30	 Eintracht Braunschweig
Hannover 96	
0
0
2.05
1.75
  	
2.5
1.90
1.90
2.85
3.40
2.45
1.55
1.32
1.42
1.0
1.5
1.65
2.25
2.20
1.60
 	 3:0(2:0)  
401	06/04
18:30	 Hertha
Hoffenheim	
-0.25
+0.25
1.95
1.80
 
 	
2.75
1.90
 	
1.85
 	
2.25
3.50
3.00
1.37
1.30
1.62
1.5
1.0
2.00
1.57
1.75
2.30
 	 1:1(1:1)  
445	11/04
21:30	 Schalke 04
Eintracht Frankfurt	
-0.75
+0.75
1.80
2.05
 
 	
3.0
1.80
2.00
1.62
4.20
5.20
1.17
1.24
2.32
1.5
1.0
1.50
1.90
2.60
1.90
 	 2:0(0:0)  
446	12/04
16:30	 Hannover 96
Hamburg	
0
0
1.75
2.05
  	
2.75
1.82
 	
1.98
 	
2.45
3.50
2.80
1.44
1.31
1.56
1.5
1.5
1.95
2.15
1.80
1.65
 	 2:1(1:0)  
447	12/04
16:30	 Freiburg
Eintracht Braunschweig	
-0.25
+0.25
1.75
2.10
 
 	
2.5
1.90
1.85
2.05
3.40
3.70
1.28
1.32
1.77
1.5
1.0
2.00
1.90
1.75
1.85
 	 2:0(1:0)  
448	12/04
16:30	 Borussia Monchengladbach
Stuttgart	
-0.75
+0.75
2.00
1.80
 
 	
3.0
1.95
1.80
1.80
3.90
4.20
1.23
1.26
2.02
1.5
1.0
1.70
1.75
2.15
2.00
 	 1:1(0:1)  
449	12/04
16:30	 Mainz 05
Werder Bremen	
-0.75
+0.75
1.95
1.85
 
 	
2.75
1.93
 	
1.87
 	
1.75
3.80
4.60
1.20
1.27
2.08
1.5
1.0
1.72
2.00
2.05
1.75
 	 3:0(3:0)  
450	12/04
16:30	 Wolfsburg
Nuremberg	
–1.0
+1.0
1.78
1.97
  	
3.25
2.00
 	
1.80
 	
1.50
4.30
6.50
1.11
1.22
2.59
1.5
1.5
1.43
3.20
2.70
1.32
 	 4:1(2:1)  
451	12/04
19:30	 Bayern Munich
Borussia Dortmund	
-1.25
+1.25
1.88
1.92
 
 	
3.25
1.90
 	
1.90
 	
1.43
4.80
7.00
1.10
1.18
2.85
2.0
1.0
1.60
2.10
2.30
1.70
 	 0:3(0:1)  
452	13/04
16:30	 Bayer 04 Leverkusen
Hertha	
–1.0
+1.0
2.00
1.75
  	
2.75
1.90
 	
1.90
 	
1.60
4.00
5.70
1.14
1.25
2.35
2.0
1.0
2.15
2.20
1.65
1.62
 	 2:1(2:1)  
453	13/04
18:30	 Hoffenheim
Augsburg	
-0.25
+0.25
2.05
1.77
 
 	
3.25
2.00
 	
1.80
 	
2.40
3.60
2.80
1.44
1.29
1.57
1.5
1.5
1.85
2.00
1.95
1.80
 	 2:0(2:0)  
455	17/04
21:30	 Eintracht Frankfurt
Hannover 96	
-0.25
+0.25
1.72
2.15
 
 	
2.5
1.80
2.00
2.00
3.60
3.70
1.30
1.30
1.85
1.5
1.0
1.90
1.80
1.85
1.95
 	 2:3(1:3)  
456	19/04
16:30	 Werder Bremen
Hoffenheim	
0
0
1.90
1.85
  	
3.25
1.95
 	
1.85
 	
2.55
3.70
2.50
1.52
1.27
1.50
1.5
1.5
1.85
1.85
1.90
1.90
 	 3:1(1:1)  
457	19/04
16:30	 Borussia Dortmund
Mainz 05	
-1.25
+1.25
1.90
1.90
 
 	
3.25
2.00
 	
1.80
 	
1.40
5.00
7.00
1.09
1.17
2.92
2.0
1.0
1.67
2.25
2.20
1.65
 	 4:2(2:1)  
458	19/04
16:30	 Eintracht Braunschweig
Bayern Munich	
+1.5
–1.5
1.85
1.90
  	
3.0
1.80
1.95
9.00
5.30
1.33
3.40
1.16
1.06
1.0
2.5
2.65
2.15
1.45
1.70
 	 0:2(0:0)  
459	19/04
16:30	 Augsburg
Hertha	
-0.25
+0.25
1.73
2.10
 
 	
2.5
1.97
1.83
2.00
3.50
3.70
1.27
1.30
1.80
1.5
1.0
2.05
2.00
1.72
1.75
 	 0:0(0:0)  
460	19/04
16:30	 Freiburg
Borussia Monchengladbach	
+0.25
-0.25
1.87
1.93
 
 	
2.5
1.85
1.95
3.10
3.50
2.25
1.65
1.30
1.37
1.0
1.5
1.70
2.10
2.10
1.70
 	 4:2(0:1)  
461	19/04
19:30	 Hamburg
Wolfsburg	
0
0
2.00
1.75
  	
2.75
1.95
 	
1.85
 	
2.75
3.50
2.40
1.55
1.28
1.42
1.5
1.5
2.30
2.15
1.57
1.65
 	 1:3(0:2)  
462	20/04
16:30	 Nuremberg
Bayer 04 Leverkusen	
+0.25
-0.25
1.95
1.85
 
 	
2.75
1.88
 	
1.92
 	
3.35
3.60
2.10
1.74
1.29
1.33
1.0
1.5
1.65
1.90
2.15
1.85
 	 1:4(1:1)  
463	20/04
18:30	 Stuttgart
Schalke 04	
+0.25
-0.25
1.80
2.00
 
 	
3.0
2.00
1.80
2.90
3.60
2.30
1.65
1.27
1.40
1.5
1.5
2.15
1.87
1.65
1.87
 	 3:1(1:0) 
513	25/04
21:30	 Hannover 96
Stuttgart	
0
0
1.92
1.88
  	
2.75
1.90
 	
1.90
 	
2.65
3.55
2.55
1.52
1.30
1.48
1.5
1.5
2.20
2.15
1.67
1.70
 	 0:0(0:0)  
514	26/04
16:30	 Bayern Munich
Werder Bremen	
-1.75
+1.75
1.85
1.95
 
 	
3.75
1.95
 	
1.85
 	
1.25
6.50
10.00
1.05
1.11
3.95
2.5
1.0
1.72
2.35
2.05
1.57
 	 5:2(1:2)  
515	26/04
16:30	 Mainz 05
Nuremberg	
–1.0
+1.0
2.00
1.80
  	
3.0
1.90
1.90
1.60
4.20
5.30
1.16
1.23
2.34
2.0
1.0
2.00
1.87
1.80
1.87
 	 2:0(2:0)  
516	26/04
16:30	 Wolfsburg
Freiburg	
-1.25
+1.25
1.80
2.00
 
 	
3.5
1.88
1.86
1.38
5.00
8.00
1.08
1.18
3.10
2.5
1.0
2.00
2.09
1.76
1.69
 	 2:2(1:0)  
517	26/04
16:30	 Hertha
Eintracht Braunschweig	
-0.25
+0.25
1.70
2.15
 
 	
2.5
1.95
1.80
1.95
3.50
3.90
1.25
1.30
1.84
1.5
1.0
2.05
2.05
1.72
1.72
 	 2:0(0:0)  
518	26/04
16:30	 Hoffenheim
Eintracht Frankfurt	
-0.25
+0.25
1.65
2.25
 
 	
3.5
1.80
2.00
1.85
4.00
3.80
1.28
1.26
1.90
2.0
1.5
1.90
2.10
1.90
1.75
 	 0:0(0:0)  
519	26/04
19:30	 Bayer 04 Leverkusen
Borussia Dortmund	
+0.25
-0.25
1.90
1.90
 
 	
3.0
1.85
1.95
3.15
3.55
2.20
1.67
1.30
1.36
1.5
1.5
2.15
1.85
1.70
1.95
 	 2:2(2:2)  
520	27/04
16:30	 Augsburg
Hamburg	
-0.25
+0.25
1.62
2.30
 
 	
2.5
1.80
2.00
1.85
3.70
4.10
1.23
1.28
2.00
1.5
1.0
1.85
1.97
1.95
1.83
 	 3:1(3:1)  
521	27/04
18:30	 Schalke 04
Borussia Monchengladbach	
-0.25
+0.25
1.70
2.15
 
 	
3.0
1.97
1.83
1.95
3.70
3.70
1.28
1.28
1.85
1.5
1.0
1.77
1.65
2.05
2.25
 	 0:1(0:1)  
453	03/05
16:30	 Freiburg
Schalke 04	
+0.25
-0.25
2.30
1.60
 
 	
3.0
1.85
1.95
3.90
3.90
1.85
1.95
1.25
1.25
1.5
1.5
2.40
1.65
1.53
2.15
 	 0:2(0:1)  
454	03/05
16:30	 Eintracht Frankfurt
Bayer 04 Leverkusen	
+0.75
-0.75
1.95
1.80
 
 	
3.0
2.00
1.80
4.80
4.10
1.67
2.25
1.25
1.20
1.0
2.0
1.85
2.05
1.90
1.72
 	 0:2(0:2)  
455	03/05
16:30	 Nuremberg
Hannover 96	
-0.25
+0.25
1.95
1.85
 
 	
3.0
1.98
1.82
2.25
3.55
3.05
1.38
1.29
1.64
1.5
1.5
1.90
2.40
1.90
1.55
 	 0:2(0:1)  
456	03/05
16:30	 Stuttgart
Wolfsburg	
+0.25
-0.25
1.75
2.00
 
 	
2.75
1.80
 	
2.00
 	
2.90
3.45
2.40
1.58
1.31
1.42
1.5
1.5
2.20
1.95
1.62
1.80
 	 1:2(0:1)  
457	03/05
16:30	 Borussia Dortmund
Hoffenheim	
-1.75
+1.75
1.75
2.05
 
 	
4.25
1.92
 	
1.88
 	
1.25
7.00
9.00
1.06
1.10
3.94
3.0
1.0
1.87
1.95
1.87
1.85
 	 3:2(3:1)  
458	03/05
16:30	 Borussia Monchengladbach
Mainz 05	
-0.75
+0.75
2.00
1.80
 
 	
3.0
1.95
1.80
1.78
4.00
4.20
1.23
1.25
2.05
1.5
1.0
1.70
1.75
2.15
2.00
 	 3:1(1:0)  
459	03/05
16:30	 Eintracht Braunschweig
Augsburg	
+0.25
-0.25
1.85
2.00
 
 	
2.75
1.93
 	
1.87
 	
3.00
3.50
2.30
1.62
1.30
1.39
1.0
1.5
1.60
2.05
2.35
1.77
 	 0:1(0:0)  
460	03/05
16:30	 Hamburg
Bayern Munich	
+1.75
-1.75
1.83
1.97
 
 	
3.5
1.75
2.05
7.50
6.50
1.30
3.48
1.11
1.08
1.0
2.5
2.05
1.70
1.75
2.10
 	 1:4(0:1)  
461	03/05
16:30	 Werder Bremen
Hertha	
+0.25
-0.25
1.75
2.05
 
 	
2.75
1.80
 	
2.00
 	
2.85
3.50
2.40
1.57
1.30
1.42
1.5
1.5
2.20
2.00
1.62
1.75
 	 2:0(0:0)  
431	10/05
16:30	 Hertha
Borussia Dortmund	
+1.25
-1.25
1.90
1.90
 
 	
3.25
1.88
 	
1.92
 	
6.50
4.80
1.45
2.76
1.19
1.11
1.0
2.5
1.90
2.15
1.85
1.65
 	 0:4(0:2)  
432	10/05
16:30	 Augsburg
Eintracht Frankfurt	
-1.25
+1.25
1.90
1.90
 
 	
3.0
1.90
1.90
1.40
5.20
7.00
1.10
1.17
2.98
2.0
1.0
1.65
2.50
2.15
1.50
 	 2:1(1:1)  
433	10/05
16:30	 Wolfsburg
Borussia Monchengladbach	
-0.75
+0.75
1.80
2.00
 
 	
3.25
1.90
 	
1.90
 	
1.65
4.35
4.50
1.20
1.22
2.20
2.0
1.0
1.90
1.72
1.85
2.05
 	 3:1(1:0)  
434	10/05
16:30	 Bayern Munich
Stuttgart	
-2.25
+2.25
1.80
2.00
 
 	
4.25
1.90
 	
1.90
 	
1.16
9.00
13.00
1.03
1.06
5.32
3.0
1.0
1.70
2.50
2.10
1.50
 	 1:0(0:0)  
435	10/05
16:30	 Bayer 04 Leverkusen
Werder Bremen	
-1.75
+1.75
1.95
1.85
 
 	
3.5
1.80
2.00
1.27
6.50
9.00
1.06
1.11
3.78
2.5
1.0
1.80
2.15
2.00
1.70
 	 2:1(1:1)  
436	10/05
16:30	 Schalke 04
Nuremberg	
-1.75
+1.75
1.90
1.85
 
 	
3.5
1.80
2.00
1.28
6.00
9.50
1.05
1.13
3.68
2.5
1.0
1.75
2.20
2.00
1.65
 	 4:1(2:0)  
437	10/05
16:30	 Hannover 96
Freiburg	
-0.25
+0.25
1.65
2.25
 
 	
3.0
1.72
2.05
1.90
3.80
3.80
1.27
1.27
1.90
2.0
1.0
2.15
1.50
1.65
2.50
 	 3:2(1:0)  
438	10/05
16:30	 Mainz 05
Hamburg	
-0.75
+0.75
2.00
1.80
 
 	
3.0
1.92
1.82
1.80
4.20
3.85
1.24
1.24
2.00
2.0
1.0
2.05
1.57
1.75
2.30
 	 3:2(1:1)  
439	10/05
16:30	 Hoffenheim
Eintracht Braunschweig	
–1.0
+1.0
1.85
1.95
  	
3.5
1.95
1.85
1.56
4.90
4.75
1.18
1.17
2.41
1.5
1.5
1.40
2.30
2.85
1.60
 	 3:1(1:0)  