120	01/10
21:30	 Auxerre
Arles	
-0.75
+0.75
1.97
1.74
 
 	
2.25
1.90
 	
1.80
 	
1.75
3.15
5.30
1.12
1.33
1.96
1.5
1.0
1.90
2.75
1.80
1.40
 	 2:1(0:0) 
261	05/10
19:45	 Arles
Clermont	
-0.25
+0.25
1.80
1.90
 
 	
2.0
1.85
1.85
2.20
2.95
3.55
1.25
1.40
1.60
1.5
1.5
2.55
3.75
1.45
1.23
 	 0:2(0:0)  
262	05/10
19:45	 Gazelec Ajaccio
Nantes	
0
0
1.80
1.90
  	
2.25
1.95
 	
1.76
 	
2.70
2.90
2.75
1.40
1.38
1.42
1.5
1.5
2.65
2.75
1.42
1.40
 	 3:1(1:0)  
263	05/10
19:45	 Guingamp
Laval	
-0.75
+0.75
2.00
1.72
 
 	
2.25
1.85
 	
1.85
 	
1.75
3.25
5.10
1.14
1.32
1.96
1.5
1.5
1.90
4.25
1.80
1.18
 	 1:1(0:1)  
264	05/10
19:45	 Istres
Caen	
-0.25
+0.25
1.95
1.76
 
 	
2.0
1.75
1.96
2.35
2.95
3.20
1.30
1.37
1.52
1.5
1.5
2.40
3.10
1.50
1.32
 	 0:4(0:1)  
265	05/10
19:45	 Le Havre
Auxerre	
-0.25
+0.25
1.85
1.85
 
 	
2.25
1.80
 	
1.90
 	
2.25
3.00
3.35
1.28
1.37
1.57
1.5
1.5
2.30
3.05
1.55
1.33
 	 2:1(1:1)  
266	05/10
19:45	 Le Mans
Sedan	
-0.25
+0.25
1.70
2.03
 
 	
2.25
1.80
 	
1.90
 	
2.00
3.10
3.90
1.22
1.35
1.72
1.5
1.5
2.20
3.40
1.60
1.27
 	 1:0(1:0)  
267	05/10
19:45	 Lens
Niort	
-0.25
+0.25
1.75
1.96
 
 	
2.25
1.95
 	
1.76
 	
2.10
3.00
3.75
1.23
1.37
1.67
1.5
1.5
2.20
3.40
1.60
1.27
 	 1:0(0:0)  
268	05/10
19:45	 Tours
Nimes	
-0.25
+0.25
1.90
1.80
 
 	
2.25
2.00
 	
1.72
 	
2.20
3.00
3.45
1.27
1.37
1.60
1.5
1.5
2.30
3.40
1.55
1.27
 	 1:0(0:0)  
269	06/10
15:00	 Dijon
Angers	
-0.25
+0.25
1.85
1.85
 
 	
2.25
1.85
 	
1.85
 	
2.25
3.00
3.35
1.28
1.38
1.57
1.5
1.5
2.40
3.05
1.50
1.33
 	 0:0(0:0)  
270	08/10
21:30	 Monaco
Chateauroux	
–1.0
+1.0
1.90
1.80
  	
2.5
1.95
1.76
1.52
3.85
6.20
1.09
1.25
2.35
 1.52
3.85
6.20
1.09
1.25
2.35
 	 0:0(0:0)  
265	19/10
19:45	 Angers
Monaco	
0
0
1.75
1.96
  	
2.25
1.85
 	
1.85
 	
2.55
3.05
2.80
1.40
1.35
1.45
1.5
1.5
2.55
2.55
1.45
1.45
 	 1:2(0:1)  
266	19/10
19:45	 Caen
Guingamp	
-0.75
+0.75
2.05
1.70
 
 	
2.5
1.95
1.76
1.80
3.20
4.75
1.15
1.33
1.90
1.5
1.0
1.90
2.55
1.80
1.45
 	 1:2(0:1)  
267	19/10
19:45	 Chateauroux
Gazelec Ajaccio	
-0.25
+0.25
1.60
2.20
 
 	
2.0
1.80
1.90
1.90
3.00
4.55
1.16
1.37
1.80
1.5
1.5
2.15
4.05
1.63
1.20
 	 3:1(2:0)  
268	19/10
19:45	 Clermont
Istres	
-0.25
+0.25
1.90
1.80
 
 	
2.25
2.00
 	
1.72
 	
2.25
3.00
3.35
1.28
1.38
1.57
1.5
1.5
2.30
3.40
1.55
1.27
 	 2:1(2:0)  
269	19/10
19:45	 Laval
Tours	
-0.25
+0.25
1.75
1.96
 
 	
2.25
1.90
 	
1.80
 	
2.10
2.95
3.85
1.23
1.38
1.67
1.5
1.5
2.25
3.55
1.57
1.25
 	 2:2(1:0)  
270	19/10
19:45	 Nimes
Le Mans	
-0.25
+0.25
1.95
1.76
 
 	
2.25
1.90
 	
1.80
 	
2.35
3.00
3.15
1.32
1.38
1.52
1.5
1.5
2.50
2.95
1.47
1.35
 	 2:1(1:1)  
271	19/10
19:45	 Niort
Le Havre	
-0.25
+0.25
2.00
1.72
 
 	
2.25
1.90
 	
1.80
 	
2.40
2.95
3.10
1.33
1.38
1.50
1.5
1.5
2.55
2.95
1.45
1.35
 	 0:0(0:0)  
272	19/10
19:45	 Sedan
Arles	
-0.25
+0.25
1.85
1.85
 
 	
2.0
1.85
1.85
2.20
2.95
3.55
1.25
1.37
1.60
1.5
1.5
2.40
3.75
1.50
1.23
 	 4:2(2:1)  
273	20/10
15:00	 Auxerre
Lens	
-0.25
+0.25
1.60
2.20
 
 	
2.25
1.80
 	
1.90
 	
1.87
3.20
4.35
1.18
1.33
1.85
1.5
1.5
2.07
3.55
1.67
1.25
 	 1:2(0:2)  
274	22/10
21:30	 Nantes
Dijon	
-0.25
+0.25
1.57
2.25
 
 	
2.25
1.90
 	
1.80
 	
1.85
3.15
4.55
1.16
1.33
1.85
1.5
1.5
2.00
3.75
1.72
1.23
 	 2:0(1:0)  
247	26/10
19:45	 Angers
Chateauroux	
-0.25
+0.25
1.75
1.96
 
 	
2.25
2.00
 	
1.72
 	
2.05
3.10
3.75
1.23
1.35
1.70
1.5
1.5
2.25
3.40
1.57
1.27
 	 1:0(0:0)  
248	26/10
19:45	 Arles
Caen	
0
0
1.80
1.90
  	
2.25
2.03
 	
1.70
 	
2.65
3.00
2.75
1.40
1.37
1.42
1.5
1.5
2.65
2.65
1.42
1.42
 	 0:2(0:1)  
249	26/10
19:45	 Dijon
Auxerre	
-0.25
+0.25
1.95
1.76
 
 	
2.25
1.90
 	
1.80
 	
2.45
3.00
2.95
1.35
1.37
1.50
1.5
1.5
2.40
2.85
1.50
1.37
 	 0:1(0:1)  
250	26/10
19:45	 Gazelec Ajaccio
Niort	
-0.25
+0.25
1.75
1.96
 
 	
2.25
2.00
 	
1.72
 	
2.10
3.00
3.75
1.23
1.37
1.67
1.5
1.5
2.25
3.55
1.57
1.25
 	 cancelled  
251	26/10
19:45	 Guingamp
Sedan	
-0.75
+0.75
2.00
1.72
 
 	
2.5
1.85
1.85
1.80
3.30
4.55
1.16
1.30
1.90
1.5
1.0
1.85
2.30
1.85
1.55
 	 2:0(2:0)  
252	26/10
19:45	 Istres
Tours	
-0.75
+0.75
2.00
1.72
 
 	
2.25
1.95
 	
1.76
 	
1.80
3.25
4.75
1.15
1.33
1.90
1.5
1.0
2.00
2.55
1.72
1.45
 	 4:1(2:0)  
253	26/10
19:45	 Le Havre
Nimes	
-0.25
+0.25
1.60
2.20
 
 	
2.25
1.90
 	
1.80
 	
1.90
3.10
4.40
1.17
1.33
1.80
1.5
1.5
2.10
3.75
1.65
1.23
 	 1:1(1:0)  
254	26/10
19:45	 Le Mans
Laval	
-0.25
+0.25
1.85
1.85
 
 	
2.25
1.90
 	
1.80
 	
2.15
3.05
3.55
1.25
1.35
1.65
1.5
1.5
2.25
3.20
1.57
1.30
 	 2:0(2:0)  
255	27/10
15:00	 Monaco
Nantes	
-0.25
+0.25
1.55
2.30
 
 	
2.25
1.75
 	
1.96
 	
1.80
3.25
4.65
1.16
1.33
1.90
1.5
1.5
1.95
3.75
1.76
1.23
 	 0:2(0:2)  
256	29/10
21:30	 Lens
Clermont	
-0.25
+0.25
1.85
1.85
 
 	
2.25
1.90
 	
1.80
 	
2.15
3.05
3.55
1.26
1.35
1.65
1.5
1.5
2.25
3.40
1.57
1.27
 	 2:2(1:2) 
197	02/11
19:45	 Chateauroux
Dijon	
-0.25
+0.25
1.75
1.96
 
 	
2.25
1.85
 	
1.85
 	
2.05
3.10
3.75
1.23
1.35
1.70
1.5
1.5
2.25
3.40
1.57
1.27
 	 2:2(1:1)  
198	02/11
19:45	 Clermont
Guingamp	
-0.25
+0.25
1.90
1.80
 
 	
2.25
1.85
 	
1.85
 	
2.25
3.00
3.35
1.28
1.38
1.57
1.5
1.5
2.40
3.05
1.50
1.33
 	 1:2(1:1)  
199	02/11
19:45	 Laval
Istres	
-0.25
+0.25
1.95
1.76
 
 	
2.25
2.00
 	
1.72
 	
2.30
3.00
3.25
1.30
1.38
1.55
1.5
1.5
2.30
3.40
1.55
1.27
 	 2:1(0:0)  
200	02/11
19:45	 Nimes
Arles	
-0.25
+0.25
1.75
1.96
 
 	
2.25
2.10
 	
1.67
 	
2.05
3.10
3.75
1.23
1.35
1.70
1.5
1.0
2.25
2.25
1.57
1.57
 	 4:1(0:0)  
201	02/11
19:45	 Niort
Monaco	
+0.25
-0.25
1.80
1.90
 
 	
2.25
2.00
 	
1.72
 	
3.35
2.95
2.30
1.55
1.38
1.28
1.5
1.5
3.05
2.40
1.33
1.50
 	 1:1(0:0)  
202	02/11
19:45	 Sedan
Lens	
-0.25
+0.25
1.90
1.80
 
 	
2.25
1.80
 	
1.90
 	
2.25
3.00
3.35
1.28
1.38
1.57
1.5
1.5
2.40
3.05
1.50
1.33
 	 0:1(0:0)  
203	02/11
19:45	 Tours
Le Mans	
0
0
1.72
2.00
  	
2.25
1.90
 	
1.80
 	
2.50
3.00
2.90
1.37
1.37
1.47
1.5
1.5
2.50
2.95
1.47
1.35
 	 2:0(1:0)  
204	03/11
15:00	 Auxerre
Gazelec Ajaccio	
-0.75
+0.75
1.95
1.76
 
 	
2.25
1.80
 	
1.90
 	
1.72
3.35
5.10
1.13
1.30
2.00
1.5
1.5
1.85
3.75
1.85
1.23
 	 1:1(1:0)  
205	03/11
15:00	 Nantes
Angers	
-0.75
+0.75
2.00
1.72
 
 	
2.25
1.90
 	
1.80
 	
1.80
3.20
4.75
1.15
1.32
1.90
1.5
1.0
2.00
2.55
1.72
1.45
 	 1:0(0:0)  
206	05/11
21:30	 Caen
Le Havre	
-0.75
+0.75
2.00
1.72
 
 	
2.25
1.90
 	
1.80
 	
1.80
3.20
4.75
1.15
1.32
1.90
1.5
1.0
2.00
2.55
1.72
1.45
 	 2:0(1:0)  
263	09/11
19:45	 Angers
Niort	
-0.75
+0.75
2.00
1.72
 
 	
2.25
2.00
 	
1.72
 	
1.75
3.25
5.10
1.14
1.32
1.96
1.5
1.5
1.95
4.25
1.76
1.18
 	 0:0(0:0)  
264	09/11
19:45	 Arles
Laval	
-0.25
+0.25
1.95
1.76
 
 	
2.0
1.75
1.96
2.35
2.95
3.20
1.32
1.38
1.55
1.5
1.5
2.65
3.05
1.42
1.33
 	 0:3(0:2)  
265	09/11
19:45	 Dijon
Nimes	
-0.25
+0.25
1.85
1.85
 
 	
2.25
1.90
 	
1.80
 	
2.20
2.95
3.55
1.25
1.37
1.60
1.5
1.5
2.30
3.40
1.55
1.27
 	 2:1(0:0)  
266	09/11
19:45	 Gazelec Ajaccio
Sedan	
-0.25
+0.25
1.70
2.03
 
 	
2.25
1.90
 	
1.80
 	
2.00
3.15
3.85
1.22
1.33
1.72
1.5
1.5
2.10
3.40
1.65
1.27
 	 1:1(0:1)  
267	09/11
19:45	 Guingamp
Tours	
-0.75
+0.75
2.00
1.72
 
 	
2.25
1.80
 	
1.90
 	
1.72
3.35
5.10
1.13
1.32
2.00
1.5
1.5
1.85
4.25
1.85
1.18
 	 0:0(0:0)  
268	09/11
19:45	 Istres
Le Mans	
-0.25
+0.25
1.70
2.03
 
 	
2.25
1.85
 	
1.85
 	
2.00
3.15
3.85
1.22
1.35
1.72
1.5
1.5
2.15
3.40
1.63
1.27
 	 1:0(0:0)  
269	09/11
19:45	 Le Havre
Clermont	
-0.25
+0.25
1.57
2.25
 
 	
2.25
1.75
 	
1.96
 	
1.85
3.15
4.55
1.17
1.33
1.85
1.5
1.5
2.00
3.55
1.72
1.25
 	 1:3(0:1)  
270	09/11
19:45	 Nantes
Chateauroux	
-0.75
+0.75
1.95
1.76
 
 	
2.25
1.85
 	
1.85
 	
1.72
3.35
5.10
1.13
1.32
2.00
1.5
1.5
1.85
4.25
1.85
1.18
 	 1:1(1:1)  
271	10/11
15:00	 Monaco
Auxerre	
-0.75
+0.75
1.95
1.76
 
 	
2.5
1.95
1.76
1.72
3.40
4.95
1.15
1.30
2.00
 1.72
3.40
4.95
1.15
1.30
2.00
 	 2:0(1:0)  
272	12/11
21:30	 Lens
Caen	
0
0
1.72
2.00
  	
2.25
1.90
 	
1.80
 	
2.50
3.00
2.95
1.35
1.37
1.47
1.5
1.5
2.50
2.95
1.47
1.35
 	 0:0(0:0) 
 234	23/11
19:45	 Caen
Angers	
-0.25
+0.25
1.65
2.11
 
 	
2.25
1.85
 	
1.85
 	
1.95
3.15
4.05
1.20
1.33
1.76
1.5
1.5
2.10
3.55
1.65
1.25
 	 1:0(0:0)  
235	23/11
19:45	 Istres
Arles	
-0.75
+0.75
2.00
1.72
 
 	
2.0
1.75
1.96
1.72
3.25
5.30
1.13
1.32
2.00
1.5
1.5
1.90
4.25
1.80
1.18
 	 0:1(0:0)  
236	23/11
19:45	 Laval
Dijon	
-0.25
+0.25
1.75
1.96
 
 	
2.25
1.75
 	
1.96
 	
2.10
2.95
3.85
1.23
1.38
1.67
1.5
1.5
2.15
3.20
1.63
1.30
 	 3:0(0:0)  
237	23/11
19:45	 Le Mans
Guingamp	
0
0
1.75
1.96
  	
2.25
1.85
 	
1.85
 	
2.55
3.00
2.85
1.37
1.37
1.45
1.5
1.5
2.50
2.75
1.47
1.40
 	 0:2(0:1)  
238	23/11
19:45	 Nimes
Lens	
-0.25
+0.25
1.80
1.90
 
 	
2.25
1.90
 	
1.80
 	
2.15
3.05
3.55
1.25
1.35
1.65
1.5
1.5
2.25
3.20
1.57
1.30
 	 1:2(0:1)  
239	23/11
19:45	 Niort
Chateauroux	
-0.25
+0.25
1.85
1.85
 
 	
2.0
1.85
1.85
2.25
2.95
3.40
1.27
1.37
1.57
1.5
1.5
2.40
3.10
1.50
1.32
 	 2:2(1:1)  
240	23/11
19:45	 Sedan
Le Havre	
-0.25
+0.25
1.75
1.96
 
 	
2.25
1.85
 	
1.85
 	
2.10
3.05
3.65
1.25
1.35
1.67
1.5
1.5
2.30
3.05
1.55
1.33
 	 1:2(0:2)  
241	23/11
19:45	 Tours
Gazelec Ajaccio	
-0.25
+0.25
1.85
1.85
 
 	
2.25
1.90
 	
1.80
 	
2.20
2.95
3.55
1.25
1.37
1.60
1.5
1.5
2.25
3.55
1.57
1.25
 	 2:1(1:0)  
242	24/11
15:00	 Auxerre
Nantes	
0
0
1.72
2.00
  	
2.25
1.90
 	
1.80
 	
2.50
3.00
2.95
1.35
1.37
1.47
1.5
1.5
2.50
2.95
1.47
1.35
 	 0:2(0:1)  
243	26/11
21:30	 Clermont
Monaco	
+0.25
-0.25
1.72
2.00
 
 	
2.25
1.90
 	
1.80
 	
3.00
3.00
2.45
1.50
1.37
1.35
1.5
1.5
2.95
2.50
1.35
1.47
 	 0:1(0:0)
247	30/11
19:45	 Angers
Nimes	
-0.75
+0.75
2.00
1.72
 
 	
2.25
2.00
 	
1.72
 	
1.75
3.25
5.00
1.14
1.32
1.96
1.5
1.5
1.95
4.25
1.76
1.18
 	 0:0(0:0)  
248	30/11
19:45	 Arles
Le Mans	
-0.25
+0.25
2.00
1.72
 
 	
2.0
1.85
1.85
2.40
2.85
3.25
1.30
1.39
1.50
1.5
1.5
2.65
3.05
1.42
1.33
 	 0:0(0:0)  
249	30/11
19:45	 Chateauroux
Auxerre	
-0.25
+0.25
1.72
2.00
 
 	
2.25
1.90
 	
1.80
 	
2.10
3.00
3.75
1.23
1.38
1.67
1.5
1.5
2.30
3.20
1.55
1.30
 	 1:1(0:0)  
250	30/11
19:45	 Gazelec Ajaccio
Clermont	
-0.25
+0.25
1.80
1.90
 
 	
2.25
1.85
 	
1.85
 	
2.20
3.00
3.45
1.27
1.38
1.60
1.5
1.5
2.25
3.10
1.57
1.32
 	 0:1(0:0)  
251	30/11
19:45	 Le Havre
Tours	
-0.25
+0.25
1.65
2.11
 
 	
2.25
1.85
 	
1.85
 	
1.90
3.10
4.40
1.18
1.33
1.80
1.5
1.5
2.10
3.55
1.65
1.25
 	 3:0(2:0)  
252	30/11
19:45	 Lens
Laval	
-0.25
+0.25
1.75
1.96
 
 	
2.25
1.85
 	
1.85
 	
2.10
3.00
3.75
1.23
1.38
1.65
1.5
1.5
2.25
3.20
1.57
1.30
 	 1:0(0:0)  
253	30/11
19:45	 Monaco
Sedan	
–1.0
+1.0
1.80
1.90
  	
2.5
1.87
1.83
1.45
4.00
7.25
1.06
1.22
2.55
 1.45
4.00
7.25
1.06
1.22
2.55
 	 3:1(1:0)  
254	30/11
19:45	 Nantes
Niort	
-0.75
+0.75
1.80
1.90
 
 	
2.25
1.90
 	
1.80
 	
1.60
3.50
6.00
1.10
1.28
2.20
1.5
1.5
1.80
4.75
1.90
1.15
 	 0:0(0:0)  
255	01/12
15:00	 Dijon
Caen	
0
0
1.87
1.83
  	
2.25
1.90
 	
1.80
 	
2.75
2.95
2.70
1.42
1.38
1.40
1.5
1.5
2.75
2.65
1.40
1.42
 	 1:0(0:0)  
256	03/12
21:30	 Guingamp
Istres	
-0.25
+0.25
1.65
2.11
 
 	
2.25
1.85
 	
1.85
 	
1.90
3.20
4.25
1.18
1.33
1.80
1.5
1.5
2.10
3.85
1.67
1.22
 	 1:0(1:0)  
101	10/12
21:45	 Clermont
Nantes	
0
0
1.80
1.90
  	
2.25
2.15
 	
1.63
 	
2.65
3.05
2.70
1.41
1.37
1.42
1.5
1.5
2.75
2.95
1.40
1.35
 	 0:1(0:1)  
434	11/12
21:55	 Auxerre
Niort	
-0.25
+0.25
1.67
2.10
 
 	
2.25
1.95
 	
1.76
 	
1.95
3.05
4.25
1.19
1.35
1.76
1.5
1.5
2.15
3.75
1.63
1.23
 	 4:2(1:2)  
435	11/12
21:55	 Caen
Monaco	
0
0
1.75
1.96
  	
2.25
1.85
 	
1.85
 	
2.55
3.00
2.85
1.37
1.37
1.45
1.5
1.5
2.50
2.65
1.47
1.42
 	 3:0(2:0)  
436	11/12
21:55	 Guingamp
Arles	
-0.75
+0.75
2.00
1.72
 
 	
2.25
1.95
 	
1.76
 	
1.75
3.25
5.10
1.14
1.32
1.96
1.5
1.5
1.94
4.25
1.77
1.18
 	 0:0(0:0)  
437	11/12
21:55	 Istres
Le Havre	
-0.25
+0.25
1.75
1.96
 
 	
2.25
2.00
 	
1.72
 	
2.10
3.00
3.75
1.23
1.35
1.67
1.5
1.5
2.30
3.55
1.55
1.25
 	 3:0(1:0)  
438	11/12
21:55	 Laval
Angers	
-0.25
+0.25
1.95
1.76
 
 	
2.0
1.75
1.96
2.30
3.00
3.25
1.30
1.37
1.55
1.5
1.5
2.40
3.10
1.50
1.32
 	 1:4(1:1)  
439	11/12
21:55	 Le Mans
Gazelec Ajaccio	
-0.25
+0.25
1.67
2.10
 
 	
2.25
1.95
 	
1.76
 	
1.95
3.05
4.25
1.19
1.35
1.80
1.5
1.5
2.15
3.75
1.63
1.23
 	 1:0(1:0)  
440	11/12
21:55	 Nimes
Chateauroux	
-0.25
+0.25
1.95
1.76
 
 	
2.0
1.75
1.96
2.30
2.95
3.30
1.30
1.37
1.55
1.5
1.5
2.40
3.10
1.50
1.32
 	 2:0(0:0)  
441	11/12
21:55	 Tours
Lens	
0
0
1.72
2.00
  	
2.25
1.95
 	
1.76
 	
2.50
2.95
2.95
1.35
1.37
1.47
1.5
1.5
2.50
2.95
1.47
1.35
 	 0:0(0:0) 
212	14/12
19:45	 Angers
Auxerre	
-0.25
+0.25
1.70
2.05
 
 	
2.25
1.90
 	
1.80
 	
2.00
3.05
4.00
1.22
1.38
1.72
1.5
1.5
2.25
3.55
1.57
1.25
 	 2:1(1:1)  
213	14/12
19:45	 Arles
Tours	
-0.25
+0.25
1.85
1.85
 
 	
2.25
2.15
 	
1.63
 	
2.25
2.95
3.40
1.27
1.37
1.57
1.5
1.5
2.40
3.10
1.50
1.32
 	 2:2(1:1)  
214	14/12
19:45	 Chateauroux
Clermont	
-0.25
+0.25
1.85
1.85
 
 	
2.25
1.95
 	
1.76
 	
2.20
3.00
3.45
1.27
1.38
1.60
1.5
1.5
2.30
3.20
1.55
1.30
 	 0:0(0:0)  
215	14/12
19:45	 Gazelec Ajaccio
Laval	
-0.25
+0.25
1.90
1.80
 
 	
2.25
2.10
 	
1.67
 	
2.30
3.00
3.25
1.30
1.37
1.55
1.5
1.5
2.40
3.05
1.50
1.33
 	 3:1(1:0)  
216	14/12
19:45	 Le Havre
Le Mans	
-0.25
+0.25
1.90
1.80
 
 	
2.25
1.95
 	
1.76
 	
2.25
3.00
3.35
1.28
1.38
1.57
1.5
1.5
2.30
3.40
1.55
1.27
 	 1:0(0:0)  
217	14/12
19:45	 Monaco
Nimes	
-0.75
+0.75
1.85
1.85
 
 	
2.5
1.95
1.76
1.60
3.55
5.95
1.10
1.28
2.20
1.5
1.0
1.70
2.75
2.03
1.40
 	 1:1(1:1)  
218	15/12
15:00	 Dijon
Istres	
-0.25
+0.25
1.80
1.90
 
 	
2.25
2.05
 	
1.70
 	
2.10
3.00
3.75
1.23
1.35
1.67
1.5
1.5
2.30
3.55
1.55
1.25
 	 3:1(2:0)  
219	15/12
15:00	 Nantes
Caen	
-0.25
+0.25
1.85
1.85
 
 	
2.25
1.95
 	
1.76
 	
2.15
3.00
3.60
1.25
1.37
1.65
1.5
1.5
2.30
3.20
1.55
1.30
 	 2:1(2:1)  
220	17/12
21:30	 Lens
Guingamp	
-0.25
+0.25
1.90
1.80
 
 	
2.25
1.95
 	
1.76
 	
2.25
3.00
3.35
1.28
1.38
1.57
1.5
1.5
2.30
3.40
1.55
1.27
 	 1:1(1:1)
183	21/12
19:45	 Arles
Dijon	
0
0
1.80
1.90
  	
2.0
1.85
1.85
2.65
3.00
2.75
1.40
1.38
1.42
1.5
1.5
2.65
2.75
1.42
1.40
 	 1:1(1:0)  
184	21/12
19:45	 Caen
Chateauroux	
-0.75
+0.75
1.80
1.90
 
 	
2.25
1.90
 	
1.80
 	
1.60
3.50
6.00
1.10
1.30
2.20
1.5
1.0
1.80
2.75
1.90
1.40
 	 1:0(0:0)  
185	21/12
19:45	 Clermont
Auxerre	
-0.25
+0.25
1.95
1.76
 
 	
2.25
1.95
 	
1.76
 	
2.35
3.00
3.15
1.32
1.37
1.55
1.5
1.5
2.40
3.10
1.50
1.32
 	 1:2(0:0)  
186	21/12
19:45	 Guingamp
Gazelec Ajaccio	
-0.75
+0.75
1.75
1.96
 
 	
2.25
1.90
 	
1.80
 	
1.57
3.50
6.50
1.08
1.30
2.25
1.5
1.0
1.75
2.85
1.96
1.37
 	 0:0(0:0)  
187	21/12
19:45	 Istres
Lens	
-0.25
+0.25
1.80
1.90
 
 	
2.0
1.85
1.85
2.15
2.85
3.85
1.22
1.39
1.65
1.5
1.5
2.40
3.55
1.50
1.25
 	 2:2(0:0)  
188	21/12
19:45	 Laval
Le Havre	
-0.25
+0.25
2.00
1.72
 
 	
2.25
1.95
 	
1.76
 	
2.40
2.90
3.15
1.32
1.39
1.50
1.5
1.5
2.40
3.10
1.50
1.32
 	 1:2(1:0)  
189	21/12
19:45	 Nimes
Niort	
-0.25
+0.25
1.80
1.90
 
 	
2.25
2.00
 	
1.72
 	
2.10
3.00
3.75
1.23
1.35
1.67
1.5
1.5
2.30
3.55
1.55
1.25
 	 3:1(0:0)  
190	21/12
19:45	 Tours
Angers	
-0.25
+0.25
2.00
1.72
 
 	
2.0
1.90
1.80
2.50
2.95
2.95
1.35
1.38
1.47
1.5
1.5
2.65
2.95
1.42
1.35
 	 1:2(1:1)  
191	22/12
15:00	 Le Mans
Monaco	
+0.25
-0.25
1.76
1.95
 
 	
2.25
1.95
 	
1.76
 	
3.25
3.00
2.30
1.55
1.38
1.30
1.5
1.5
2.95
2.50
1.35
1.47
 	 2:3(0:1)  
192	23/12
15:15	 Sedan
Nantes	
+0.25
-0.25
1.72
2.00
 
 	
2.25
1.95
 	
1.76
 	
3.05
3.00
2.40
1.50
1.38
1.33
1.5
1.5
2.95
2.50
1.35
1.47
 	 0:0(0:0) 
272	11/01
21:00	 Angers
Clermont	
-0.25
+0.25
1.75
1.96
 
 	
2.25
2.00
 	
1.72
 	
2.00
3.15
3.85
1.22
1.35
1.72
1.5
1.5
2.30
3.55
1.55
1.25
 	 1:2(0:1)  
273	11/01
21:00	 Chateauroux
Sedan	
-0.25
+0.25
1.65
2.11
 
 	
2.25
2.05
 	
1.70
 	
1.90
3.10
4.40
1.17
1.37
1.80
1.5
1.5
2.15
4.05
1.63
1.20
 	 1:1(1:0)  
274	11/01
21:00	 Dijon
Le Mans	
-0.25
+0.25
1.67
2.07
 
 	
2.25
1.95
 	
1.76
 	
1.95
3.05
4.25
1.19
1.35
1.76
1.5
1.5
2.15
3.75
1.63
1.23
 	 3:0(1:0)  
275	11/01
21:00	 Gazelec Ajaccio
Istres	
-0.25
+0.25
2.00
1.72
 
 	
2.25
2.00
 	
1.72
 	
2.40
3.00
3.05
1.33
1.38
1.50
1.5
1.5
2.50
2.85
1.47
1.37
 	 3:2(0:1)  
276	11/01
21:00	 Le Havre
Guingamp	
-0.25
+0.25
1.90
1.80
 
 	
2.25
1.90
 	
1.80
 	
2.30
3.00
3.25
1.30
1.38
1.55
1.5
1.5
2.35
2.95
1.52
1.35
 	 0:1(0:1)  
277	11/01
21:00	 Lens
Arles	
-0.75
+0.75
2.00
1.72
 
 	
2.25
2.10
 	
1.67
 	
1.75
3.15
5.30
1.12
1.33
1.95
1.5
1.5
2.00
4.40
1.72
1.17
 	 0:0(0:0)  
278	11/01
21:00	 Nantes
Nimes	
-0.75
+0.75
1.85
1.85
 
 	
2.25
1.90
 	
1.80
 	
1.65
3.45
5.55
1.11
1.30
2.11
1.5
1.5
1.85
4.25
1.85
1.18
 	 1:2(0:1)  
279	11/01
21:00	 Niort
Tours	
-0.25
+0.25
1.65
2.11
 
 	
2.25
2.00
 	
1.72
 	
1.95
3.15
4.05
1.20
1.33
1.80
1.5
1.5
2.10
3.55
1.65
1.25
 	 3:1(2:1)  
280	12/01
15:00	 Auxerre
Caen	
0
0
1.75
1.96
  	
2.25
1.95
 	
1.76
 	
2.60
2.95
2.85
1.38
1.37
1.45
1.5
1.5
2.65
2.85
1.42
1.37
 	 1:2(0:0)  
281	14/01
21:30	 Monaco
Laval	
–1.0
+1.0
1.95
1.76
  	
2.5
1.90
1.80
1.52
3.65
6.85
1.07
1.25
2.35
 1.52
3.65
6.85
1.07
1.25
2.35
 	 1:1(1:1)  
284	18/01
21:00	 Le Havre
Lens	
-0.25
+0.25
1.80
1.90
 
 	
2.25
1.95
 	
1.76
 	
2.20
2.95
3.55
1.25
1.38
1.60
1.5
1.5
2.30
3.20
1.55
1.30
 	 2:2(2:0)  
285	18/01
21:00	 Arles
Gazelec Ajaccio	
-0.25
+0.25
1.95
1.76
 
 	
2.0
1.85
1.85
2.35
2.95
3.20
1.32
1.38
1.55
1.5
1.5
2.65
3.05
1.42
1.33
 	 1:0(1:0)  
286	18/01
21:00	 Caen
Niort	
-0.75
+0.75
1.80
1.90
 
 	
2.25
1.95
 	
1.76
 	
1.57
3.45
6.55
1.08
1.28
2.25
1.5
1.0
1.85
2.85
1.85
1.37
 	 0:1(0:0)  
287	18/01
21:00	 Istres
Monaco	
0
0
1.96
1.75
  	
2.25
2.00
 	
1.72
 	
2.85
3.00
2.55
1.45
1.35
1.37
1.5
1.5
2.75
2.50
1.40
1.47
 	 0:2(0:0)  
288	18/01
21:00	 Le Mans
Chateauroux	
-0.25
+0.25
1.75
1.96
 
 	
2.25
1.95
 	
1.76
 	
2.05
3.10
3.75
1.23
1.35
1.70
1.5
1.5
2.25
3.55
1.57
1.25
 	 2:0(1:0)  
289	18/01
21:00	 Nimes
Clermont	
-0.25
+0.25
1.90
1.80
 
 	
2.0
1.80
1.90
2.30
2.95
3.35
1.28
1.37
1.55
1.5
1.5
2.50
3.05
1.47
1.33
 	 3:0(1:0)  
291	18/01
21:00	 Tours
Dijon	
-0.25
+0.25
1.95
1.76
 
 	
2.25
2.00
 	
1.72
 	
2.35
3.10
3.05
1.33
1.35
1.52
1.5
1.5
2.40
2.95
1.50
1.35
 	 3:1(2:0)  
292	19/01
15:00	 Laval
Nantes	
+0.25
-0.25
1.72
2.00
 
 	
2.25
1.90
 	
1.80
 	
3.05
3.00
2.40
1.50
1.37
1.33
1.5
1.5
2.95
2.50
1.35
1.47
 	 0:0(0:0)
285	25/01
21:00	 Angers
Arles	
-0.75
+0.75
1.85
1.85
 
 	
2.0
1.80
1.90
1.67
3.25
6.00
1.10
1.35
2.07
1.5
1.5
2.15
4.40
1.63
1.17
 	 2:0(0:0)  
286	25/01
21:00	 Auxerre
Le Mans	
-0.25
+0.25
1.65
2.11
 
 	
2.25
1.90
 	
1.80
 	
1.90
3.10
4.40
1.17
1.35
1.80
1.5
1.5
2.10
3.85
1.65
1.22
 	 1:1(0:0)  
287	25/01
21:00	 Gazelec Ajaccio
Le Havre	
-0.25
+0.25
1.90
1.80
 
 	
2.25
1.90
 	
1.80
 	
2.25
2.95
3.40
1.27
1.38
1.57
1.5
1.5
2.35
3.20
1.52
1.30
 	 0:1(0:1)  
288	25/01
21:00	 Nantes
Tours	
-0.75
+0.75
2.00
1.72
 
 	
2.25
1.90
 	
1.80
 	
1.72
3.40
4.90
1.14
1.27
2.00
1.5
1.5
1.80
3.85
1.90
1.22
 	 3:1(1:0)  
289	25/01
21:00	 Niort
Laval	
-0.25
+0.25
1.65
2.11
 
 	
2.25
1.95
 	
1.76
 	
1.95
3.05
4.25
1.19
1.35
1.76
1.5
1.5
2.15
3.75
1.63
1.23
 	 0:0(0:0)  
290	25/01
21:00	 Clermont
Caen	
0
0
1.80
1.90
  	
2.25
2.00
 	
1.72
 	
2.65
3.00
2.75
1.40
1.37
1.42
1.5
1.5
2.65
2.75
1.42
1.40
 	 0:0(0:0)  
291	25/01
21:00	 Nimes
Sedan	
-0.25
+0.25
1.65
2.11
 
 	
2.25
1.85
 	
1.85
 	
1.90
3.15
4.30
1.18
1.33
1.80
1.5
1.5
2.10
3.55
1.65
1.25
 	 2:1(2:0)  
292	26/01
15:00	 Chateauroux
Istres	
-0.25
+0.25
1.80
1.90
 
 	
2.25
1.95
 	
1.76
 	
2.20
3.00
3.45
1.27
1.38
1.60
1.5
1.5
2.30
3.20
1.55
1.30
 	 2:0(2:0)  
293	26/01
15:00	 Monaco
Guingamp	
-0.75
+0.75
2.00
1.72
 
 	
2.25
1.90
 	
1.80
 	
1.80
3.20
4.85
1.15
1.32
1.90
1.5
1.5
1.95
4.25
1.76
1.18
 	 2:2(1:1)  
294	28/01
21:30	 Dijon
Lens	
-0.25
+0.25
1.80
1.90
 
 	
2.25
1.95
 	
1.76
 	
2.20
3.00
3.50
1.26
1.35
1.65
1.5
1.5
2.25
3.20
1.57
1.30
 	 2:1(2:0)  
290	01/02
21:00	 Le Havre
Dijon	
-0.25
+0.25
1.65
2.11
 
 	
2.25
1.85
 	
1.85
 	
1.95
3.15
4.05
1.20
1.33
1.76
1.5
1.5
2.10
3.55
1.65
1.25
 	 3:0(1:0)  
291	01/02
21:00	 Lens
Gazelec Ajaccio	
-0.75
+0.75
2.00
1.72
 
 	
2.25
1.95
 	
1.76
 	
1.75
3.25
5.10
1.14
1.32
1.96
1.5
1.5
1.94
4.25
1.77
1.18
 	 2:0(1:0)  
292	01/02
21:00	 Caen
Nimes	
-0.75
+0.75
2.00
1.72
 
 	
2.25
1.90
 	
1.80
 	
1.80
3.20
4.75
1.15
1.32
1.90
1.5
1.0
2.00
2.65
1.72
1.42
 	 1:0(1:0)  
293	01/02
21:00	 Guingamp
Niort	
-0.75
+0.75
1.85
1.85
 
 	
2.25
1.90
 	
1.80
 	
1.67
3.35
5.55
1.11
1.30
2.10
1.5
1.0
1.85
2.85
1.85
1.37
 	 4:3(2:2)  
294	01/02
21:00	 Istres
Angers	
0
0
1.72
2.00
  	
2.0
1.80
1.90
2.50
2.90
3.00
1.35
1.38
1.47
1.5
1.5
2.55
3.05
1.45
1.33
 	 0:0(0:0)  
295	01/02
21:00	 Laval
Auxerre	
-0.25
+0.25
2.00
1.72
 
 	
2.25
1.95
 	
1.76
 	
2.40
3.00
3.10
1.32
1.38
1.50
1.5
1.5
2.55
2.95
1.45
1.35
 	 4:5(2:2)  
296	01/02
21:00	 Sedan
Clermont	
-0.25
+0.25
1.90
1.80
 
 	
2.0
1.75
1.96
2.30
3.00
3.25
1.30
1.37
1.55
1.5
1.5
2.40
3.10
1.50
1.32
 	 1:1(0:0)  
297	01/02
21:00	 Tours
Chateauroux	
-0.25
+0.25
1.80
1.90
 
 	
2.0
1.75
1.96
2.10
3.00
3.75
1.23
1.35
1.67
1.5
1.5
2.30
3.55
1.55
1.25
 	 3:1(1:1)  
298	02/02
15:00	 Le Mans
Nantes	
0
0
1.90
1.80
  	
2.0
1.75
1.96
2.75
3.00
2.65
1.42
1.38
1.40
1.5
1.5
2.75
2.65
1.40
1.42
 	 0:3(0:2)  
299	04/02
21:30	 Arles
Monaco	
+0.25
-0.25
1.95
1.76
 
 	
2.0
1.75
1.96
3.75
3.00
2.10
1.67
1.37
1.25
1.5
1.5
3.75
2.30
1.23
1.55
 	 0:2(0:0)
289	08/02
21:00	 Auxerre
Tours	
-0.75
+0.75
2.00
1.72
 
 	
2.5
2.00
1.75
1.80
3.25
4.70
1.16
1.32
1.90
1.5
1.5
1.90
3.55
1.80
1.25
 	 3:2(1:2)  
290	08/02
21:00	 Chateauroux
Guingamp	
0
0
1.90
1.80
  	
2.25
1.95
 	
1.76
 	
2.75
2.90
2.70
1.42
1.38
1.40
1.5
1.5
2.75
2.65
1.40
1.42
 	 3:1(1:0)  
291	08/02
21:00	 Gazelec Ajaccio
Dijon	
-0.25
+0.25
1.80
1.90
 
 	
2.25
1.90
 	
1.80
 	
2.20
2.95
3.55
1.25
1.38
1.63
1.5
1.5
2.30
3.40
1.55
1.27
 	 0:2(0:0)  
292	08/02
21:00	 Monaco
Le Havre	
-0.75
+0.75
1.85
1.85
 
 	
2.5
1.95
1.76
1.65
3.45
5.55
1.11
1.30
2.11
1.5
1.0
1.72
2.50
2.00
1.47
 	 2:1(1:1)  
293	08/02
21:00	 Niort
Istres	
-0.25
+0.25
1.80
1.90
 
 	
2.0
1.85
1.85
2.20
3.00
3.45
1.27
1.38
1.60
1.5
1.5
2.30
3.20
1.55
1.30
 	 0:0(0:0)  
294	08/02
21:00	 Caen
Sedan	
-0.75
+0.75
1.75
1.96
 
 	
2.25
1.80
 	
1.90
 	
1.55
3.65
6.40
1.09
1.25
2.30
1.5
1.5
1.70
4.75
2.03
1.15
 	 2:0(1:0)  
295	08/02
21:00	 Clermont
Le Mans	
-0.25
+0.25
1.72
2.00
 
 	
2.0
1.85
1.85
2.00
3.10
3.95
1.21
1.35
1.72
1.5
1.5
2.25
3.55
1.57
1.25
 	 1:1(0:0)  
296	08/02
21:00	 Nimes
Laval	
-0.75
+0.75
2.00
1.72
 
 	
2.25
1.85
 	
1.85
 	
1.75
3.35
4.90
1.14
1.30
1.96
1.5
1.5
1.92
4.25
1.78
1.18
 	 3:0(2:0)  
297	09/02
15:00	 Nantes
Arles	
–1.0
+1.0
1.85
1.85
  	
2.25
1.90
 	
1.80
 	
1.50
3.70
7.25
1.06
1.25
2.40
 1.50
3.70
7.25
1.06
1.25
2.40
 	 1:1(1:1)  
298	11/02
21:30	 Angers
Lens	
-0.25
+0.25
1.70
2.03
 
 	
2.25
1.95
 	
1.76
 	
2.00
3.05
4.05
1.20
1.35
1.72
1.5
1.5
2.05
3.55
1.70
1.25
 	 3:2(0:1) 
 245	15/02
21:00	 Arles
Niort	
0
0
1.75
1.96
  	
2.0
1.95
1.76
2.60
2.90
2.90
1.37
1.38
1.45
1.5
1.5
2.75
2.85
1.40
1.37
 	 0:1(0:1)  
246	15/02
21:00	 Gazelec Ajaccio
Nimes	
0
0
1.90
1.80
  	
2.0
1.80
1.90
2.80
2.90
2.70
1.42
1.38
1.40
1.5
1.5
2.85
2.75
1.37
1.40
 	 2:3(1:1)  
247	15/02
21:00	 Istres
Auxerre	
-0.25
+0.25
2.00
1.72
 
 	
2.25
1.90
 	
1.80
 	
2.40
3.05
3.05
1.33
1.35
1.50
1.5
1.5
2.55
2.95
1.45
1.35
 	 0:3(0:2)  
248	15/02
21:00	 Laval
Sedan	
-0.25
+0.25
1.90
1.80
 
 	
2.25
1.85
 	
1.85
 	
2.25
3.05
3.30
1.28
1.38
1.57
1.5
1.5
2.30
3.40
1.55
1.27
 	 3:0(0:0)  
249	15/02
21:00	 Le Havre
Angers	
-0.25
+0.25
1.70
2.03
 
 	
2.25
1.90
 	
1.80
 	
2.05
3.10
3.75
1.23
1.35
1.70
1.5
1.5
2.20
3.40
1.60
1.27
 	 2:1(1:1)  
250	15/02
21:00	 Le Mans
Caen	
+0.25
-0.25
1.76
1.95
 
 	
2.0
1.90
1.80
3.10
2.95
2.40
1.50
1.38
1.32
1.5
1.5
3.05
2.65
1.33
1.42
 	 1:1(1:1)  
251	15/02
21:00	 Lens
Chateauroux	
-0.75
+0.75
1.95
1.76
 
 	
2.25
1.90
 	
1.80
 	
1.72
3.25
5.35
1.13
1.32
2.00
1.5
1.0
1.92
2.65
1.78
1.42
 	 4:3(3:2)  
252	15/02
21:00	 Tours
Clermont	
-0.25
+0.25
1.80
1.90
 
 	
2.25
1.90
 	
1.80
 	
2.15
3.05
3.55
1.25
1.35
1.65
1.5
1.5
2.25
3.20
1.57
1.30
 	 2:1(0:1)  
253	16/02
15:00	 Guingamp
Nantes	
-0.25
+0.25
2.00
1.72
 
 	
2.25
1.90
 	
1.80
 	
2.40
3.05
3.05
1.33
1.35
1.50
1.5
1.5
2.55
2.95
1.45
1.35
 	 2:1(0:1)  
254	18/02
21:30	 Dijon
Monaco	
+0.25
-0.25
1.75
1.96
 
 	
2.25
1.80
 	
1.90
 	
3.05
3.05
2.40
1.52
1.35
1.33
1.5
1.5
2.95
2.40
1.35
1.50
 	 0:2(0:2)  
249	22/02
21:00	 Angers
Gazelec Ajaccio	
-0.75
+0.75
1.95
1.76
 
 	
2.25
1.90
 	
1.80
 	
1.70
3.25
5.55
1.12
1.32
2.03
1.5
1.5
1.94
4.25
1.77
1.18
 	 1:0(0:0)  
250	22/02
21:00	 Auxerre
Guingamp	
-0.25
+0.25
1.90
1.80
 
 	
2.25
1.75
 	
1.96
 	
2.30
3.05
3.20
1.30
1.35
1.55
1.5
1.5
2.25
3.10
1.57
1.32
 	 2:1(1:1)  
251	22/02
21:00	 Caen
Laval	
–1.0
+1.0
1.95
1.76
  	
2.25
1.90
 	
1.80
 	
1.55
3.55
6.70
1.08
1.28
2.30
1.5
1.5
1.70
5.10
2.03
1.13
 	 2:1(2:1)  
252	22/02
21:00	 Chateauroux
Arles	
-0.25
+0.25
1.60
2.20
 
 	
2.0
1.75
1.96
1.85
3.15
4.60
1.16
1.33
1.85
1.5
1.0
2.00
2.40
1.72
1.50
 	 2:0(1:0)  
253	22/02
21:00	 Clermont
Dijon	
-0.25
+0.25
1.80
1.90
 
 	
2.25
2.00
 	
1.72
 	
2.15
3.05
3.55
1.25
1.35
1.65
1.5
1.5
2.30
3.40
1.55
1.27
 	 0:0(0:0)  
254	22/02
21:00	 Nimes
Istres	
-0.75
+0.75
2.00
1.72
 
 	
2.25
1.90
 	
1.80
 	
1.75
3.25
5.10
1.14
1.32
1.96
1.5
1.5
1.94
4.25
1.77
1.18
 	 1:0(0:0)  
255	22/02
21:00	 Niort
Le Mans	
-0.25
+0.25
1.80
1.90
 
 	
2.0
1.85
1.85
2.20
2.90
3.60
1.25
1.37
1.60
1.5
1.5
2.40
3.55
1.50
1.25
 	 2:3(2:0)  
256	22/02
21:00	 Sedan
Tours	
-0.25
+0.25
1.80
1.90
 
 	
2.25
1.80
 	
1.90
 	
2.10
3.10
3.65
1.25
1.35
1.67
1.5
1.5
2.25
3.20
1.57
1.30
 	 1:1(0:1)  
257	23/02
15:00	 Nantes
Le Havre	
-0.75
+0.75
2.05
1.70
 
 	
2.25
1.85
 	
1.85
 	
1.80
3.25
4.75
1.15
1.33
1.90
1.5
1.5
1.95
3.85
1.76
1.22
 	 2:0(1:0)  
258	25/02
21:30	 Monaco
Lens	
-0.75
+0.75
1.85
1.85
 
 	
2.5
1.80
1.90
1.65
3.45
5.50
1.11
1.30
2.11
 1.65
3.45
5.50
1.11
1.30
2.11
 	 2:1(1:0) 
254	01/03
21:00	 Arles
Auxerre	
0
0
2.00
1.72
  	
2.0
1.75
1.96
2.95
2.95
2.50
1.47
1.38
1.35
1.5
1.5
2.95
2.65
1.35
1.42
 	 2:1(0:1)  
255	01/03
21:00	 Dijon
Niort	
-0.25
+0.25
1.67
2.10
 
 	
2.25
1.95
 	
1.76
 	
1.95
3.05
4.25
1.19
1.35
1.80
1.5
1.5
2.15
3.75
1.63
1.23
 	 1:1(0:0)  
256	01/03
21:00	 Gazelec Ajaccio
Monaco	
+0.75
-0.75
1.72
2.00
 
 	
2.25
1.85
 	
1.85
 	
4.95
3.30
1.75
1.96
1.33
1.14
1.5
1.5
3.85
1.95
1.22
1.76
 	 0:1(0:1)  
257	01/03
21:00	 Istres
Sedan	
-0.25
+0.25
1.75
1.96
 
 	
2.25
1.95
 	
1.76
 	
2.05
3.10
3.75
1.23
1.35
1.70
1.5
1.5
2.25
3.55
1.57
1.25
 	 1:0(0:0)  
258	01/03
21:00	 Laval
Clermont	
-0.25
+0.25
1.95
1.76
 
 	
2.0
1.80
1.90
2.35
2.95
3.20
1.32
1.38
1.55
1.5
1.5
2.65
3.05
1.42
1.33
 	 1:1(1:0)  
259	01/03
21:00	 Le Havre
Chateauroux	
-0.25
+0.25
1.65
2.11
 
 	
2.25
1.85
 	
1.85
 	
1.90
3.10
4.40
1.17
1.33
1.80
1.5
1.5
2.10
3.75
1.65
1.23
 	 1:0(1:0)  
260	01/03
21:00	 Le Mans
Angers	
-0.25
+0.25
2.05
1.70
 
 	
2.0
1.80
1.90
2.45
2.95
3.05
1.35
1.38
1.50
1.5
1.5
2.55
3.05
1.45
1.33
 	 0:2(0:0)  
261	01/03
21:00	 Tours
Caen	
+0.25
-0.25
1.72
2.00
 
 	
2.25
2.00
 	
1.72
 	
3.00
3.00
2.45
1.50
1.38
1.35
1.5
1.5
2.95
2.55
1.35
1.45
 	 1:1(1:0)  
262	02/03
15:00	 Guingamp
Nimes	
-0.25
+0.25
1.72
2.00
 
 	
2.25
1.90
 	
1.80
 	
2.00
3.15
3.85
1.22
1.33
1.72
1.5
1.5
2.05
3.55
1.70
1.25
 	 3:0(1:0)  
263	04/03
21:30	 Lens
Nantes	
-0.25
+0.25
2.10
1.67
 
 	
2.5
2.30
1.55
2.60
2.95
2.85
1.37
1.37
1.45
 2.60
2.95
2.85
1.37
1.37
1.45
 	 1:2(1:1) 
272	08/03
21:00	 Angers
Dijon	
-0.75
+0.75
2.00
1.72
 
 	
2.25
1.90
 	
1.80
 	
1.75
3.25
5.10
1.14
1.32
1.96
1.5
1.5
1.94
4.25
1.77
1.18
 	 3:3(1:1)  
273	08/03
21:00	 Auxerre
Le Havre	
-0.25
+0.25
1.85
1.85
 
 	
2.25
1.75
 	
1.96
 	
2.20
3.00
3.45
1.27
1.37
1.60
1.5
1.5
2.20
2.95
1.60
1.35
 	 4:1(2:1)  
274	08/03
21:00	 Chateauroux
Monaco	
+0.25
-0.25
1.85
1.85
 
 	
2.25
1.90
 	
1.80
 	
3.45
3.00
2.20
1.60
1.38
1.27
1.5
1.5
3.20
2.30
1.30
1.55
 	 1:1(0:1)  
276	08/03
21:00	 Laval
Guingamp	
+0.25
-0.25
1.90
1.80
 
 	
2.25
1.85
 	
1.85
 	
3.55
3.15
2.10
1.67
1.33
1.25
1.5
1.5
3.20
2.25
1.30
1.57
 	 2:1(2:0)  
277	08/03
21:00	 Nimes
Tours	
-0.75
+0.75
2.00
1.72
 
 	
2.25
1.75
 	
1.96
 	
1.75
3.25
5.00
1.14
1.33
1.96
1.5
1.5
1.95
3.85
1.76
1.22
 	 1:1(1:0)  
278	08/03
21:00	 Niort
Lens	
-0.25
+0.25
1.90
1.80
 
 	
2.0
1.72
2.00
2.30
3.00
3.25
1.30
1.37
1.55
1.5
1.5
2.40
3.10
1.50
1.32
 	 0:0(0:0)  
279	08/03
21:00	 Sedan
Le Mans	
-0.25
+0.25
1.80
1.90
 
 	
2.0
1.85
1.85
2.20
3.00
3.45
1.27
1.38
1.60
1.5
1.5
2.40
3.40
1.50
1.27
 	 2:1(1:0)  
280	09/03
15:00	 Nantes
Gazelec Ajaccio	
–1.0
+1.0
1.75
1.96
  	
2.5
2.10
1.67
1.42
3.85
8.70
1.05
1.23
2.65
 1.42
3.85
8.70
1.05
1.23
2.65
 	 2:1(2:0) 
233	15/03
21:00	 Arles
Sedan	
-0.25
+0.25
1.90
1.80
 
 	
2.0
1.75
1.96
2.30
3.00
3.25
1.30
1.37
1.55
1.5
1.5
2.40
3.10
1.50
1.32
 	 2:2(1:0)  
234	15/03
21:00	 Guingamp
Caen	
-0.25
+0.25
1.90
1.80
 
 	
2.25
2.00
 	
1.72
 	
2.25
2.95
3.40
1.27
1.38
1.57
1.5
1.5
2.30
3.10
1.55
1.32
 	 1:0(0:0)  
235	15/03
21:00	 Istres
Clermont	
-0.25
+0.25
1.95
1.76
 
 	
2.0
1.85
1.85
2.35
2.90
3.25
1.30
1.38
1.55
1.5
1.5
2.65
3.05
1.42
1.33
 	 0:0(0:0)  
236	15/03
21:00	 Le Havre
Niort	
-0.25
+0.25
1.60
2.20
 
 	
2.25
1.85
 	
1.85
 	
1.85
3.20
4.45
1.17
1.33
1.85
1.5
1.0
2.00
2.40
1.72
1.50
 	 2:1(1:0)  
237	15/03
21:00	 Le Mans
Nimes	
-0.25
+0.25
2.00
1.72
 
 	
2.25
1.95
 	
1.76
 	
2.40
2.95
3.10
1.32
1.38
1.50
1.5
1.5
2.55
2.95
1.45
1.35
 	 0:3(0:1)  
238	15/03
21:00	 Monaco
Angers	
-0.75
+0.75
1.85
1.85
 
 	
2.5
1.95
1.76
1.65
3.45
5.55
1.11
1.30
2.11
1.5
1.0
1.72
2.50
2.00
1.47
 	 2:2(1:2)  
239	15/03
21:00	 Tours
Laval	
-0.25
+0.25
1.65
2.11
 
 	
2.25
1.85
 	
1.85
 	
1.95
3.15
4.05
1.20
1.33
1.76
1.5
1.5
2.05
3.55
1.70
1.25
 	 1:1(1:0)  
240	16/03
15:00	 Lens
Auxerre	
-0.25
+0.25
1.72
2.00
 
 	
2.25
1.80
 	
1.90
 	
2.05
3.10
3.75
1.23
1.35
1.70
1.5
1.5
2.15
3.40
1.63
1.27
 	 1:0(0:0)  
241	18/03
21:30	 Dijon
Nantes	
0
0
2.00
1.72
  	
2.25
1.95
 	
1.76
 	
2.85
3.00
2.55
1.45
1.37
1.37
1.5
1.5
2.95
2.65
1.35
1.42
 	 3:1(0:1)  
242	19/03
21:00	 Gazelec Ajaccio
Chateauroux	
0
0
1.96
1.75
  	
2.0
1.75
1.96
2.85
2.95
2.60
1.45
1.38
1.40
1.5
1.5
2.95
2.65
1.35
1.42
 	 1:1(0:0)  
246	29/03
21:00	 Auxerre
Dijon	
-0.25
+0.25
1.70
2.05
 
 	
2.5
1.90
1.80
2.00
3.15
3.85
1.22
1.33
1.72
1.5
1.5
2.00
3.40
1.72
1.27
 	 0:0(0:0)  
247	29/03
21:00	 Caen
Arles	
–1.0
+1.0
1.95
1.76
  	
2.25
1.90
 	
1.80
 	
1.57
3.40
6.85
1.07
1.27
2.25
1.5
1.5
1.80
5.30
1.90
1.12
 	 1:1(0:0)  
248	29/03
21:00	 Chateauroux
Angers	
-0.25
+0.25
2.00
1.72
 
 	
2.25
1.90
 	
1.80
 	
2.40
3.05
3.05
1.33
1.35
1.50
1.5
1.5
2.55
2.95
1.45
1.35
 	 2:3(0:1)  
249	29/03
21:00	 Clermont
Lens	
-0.25
+0.25
2.00
1.72
 
 	
2.25
2.00
 	
1.72
 	
2.45
3.00
3.00
1.35
1.37
1.50
1.5
1.5
2.55
3.05
1.45
1.33
 	 1:0(1:0)  
250	29/03
21:00	 Laval
Le Mans	
-0.25
+0.25
1.80
1.90
 
 	
2.25
1.80
 	
1.90
 	
2.15
3.05
3.55
1.25
1.35
1.65
1.5
1.5
2.25
3.20
1.57
1.30
 	 2:1(1:1)  
251	29/03
21:00	 Niort
Gazelec Ajaccio	
-0.25
+0.25
1.60
2.20
 
 	
2.0
1.75
1.96
1.90
3.05
4.55
1.16
1.35
1.80
1.5
1.5
2.15
4.05
1.63
1.20
 	 2:1(2:0)  
252	29/03
21:00	 Sedan
Guingamp	
0
0
1.96
1.75
  	
2.25
1.90
 	
1.80
 	
2.85
2.95
2.60
1.45
1.37
1.37
1.5
1.5
2.95
2.65
1.35
1.42
 	 1:2(0:1)  
253	29/03
21:00	 Tours
Istres	
-0.25
+0.25
1.90
1.80
 
 	
2.25
1.90
 	
1.80
 	
2.25
2.95
3.40
1.27
1.38
1.57
1.5
1.5
2.30
3.10
1.55
1.32
 	 1:0(0:0)  
254	30/03
15:00	 Nantes
Monaco	
0
0
1.75
1.96
  	
2.25
1.90
 	
1.80
 	
2.50
3.00
2.95
1.35
1.37
1.47
1.5
1.5
2.65
2.85
1.42
1.37
 	 1:1(1:0)  
255	01/04
21:30	 Nimes
Le Havre	
-0.25
+0.25
1.70
2.05
 
 	
2.25
1.72
 	
2.00
 	
2.00
3.15
3.85
1.22
1.33
1.72
1.5
1.5
2.07
3.40
1.67
1.27
 	 0:1(0:1)  
283	05/04
21:00	 Angers
Nantes	
0
0
1.72
2.00
  	
2.25
1.95
 	
1.76
 	
2.50
2.95
2.95
1.35
1.37
1.47
1.5
1.5
2.65
2.95
1.42
1.35
 	 2:0(1:0)  
284	05/04
21:00	 Arles
Nimes	
0
0
1.90
1.80
  	
2.25
1.95
 	
1.76
 	
2.75
3.00
2.65
1.42
1.37
1.40
1.5
1.5
2.75
2.65
1.40
1.42
 	 1:1(0:1)  
285	05/04
21:00	 Dijon
Chateauroux	
-0.25
+0.25
1.57
2.25
 
 	
2.25
1.85
 	
1.85
 	
1.80
3.20
4.75
1.15
1.33
1.90
1.5
1.5
2.10
3.55
1.65
1.25
 	 1:1(0:0)  
286	05/04
21:00	 Gazelec Ajaccio
Auxerre	
+0.25
-0.25
1.90
1.80
 
 	
2.25
1.75
 	
1.96
 	
3.45
3.10
2.15
1.63
1.33
1.27
1.5
1.5
3.05
2.10
1.33
1.66
 	 0:0(0:0)  
287	05/04
21:00	 Istres
Laval	
-0.25
+0.25
1.75
1.96
 
 	
2.0
1.80
1.90
2.05
3.05
3.85
1.22
1.37
1.70
1.5
1.0
2.30
2.25
1.55
1.57
 	 2:2(1:1)  
288	05/04
21:00	 Le Mans
Tours	
-0.25
+0.25
1.95
1.76
 
 	
2.5
1.95
1.76
2.35
3.10
3.05
1.33
1.35
1.52
1.5
1.5
2.30
2.95
1.55
1.35
 	 1:0(0:0)  
289	05/04
21:00	 Lens
Sedan	
-0.75
+0.75
2.00
1.72
 
 	
2.25
1.85
 	
1.85
 	
1.75
3.25
5.00
1.14
1.32
1.96
1.5
1.5
1.90
4.25
1.80
1.18
 	 2:2(1:2)  
290	05/04
21:00	 Monaco
Niort	
–1.0
+1.0
1.75
1.96
  	
2.5
1.95
1.76
1.45
3.95
7.40
1.06
1.22
2.55
1.5
1.5
1.65
4.75
2.11
1.15
 	 1:1(1:1)  
291	06/04
15:00	 Guingamp
Clermont	
-0.75
+0.75
1.95
1.76
 
 	
2.25
1.85
 	
1.85
 	
1.75
3.25
5.10
1.14
1.32
1.96
1.5
1.5
1.90
4.25
1.80
1.18
 	 0:0(0:0)  
292	08/04
21:30	 Le Havre
Caen	
0
0
1.72
2.00
  	
2.25
1.95
 	
1.76
 	
2.50
2.95
2.95
1.35
1.37
1.47
1.5
1.5
2.65
2.95
1.42
1.35
 	 1:1(0:1) 
279	12/04
21:00	 Caen
Lens	
–1.0
+1.0
1.95
1.76
  	
2.25
1.90
 	
1.80
 	
1.55
3.60
6.45
1.08
1.28
2.30
1.5
1.5
1.70
5.10
2.03
1.13
 	 0:0(0:0)  
280	12/04
21:00	 Clermont
Le Havre	
-0.25
+0.25
1.90
1.80
 
 	
2.25
1.90
 	
1.80
 	
2.25
2.95
3.40
1.27
1.38
1.57
1.5
1.5
2.30
3.10
1.55
1.32
 	 1:1(0:0)  
281	12/04
21:00	 Laval
Arles	
-0.25
+0.25
1.65
2.11
 
 	
2.25
1.85
 	
1.85
 	
1.95
3.15
4.05
1.20
1.33
1.80
1.5
1.5
2.10
3.55
1.65
1.25
 	 1:3(1:2)  
282	12/04
21:00	 Le Mans
Istres	
-0.25
+0.25
1.75
1.96
 
 	
2.0
1.72
2.00
2.10
3.05
3.65
1.25
1.35
1.67
1.5
1.5
2.30
3.20
1.55
1.30
 	 1:2(1:1)  
283	12/04
21:00	 Nimes
Dijon	
-0.25
+0.25
1.70
2.03
 
 	
2.5
1.95
1.76
2.00
3.10
3.95
1.22
1.35
1.72
1.5
1.5
2.00
3.40
1.72
1.27
 	 1:1(0:0)  
284	12/04
21:00	 Niort
Angers	
0
0
1.80
1.90
  	
2.25
2.00
 	
1.72
 	
2.65
3.00
2.75
1.40
1.37
1.42
1.5
1.5
2.65
2.75
1.42
1.40
 	 0:0(0:0)  
285	12/04
21:00	 Sedan
Gazelec Ajaccio	
-0.75
+0.75
2.00
1.72
 
 	
2.25
1.75
 	
1.96
 	
1.80
3.25
4.70
1.15
1.33
1.90
1.5
1.5
1.90
3.85
1.80
1.22
 	 4:1(1:1)  
286	12/04
21:00	 Tours
Guingamp	
+0.25
-0.25
1.72
2.00
 
 	
2.25
1.85
 	
1.85
 	
2.95
3.05
2.45
1.50
1.37
1.35
1.5
1.5
2.95
2.50
1.35
1.47
 	 2:0(0:0)  
287	13/04
15:00	 Auxerre
Monaco	
+0.25
-0.25
1.72
2.00
 
 	
2.25
1.80
 	
1.90
 	
3.05
3.00
2.40
1.52
1.37
1.33
1.5
1.5
2.95
2.40
1.35
1.50
 	 0:2(0:2)  
288	15/04
21:30	 Chateauroux
Nantes	
+0.25
-0.25
1.72
2.00
 
 	
2.25
1.90
 	
1.80
 	
3.05
2.95
2.45
1.50
1.35
1.35
1.5
1.5
2.85
2.50
1.37
1.47
 	 0:4(0:1)  
274	19/04
21:00	 Angers
Caen	
-0.25
+0.25
2.00
1.72
 
 	
2.25
2.00
 	
1.72
 	
2.40
3.00
3.05
1.33
1.38
1.50
1.5
1.5
2.55
2.95
1.45
1.35
 	 1:1(0:1)  
275	19/04
21:00	 Arles
Istres	
-0.25
+0.25
1.90
1.80
 
 	
2.0
1.80
1.90
2.25
3.00
3.35
1.28
1.38
1.57
1.5
1.5
2.50
3.55
1.47
1.25
 	 1:0(1:0)  
276	19/04
21:00	 Chateauroux
Niort	
-0.25
+0.25
1.80
1.90
 
 	
2.0
1.75
2.00
2.15
2.85
3.85
1.22
1.35
1.65
1.5
1.5
2.30
3.40
1.55
1.27
 	 1:0(0:0)  
277	19/04
21:00	 Dijon
Laval	
-0.75
+0.75
2.00
1.72
 
 	
2.5
1.85
1.85
1.80
3.20
4.75
1.15
1.33
1.90
1.5
1.5
1.80
3.55
1.90
1.25
 	 1:0(0:0)  
278	19/04
21:00	 Gazelec Ajaccio
Tours	
+0.25
-0.25
1.90
1.80
 
 	
2.25
1.85
 	
1.85
 	
3.40
3.15
2.15
1.65
1.33
1.27
 3.40
3.15
2.15
1.65
1.33
1.27
 	 0:1(0:0)  
279	19/04
21:00	 Guingamp
Le Mans	
-0.75
+0.75
1.80
1.90
 
 	
2.25
1.85
 	
1.85
 	
1.60
3.50
6.10
1.10
1.28
2.20
1.5
1.5
1.75
4.25
1.96
1.18
 	 6:1(2:0)  
280	19/04
21:00	 Le Havre
Sedan	
-0.25
+0.25
1.72
2.00
 
 	
2.5
1.85
1.85
2.05
3.25
3.55
1.25
1.33
1.70
1.5
1.5
2.00
2.95
1.72
1.35
 	 1:1(1:0)  
281	20/04
15:00	 Lens
Nimes	
-0.25
+0.25
2.00
1.72
 
 	
2.25
1.90
 	
1.80
 	
2.40
3.00
3.05
1.33
1.38
1.50
1.5
1.5
2.55
2.95
1.45
1.35
 	 1:2(0:1)  
282	20/04
15:00	 Nantes
Auxerre	
-0.75
+0.75
1.85
1.85
 
 	
2.25
1.80
 	
1.90
 	
1.67
3.40
5.45
1.12
1.30
2.10
1.5
1.5
1.85
4.25
1.85
1.18
 	 1:1(1:1)  
283	22/04
21:30	 Monaco
Clermont	
–1.0
+1.0
1.80
1.90
  	
2.5
1.95
1.76
1.45
3.95
7.50
1.06
1.23
2.55
 1.45
3.95
7.50
1.06
1.23
2.55
 	 4:0(2:0) 
 253	26/04
21:00	 Auxerre
Chateauroux	
-0.25
+0.25
1.65
2.11
 
 	
2.25
1.90
 	
1.80
 	
1.90
3.10
4.35
1.18
1.33
1.80
1.5
1.5
2.10
3.55
1.65
1.25
 	 0:0(0:0)  
254	26/04
21:00	 Clermont
Gazelec Ajaccio	
-0.75
+0.75
1.70
2.03
 
 	
2.5
2.20
1.60
1.52
3.75
6.50
1.08
1.27
2.35
 1.52
3.75
6.50
1.08
1.27
2.35
 	 0:2(0:0)  
255	26/04
21:00	 Istres
Guingamp	
+0.25
-0.25
1.72
2.00
 
 	
2.25
1.85
 	
1.85
 	
3.05
3.00
2.40
1.50
1.38
1.33
1.5
1.5
2.95
2.50
1.35
1.47
 	 2:0(2:0)  
256	26/04
21:00	 Laval
Lens	
-0.25
+0.25
1.72
2.00
 
 	
2.25
1.85
 	
1.85
 	
2.05
3.05
3.85
1.22
1.35
1.70
1.5
1.5
2.15
3.35
1.63
1.28
 	 1:1(0:1)  
257	26/04
21:00	 Le Mans
Arles	
-0.25
+0.25
1.85
1.85
 
 	
2.25
2.00
 	
1.72
 	
2.20
3.00
3.45
1.27
1.38
1.60
1.5
1.5
2.30
3.40
1.55
1.27
 	 0:0(0:0)  
258	26/04
21:00	 Nimes
Angers	
-0.25
+0.25
1.75
1.96
 
 	
2.25
1.95
 	
1.76
 	
2.10
3.00
3.75
1.23
1.35
1.67
1.5
1.5
2.30
3.55
1.55
1.25
 	 3:0(0:0)  
259	26/04
21:00	 Niort
Nantes	
+0.25
-0.25
1.80
1.90
 
 	
2.25
2.03
 	
1.70
 	
3.55
2.85
2.25
1.57
1.39
1.25
1.5
1.5
2.95
2.50
1.35
1.47
 	 0:1(0:0)  
260	26/04
21:00	 Tours
Le Havre	
-0.25
+0.25
1.75
1.96
 
 	
2.5
1.85
1.85
2.10
3.05
3.65
1.25
1.35
1.67
1.5
1.5
2.05
3.20
1.70
1.30
 	 1:2(0:2)  
261	27/04
15:00	 Caen
Dijon	
-0.75
+0.75
1.90
1.80
 
 	
2.25
1.80
 	
1.90
 	
1.72
3.25
5.30
1.12
1.32
2.00
1.5
1.5
1.85
4.25
1.85
1.18
 	 2:2(1:0) 
204	03/05
21:00	 Angers
Laval	
-0.75
+0.75
2.00
1.72
 
 	
2.25
1.75
 	
1.96
 	
1.80
3.25
4.70
1.15
1.33
1.90
1.5
1.5
1.90
3.85
1.80
1.22
 	 1:0(0:0)  
205	03/05
21:00	 Arles
Guingamp	
+0.25
-0.25
1.77
1.94
 
 	
2.25
1.90
 	
1.80
 	
3.25
3.00
2.30
1.55
1.38
1.30
1.5
1.5
2.95
2.50
1.35
1.47
 	 0:2(0:0)  
206	03/05
21:00	 Chateauroux
Nimes	
0
0
1.96
1.75
  	
2.25
1.90
 	
1.80
 	
2.85
3.00
2.55
1.45
1.37
1.37
1.5
1.5
2.75
2.55
1.40
1.45
 	 2:1(2:0)  
207	03/05
21:00	 Dijon
Sedan	
-0.25
+0.25
1.67
2.12
 
 	
2.75
1.90
 	
1.80
 	
1.95
3.35
3.75
1.23
1.30
1.76
1.5
1.5
1.80
3.10
1.90
1.32
 	 4:2(2:1)  
208	03/05
21:00	 Gazelec Ajaccio
Le Mans	
+0.25
-0.25
1.94
1.77
 
 	
2.25
1.80
 	
1.90
 	
3.55
3.15
2.10
1.67
1.33
1.25
 2.30
3.05
3.20
1.30
1.35
1.55
 	 1:3(1:3)  
209	03/05
21:00	 Le Havre
Istres	
-0.25
+0.25
1.60
2.20
 
 	
2.25
1.80
 	
1.90
 	
1.85
3.15
4.55
1.16
1.33
1.85
1.5
1.5
2.07
3.55
1.67
1.25
 	 2:0(0:0)  
210	03/05
21:00	 Lens
Tours	
-0.25
+0.25
1.63
2.15
 
 	
2.5
1.95
1.76
1.90
3.20
4.25
1.18
1.33
1.80
1.5
1.5
1.95
3.40
1.76
1.27
 	 0:0(0:0)  
211	03/05
21:00	 Niort
Auxerre	
-0.25
+0.25
1.60
2.20
 
 	
2.25
2.05
 	
1.70
 	
1.90
3.00
4.55
1.16
1.37
1.80
1.5
1.5
2.15
4.05
1.63
1.20
 	 0:1(0:1)  
212	04/05
15:00	 Monaco
Caen	
-0.75
+0.75
2.00
1.72
 
 	
2.5
2.00
1.72
1.75
3.40
4.75
1.15
1.30
2.00
1.5
1.5
1.80
3.75
1.90
1.23
 	 0:1(0:1)  
213	06/05
21:30	 Nantes
Clermont	
–1.0
+1.0
1.75
1.96
  	
2.5
2.00
1.72
1.42
4.05
7.90
1.06
1.22
2.65
 1.42
4.05
7.90
1.06
1.22
2.65
 	 0:1(0:1) 
 227	10/05
21:00	 Auxerre
Angers	
+0.25
-0.25
1.72
2.00
 
 	
2.5
1.80
1.90
2.95
3.10
2.40
1.50
1.35
1.35
1.5
1.5
2.65
2.20
1.42
1.60
 	 2:2(1:1)  
228	10/05
21:00	 Clermont
Chateauroux	
-0.25
+0.25
1.65
2.11
 
 	
2.25
1.90
 	
1.80
 	
1.90
3.10
4.35
1.18
1.33
1.80
1.5
1.5
2.10
3.55
1.65
1.25
 	 1:0(0:0)  
229	10/05
21:00	 Guingamp
Lens	
–1.0
+1.0
1.75
1.96
  	
2.5
1.75
1.96
1.45
4.00
7.25
1.06
1.22
2.55
 2.30
3.05
3.20
1.30
1.35
1.55
 	 7:0(4:0)  
230	10/05
21:00	 Istres
Dijon	
-0.25
+0.25
2.00
1.72
 
 	
2.5
1.85
1.85
2.45
3.05
2.95
1.35
1.35
1.50
1.5
1.5
2.40
2.75
1.50
1.40
 	 2:3(1:2)  
231	10/05
21:00	 Laval
Gazelec Ajaccio	
–1.0
+1.0
1.70
2.03
  	
2.5
1.75
1.96
1.42
4.25
7.25
1.07
1.20
2.65
 2.30
3.05
3.20
1.30
1.35
1.55
 	 1:2(1:0)  
232	10/05
21:00	 Le Mans
Le Havre	
-0.25
+0.25
1.72
2.00
 
 	
2.25
1.85
 	
1.85
 	
2.05
3.25
3.55
1.25
1.33
1.70
1.5
1.5
2.10
3.55
1.65
1.25
 	 0:4(0:1)  
233	10/05
21:00	 Sedan
Niort	
-0.25
+0.25
1.75
1.96
 
 	
2.5
1.80
1.90
2.05
3.20
3.60
1.25
1.32
1.70
1.5
1.5
2.10
3.05
1.66
1.33
 	 0:2(0:1)  
234	10/05
21:00	 Tours
Arles	
-0.25
+0.25
1.90
1.80
 
 	
2.25
1.95
 	
1.76
 	
2.30
3.00
3.25
1.30
1.37
1.55
1.5
1.5
2.40
3.10
1.50
1.32
 	 0:0(0:0)  
235	11/05
15:00	 Nimes
Monaco	
+0.25
-0.25
1.75
1.96
 
 	
2.5
1.95
1.76
3.05
3.10
2.35
1.52
1.35
1.33
1.5
1.5
2.95
2.30
1.35
1.55
 	 0:1(0:0)  
236	13/05
21:30	 Caen
Nantes	
-0.25
+0.25
1.95
1.76
 
 	
2.5
2.10
1.67
2.30
3.05
3.20
1.30
1.35
1.55
 2.30
3.05
3.20
1.30
1.35
1.55
 	 0:1(0:0)  
173	17/05
21:30	 Angers
Tours	
–1.0
+1.0
1.80
1.90
  	
2.5
1.80
1.90
1.47
4.00
6.85
1.08
1.23
2.50
1.5
1.5
1.55
4.05
2.30
1.20
 	 0:1(0:0)  
174	17/05
21:30	 Auxerre
Clermont	
-0.25
+0.25
1.85
1.85
 
 	
2.5
1.95
1.76
2.15
3.15
3.40
1.27
1.33
1.63
1.5
1.5
2.10
2.85
1.66
1.37
 	 1:1(1:1)  
175	17/05
21:30	 Chateauroux
Caen	
0
0
1.90
1.80
  	
2.25
1.75
 	
1.96
 	
2.75
3.10
2.55
1.45
1.35
1.37
1.5
1.5
2.55
2.50
1.45
1.47
 	 2:2(2:1)  
176	17/05
21:30	 Dijon
Arles	
-0.75
+0.75
1.85
1.85
 
 	
2.5
1.75
1.96
1.67
3.60
4.95
1.14
1.28
2.07
 1.27
5.30
10.00
1.02
1.14
3.45
 	 2:3(1:1)  
177	17/05
21:30	 Gazelec Ajaccio
Guingamp	
+1.25
-1.25
1.75
1.96
 
 	
2.5
1.68
2.07
7.80
4.25
1.40
2.75
1.20
1.05
 1.27
5.30
10.00
1.02
1.14
3.45
 	 0:1(0:0)  
178	17/05
21:30	 Le Havre
Laval	
-0.25
+0.25
1.90
1.80
 
 	
2.5
1.85
1.85
2.25
3.15
3.15
1.32
1.35
1.57
1.5
1.5
2.10
3.05
1.66
1.33
 	 1:2(1:2)  
179	17/05
21:30	 Lens
Istres	
-0.25
+0.25
1.90
1.80
 
 	
2.25
1.80
 	
1.90
 	
2.25
3.10
3.20
1.30
1.38
1.57
1.5
1.5
2.40
3.05
1.50
1.33
 	 1:1(0:0)  
180	17/05
21:30	 Monaco
Le Mans	
-1.25
+1.25
1.72
2.00
 
 	
2.75
1.75
 	
1.96
 	
1.37
4.50
8.00
1.06
1.18
2.85
 1.27
5.30
10.00
1.02
1.14
3.45
 	 2:1(2:0)  
181	17/05
21:30	 Nantes
Sedan	
–1.5
+1.5
1.90
1.80
  	
2.75
1.75
 	
1.96
 	
1.27
5.30
10.00
1.02
1.14
3.45
1.27
5.30
10.00
1.02
1.14
3.45 
 	 1:0(0:0)  
182	17/05
21:30	 Niort
Nimes	
-0.75
+0.75
2.00
1.72
 
 	
2.5
1.90
1.80
1.80
3.25
4.70
1.15
1.33
1.90
1.5
1.5
1.95
3.85
1.76
1.22
 	 2:0(0:0)
178	24/05
21:30	 Arles
Le Havre	
-0.25
+0.25
2.00
1.72
 
 	
2.5
1.72
2.00
2.40
3.25
2.85
1.37
1.33
1.50
1.5
1.5
2.25
2.65
1.57
1.42
 	 1:1(1:0)  
179	24/05
21:30	 Caen
Gazelec Ajaccio	
-1.25
+1.25
1.90
1.80
 
 	
2.75
1.72
 	
2.00
 	
1.35
4.50
8.50
1.04
1.17
2.95
 1.55
3.85
5.80
1.10
1.25
2.30
 	 2:1(1:1)  
180	24/05
21:30	 Clermont
Niort	
-0.25
+0.25
1.65
2.11
 
 	
2.5
2.00
1.72
1.95
3.15
4.05
1.20
1.33
1.76
1.5
1.5
2.07
3.40
1.67
1.27
 	 1:1(0:1)  
181	24/05
21:30	 Guingamp
Dijon	
-0.75
+0.75
1.75
1.96
 
 	
2.75
1.65
 	
2.11
 	
1.55
3.85
5.85
1.11
1.24
2.30
 1.55
3.85
5.80
1.10
1.25
2.30
 	 2:0(1:0)  
182	24/05
21:30	 Istres
Nantes	
+0.25
-0.25
1.72
2.00
 
 	
2.5
1.85
1.85
2.95
3.10
2.40
1.50
1.35
1.35
1.5
1.5
2.75
2.30
1.40
1.55
 	 2:2(0:1)  
183	24/05
21:30	 Laval
Chateauroux	
–1.0
+1.0
1.90
1.80
  	
2.5
1.90
1.80
1.55
3.50
6.85
1.07
1.28
2.30
1.5
1.5
1.65
4.00
2.11
1.20
 	 3:2(2:0)  
184	24/05
21:30	 Le Mans
Lens	
–1.0
+1.0
1.95
1.76
  	
2.75
1.77
 	
1.94
 	
1.55
3.85
5.80
1.10
1.25
2.30
 1.55
3.85
5.80
1.10
1.25
2.30
 	 2:1(2:0)  
185	24/05
21:30	 Nimes
Auxerre	
-0.25
+0.25
1.85
1.85
 
 	
2.5
1.75
1.96
2.20
3.20
3.20
1.30
1.35
1.60
1.5
1.5
2.10
2.95
1.66
1.35
 	 4:2(3:1)  
186	24/05
21:30	 Sedan
Angers	
0
0
1.85
1.85
  	
2.5
1.75
1.96
2.65
3.10
2.65
1.42
1.35
1.42
1.5
1.5
2.40
2.40
1.50
1.50
 	 2:2(1:0)  
187	24/05
21:30	 Tours
Monaco	
+0.25
-0.25
1.90
1.80
 
 	
2.5
1.70
2.03
3.40
3.25
2.10
1.67
1.33
1.27
1.5
1.5
2.85
2.00
1.37
1.72
 	 1:2(1:0)  
211	14/11
19:30	 Gazelec Ajaccio
Niort	
-0.25
+0.25
1.67
2.10
 
 	
2.0
1.85
1.85
2.00
3.05
4.05
1.21
1.35
1.72
1.5
1.5
2.25
3.40
1.57
1.27
 	 2:2(1:2)  
108	18/12
21:00	 Niort
Sedan	
-0.25
+0.25
1.67
2.10
 
 	
2.0
1.75
1.96
2.00
3.10
3.95
1.21
1.35
1.72
1.5
1.5
2.30
3.55
1.55
1.25
 	 1:3(1:2) 
138	05/02
19:00	 Guingamp
Angers SCO	
-0.25
+0.25
1.65
2.11
 
 	
2.25
1.95
 	
1.76
 	
1.90
3.10
4.40
1.18
1.35
1.80
1.5
1.5
2.10
3.55
1.66
1.25
 	 2:1(0:0)  
161	12/02
20:30	 Sedan
Dijon FCO	
-0.25
+0.25
1.95
1.76
 
 	
2.25
1.85
 	
1.85
 	
2.30
3.05
3.20
1.30
1.35
1.55
1.5
1.5
2.40
2.95
1.50
1.35
 	 0:1(0:1)  
158	26/02
20:30	 Sedan
Auxerre	
0
0
1.80
1.90
  	
2.25
1.90
 	
1.80
 	
2.65
3.00
2.75
1.40
1.37
1.42
1.5
1.5
2.65
2.75
1.42
1.40
 	 1:0(0:0)  
183	24/05
21:30	 Laval
Chateauroux	
–1.0
+1.0
1.90
1.80
  	
2.5
1.90
1.80
1.55
3.50
6.85
1.07
1.28
2.30
1.5
1.5
1.65
4.00
2.11
1.20
 	 3:2(2:0)  
184	24/05
21:30	 Le Mans
Lens	
–1.0
+1.0
1.95
1.76
  	
2.75
1.77
 	
1.94
 	
1.55
3.85
5.80
1.10
1.25
2.30
 
 	 2:1(2:0)  