9891	09/03
19:30	 SC Bastia
Nantes	
0
0
2.10
1.75
1.5
1.67
2.20
3.20
2.80
2.63
1.49
1.44
1.36
1.0
1.0
2.50
2.15
1.53
1.70
 	 0:0(0:0)  
9892	09/03
19:30	 Gazelec Ajaccio
Marseille	
0
0
2.75
1.45
2.0
1.67
2.20
3.90
3.30
2.05
1.79
1.34
1.26
1.0
1.5
2.35
2.30
1.60
1.62
 	 1:1(0:0)  
1218	11/09
21:30	 PSG
Bordeaux	
–1.5
+1.5
1.85
1.95
2.5
1.77
2.08
1.22
5.80
14.50
1.01
1.13
4.14
2.0
1.0
1.75
6.00
2.05
1.13
 	 2:2(2:1)  
1212	12/09
18:00	 Lyon
Lille	
–1.0
+1.0
2.70
1.47
2.0
1.80
2.00
1.85
3.30
4.70
1.20
1.33
1.95
1.5
1.0
2.20
2.90
1.67
1.42
 	 0:0(0:0)  
1213	12/09
21:00	 Lorient
Angers SCO	
–1.0
+1.0
2.85
1.42
2.0
1.80
2.00
1.90
3.30
4.50
1.22
1.35
1.90
1.5
1.0
2.25
2.75
1.65
1.45
 	 3:1(0:1)  
1215	12/09
21:00	 Montpellier
Saint-Etienne	
0
0
1.85
1.95
2.0
1.90
1.90
2.70
3.05
2.83
1.42
1.38
1.45
1.5
1.5
2.95
3.05
1.37
1.35
 	 1:2(0:1)  
1217	12/09
21:00	 Nice
Guingamp	
0
0
1.55
2.35
2.0
1.80
2.00
2.25
3.10
3.50
1.30
1.37
1.64
1.0
1.0
1.72
2.35
2.05
1.55
 	 0:1(0:0)  
1208	12/09
21:00	 Troyes
Caen	
0
0
1.65
2.25
2.5
1.98
1.83
2.30
3.30
3.10
1.36
1.32
1.60
1.5
1.5
2.25
2.85
1.60
1.40
 	 1:3(0:2)  
1219	12/09
21:00	 Toulouse
Reims	
0
0
1.45
2.65
2.5
2.05
1.75
2.00
3.50
3.70
1.27
1.30
1.80
1.5
1.0
2.15
2.05
1.70
1.72
 	 2:2(2:0)  
1211	13/09
15:00	 Gazelec Ajaccio
AS Monaco	
+1.0
–1.0
1.42
2.75
2.0
2.00
1.80
4.70
3.20
1.90
1.90
1.35
1.20
1.0
1.0
3.25
1.60
1.33
2.35
 	 0:1(0:1)  
1216	13/09
18:00	 Nantes
Rennes	
0
0
1.83
2.00
2.0
2.10
1.72
2.65
2.95
2.95
1.40
1.40
1.47
1.0
1.0
2.15
2.30
1.70
1.60
 	 0:2(0:0)  
1214	13/09
22:00	 Marseille
SC Bastia	
–1.0
+1.0
1.75
2.10
2.5
1.97
1.83
1.44
4.40
7.50
1.08
1.21
2.77
1.5
1.0
1.67
4.00
2.20
1.23
 	 4:1(1:0)  
7691	18/09
21:30	 Rennes
Lille	
0
0
1.60
2.30
2.0
2.00
1.80
2.35
3.00
3.40
1.32
1.39
1.59
1.0
1.0
1.83
2.60
1.97
1.50
 	 1:1(0:0)  
7692	19/09
18:30	 Reims
PSG	
+1.0
–1.0
2.15
1.72
2.5
1.90
1.90
8.00
4.50
1.42
2.90
1.21
1.08
1.0
2.0
3.80
2.20
1.27
1.67
 	 1:1(0:0)  
7695	19/09
21:00	 Angers SCO
Troyes	
0
0
1.46
2.70
2.0
1.75
2.05
2.10
3.20
3.80
1.27
1.35
1.74
1.0
1.0
1.57
2.55
2.40
1.53
 	 1:0(0:0)  
7696	19/09
21:00	 SC Bastia
Nice	
0
0
1.62
2.30
2.0
1.80
2.00
2.30
3.15
3.35
1.33
1.36
1.62
1.0
1.0
1.70
2.10
2.10
1.70
 	 1:3(1:2)  
7697	19/09
21:00	 Guingamp
Gazelec Ajaccio	
–1.0
+1.0
2.50
1.53
2.0
1.97
1.83
1.77
3.30
5.20
1.15
1.32
2.02
1.5
1.0
2.30
3.90
1.62
1.25
 	 2:1(1:1)  
7698	19/09
21:00	 Caen
Montpellier	
0
0
1.53
2.55
2.5
2.25
1.65
2.10
3.30
3.60
1.30
1.33
1.75
1.5
1.0
2.35
2.25
1.60
1.65
 	 2:1(1:1)  
7699	20/09
15:00	 Bordeaux
Toulouse	
0
0
1.48
2.65
2.5
2.10
1.72
2.05
3.35
3.70
1.27
1.32
1.76
1.5
1.0
2.20
2.25
1.65
1.65
 	 1:1(0:1)  
7704	20/09
18:00	 AS Monaco
Lorient	
–1.0
+1.0
2.20
1.67
2.5
2.10
1.75
1.67
3.70
5.30
1.15
1.27
2.18
1.5
1.0
1.90
3.00
1.90
1.38
 	 2:3(1:2)  
7705	20/09
18:00	 Saint-Etienne
Nantes	
–1.0
+1.0
2.25
1.65
2.0
1.97
1.83
1.67
3.40
6.10
1.12
1.31
2.18
1.5
1.0
2.15
4.70
1.70
1.20
 	 2:0(1:0)  
7706	20/09
22:00	 Marseille
Lyon	
0
0
1.50
2.50
2.5
1.95
1.85
2.10
3.40
3.50
1.30
1.31
1.72
1.5
1.0
2.10
1.90
1.70
1.85
 	 1:1(0:1)  
4874	22/09
20:00	 Angers SCO
Reims	
0
0
1.90
1.90
2.0
2.00
1.80
2.75
3.05
2.75
1.45
1.38
1.45
1.0
1.0
2.05
2.05
1.72
1.72
 	 0:0(0:0)  
4875	22/09
22:00	 PSG
Guingamp	
–2.0
+2.0
1.93
1.87
3.0
2.00
1.80
1.17
6.80
19.00
 	
1.10
4.80
2.5
1.0
2.05
6.00
1.77
1.12
 	 3:0(1:0)  
4898	23/09
20:00	 Gazelec Ajaccio
Rennes	
0
0
2.40
1.57
2.0
1.95
1.85
3.45
3.00
2.30
1.60
1.38
1.30
1.0
1.0
2.55
1.80
1.53
2.00
 	 1:1(1:0)  
4899	23/09
20:00	 Lyon
SC Bastia	
–1.0
+1.0
1.72
2.15
2.5
2.00
1.83
1.44
4.50
7.50
1.10
1.20
2.90
1.5
1.0
1.67
4.30
2.20
1.23
 	 2:0(1:0)  
4900	23/09
20:00	 Lorient
Caen	
0
0
1.57
2.35
2.5
2.05
1.77
2.20
3.30
3.35
1.32
1.33
1.66
1.5
1.0
2.20
1.90
1.62
1.85
 	 2:0(2:0)  
4901	23/09
20:00	 Nice
Bordeaux	
0
0
1.87
1.93
2.0
1.72
2.05
2.65
3.20
2.75
1.45
1.35
1.48
1.0
1.0
1.80
1.85
1.95
1.90
 	 6:1(2:1)  
4902	23/09
20:00	 Troyes
Saint-Etienne	
0
0
2.30
1.60
2.0
1.80
2.00
3.35
3.10
2.30
1.61
1.36
1.32
1.0
1.0
2.10
1.70
1.70
2.10
 	 0:1(0:1)  
4903	23/09
22:00	 Toulouse
Marseille	
0
0
2.00
1.80
2.5
2.00
1.80
2.80
3.30
2.55
1.50
1.33
1.44
1.0
1.0
1.75
1.62
2.10
2.30
 	 1:1(0:0)  
4906	24/09
19:55	 Montpellier
AS Monaco	
0
0
2.15
1.65
2.0
1.85
1.95
3.20
3.05
2.40
1.56
1.37
1.34
1.0
1.0
2.15
1.75
1.65
2.00
 	 2:3(2:0)  
7679	25/09
21:30	 Reims
Lille	
0
0
1.87
1.93
2.0
1.77
2.05
2.65
3.10
2.80
1.43
1.36
1.47
1.0
1.0
1.90
1.95
1.90
1.85
 	 1:0(0:0)  
8714	26/09
18:30	 Nantes
PSG	
+1.0
–1.0
2.20
1.67
2.5
2.05
1.77
9.50
4.30
1.39
3.00
1.22
1.07
1.0
1.5
4.80
1.65
1.18
2.20
 	 1:4(1:0)  
8711	26/09
21:00	 SC Bastia
Toulouse	
0
0
2.00
1.80
2.0
1.77
2.05
2.90
3.05
2.60
1.49
1.37
1.40
1.0
1.0
2.00
1.85
1.80
1.95
 	 3:0(3:0)  
8712	26/09
21:00	 Bordeaux
Lyon	
0
0
1.85
1.95
2.0
1.67
2.15
2.70
3.10
2.75
1.44
1.36
1.46
1.0
1.0
1.75
1.80
2.00
1.95
 	 3:1(3:0)  
8713	26/09
21:00	 Caen
Gazelec Ajaccio	
–1.0
+1.0
2.35
1.60
2.5
2.15
1.70
1.77
3.40
5.10
1.16
1.31
2.04
1.5
1.0
2.00
2.90
1.80
1.42
 	 2:0(1:0)  
8715	26/09
21:00	 Rennes
Troyes	
–1.0
+1.0
2.20
1.65
2.0
1.67
2.20
1.67
3.70
5.50
1.15
1.30
2.25
1.5
1.0
1.97
3.40
1.83
1.32
 	 1:1(0:1)  
8720	27/09
15:00	 Marseille
Angers SCO	
–1.0
+1.0
1.67
2.20
2.5
2.00
1.83
1.42
4.30
8.50
1.07
1.22
2.86
1.5
1.0
1.65
4.50
2.25
1.20
 	 1:2(0:1)  
8719	27/09
18:00	 Guingamp
AS Monaco	
0
0
2.30
1.57
2.0
1.90
1.85
3.40
3.00
2.30
1.59
1.37
1.30
1.0
1.0
2.30
1.75
1.57
2.00
 	 3:3(1:2)  
8721	27/09
18:00	 Montpellier
Lorient	
0
0
1.50
2.55
2.5
2.10
1.72
2.13
3.20
3.65
1.28
1.35
1.71
1.5
1.0
2.25
2.15
1.65
1.70
 	 2:1(1:0)  
8722	27/09
22:00	 Saint-Etienne
Nice	
–1.0
+1.0
2.30
1.62
2.5
2.15
1.72
1.72
3.50
5.30
1.15
1.30
2.11
1.5
1.0
1.95
3.00
1.85
1.38
 	 1:4(1:3)  
4805	29/09
19:30	 Lille
Nantes	
–1.0
+1.0
2.65
1.48
2.0
1.97
1.83
1.80
3.25
5.25
1.16
1.34
2.00
1.5
1.0
2.35
3.70
1.60
1.28
 	 0:1(0:1)  
5298	02/10
21:30	 Lille
Montpellier	
–1.0
+1.0
2.85
1.42
2.0
1.80
2.00
1.90
3.25
4.55
1.20
1.34
1.90
1.5
1.0
2.25
2.75
1.65
1.45
 	 2:0(1:0)  
5343	03/10
18:30	 Lyon
Reims	
–1.0
+1.0
2.00
1.83
2.5
1.85
1.97
1.60
4.00
5.50
1.15
1.25
2.40
1.5
1.0
1.72
2.75
2.15
1.46
 	 1:0(1:0)  
5341	03/10
21:00	 Angers SCO
SC Bastia	
0
0
1.52
2.45
2.0
1.90
1.90
2.20
3.15
3.60
1.30
1.37
1.68
1.0
1.0
1.70
2.40
2.10
1.53
 	 1:0(1:0)  
5342	03/10
21:00	 Gazelec Ajaccio
Toulouse	
0
0
2.00
1.80
2.0
1.90
1.90
2.95
3.05
2.60
1.50
1.38
1.40
1.0
1.0
2.10
1.95
1.70
1.80
 	 2:2(2:1)  
5345	03/10
21:00	 Troyes
Guingamp	
0
0
1.77
2.05
2.5
2.20
1.65
2.50
3.20
2.95
1.42
1.35
1.53
1.0
1.0
1.67
1.85
2.15
1.95
 	 0:1(0:0)  
5349	04/10
15:00	 AS Monaco
Rennes	
–1.0
+1.0
2.65
1.45
2.0
1.75
2.10
1.83
3.35
4.80
1.18
1.33
1.97
1.5
1.0
2.10
2.65
1.70
1.45
 	 1:1(0:1)  
5347	04/10
18:00	 Caen
Saint-Etienne	
0
0
2.05
1.77
2.5
2.15
1.70
2.90
3.25
2.50
1.53
1.34
1.41
1.0
1.0
1.85
1.67
1.95
2.15
 	 1:0(0:0)  
5348	04/10
18:00	 Lorient
Bordeaux	
0
0
1.80
2.00
2.5
2.10
1.75
2.55
3.25
2.85
1.43
1.35
1.52
1.0
1.0
1.67
1.77
2.20
2.05
 	 3:2(0:1)  
5350	04/10
22:00	 PSG
Marseille	
–1.0
+1.0
1.70
2.15
2.5
1.80
2.00
1.42
4.30
8.20
1.07
1.21
2.82
2.0
1.0
2.05
3.15
1.77
1.36
 	 2:1(2:1)  
1144	16/10
21:30	 AS Monaco
Lyon	
0
0
1.90
1.90
2.5
2.10
1.75
2.70
3.20
2.70
1.46
1.35
1.46
1.0
1.0
1.70
1.70
2.10
2.10
 	 1:1(1:0)  
1147	17/10
18:00	 SC Bastia
PSG	
+1.5
–1.5
1.83
1.97
2.5
1.77
2.05
9.00
5.00
1.35
3.25
1.16
1.06
1.0
2.0
4.30
1.87
1.23
1.93
 	 0:2(0:0)  
1148	17/10
21:00	 Guingamp
Lille	
0
0
1.83
2.00
2.0
1.95
1.85
2.65
3.00
2.90
1.44
1.36
1.50
1.0
1.0
2.00
2.15
1.80
1.70
 	 1:1(1:1)  
1220	17/10
21:00	 Nantes
Troyes	
0
0
1.45
2.75
2.0
1.87
1.93
2.05
3.15
4.00
1.24
1.36
1.76
1.0
1.0
1.62
2.80
2.30
1.44
 	 3:0(1:0)  
1221	17/10
21:00	 Reims
Caen	
0
0
1.80
2.00
2.5
2.05
1.77
2.50
3.20
2.90
1.40
1.34
1.52
1.0
1.0
1.65
1.77
2.25
2.05
 	 0:1(0:0)  
1222	17/10
21:00	 Saint-Etienne
Gazelec Ajaccio	
–1.0
+1.0
1.85
1.95
2.5
2.15
1.70
1.48
3.90
7.60
1.07
1.24
2.57
1.5
1.0
1.80
4.30
2.00
1.23
 	 2:0(1:0)  
1223	17/10
21:00	 Toulouse
Angers SCO	
–1.0
+1.0
2.80
1.40
2.0
1.70
2.15
1.95
3.30
4.20
1.23
1.33
1.85
1.5
1.0
2.20
2.40
1.65
1.53
 	 1:2(1:2)  
1232	18/10
15:00	 Marseille
Lorient	
–1.0
+1.0
1.93
1.87
2.5
1.83
1.97
1.55
4.00
6.00
1.12
1.23
2.40
1.5
1.0
1.67
2.80
2.20
1.44
 	 1:1(1:1)  
1231	18/10
18:00	 Bordeaux
Montpellier	
–1.0
+1.0
2.50
1.50
2.5
2.15
1.70
1.80
3.40
4.80
1.18
1.31
1.99
1.5
1.0
2.00
2.55
1.75
1.48
 	 0:0(0:0)  
1233	18/10
22:00	 Rennes
Nice	
0
0
1.50
2.60
2.5
2.10
1.72
2.07
3.25
3.70
1.26
1.33
1.73
1.5
1.0
2.25
2.20
1.65
1.67
 	 1:4(0:1)  
5909	23/10
19:30	 Caen
Nantes	
–1.0
+1.0
2.85
1.42
2.0
1.85
1.95
1.90
3.20
4.60
1.19
1.34
1.89
1.5
1.0
2.35
3.05
1.60
1.38
 	 0:2(0:1)  
5980	23/10
21:30	 Lyon
Toulouse	
–1.0
+1.0
2.15
1.70
2.5
1.80
2.00
1.65
3.80
5.50
1.15
1.27
2.25
1.5
1.0
1.70
2.30
2.10
1.60
 	 3:0(1:0)  
5986	24/10
18:00	 Lorient
Rennes	
0
0
1.62
2.20
2.0
1.72
2.05
2.37
3.15
3.20
1.35
1.36
1.59
1.0
1.0
1.65
2.05
2.15
1.75
 	 1:1(1:0)  
5984	24/10
21:00	 Angers SCO
Guingamp	
0
0
1.65
2.20
2.0
1.95
1.85
2.45
2.90
3.30
1.33
1.41
1.54
1.0
1.0
1.87
2.30
1.93
1.62
 	 0:0(0:0)  
5985	24/10
21:00	 Gazelec Ajaccio
Nice	
0
0
2.65
1.45
2.5
2.15
1.70
3.80
3.30
2.05
1.77
1.33
1.26
1.0
1.5
2.15
2.20
1.65
1.65
 	 3:1(3:1)  
5987	24/10
21:00	 Montpellier
SC Bastia	
–1.0
+1.0
2.60
1.50
2.0
1.83
2.00
1.80
3.35
5.00
1.17
1.32
2.01
1.5
1.0
2.25
3.25
1.65
1.35
 	 2:0(0:0)  
5993	25/10
15:00	 Reims
AS Monaco	
0
0
1.97
1.83
2.0
1.75
2.10
2.85
3.15
2.60
1.50
1.36
1.42
1.0
1.0
1.90
1.80
1.90
2.00
 	 0:1(0:1)  
5991	25/10
18:00	 Bordeaux
Troyes	
–1.0
+1.0
1.95
1.85
2.5
2.00
1.80
1.53
3.85
6.85
1.09
1.25
2.46
1.5
1.0
1.75
3.15
2.10
1.36
 	 1:0(0:0)  
5992	25/10
18:00	 Lille
Marseille	
0
0
1.83
1.97
2.0
1.75
2.10
2.55
3.10
2.90
1.40
1.36
1.50
1.0
1.0
1.80
1.90
2.00
1.90
 	 1:2(0:1)  
5994	25/10
22:00	 PSG
Saint-Etienne	
–1.5
+1.5
1.80
2.00
3.0
2.10
1.75
1.26
5.50
12.50
1.03
1.14
3.82
2.0
1.0
1.67
4.20
2.20
1.23
 	 4:1(1:0)  
9261	30/10
21:30	 Rennes
PSG	
+1.0
–1.0
1.70
2.15
2.5
2.20
1.67
6.20
3.70
1.62
2.32
1.28
1.13
1.0
1.5
3.45
1.93
1.32
1.87
 	 0:1(0:0)  
9265	31/10
18:00	 Saint-Etienne
Reims	
–1.0
+1.0
2.10
1.75
2.5
2.05
1.77
1.60
3.80
6.00
1.13
1.26
2.33
1.5
1.0
1.83
3.00
1.97
1.40
 	 3:0(0:0)  
9262	31/10
21:00	 SC Bastia
Caen	
0
0
2.10
1.75
2.0
1.77
2.05
3.05
3.05
2.50
1.52
1.37
1.37
1.0
1.0
2.00
1.77
1.80
2.05
 	 1:0(1:0)  
9263	31/10
21:00	 Gazelec Ajaccio
Bordeaux	
+1.0
–1.0
1.45
2.65
2.0
1.75
2.10
4.40
3.40
1.87
1.92
1.31
1.21
1.0
1.5
2.65
2.10
1.45
1.70
 	 2:0(1:0)  
9264	31/10
21:00	 Guingamp
Lorient	
–1.0
+1.0
2.80
1.40
2.5
2.15
1.70
1.95
3.40
4.10
1.24
1.32
1.86
1.5
1.0
2.15
2.30
1.70
1.60
 	 2:2(1:0)  
9266	31/10
21:00	 Troyes
Lyon	
+1.0
–1.0
1.62
2.25
2.5
1.97
1.83
5.50
3.45
1.70
2.12
1.30
1.14
1.0
1.5
2.60
1.87
1.50
1.93
 	 0:1(0:0)  
9267	31/10
21:01	 Toulouse
Montpellier	
0
0
1.50
2.60
2.5
2.20
1.67
2.10
3.20
3.70
1.27
1.34
1.72
1.5
1.0
2.30
2.20
1.62
1.67
 	 1:1(1:1)  
9269	01/11
15:00	 Nice
Lille	
0
0
1.62
2.30
2.0
1.65
2.15
2.30
3.20
3.30
1.34
1.36
1.62
1.0
1.0
1.62
2.00
2.20
1.75
 	 0:0(0:0)  
9268	01/11
18:00	 AS Monaco
Angers SCO	
–1.0
+1.0
2.10
1.75
2.0
1.77
2.05
1.57
3.60
7.00
1.09
1.28
2.38
1.5
1.5
1.90
5.50
1.90
1.13
 	 1:0(1:0)  
9270	01/11
22:00	 Nantes
Marseille	
0
0
2.95
1.40
2.0
1.75
2.10
4.10
3.20
2.00
1.80
1.34
1.23
1.0
1.0
2.50
1.60
1.53
2.35
 	 0:1(0:0)  
8926	06/11
21:30	 Angers SCO
Rennes	
0
0
2.05
1.77
2.0
2.20
1.67
3.00
2.90
2.65
1.47
1.41
1.38
1.0
1.0
2.50
2.15
1.53
1.70
 	 0:2(0:1)  
8924	07/11
18:00	 PSG
Toulouse	
–2.0
+2.0
1.90
1.90
3.5
2.10
1.75
1.18
7.20
15.00
1.01
1.09
4.86
2.5
1.0
1.80
3.70
2.00
1.25
 	 5:0(2:0)  
8920	07/11
21:00	 Caen
Guingamp	
0
0
1.48
2.65
2.0
1.75
2.10
2.15
3.15
3.80
1.28
1.37
1.72
1.0
1.0
1.57
2.30
2.40
1.62
 	 2:1(0:0)  
8921	07/11
21:00	 Lille
SC Bastia	
–1.0
+1.0
2.25
1.65
2.0
1.80
2.00
1.65
3.50
6.00
1.12
1.29
2.21
1.5
1.0
2.10
3.80
1.75
1.27
 	 1:1(0:0)  
8922	07/11
21:00	 Lorient
Troyes	
–1.0
+1.0
2.15
1.70
2.5
1.97
1.83
1.65
3.80
5.60
1.15
1.27
2.26
1.5
1.0
1.83
2.80
1.97
1.44
 	 4:1(1:0)  
8923	07/11
21:00	 Montpellier
Nantes	
0
0
1.50
2.50
2.0
2.00
1.80
2.20
3.05
3.65
1.28
1.37
1.66
1.0
1.0
1.75
2.55
2.00
1.48
 	 2:1(1:0)  
8925	07/11
21:00	 Reims
Gazelec Ajaccio	
–1.0
+1.0
2.85
1.42
2.0
1.80
2.00
1.90
3.30
4.50
1.22
1.35
1.90
1.5
1.0
2.25
2.75
1.65
1.45
 	 1:2(0:1)  
8918	08/11
18:00	 Marseille
Nice	
–1.0
+1.0
2.15
1.70
2.5
1.75
2.05
1.65
3.80
5.30
1.15
1.26
2.21
1.5
1.0
1.70
2.25
2.15
1.65
 	 0:1(0:1)  
8919	08/11
22:00	 Bordeaux
AS Monaco	
0
0
1.62
2.20
2.0
1.72
2.05
2.35
3.15
3.20
1.35
1.35
1.59
1.0
1.0
1.65
2.05
2.15
1.75
 	 3:1(2:1)  
8917	08/11
22:00	 Lyon
Saint-Etienne	
–1.0
+1.0
2.75
1.45
2.5
1.95
1.85
1.90
3.45
4.15
1.23
1.30
1.88
1.5
1.0
1.97
2.15
1.83
1.70
 	 3:0(1:0)  
2035	20/11
21:30	 Nice
Lyon	
0
0
2.60
1.50
2.5
2.05
1.77
3.65
3.45
2.05
1.77
1.31
1.29
1.0
1.5
2.10
2.15
1.72
1.70
 	 3:0(1:0)  
2036	21/11
18:00	 Lorient
PSG	
+1.0
–1.0
2.15
1.72
3.0
2.15
1.70
7.30
4.50
1.43
2.78
1.20
1.09
1.0
2.0
2.80
1.97
1.44
1.83
 	 1:2(0:2)  
2037	22/11
15:00	 SC Bastia
Gazelec Ajaccio	
0
0
1.44
2.80
2.0
1.90
1.90
2.05
3.15
4.00
1.24
1.36
1.76
1.0
1.0
1.65
2.85
2.25
1.42
 	 1:2(1:1)  
2038	21/11
21:00	 Guingamp
Toulouse	
0
0
1.53
2.55
2.5
2.00
1.80
2.07
3.35
3.65
1.28
1.32
1.75
1.5
1.0
2.15
2.05
1.70
1.77
 	 2:0(0:0)  
2039	21/11
21:00	 AS Monaco
Nantes	
–1.0
+1.0
2.35
1.60
2.0
1.75
2.10
1.70
3.55
5.40
1.15
1.29
2.14
1.5
1.0
2.10
3.45
1.75
1.32
 	 1:0(1:0)  
2040	21/11
21:00	 Montpellier
Reims	
0
0
1.45
2.65
2.0
1.75
2.10
2.05
3.30
3.85
1.26
1.34
1.78
1.0
1.0
1.55
2.34
2.35
1.55
 	 3:1(1:1)  
2041	21/11
21:00	 Troyes
Lille	
0
0
2.55
1.50
2.0
1.93
1.87
3.70
3.15
2.15
1.70
1.36
1.28
1.0
1.0
2.65
1.72
1.48
2.10
 	 1:1(0:1)  
2042	22/11
15:00	 Caen
Angers SCO	
–1.0
+1.0
2.55
1.50
2.0
1.80
2.00
1.80
3.25
5.25
1.16
1.34
2.01
1.5
1.0
2.20
3.30
1.67
1.33
 	 0:0(0:0)  
2043	22/11
18:00	 Rennes
Bordeaux	
0
0
1.60
2.35
2.0
1.83
2.00
2.25
3.20
3.40
1.32
1.35
1.65
1.0
1.0
1.72
2.35
2.10
1.60
 	 2:2(1:1)  
2044	22/11
22:00	 Saint-Etienne
Marseille	
0
0
1.72
2.10
2.5
2.00
1.80
2.35
3.30
3.05
1.37
1.33
1.59
1.5
1.0
2.40
1.80
1.57
2.00
 	 0:2(0:1)  
9579	27/11
21:30	 Lyon
Montpellier	
–1.0
+1.0
1.90
1.90
2.5
1.87
1.93
1.53
4.10
6.50
1.11
1.24
2.50
1.5
1.0
1.70
3.00
2.15
1.38
 	 2:4(1:2)  
9580	28/11
18:00	 PSG
Troyes	
–2.5
+2.5
1.75
2.05
3.5
1.85
1.95
1.07
11.50
30.00
 	
1.03
8.31
3.0
1.0
1.77
8.00
2.05
1.08
 	 4:1(1:0)  
9581	28/11
21:00	 Angers SCO
Lille	
0
0
1.83
1.97
1.5
1.67
2.20
2.75
2.80
2.95
1.39
1.42
1.44
1.0
1.0
2.30
2.50
1.62
1.53
 	 2:0(2:0)  
9582	28/11
21:00	 Gazelec Ajaccio
Lorient	
0
0
1.93
1.87
2.5
2.15
1.70
2.75
3.15
2.65
1.47
1.35
1.44
1.0
1.0
1.80
1.77
2.00
2.05
 	 1:1(1:1)  
9583	28/11
21:00	 Nantes
SC Bastia	
–1.0
+1.0
2.80
1.44
2.0
1.95
1.85
1.87
3.20
4.70
1.18
1.34
1.90
1.0
1.0
1.57
3.40
2.40
1.32
 	 0:0(0:0)  
9584	28/11
21:00	 Reims
Rennes	
0
0
2.05
1.77
2.0
1.77
2.05
2.95
3.05
2.55
1.50
1.37
1.39
1.0
1.0
2.05
1.85
1.77
1.95
 	 2:2(0:1)  
9585	28/11
21:00	 Toulouse
Nice	
0
0
1.77
2.05
2.5
1.97
1.85
2.40
3.35
2.90
1.40
1.31
1.55
1.5
1.0
2.40
1.72
1.57
2.10
 	 2:0(1:0)  
9586	29/11
15:00	 Saint-Etienne
Guingamp	
–1.0
+1.0
2.60
1.50
2.5
2.10
1.72
1.83
3.30
4.75
1.18
1.32
1.95
1.5
1.0
2.05
2.55
1.75
1.53
 	 3:0(0:0)  
9587	29/11
18:00	 Bordeaux
Caen	
–1.0
+1.0
2.75
1.45
2.5
2.10
1.75
1.93
3.40
4.10
1.23
1.31
1.86
1.5
1.0
2.10
2.35
1.75
1.60
 	 1:4(0:1)  
9588	29/11
22:00	 Marseille
AS Monaco	
0
0
1.44
2.80
2.5
2.10
1.75
1.95
3.45
4.00
1.25
1.31
1.85
1.5
1.0
2.15
2.30
1.72
1.62
 	 3:3(1:2)  
8338	01/12
20:00	 Angers SCO
PSG	
+1.5
–1.5
1.85
1.95
2.5
1.95
1.85
12.50
5.00
1.28
3.57
1.16
1.02
1.0
2.0
6.00
2.00
1.13
1.83
 	 0:0(0:0)  
8339	01/12
20:00	 Lorient
Nice	
0
0
1.70
2.15
2.5
1.95
1.85
2.35
3.25
3.05
1.36
1.33
1.57
1.5
1.0
2.30
1.77
1.62
2.05
 	 0:0(0:0)  
8340	01/12
22:00	 Nantes
Lyon	
0
0
2.45
1.55
2.0
1.70
2.15
3.35
3.25
2.20
1.65
1.33
1.31
1.0
1.0
2.25
1.60
1.65
2.35
 	 0:0(0:0)  
8341	02/12
20:00	 SC Bastia
Bordeaux	
0
0
2.15
1.70
2.0
1.70
2.15
3.05
3.15
2.40
1.55
1.34
1.36
1.0
1.0
2.05
1.72
1.77
2.15
 	 1:0(0:0)  
8342	02/12
20:00	 Guingamp
Reims	
0
0
1.50
2.60
2.5
2.15
1.70
2.05
3.20
3.80
1.25
1.33
1.74
1.5
1.0
2.30
2.25
1.62
1.65
 	 1:2(1:1)  
8343	02/12
20:00	 AS Monaco
Caen	
–1.0
+1.0
2.65
1.48
2.0
1.70
2.15
1.83
3.30
4.70
1.18
1.32
1.94
1.5
1.0
2.15
2.85
1.70
1.42
 	 1:1(0:0)  
8344	02/12
20:00	 Montpellier
Gazelec Ajaccio	
–1.0
+1.0
2.60
1.50
2.5
2.20
1.67
1.83
3.45
4.45
1.20
1.30
1.94
1.5
1.0
2.10
2.70
1.72
1.46
 	 0:2(0:1)  
8345	02/12
20:00	 Troyes
Toulouse	
0
0
1.95
1.85
2.0
1.75
2.10
2.75
3.15
2.65
1.47
1.35
1.44
1.0
1.0
1.95
1.87
1.85
1.93
 	 0:3(0:1)  
8346	02/12
22:00	 Lille
Saint-Etienne	
0
0
1.77
2.05
2.0
1.87
1.93
2.55
3.05
2.95
1.39
1.37
1.50
1.0
1.0
1.93
2.15
1.87
1.70
 	 1:0(0:0)  
8347	03/12
22:00	 Rennes
Marseille	
0
0
1.97
1.83
2.0
1.67
2.20
2.85
3.10
2.60
1.48
1.36
1.41
1.0
1.0
1.90
1.77
1.90
2.05
 	 0:1(0:1)  
4602	04/12
21:30	 Nice
PSG	
+1.0
–1.0
2.10
1.75
2.5
1.72
2.10
7.90
4.55
1.42
2.80
1.20
1.08
1.0
2.0
2.95
2.05
1.40
1.77
 	 0:3(0:2)  
4603	05/12
18:00	 Lyon
Angers SCO	
–1.0
+1.0
2.05
1.75
2.5
2.15
1.70
1.60
3.70
6.40
1.12
1.28
2.34
1.5
1.0
1.90
3.55
1.90
1.30
 	 0:2(0:1)  
4604	05/12
21:00	 SC Bastia
AS Monaco	
0
0
2.45
1.55
2.0
1.90
1.90
3.60
3.10
2.20
1.67
1.37
1.29
1.0
1.0
2.50
1.75
1.53
2.10
 	 1:2(0:0)  
4605	05/12
21:00	 Gazelec Ajaccio
Nantes	
0
0
1.75
2.10
2.0
2.00
1.80
2.55
2.95
3.10
1.37
1.40
1.51
1.0
1.0
2.00
2.30
1.80
1.60
 	 1:1(0:0)  
4606	05/12
21:00	 Caen
Lille	
0
0
1.67
2.20
2.0
1.90
1.90
2.40
3.00
3.30
1.33
1.39
1.57
1.0
1.0
1.83
2.30
1.97
1.60
 	 1:2(0:1)  
4607	05/12
21:00	 Reims
Troyes	
–1.0
+1.0
2.20
1.65
2.5
1.95
1.85
1.68
3.75
5.25
1.16
1.27
2.20
1.5
1.0
1.85
2.65
1.95
1.48
 	 1:1(1:0)  
4608	05/12
21:00	 Toulouse
Lorient	
0
0
1.53
2.50
2.5
2.05
1.77
2.10
3.35
3.60
1.29
1.33
1.75
1.5
1.0
2.20
2.05
1.67
1.77
 	 2:3(1:0)  
4609	06/12
15:00	 Marseille
Montpellier	
–1.0
+1.0
2.20
1.67
2.5
1.93
1.87
1.68
3.80
5.15
1.16
1.27
2.19
1.5
1.0
1.83
2.60
1.97
1.50
 	 2:2(0:1)  
4610	06/12
18:00	 Bordeaux
Guingamp	
0
0
1.46
2.70
2.0
1.70
2.15
2.03
3.25
3.95
1.25
1.34
1.78
1.5
1.0
2.35
2.45
1.60
1.55
 	 1:0(0:0)  
4611	06/12
22:00	 Saint-Etienne
Rennes	
0
0
1.42
2.85
2.0
1.77
2.05
2.03
3.10
4.20
1.23
1.37
1.78
1.5
1.0
2.35
2.65
1.60
1.48
 	 1:1(0:1)  
5557	11/12
21:30	 Rennes
Caen	
0
0
1.75
2.05
2.0
1.75
2.05
2.53
3.25
2.85
1.42
1.34
1.50
1.0
1.0
1.80
2.05
2.00
1.77
 	 1:1(0:0)  
5558	12/12
17:00	 Reims
Nice	
0
0
1.87
1.93
2.5
2.05
1.77
2.65
3.30
2.70
1.47
1.34
1.49
1.0
1.0
1.67
1.70
2.20
2.15
 	 1:1(0:1)  
5559	12/12
21:00	 Lille
Lorient	
–1.0
+1.0
2.60
1.50
2.0
1.70
2.15
1.82
3.35
4.85
1.18
1.32
1.98
1.5
1.0
2.15
2.90
1.70
1.42
 	 3:0(1:0)  
5560	12/12
21:00	 Montpellier
Guingamp	
0
0
1.44
2.80
2.0
1.70
2.15
2.00
3.20
4.15
1.23
1.35
1.80
1.5
1.0
2.30
2.55
1.62
1.53
 	 2:1(0:1)  
5561	12/12
21:00	 Nantes
Toulouse	
0
0
1.72
2.15
2.0
1.72
2.10
2.42
3.15
3.10
1.37
1.36
1.56
1.0
1.0
1.75
2.05
2.10
1.75
 	 1:1(0:0)  
5562	12/12
21:00	 Troyes
SC Bastia	
0
0
1.67
2.20
2.0
1.75
2.10
2.30
3.15
3.30
1.33
1.36
1.61
1.0
1.0
1.72
2.15
2.10
1.70
 	 1:1(0:1)  
5563	13/12
15:00	 AS Monaco
Saint-Etienne	
0
0
1.46
2.70
2.0
1.70
2.15
2.07
3.15
4.00
1.24
1.36
1.77
1.5
1.0
2.35
2.45
1.60
1.55
 	 1:0(0:0)  
5564	13/12
18:00	 Angers SCO
Bordeaux	
0
0
1.62
2.25
2.0
2.05
1.77
2.35
3.05
3.35
1.33
1.38
1.60
1.0
1.0
1.90
2.55
1.90
1.53
 	 1:1(0:1)  
5565	13/12
18:00	 Marseille
Gazelec Ajaccio	
–1.0
+1.0
1.70
2.15
2.5
1.85
1.95
1.42
4.40
8.10
1.07
1.21
2.85
2.0
1.0
2.15
3.60
1.72
1.28
 	 1:1(1:1)  
5566	13/12
22:00	 PSG
Lyon	
–1.5
+1.5
1.72
2.10
3.0
1.97
1.83
1.24
6.00
12.50
1.03
1.13
4.05
2.5
1.0
2.10
4.70
1.72
1.20
 	 5:1(2:1)  
6058	18/12
21:30	 Nice
Montpellier	
0
0
1.72
2.15
2.0
1.67
2.20
2.38
3.20
3.10
1.36
1.35
1.57
1.0
1.0
1.70
2.00
2.15
1.83
 	 1:0(1:0)  
6059	19/12
18:00	 Caen
PSG	
+1.0
–1.0
2.10
1.72
2.5
1.80
2.00
7.55
4.25
1.46
2.72
1.22
1.09
1.0
2.0
3.30
2.10
1.33
1.72
 	 0:3(0:2)  
6060	19/12
21:00	 SC Bastia
Reims	
0
0
1.70
2.15
2.0
1.80
2.00
2.38
3.10
3.20
1.35
1.36
1.57
1.0
1.0
1.77
2.15
2.05
1.70
 	 2:0(1:0)  
6061	19/12
21:00	 Guingamp
Rennes	
0
0
1.65
2.20
2.0
1.95
1.85
2.40
3.00
3.30
1.33
1.39
1.57
1.0
1.0
1.87
2.40
1.93
1.57
 	 0:2(0:0)  
6062	19/12
21:00	 Lorient
Nantes	
0
0
1.50
2.55
2.0
1.76
2.06
2.10
3.25
3.70
1.28
1.34
1.73
1.0
1.0
1.62
2.45
2.30
1.55
 	 0:0(0:0)  
6063	19/12
21:00	 Troyes
AS Monaco	
+1.0
–1.0
1.48
2.65
2.5
1.93
1.87
4.20
3.55
1.88
1.92
1.30
1.23
1.0
1.5
2.20
1.97
1.67
1.83
 	 0:0(0:0)  
6064	19/12
21:00	 Toulouse
Lille	
0
0
1.75
2.10
2.0
1.77
2.05
2.45
3.15
3.05
1.38
1.36
1.55
1.0
1.0
1.80
2.10
2.00
1.75
 	 1:1(1:0)  
6065	20/12
15:00	 Saint-Etienne
Angers SCO	
–1.0
+1.0
2.90
1.42
2.0
1.97
1.83
1.90
3.25
4.60
1.20
1.34
1.90
1.0
1.0
1.60
3.35
2.35
1.33
 	 1:0(0:0)  
6066	20/12
18:00	 Gazelec Ajaccio
Lyon	
0
0
2.20
1.67
2.5
2.15
1.70
3.15
3.25
2.33
1.60
1.34
1.36
1.0
1.0
2.00
1.62
1.83
2.30
 	 2:1(1:0)  
6067	20/12
22:00	 Bordeaux
Marseille	
0
0
1.97
1.83
2.5
2.15
1.70
2.80
3.15
2.60
1.48
1.35
1.42
1.0
1.0
1.83
1.75
1.97
2.10
 	 1:1(0:0)  
6336	08/01
21:30	 PSG
SC Bastia	
–2.5
+2.5
1.97
1.83
3.5
2.15
1.72
1.08
10.50
32.00
 	
1.04
7.91
3.0
1.0
2.10
8.00
1.75
1.07
 	 2:0(2:0)  
6337	09/01
18:00	 Lyon
Troyes	
–1.5
+1.5
2.00
1.80
3.0
2.00
1.80
1.33
5.10
9.50
1.05
1.17
3.32
2.0
1.0
1.75
3.15
2.05
1.36
 	 4:1(1:0)  
6338	09/01
21:00	 Angers SCO
Caen	
0
0
1.65
2.25
2.0
1.93
1.87
2.37
3.05
3.30
1.33
1.38
1.59
1.0
1.0
1.83
2.30
1.97
1.62
 	 2:0(1:0)  
6339	09/01
21:00	 AS Monaco
Gazelec Ajaccio	
–1.0
+1.0
2.10
1.75
2.5
2.15
1.70
1.58
3.80
6.40
1.12
1.27
2.38
1.5
1.0
1.87
3.45
1.93
1.32
 	 2:2(0:2)  
6340	09/01
21:00	 Montpellier
Bordeaux	
0
0
1.60
2.35
2.0
1.75
2.05
2.27
3.15
3.40
1.32
1.36
1.64
1.0
1.0
1.67
2.15
2.20
1.70
 	 0:1(0:1)  
6341	09/01
21:00	 Reims
Toulouse	
0
0
1.83
1.97
2.5
2.00
1.80
2.63
3.10
2.85
1.42
1.37
1.48
1.0
1.0
1.62
1.70
2.30
2.15
 	 1:3(1:0)  
6342	09/01
21:00	 Rennes
Lorient	
0
0
1.42
2.90
2.5
2.05
1.80
1.98
3.15
4.35
1.22
1.36
1.83
1.5
1.0
2.10
2.15
1.75
1.70
 	 2:2(2:2)  
6343	10/01
15:00	 Nantes
Saint-Etienne	
0
0
1.77
2.05
2.0
1.97
1.83
2.60
2.90
3.10
1.37
1.41
1.50
1.0
1.0
1.95
2.20
1.85
1.67
 	 2:1(1:1)  
6344	10/01
18:00	 Lille
Nice	
–1.0
+1.0
2.70
1.47
2.0
1.75
2.05
1.82
3.40
4.75
1.19
1.32
1.98
1.5
1.0
2.15
2.95
1.70
1.40
 	 1:1(1:1)  
6345	10/01
22:00	 Marseille
Guingamp	
–1.0
+1.0
2.15
1.70
2.5
2.05
1.77
1.60
3.75
6.05
1.12
1.27
2.31
1.5
1.0
1.85
3.05
1.95
1.38
 	 0:0(0:0)  
5639	15/01
21:30	 Nice
Angers SCO	
0
0
1.40
2.95
2.0
1.83
1.97
2.02
3.15
4.25
1.23
1.37
1.81
1.5
1.0
2.35
2.70
1.57
1.46
 	 2:1(0:1)  
5640	16/01
18:00	 Toulouse
PSG	
+1.5
–1.5
1.67
2.20
2.5
1.75
2.10
8.00
4.65
1.40
2.94
1.19
1.08
1.0
2.0
3.20
1.97
1.35
1.85
 	 0:1(0:0)  
5641	16/01
21:00	 SC Bastia
Montpellier	
0
0
1.97
1.85
2.0
2.00
1.80
2.90
2.95
2.70
1.46
1.40
1.41
1.0
1.0
2.15
2.05
1.70
1.77
 	 1:0(0:0)  
5642	16/01
21:00	 Bordeaux
Lille	
0
0
1.57
2.40
2.0
1.97
1.83
2.30
2.95
3.57
1.29
1.40
1.62
1.0
1.0
1.80
2.50
2.00
1.53
 	 1:0(0:0)  
5643	16/01
21:00	 Gazelec Ajaccio
Reims	
0
0
1.44
2.80
2.0
1.72
2.10
2.03
3.25
3.95
1.25
1.34
1.78
1.5
1.0
2.30
2.45
1.60
1.55
 	 2:2(1:2)  
5644	16/01
21:00	 Guingamp
Nantes	
0
0
1.65
2.25
2.0
2.05
1.77
2.43
2.95
3.30
1.33
1.40
1.56
1.0
1.0
1.90
2.45
1.90
1.57
 	 2:2(2:0)  
5645	16/01
21:00	 Troyes
Rennes	
0
0
2.60
1.50
2.5
2.10
1.72
3.75
3.25
2.10
1.74
1.35
1.28
1.0
1.5
2.10
2.25
1.72
1.65
 	 2:4(2:3)  
5646	17/01
15:00	 Lorient
AS Monaco	
0
0
2.10
1.75
2.5
2.15
1.72
3.00
3.15
2.48
1.54
1.36
1.39
1.0
1.0
1.85
1.65
1.95
2.25
 	 0:2(0:0)  
5647	17/01
18:00	 Caen
Marseille	
0
0
2.05
1.75
2.5
2.10
1.72
2.95
3.25
2.48
1.55
1.35
1.41
1.0
1.0
1.83
1.65
1.97
2.25
 	 1:3(0:1)  
5648	17/01
22:00	 Saint-Etienne
Lyon	
0
0
1.93
1.87
2.5
2.05
1.77
2.73
3.15
2.73
1.46
1.36
1.46
1.0
1.0
1.70
1.67
2.15
2.20
 	 1:0(0:0)  
693	22/01
21:30	 Rennes
Gazelec Ajaccio	
–1.0
+1.0
2.70
1.45
2.5
2.15
1.70
1.87
3.35
4.55
1.20
1.33
1.93
1.5
1.0
2.10
2.60
1.75
1.50
 	 1:0(0:0)  
1694	23/01
18:00	 PSG
Angers SCO	
–1.5
+1.5
1.70
2.15
2.5
1.75
2.05
1.19
6.20
19.00
 	
1.12
4.68
2.5
1.0
2.25
6.50
1.65
1.11
 	 5:1(2:0)  
1695	23/01
21:00	 Guingamp
SC Bastia	
–1.0
+1.0
2.80
1.44
2.0
2.00
1.80
1.84
3.20
5.10
1.17
1.35
1.97
1.5
1.0
2.35
3.55
1.60
1.30
 	 1:0(0:0)  
1696	23/01
21:00	 Lille
Troyes	
–1.5
+1.5
2.15
1.70
2.5
1.85
1.95
1.37
4.70
9.15
1.06
1.19
3.10
2.0
1.0
2.00
3.90
1.80
1.25
 	 1:3(1:0)  
1697	23/01
21:00	 Montpellier
Caen	
0
0
1.48
2.65
2.0
1.67
2.20
2.12
3.25
3.70
1.28
1.35
1.73
1.5
1.0
2.35
2.25
1.60
1.65
 	 1:2(1:1)  
1698	23/01
21:00	 Nantes
Bordeaux	
0
0
1.72
2.10
2.0
1.83
1.97
2.50
3.00
3.15
1.36
1.39
1.54
1.0
1.0
1.83
2.10
2.00
1.75
 	 2:2(2:0)  
1699	23/01
21:00	 Nice
Lorient	
–1.0
+1.0
2.55
1.53
2.5
2.00
1.80
1.80
3.50
4.70
1.19
1.30
2.00
1.5
1.0
1.95
2.45
1.85
1.57
 	 2:1(2:1)  
1700	24/01
15:00	 AS Monaco
Toulouse	
–1.0
+1.0
2.70
1.47
2.5
2.05
1.77
1.86
3.35
4.60
1.19
1.32
1.94
1.5
1.0
2.05
2.35
1.77
1.57
 	 4:0(2:0)  
1701	24/01
18:00	 Reims
Saint-Etienne	
0
0
1.85
1.95
2.0
1.77
2.05
2.65
3.10
2.85
1.43
1.37
1.48
1.0
1.0
1.85
1.93
1.95
1.87
 	 1:1(0:0)  
1702	24/01
22:00	 Lyon
Marseille	
0
0
1.55
2.45
2.5
1.95
1.85
2.15
3.25
3.55
1.29
1.34
1.70
1.5
1.0
2.15
1.87
1.70
1.93
 	 1:1(0:0)  
5618	29/01
21:30	 Marseille
Lille	
0
0
1.44
2.75
2.5
2.10
1.72
2.03
3.30
3.90
1.26
1.34
1.79
1.5
1.0
2.20
2.25
1.67
1.65
 	 1:1(0:0)  
5612	30/01
18:00	 Angers SCO
AS Monaco	
0
0
2.25
1.65
2.0
2.00
1.80
3.30
3.05
2.37
1.59
1.38
1.33
1.0
1.0
2.45
1.90
1.57
1.90
 	 3:0(2:0)  
5614	30/01
21:00	 SC Bastia
Lyon	
+1.0
–1.0
1.62
2.25
2.5
2.10
1.75
5.55
3.75
1.65
2.24
1.27
1.15
1.0
1.5
2.85
1.90
1.42
1.90
 	 1:0(0:0)  
5615	30/01
21:00	 Gazelec Ajaccio
Montpellier	
0
0
1.70
2.15
2.0
1.85
1.95
2.46
3.10
3.10
1.37
1.37
1.55
1.0
1.0
1.80
2.15
2.00
1.70
 	 0:4(0:2)  
5617	30/01
21:00	 Lorient
Reims	
0
0
1.45
2.75
2.5
2.05
1.75
2.02
3.35
3.85
1.26
1.33
1.79
1.5
1.0
2.15
2.15
1.70
1.70
 	 2:0(1:0)  
5620	30/01
21:00	 Troyes
Nantes	
0
0
2.25
1.62
2.5
2.00
1.80
3.25
3.30
2.27
1.64
1.34
1.35
1.0
1.5
1.85
2.30
1.95
1.62
 	 0:1(0:1)  
5621	30/01
21:00	 Toulouse
Guingamp	
0
0
1.44
2.80
2.0
1.72
2.15
2.03
3.25
3.95
1.25
1.34
1.78
1.5
1.0
2.30
2.40
1.62
1.57
 	 1:2(0:1)  
5616	31/01
15:00	 Caen
Nice	
0
0
1.70
2.15
2.5
2.05
1.77
2.35
3.25
3.10
1.36
1.34
1.59
1.0
1.0
1.57
1.83
2.40
1.97
 	 2:0(2:0)  
5613	31/01
18:00	 Bordeaux
Rennes	
0
0
1.62
2.30
2.0
1.72
2.15
2.30
3.10
3.35
1.32
1.36
1.61
1.0
1.0
1.65
2.10
2.25
1.75
 	 4:0(1:0)  
5619	31/01
22:00	 Saint-Etienne
PSG	
+1.0
–1.0
1.93
1.87
2.5
1.97
1.83
8.15
3.90
1.48
2.64
1.25
1.07
1.0
1.5
3.40
1.72
1.32
2.15
 	 0:2(0:0) 
5756	02/02
20:00	 AS Monaco
SC Bastia	
–1.0
+1.0
1.70
2.15
2.0
1.72
2.15
1.42
4.30
8.60
1.07
1.22
2.80
1.5
1.0
1.77
5.50
2.05
1.14
 	 2:0(1:0)  
5757	02/02
22:00	 Montpellier
Marseille	
0
0
1.77
2.05
2.0
1.67
2.20
2.55
3.05
3.00
1.39
1.38
1.51
1.0
1.0
1.72
1.90
2.10
1.90
 	 0:1(0:0)  
5753	03/02
20:00	 Guingamp
Troyes	
–1.0
+1.0
1.95
1.85
2.5
2.00
1.80
1.52
3.90
7.25
1.09
1.26
2.54
1.5
1.0
1.75
3.25
2.05
1.35
 	 4:0(1:0)  
5758	03/02
20:00	 Nantes
Gazelec Ajaccio	
–1.0
+1.0
2.85
1.40
2.0
1.80
2.00
1.92
3.25
4.50
1.21
1.35
1.89
1.5
1.0
2.30
2.80
1.62
1.44
 	 3:1(2:1)  
5754	03/02
20:00	 Lille
Caen	
–1.0
+1.0
2.40
1.57
2.5
2.20
1.67
1.72
3.50
5.40
1.15
1.30
2.12
1.5
1.0
2.00
2.95
1.80
1.40
 	 1:0(0:0)  
5759	03/02
20:00	 Nice
Toulouse	
0
0
1.53
2.50
2.5
2.00
1.80
2.15
3.30
3.50
1.30
1.33
1.70
1.5
1.0
2.20
1.97
1.67
1.83
 	 1:0(0:0)  
5755	03/02
20:00	 Lyon
Bordeaux	
–1.0
+1.0
2.15
1.70
2.5
1.95
1.85
1.64
3.70
5.75
1.14
1.28
2.25
1.5
1.0
1.80
2.70
2.00
1.46
 	 3:0(1:0)  
5761	03/02
20:00	 Reims
Angers SCO	
0
0
1.67
2.20
2.0
1.97
1.83
2.40
3.00
3.30
1.33
1.39
1.57
1.0
1.0
1.87
2.30
1.93
1.60
 	 2:1(1:1)  
5760	03/02
22:00	 PSG
Lorient	
–2.0
+2.0
1.80
2.00
3.0
1.75
2.10
1.15
7.80
18.50
 	
1.08
5.49
2.5
1.0
1.80
5.50
2.00
1.16
 	 3:1(1:1)  
5762	04/02
22:00	 Rennes
Saint-Etienne	
0
0
1.55
2.50
2.0
1.75
2.05
2.20
3.15
3.55
1.30
1.36
1.67
1.0
1.0
1.62
2.25
2.30
1.65
 	 0:1(0:0)  
6808	06/02
15:00	 AS Monaco
Nice	
–1.0
+1.0
2.80
1.44
2.0
1.70
2.15
1.87
3.40
4.50
1.21
1.32
1.94
1.5
1.0
2.15
2.65
1.70
1.48
 	 1:0(0:0)  
6807	06/02
18:00	 Angers SCO
Lyon	
0
0
2.50
1.53
2.0
1.87
1.93
3.65
3.05
2.22
1.66
1.38
1.28
1.0
1.0
2.45
1.70
1.57
2.15
 	 0:3(0:1)  
6809	06/02
21:00	 SC Bastia
Troyes	
–1.0
+1.0
2.55
1.53
2.5
2.10
1.72
1.77
3.50
5.00
1.18
1.31
2.06
1.5
1.0
2.00
2.65
1.80
1.48
 	 2:0(1:0)  
6810	06/02
21:00	 Gazelec Ajaccio
Guingamp	
0
0
1.80
2.00
2.0
1.85
1.95
2.70
2.90
3.00
1.40
1.42
1.47
1.0
1.0
1.87
2.05
1.93
1.77
 	 0:0(0:0)  
6811	06/02
21:00	 Caen
Reims	
0
0
1.57
2.35
2.5
2.10
1.75
2.20
3.35
3.35
1.33
1.33
1.68
1.5
1.0
2.30
1.97
1.62
1.83
 	 0:2(0:1)  
6812	06/02
21:00	 Lorient
Montpellier	
0
0
1.67
2.20
2.5
2.10
1.72
2.35
3.30
3.10
1.37
1.34
1.60
1.0
1.0
1.60
1.90
2.35
1.90
 	 1:1(0:1)  
6813	06/02
21:00	 Toulouse
Nantes	
0
0
1.55
2.45
2.0
1.75
2.05
2.20
3.25
3.50
1.31
1.35
1.69
1.0
1.0
1.65
2.25
2.25
1.65
 	 0:0(0:0)  
6815	07/02
15:00	 Lille
Rennes	
0
0
1.42
2.85
2.0
1.77
2.05
2.03
3.20
4.10
1.24
1.36
1.80
1.5
1.0
2.35
2.55
1.60
1.53
 	 1:1(1:0)  
6814	07/02
18:00	 Bordeaux
Saint-Etienne	
0
0
1.53
2.50
2.0
1.77
2.05
2.18
3.15
3.65
1.29
1.36
1.69
1.0
1.0
1.62
2.30
2.30
1.62
 	 1:4(1:2)  
6816	07/02
22:00	 Marseille
PSG	
+1.0
–1.0
1.55
2.45
2.5
1.95
1.85
4.70
3.60
1.78
2.04
1.29
1.19
1.0
1.5
2.40
1.90
1.57
1.90
 	 1:2(1:1)  
4924	12/02
21:30	 Rennes
Angers SCO	
0
0
1.44
2.75
2.0
1.93
1.87
2.10
3.10
4.00
1.25
1.38
1.75
1.0
1.0
1.67
2.75
2.20
1.45
 	 1:0(0:0)  
4922	13/02
18:00	 PSG
Lille	
–1.0
+1.0
1.70
2.15
2.5
2.10
1.75
1.40
4.40
9.20
1.06
1.22
2.98
1.5
1.0
1.70
4.50
2.15
1.20
 	 0:0(0:0)  
4933	13/02
21:00	 Gazelec Ajaccio
Troyes	
–1.0
+1.0
2.15
1.72
2.5
1.97
1.83
1.63
3.75
6.00
1.14
1.28
2.30
1.5
1.0
1.80
2.80
2.00
1.44
 	 2:3(1:3)  
4917	13/02
21:00	 Guingamp
Bordeaux	
0
0
1.57
2.40
2.0
1.72
2.15
2.28
3.10
3.45
1.31
1.37
1.63
1.0
1.0
1.62
2.15
2.30
1.70
 	 2:4(1:2)  
4919	13/02
21:00	 Montpellier
Toulouse	
0
0
1.46
2.70
2.0
1.70
2.15
2.08
3.20
3.90
1.26
1.36
1.76
1.5
1.0
2.30
2.30
1.62
1.60
 	 2:0(1:0)  
4920	13/02
21:00	 Nantes
Lorient	
–1.0
+1.0
3.00
1.40
2.0
1.70
2.15
1.95
3.25
4.35
1.22
1.35
1.86
1.5
1.0
2.20
2.50
1.65
1.53
 	 2:1(2:0)  
4923	13/02
21:00	 Reims
SC Bastia	
–1.0
+1.0
2.75
1.45
2.0
1.90
1.90
1.83
3.25
5.10
1.17
1.35
1.99
1.5
1.0
2.30
3.30
1.62
1.33
 	 0:1(0:0)  
4918	14/02
15:00	 Lyon
Caen	
–1.0
+1.0
1.75
2.10
2.5
1.87
1.93
1.45
4.00
9.00
1.06
1.25
2.77
2.0
1.0
2.15
3.40
1.70
1.32
 	 4:1(3:0)  
4925	14/02
18:00	 Saint-Etienne
AS Monaco	
0
0
1.77
2.05
2.0
1.72
2.15
2.57
3.00
3.00
1.38
1.38
1.50
1.0
1.0
1.75
1.93
2.10
1.87
 	 1:1(0:0)  
4921	14/02
22:00	 Nice
Marseille	
0
0
2.15
1.70
2.5
2.10
1.72
3.00
3.25
2.43
1.56
1.34
1.39
1.0
1.0
1.87
1.62
1.93
2.30
 	 1:1(0:1)  
7349	19/02
21:30	 Bordeaux
Nice	
0
0
1.42
2.85
2.5
2.00
1.80
2.00
3.30
4.10
1.25
1.34
1.83
1.5
1.0
2.10
2.15
1.75
1.70
 	 0:0(0:0)  
7353	20/02
18:00	 PSG
Reims	
–2.0
+2.0
2.00
1.80
3.0
1.83
1.97
1.17
7.20
17.50
1.01
1.10
5.10
2.5
1.0
1.93
4.70
1.87
1.20
 	 4:1(3:1)  
7354	20/02
21:00	 Angers SCO
Montpellier	
0
0
2.00
1.80
2.0
2.05
1.77
2.95
2.95
2.67
1.48
1.40
1.40
1.0
1.0
2.25
2.05
1.65
1.77
 	 2:3(0:3)  
7355	20/02
21:00	 Lorient
Guingamp	
0
0
1.50
2.55
2.5
2.20
1.67
2.15
3.20
3.70
1.29
1.36
1.70
1.5
1.0
2.30
2.15
1.62
1.70
 	 4:3(1:2)  
7356	20/02
21:00	 AS Monaco
Troyes	
–1.5
+1.5
2.05
1.77
3.0
2.05
1.77
1.37
4.80
9.00
1.07
1.19
3.13
2.0
1.0
1.77
3.10
2.05
1.37
 	 3:1(2:0)  
7357	20/02
21:00	 Toulouse
Gazelec Ajaccio	
–1.0
+1.0
2.50
1.53
2.0
1.67
2.20
1.77
3.50
5.00
1.18
1.31
2.06
1.5
1.0
2.05
2.90
1.77
1.42
 	 1:1(0:0)  
7358	21/02
15:00	 Marseille
Saint-Etienne	
–1.0
+1.0
2.80
1.44
2.5
2.10
1.75
1.90
3.45
4.30
1.23
1.32
1.91
1.5
1.0
2.05
2.35
1.75
1.60
 	 1:1(0:0)  
7362	21/02
18:00	 Caen
Rennes	
0
0
1.87
1.95
2.5
2.20
1.67
2.73
3.05
2.80
1.44
1.38
1.46
1.0
1.0
1.75
1.80
2.10
2.00
 	 1:0(0:0)  
7363	21/02
22:00	 Lille
Lyon	
0
0
1.80
2.00
2.0
1.72
2.10
2.65
3.10
2.85
1.43
1.37
1.48
1.0
1.0
1.82
1.90
1.98
1.90
 	 1:0(1:0)  
1525	26/02
21:30	 Nice
SC Bastia	
–1.0
+1.0
2.85
1.42
2.0
1.87
1.93
1.87
3.20
5.05
1.18
1.36
1.93
1.5
1.0
2.30
3.05
1.62
1.38
 	 0:2(0:0)  
1526	27/02
18:00	 Montpellier
Lille	
0
0
1.72
2.15
2.0
1.87
1.93
2.48
3.00
3.20
1.36
1.40
1.55
1.0
1.0
1.83
2.15
1.97
1.70
 	 3:0(0:0)  
1527	27/02
21:00	 Guingamp
Angers SCO	
0
0
1.47
2.70
2.0
2.00
1.80
2.15
3.00
3.95
1.25
1.39
1.71
1.0
1.0
1.75
2.80
2.10
1.44
 	 2:2(1:1)  
1528	27/02
21:00	 Reims
Bordeaux	
0
0
1.77
2.05
2.5
2.05
1.77
2.50
3.30
2.90
1.42
1.34
1.54
1.0
1.0
1.62
1.77
2.30
2.05
 	 4:1(2:0)  
1529	27/02
21:00	 Troyes
Lorient	
0
0
2.20
1.67
3.0
2.10
1.72
3.15
3.35
2.30
1.62
1.33
1.36
1.5
1.5
2.35
1.97
1.60
1.83
 	 0:1(0:1)  
1530	27/02
21:00	 Toulouse
Rennes	
0
0
1.62
2.25
2.5
2.15
1.70
2.30
3.25
3.25
1.35
1.35
1.62
1.0
1.0
1.60
2.00
2.35
1.83
 	 1:2(0:0)  
1532	28/02
15:00	 Nantes
AS Monaco	
0
0
1.62
2.30
2.0
1.85
1.95
2.33
3.05
3.40
1.32
1.38
1.60
1.0
1.0
1.75
2.25
2.10
1.65
 	 0:0(0:0)  
1531	28/02
18:00	 Gazelec Ajaccio
Marseille	
0
0
2.50
1.53
2.0
1.67
2.20
3.50
3.30
2.17
1.70
1.34
1.31
1.0
1.5
2.15
2.35
1.70
1.57
 	 cancelled  
1533	28/02
18:00	 Saint-Etienne
Caen	
–1.0
+1.0
2.40
1.57
2.5
2.05
1.77
1.73
3.60
5.15
1.17
1.29
2.12
1.5
1.0
1.93
2.65
1.87
1.48
 	 1:2(0:0)  
1534	28/02
22:00	 Lyon
PSG	
+1.0
–1.0
1.57
2.40
2.5
1.95
1.85
4.80
3.70
1.75
2.09
1.28
1.19
1.0
1.5
2.40
1.87
1.57
1.93
 	 2:1(2:0)  
6626	04/03
21:30	 Caen
AS Monaco	
0
0
2.15
1.72
2.0
1.75
2.10
3.10
3.10
2.47
1.55
1.37
1.37
1.0
1.0
2.00
1.75
1.80
2.10
 	 2:2(0:0)  
6627	05/03
18:00	 PSG
Montpellier	
–1.0
+1.0
1.72
2.15
2.5
1.97
1.83
1.42
4.40
8.30
1.07
1.21
2.88
1.5
1.0
1.65
4.00
2.25
1.25
 	 0:0(0:0)  
6628	05/03
21:00	 Angers SCO
Saint-Etienne	
0
0
2.00
1.80
2.0
2.10
1.75
3.00
2.95
2.65
1.49
1.41
1.40
1.0
1.0
2.30
2.10
1.62
1.75
 	 0:0(0:0)  
6629	05/03
21:00	 SC Bastia
Lorient	
0
0
1.77
2.05
2.0
1.77
2.05
2.60
3.00
3.00
1.39
1.39
1.50
1.0
1.0
1.83
1.97
2.00
1.83
 	 0:0(0:0)  
6630	05/03
21:00	 Bordeaux
Gazelec Ajaccio	
–1.0
+1.0
2.30
1.62
2.5
2.10
1.72
1.68
3.60
5.60
1.15
1.29
2.19
1.5
1.0
1.95
2.95
1.87
1.40
 	 1:1(1:0)  
6631	05/03
21:00	 Lille
Reims	
–1.0
+1.0
2.80
1.44
2.0
1.75
2.05
1.87
3.35
4.60
1.20
1.33
1.94
1.5
1.0
2.20
2.80
1.67
1.44
 	 2:0(0:0)  
6632	05/03
21:00	 Nice
Troyes	
–1.0
+1.0
1.77
2.05
3.0
2.00
1.80
1.47
4.40
7.00
1.10
1.21
2.70
2.0
1.0
1.93
2.45
1.87
1.55
 	 2:1(1:1)  
6633	06/03
15:00	 Marseille
Toulouse	
–1.0
+1.0
2.15
1.70
2.5
1.93
1.87
1.65
3.80
5.50
1.15
1.27
2.25
1.5
1.0
1.80
2.65
2.00
1.48
 	 1:1(0:0)  
6634	06/03
18:00	 Rennes
Nantes	
0
0
1.57
2.40
2.0
2.00
1.80
2.35
2.95
3.50
1.31
1.41
1.60
1.0
1.0
1.83
2.50
1.97
1.53
 	 4:1(4:0)  
6635	06/03
22:00	 Lyon
Guingamp	
–1.0
+1.0
1.77
2.05
2.5
1.75
2.10
1.46
4.40
7.20
1.10
1.21
2.73
2.0
1.0
2.05
2.80
1.75
1.44
 	 5:1(3:1)  
5266	11/03
21:30	 AS Monaco
Reims	
–1.0
+1.0
2.10
1.72
2.5
2.10
1.75
1.60
3.90
6.00
1.13
1.26
2.35
1.5
1.0
1.83
3.10
1.97
1.37
 	 2:2(2:1)  
5267	12/03
18:00	 Lorient
Marseille	
0
0
2.10
1.75
2.5
1.85
1.95
2.90
3.45
2.40
1.58
1.31
1.42
1.0
1.5
1.62
2.25
2.30
1.65
 	 1:1(1:0)  
5268	12/03
21:00	 SC Bastia
Lille	
0
0
2.05
1.77
1.5
1.67
2.20
3.10
2.80
2.70
1.47
1.44
1.37
1.0
1.0
2.45
2.20
1.55
1.67
 	 1:2(0:1)  
5269	12/03
21:00	 Gazelec Ajaccio
Caen	
0
0
1.75
2.10
2.0
1.72
2.15
2.50
3.15
3.00
1.39
1.36
1.54
1.0
1.0
1.75
1.95
2.10
1.85
 	 1:0(0:0)  
5270	12/03
21:00	 Guingamp
Saint-Etienne	
0
0
1.90
1.90
2.0
1.75
2.05
2.80
3.10
2.70
1.47
1.36
1.46
1.0
1.0
1.87
1.87
1.93
1.93
 	 2:0(2:0)  
5271	12/03
21:00	 Montpellier
Nice	
0
0
1.40
2.95
2.0
1.72
2.15
2.00
3.20
4.20
1.23
1.35
1.80
1.5
1.0
2.25
2.50
1.65
1.53
 	 0:2(0:0)  
5272	12/03
21:00	 Toulouse
Bordeaux	
0
0
1.55
2.45
2.5
2.00
1.80
2.15
3.40
3.45
1.32
1.32
1.70
1.5
1.0
2.20
1.93
1.67
1.87
 	 4:0(1:0)  
5273	13/03
15:00	 Troyes
PSG	
+1.5
–1.5
2.15
1.70
3.0
1.80
2.00
13.00
6.20
1.23
4.20
1.12
1.03
1.0
2.5
3.80
2.00
1.27
1.83
 	 0:9(0:3)  
5274	13/03
18:00	 Nantes
Angers SCO	
–1.0
+1.0
2.80
1.44
2.0
2.05
1.77
1.83
3.15
5.30
1.16
1.36
1.98
1.5
1.0
2.40
3.70
1.57
1.28
 	 2:0(0:0)  
5275	13/03
22:00	 Rennes
Lyon	
0
0
2.25
1.65
2.5
2.10
1.72
3.20
3.25
2.33
1.61
1.35
1.36
1.0
1.0
1.93
1.60
1.87
2.35
 	 2:2(0:1)  
6631	18/03
21:30	 Marseille
Rennes	
–1.0
+1.0
2.50
1.53
2.5
1.95
1.85
1.83
3.50
4.60
1.20
1.31
1.98
1.5
1.0
1.93
2.30
1.87
1.62
 	 2:5(1:3)  
6632	19/03
18:00	 Saint-Etienne
Montpellier	
0
0
1.48
2.65
2.0
1.77
2.05
2.12
3.15
3.85
1.27
1.37
1.73
1.0
1.0
1.60
2.40
2.35
1.57
 	 3:0(0:0)  
6633	19/03
21:00	 Angers SCO
Lorient	
0
0
1.77
2.05
2.0
1.80
2.00
2.57
3.05
3.00
1.39
1.38
1.51
1.0
1.0
1.83
2.00
1.97
1.80
 	 5:1(3:1)  
6634	19/03
21:00	 Caen
Troyes	
–1.0
+1.0
1.70
2.15
3.0
1.85
1.95
1.43
4.70
7.20
1.10
1.19
2.84
2.0
1.0
1.77
2.35
2.05
1.60
 	 2:1(1:1)  
6635	19/03
21:00	 Lille
Toulouse	
–1.0
+1.0
2.65
1.48
2.0
1.72
2.15
1.83
3.40
4.80
1.19
1.33
1.99
1.5
1.0
2.15
2.85
1.72
1.42
 	 1:0(1:0)  
6636	19/03
21:00	 Reims
Guingamp	
0
0
1.53
2.50
2.5
2.10
1.75
2.15
3.25
3.60
1.29
1.35
1.71
1.5
1.0
2.25
2.05
1.65
1.77
 	 0:1(0:1)  
6637	19/03
22:00	 Lyon
Nantes	
–1.0
+1.0
2.20
1.67
2.5
2.10
1.75
1.63
3.75
5.85
1.14
1.27
2.29
1.5
1.0
1.90
2.95
1.90
1.40
 	 2:0(0:0)  
6638	20/03
15:00	 Bordeaux
SC Bastia	
–1.0
+1.0
2.50
1.53
2.0
1.77
2.05
1.75
3.40
5.50
1.16
1.33
2.10
1.5
1.0
2.10
3.20
1.72
1.35
 	 1:1(0:0)  
6639	20/03
18:00	 Nice
Gazelec Ajaccio	
–1.0
+1.0
2.70
1.46
2.0
1.67
2.20
1.85
3.40
4.65
1.20
1.32
1.96
1.5
1.0
2.10
2.70
1.72
1.47
 	 3:0(1:0)  
6640	20/03
22:00	 PSG
AS Monaco	
–1.5
+1.5
2.05
1.77
2.5
1.80
2.00
1.35
4.80
9.80
1.05
1.19
3.22
2.0
1.0
1.90
4.00
1.90
1.25
 	 0:2(0:0)  
3445	01/04
21:30	 AS Monaco
Bordeaux	
–1.0
+1.0
2.40
1.57
2.5
2.00
1.80
1.75
3.65
4.85
1.18
1.29
2.08
1.5
1.0
1.93
2.55
1.87
1.50
 	 1:2(0:1)  
3446	02/04
18:00	 PSG
Nice	
–1.0
+1.0
1.90
1.90
2.5
1.80
2.00
1.52
4.10
6.80
1.11
1.24
2.56
2.0
1.0
2.25
2.80
1.65
1.44
 	 4:1(2:1)  
3447	02/04
21:00	 Gazelec Ajaccio
Saint-Etienne	
0
0
2.10
1.72
2.0
1.83
1.97
3.15
3.00
2.50
1.54
1.39
1.36
1.0
1.0
2.10
1.83
1.72
1.97
 	 0:2(0:1)  
3448	02/04
21:00	 Guingamp
Montpellier	
0
0
1.67
2.20
2.0
1.83
1.97
2.40
3.05
3.25
1.34
1.38
1.57
1.0
1.0
1.77
2.15
2.05
1.70
 	 2:2(1:1)  
3449	02/04
21:00	 Rennes
Reims	
–1.0
+1.0
2.70
1.47
2.5
1.97
1.83
1.90
3.45
4.25
1.23
1.31
1.90
1.5
1.0
1.97
2.20
1.83
1.67
 	 3:1(2:0)  
3450	02/04
21:00	 Troyes
Angers SCO	
0
0
2.30
1.62
2.5
2.00
1.80
3.30
3.35
2.23
1.66
1.33
1.34
1.0
1.5
1.87
2.30
1.93
1.62
 	 0:1(0:0)  
3451	02/04
21:00	 Toulouse
Caen	
0
0
1.46
2.70
2.5
1.95
1.85
2.00
3.55
3.70
1.28
1.30
1.80
1.5
1.0
2.05
2.00
1.77
1.80
 	 2:0(1:0)  
3452	03/04
15:00	 Nantes
Lille	
0
0
1.60
2.30
2.0
2.20
1.67
2.40
2.85
3.50
1.30
1.42
1.57
1.0
1.0
2.00
2.70
1.80
1.46
 	 0:3(0:1)  
3453	03/04
18:00	 SC Bastia
Marseille	
0
0
2.10
1.75
2.0
1.70
2.15
3.10
3.10
2.47
1.55
1.37
1.37
1.0
1.0
1.95
1.72
1.85
2.15
 	 2:1(0:0)  
3454	03/04
22:00	 Lorient
Lyon	
0
0
2.70
1.46
2.5
1.80
2.05
3.70
3.60
2.00
1.82
1.30
1.29
1.0
1.5
1.83
1.93
1.97
1.87
 	 1:3(1:1)  
6371	08/04
21:30	 Montpellier
Lyon	
0
0
2.60
1.50
2.5
1.83
1.97
3.65
3.50
2.03
1.79
1.30
1.28
1.0
1.5
1.85
2.00
1.95
1.80
 	 0:2(0:2)  
6372	09/04
18:00	 Guingamp
PSG	
0
0
2.15
1.70
2.5
1.93
1.87
3.20
3.20
2.35
1.60
1.36
1.36
1.0
1.5
1.75
2.25
2.10
1.65
 	 0:2(0:0)  
6373	09/04
21:00	 Angers SCO
Gazelec Ajaccio	
0
0
1.47
2.70
2.0
1.93
1.87
2.12
3.15
3.85
1.27
1.37
1.73
1.0
1.0
1.70
2.65
2.15
1.48
 	 0:0(0:0)  
6374	09/04
21:00	 Caen
Lorient	
0
0
1.44
2.80
2.5
1.83
1.97
1.95
3.55
3.90
1.26
1.30
1.86
1.5
1.0
1.95
1.93
1.87
1.87
 	 1:2(0:1)  
6375	09/04
21:00	 Reims
Nantes	
0
0
1.67
2.20
2.0
1.93
1.87
2.43
3.00
3.25
1.34
1.39
1.56
1.0
1.0
1.87
2.30
1.93
1.62
 	 2:1(1:0)  
6376	09/04
21:00	 Saint-Etienne
Troyes	
–2.0
+2.0
2.15
1.72
3.5
2.10
1.75
1.23
6.50
12.00
1.03
1.12
4.22
2.5
1.0
1.90
3.20
1.90
1.35
 	 1:0(0:0)  
6377	09/04
21:00	 Toulouse
SC Bastia	
–1.0
+1.0
2.55
1.53
2.0
2.00
1.80
1.73
3.30
5.90
1.14
1.34
2.12
1.5
1.0
2.25
4.00
1.65
1.25
 	 4:0(0:0)  
6378	10/04
15:00	 Lille
AS Monaco	
0
0
1.50
2.55
2.0
1.70
2.15
2.15
3.25
3.60
1.29
1.35
1.70
1.5
1.0
2.35
2.25
1.57
1.65
 	 4:1(1:0)  
6379	10/04
18:00	 Nice
Rennes	
0
0
1.62
2.30
2.5
2.00
1.80
2.28
3.35
3.20
1.36
1.33
1.64
1.5
1.0
2.30
1.85
1.62
1.95
 	 3:0(2:0)  
6380	10/04
22:00	 Marseille
Bordeaux	
–1.0
+1.0
2.60
1.50
2.5
1.85
1.95
1.85
3.45
4.50
1.20
1.31
1.95
1.5
1.0
1.90
2.10
1.90
1.75
 	 0:0(0:0)  
596	15/04
21:30	 Lyon
Nice	
–1.0
+1.0
2.02
1.91
3.0
2.14
1.81
1.61
4.15
6.25
1.16
1.28
2.49
2.0
1.0
2.15
2.31
1.78
1.68
 	 1:1(0:1)  
597	16/04
18:00	 PSG
Caen	
–1.5
+1.5
1.85
1.95
3.0
1.77
2.05
1.30
5.60
9.80
1.06
1.15
3.56
2.5
1.0
2.10
2.90
1.75
1.42
 	 6:0(2:0)  
588	16/04
21:00	 SC Bastia
Saint-Etienne	
0
0
2.45
1.55
2.0
1.93
1.87
3.60
3.05
2.25
1.65
1.38
1.29
1.0
1.0
2.50
1.75
1.53
2.10
 	 0:1(0:0)  
589	16/04
21:00	 Bordeaux
Angers SCO	
–1.0
+1.0
2.90
1.42
2.0
1.83
1.97
1.90
3.20
4.70
1.19
1.35
1.90
1.5
1.0
2.30
2.95
1.62
1.40
 	 1:3(0:0)  
590	16/04
21:00	 Gazelec Ajaccio
Lille	
0
0
2.15
1.70
2.0
1.93
1.87
3.20
3.05
2.45
1.56
1.39
1.36
1.0
1.0
2.25
1.87
1.65
1.93
 	 2:4(1:1)  
591	16/04
21:00	 Lorient
Toulouse	
0
0
2.00
1.80
2.5
1.83
1.97
2.85
3.30
2.52
1.53
1.34
1.43
1.0
1.5
1.60
2.25
2.35
1.65
 	 1:1(0:0)  
592	16/04
21:00	 Troyes
Reims	
+1.0
–1.0
1.75
2.10
3.0
2.05
1.77
5.40
4.00
1.62
2.30
1.25
1.15
1.0
2.0
2.10
2.15
1.75
1.70
 	 2:1(0:0)  
593	17/04
15:00	 Nantes
Montpellier	
0
0
1.72
2.15
2.0
1.93
1.87
2.50
3.10
3.05
1.38
1.37
1.54
1.0
1.0
1.90
2.25
1.90
1.65
 	 0:2(0:1)  
594	17/04
18:00	 Rennes
Guingamp	
–1.0
+1.0
2.60
1.50
2.5
1.87
1.93
1.87
3.50
4.35
1.22
1.31
1.94
1.5
1.0
1.90
2.10
1.90
1.75
 	 0:3(0:0)  
595	17/04
22:00	 AS Monaco
Marseille	
0
0
1.50
2.55
2.5
2.00
1.80
2.08
3.40
3.60
1.29
1.32
1.75
1.5
1.0
2.15
2.00
1.70
1.80
 	 2:1(0:0)  
6237	22/04
21:30	 Nice
Reims	
–1.0
+1.0
2.15
1.72
2.5
1.90
1.90
1.61
4.10
5.40
1.16
1.24
2.33
1.5
1.0
1.77
2.60
2.05
1.50
 	 2:0(1:0)  
6238	23/04
18:30	 Toulouse
Lyon	
0
0
2.55
1.50
2.5
1.80
2.00
3.55
3.55
2.05
1.77
1.30
1.30
1.0
1.5
1.77
1.97
2.05
1.83
 	 2:3(0:0)  
6239	24/04
15:00	 Marseille
Nantes	
–1.0
+1.0
2.40
1.57
2.0
1.70
2.15
1.72
3.45
5.65
1.15
1.32
2.14
1.5
1.0
2.00
3.10
1.80
1.37
 	 1:1(0:1)  
6240	24/04
18:00	 Gazelec Ajaccio
SC Bastia	
–1.0
+1.0
2.90
1.40
2.0
1.87
1.93
1.90
3.25
4.60
1.20
1.34
1.90
1.5
1.0
2.30
3.05
1.60
1.38
 	 3:2(2:1)  
6241	24/04
18:00	 Guingamp
Caen	
–1.0
+1.0
2.75
1.45
2.5
2.00
1.80
1.93
3.35
4.25
1.22
1.33
1.87
1.5
1.0
2.00
2.20
1.80
1.67
 	 1:1(0:1)  
6242	24/04
18:00	 Montpellier
Troyes	
–1.5
+1.5
1.77
2.05
3.0
1.80
2.00
1.25
6.20
11.00
1.04
1.12
3.97
2.5
1.0
2.05
3.45
1.77
1.32
 	 4:1(3:1)  
6243	24/04
18:00	 Saint-Etienne
Lorient	
–1.0
+1.0
1.75
2.10
2.5
1.77
2.05
1.46
4.25
7.75
1.09
1.23
2.75
2.0
1.0
2.05
3.00
1.75
1.38
 	 2:0(0:0)  
6244	24/04
22:00	 Rennes
AS Monaco	
0
0
1.80
2.00
2.5
1.95
1.85
2.58
3.20
2.85
1.43
1.35
1.51
1.0
1.0
1.57
1.67
2.40
2.20
 	 1:1(0:1)  
7000	27/04
19:30	 Lille
Angers SCO	
–1.0
+1.0
2.80
1.44
2.0
1.87
1.93
1.90
3.15
4.80
1.19
1.36
1.90
1.5
1.0
2.30
3.10
1.62
1.37
 	 0:0(0:0)  
6803	29/04
21:30	 PSG
Rennes	
–1.5
+1.5
1.72
2.10
3.5
2.10
1.75
1.27
6.00
11.00
1.04
1.13
3.60
2.5
1.0
1.93
2.75
1.87
1.40
 	 4:0(0:0)  
6804	30/04
15:00	 Nantes
Nice	
0
0
2.20
1.67
2.5
2.15
1.70
3.15
3.20
2.37
1.59
1.35
1.36
1.0
1.0
1.95
1.62
1.85
2.30
 	 1:0(0:0)  
6805	30/04
18:00	 Saint-Etienne
Toulouse	
–1.0
+1.0
2.75
1.45
2.5
1.87
1.93
1.92
3.55
4.00
1.25
1.30
1.88
1.5
1.0
1.95
2.00
1.87
1.80
 	 0:0(0:0)  
6806	30/04
20:00	 Caen
SC Bastia	
–1.0
+1.0
2.95
1.40
2.5
2.20
1.67
1.93
3.25
4.50
1.22
1.35
1.90
1.5
1.0
2.15
2.50
1.70
1.53
 	 0:0(0:0)  
6807	30/04
20:00	 Lorient
Lille	
0
0
2.50
1.53
2.5
1.95
1.85
3.50
3.45
2.10
1.74
1.31
1.30
1.0
1.5
1.90
2.15
1.90
1.72
 	 0:1(0:0)  
6808	30/04
20:00	 AS Monaco
Guingamp	
–1.0
+1.0
1.70
2.15
2.5
1.80
2.00
1.42
4.45
8.20
1.08
1.21
2.88
2.0
1.0
2.10
3.30
1.75
1.33
 	 3:2(2:0)  
6809	30/04
20:00	 Reims
Montpellier	
0
0
1.45
2.75
2.5
1.97
1.83
1.98
3.50
3.85
1.26
1.31
1.83
1.5
1.0
2.05
2.05
1.75
1.77
 	 2:3(0:1)  
6810	30/04
20:00	 Troyes
Bordeaux	
+1.0
–1.0
1.65
2.25
3.0
1.87
1.93
4.65
4.00
1.70
2.15
1.24
1.19
1.0
2.0
1.80
2.15
2.00
1.72
 	 2:4(0:2)  
6811	30/04
22:00	 Lyon
Gazelec Ajaccio	
–1.5
+1.5
1.87
1.93
3.0
1.95
1.85
1.27
5.60
11.50
1.04
1.14
3.77
2.5
1.0
2.20
3.45
1.67
1.32
 	 2:1(2:0)  
6812	01/05
18:00	 Angers SCO
Marseille	
0
0
2.15
1.70
2.0
1.67
2.20
3.10
3.17
2.42
1.57
1.36
1.37
1.0
1.0
1.97
1.67
1.83
2.20
 	 0:1(0:1)  
2744	07/05
22:00	 SC Bastia
Angers SCO	
0
0
1.60
2.35
2.0
1.80
2.00
2.27
3.10
3.45
1.31
1.37
1.63
1.0
1.0
1.70
2.25
2.15
1.65
 	 1:0(1:0)  
2745	07/05
22:00	 Bordeaux
Lorient	
–1.0
+1.0
2.10
1.75
3.0
2.15
1.70
1.64
3.95
5.35
1.16
1.26
2.27
1.5
1.0
1.65
2.20
2.25
1.67
 	 3:0(2:0)  
2746	07/05
22:00	 Gazelec Ajaccio
PSG	
+1.0
–1.0
2.05
1.77
3.0
2.05
1.75
6.85
4.45
1.47
2.70
1.21
1.10
1.0
2.0
2.55
1.95
1.50
1.85
 	 0:4(0:1)  
2747	07/05
22:00	 Lille
Guingamp	
–1.0
+1.0
1.77
2.05
2.5
1.93
1.87
1.47
4.20
7.60
1.09
1.23
2.70
1.5
1.0
1.67
3.50
2.20
1.30
 	 0:0(0:0)  
2748	07/05
22:00	 Lyon
AS Monaco	
–1.0
+1.0
2.30
1.62
2.5
1.77
2.05
1.72
3.75
4.90
1.18
1.27
2.12
1.5
1.0
1.75
2.15
2.05
1.70
 	 6:1(4:1)  
2749	07/05
22:00	 Marseille
Reims	
–1.0
+1.0
2.50
1.53
3.0
1.93
1.87
1.85
3.75
4.10
1.24
1.27
1.96
1.5
1.0
1.70
1.70
2.15
2.15
 	 1:0(0:0)  
2750	07/05
22:00	 Montpellier
Rennes	
0
0
1.57
2.40
2.5
1.87
1.93
2.20
3.35
3.35
1.33
1.33
1.68
1.5
1.0
2.10
1.77
1.72
2.05
 	 2:0(0:0)  
2751	07/05
22:00	 Nantes
Caen	
–1.0
+1.0
2.75
1.45
2.5
1.93
1.87
1.92
3.45
4.20
1.23
1.32
1.89
1.5
1.0
1.97
2.10
1.83
1.72
 	 1:2(0:2)  
2752	07/05
22:00	 Nice
Saint-Etienne	
0
0
1.44
2.80
2.5
2.00
1.80
2.00
3.40
3.90
1.26
1.32
1.82
1.5
1.0
2.10
2.10
1.75
1.72
 	 2:0(0:0)  
2753	07/05
22:00	 Toulouse
Troyes	
–2.0
+2.0
1.77
2.05
3.5
1.77
2.05
1.20
7.00
14.00
1.02
1.11
4.67
3.0
1.0
2.00
3.05
1.80
1.38
 	 1:0(0:0)  
4191	14/05
22:00	 Angers SCO
Toulouse	
+1.0
–1.0
1.75
2.10
2.5
1.97
1.83
6.20
3.90
1.58
2.39
1.26
1.12
1.0
1.5
2.85
1.80
1.42
2.00
 	 2:3(1:0)  
4192	14/05
22:00	 Guingamp
Nice	
+1.0
–1.0
1.62
2.30
2.5
1.72
2.10
4.70
3.85
1.73
2.12
1.26
1.19
1.0
1.5
2.05
1.72
1.77
2.10
 	 2:3(1:2)  
4193	14/05
22:00	 Caen
Bordeaux	
0
0
1.97
1.83
3.0
2.00
1.80
2.80
3.40
2.50
1.54
1.32
1.44
1.5
1.5
2.10
2.05
1.72
1.77
 	 1:0(1:0)  
4194	14/05
22:00	 Lorient
Gazelec Ajaccio	
0
0
2.00
1.83
2.5
1.80
2.00
2.75
3.40
2.53
1.52
1.32
1.45
1.5
1.5
2.35
2.25
1.57
1.65
 	 1:0(1:0)  
4195	14/05
22:00	 AS Monaco
Montpellier	
–1.0
+1.0
1.80
2.00
3.0
1.97
1.83
1.45
4.55
6.95
1.10
1.20
2.75
2.0
1.0
1.93
2.35
1.87
1.60
 	 2:0(2:0)  
4196	14/05
22:00	 PSG
Nantes	
–2.0
+2.0
1.75
2.05
3.5
1.93
1.87
1.20
7.00
14.00
1.02
1.11
4.67
3.0
1.0
2.15
3.80
1.70
1.27
 	 4:0(2:0)  
4197	14/05
22:00	 Reims
Lyon	
+1.0
–1.0
1.53
2.50
3.0
1.72
2.10
3.85
4.00
1.85
1.96
1.25
1.27
1.5
2.0
2.35
2.15
1.60
1.70
 	 4:1(2:0)  
4198	14/05
22:00	 Rennes
SC Bastia	
–1.0
+1.0
2.35
1.60
2.5
1.83
1.97
1.77
3.70
4.60
1.20
1.28
2.05
1.5
1.0
1.80
2.25
2.00
1.65
 	 1:2(0:1)  
4199	14/05
22:00	 Saint-Etienne
Lille	
0
0
1.83
1.97
2.0
1.77
2.05
2.63
3.10
2.87
1.42
1.37
1.49
1.0
1.0
1.83
1.95
1.97
1.85
 	 0:1(0:1)  
4200	14/05
22:00	 Troyes
Marseille	
+1.0
–1.0
1.80
2.05
3.5
2.05
1.77
4.70
4.30
1.65
2.24
1.22
1.19
1.0
2.0
1.67
1.83
2.20
2.00
 	 1:1(1:0)  