308	06/10
18:00	 Montpellier
Evian	
-0.75
+0.75
1.85
1.90
 
 	
2.5
1.95
1.80
1.65
3.45
5.85
1.11
1.30
2.15
1.5
1.0
1.72
2.85
2.00
1.37
 	 2:3(2:1)  
309	06/10
21:00	 Bastia
Troyes	
-0.75
+0.75
1.87
1.87
 
 	
2.5
1.85
1.90
1.67
3.45
5.55
1.12
1.30
2.12
1.5
1.5
1.65
3.55
2.11
1.25
 	 3:2(2:1)  
310	06/10
21:00	 Lille
Ajaccio	
-1.25
+1.25
1.95
1.80
 
 	
2.25
1.85
 	
1.90
 	
1.40
4.40
7.85
1.06
1.20
2.80
1.5
1.0
1.60
3.55
2.20
1.25
 	 2:0(1:0)  
311	06/10
21:00	 Reims
Nice	
-0.25
+0.25
2.00
1.75
 
 	
2.25
1.95
 	
1.80
 	
2.40
3.00
3.10
1.32
1.37
1.52
1.5
1.5
2.40
3.40
1.50
1.27
 	 3:1(1:0)  
312	06/10
21:00	 Sochaux
Rennes	
+0.25
-0.25
1.80
1.95
 
 	
2.5
2.00
1.75
3.15
3.15
2.30
1.60
1.35
1.32
1.5
1.5
2.75
2.20
1.40
1.60
 	 0:1(0:1)  
313	06/10
21:00	 Toulouse
Valenciennes	
-0.75
+0.75
2.00
1.75
 
 	
2.25
1.95
 	
1.80
 	
1.75
3.20
5.35
1.13
1.33
2.00
1.5
1.5
2.00
4.25
1.72
1.18
 	 2:2(0:2)  
314	07/10
15:00	 Brest
Bordeaux	
+0.25
-0.25
2.00
1.75
 
 	
2.0
1.75
1.96
3.75
3.05
2.10
1.67
1.35
1.23
1.0
1.5
2.15
2.30
1.63
1.55
 	 1:1(1:0)  
315	07/10
18:00	 Lorient
Lyon	
0
0
1.90
1.80
  	
2.25
1.85
 	
1.90
 	
2.75
3.00
2.65
1.42
1.38
1.40
1.5
1.5
2.75
2.55
1.40
1.45
 	 1:1(0:1)  
316	07/10
22:00	 Marseille
Paris Saint-Germain	
+0.25
-0.25
1.80
1.95
 
 	
2.25
1.75
 	
2.00
 	
3.15
3.05
2.35
1.55
1.33
1.32
1.5
1.5
2.75
2.20
1.40
1.60
 	 2:2(2:2)  
36	26/10
21:45	 Saint-Etienne
Rennes	
-0.25
+0.25
1.65
2.15
 
 	
2.25
1.80
 	
1.95
 	
1.90
3.20
4.35
1.18
1.33
1.85
1.5
1.0
2.00
2.20
1.72
1.60
 	 2:0(1:0)  
237	27/10
18:00	 Lille
Valenciennes	
-0.75
+0.75
1.75
2.00
 
 	
2.5
1.95
1.80
1.57
3.75
6.10
1.09
1.25
2.30
1.5
1.0
1.72
2.65
2.00
1.42
 	 2:1(2:0)  
238	27/10
21:00	 Montpellier
Nice	
-0.75
+0.75
1.90
1.85
 
 	
2.5
2.00
1.75
1.70
3.55
4.95
1.14
1.27
2.05
1.5
1.0
1.75
2.50
1.96
1.47
 	 3:1(0:0)  
239	27/10
21:00	 Nancy
Paris Saint-Germain	
+1.0
–1.0
1.95
1.80
  	
2.5
1.90
1.85
7.50
3.90
1.47
2.55
1.23
1.07
1.0
1.5
3.20
1.60
1.30
2.20
 	 0:1(0:0)  
240	27/10
21:00	 Reims
Troyes	
-0.75
+0.75
2.00
1.75
 
 	
2.25
1.75
 	
2.00
 	
1.77
3.35
4.75
1.15
1.30
1.97
1.5
1.0
1.85
2.30
1.85
1.55
 	 1:1(1:0)  
241	27/10
21:00	 Sochaux
Evian	
-0.25
+0.25
1.95
1.80
 
 	
2.25
1.80
 	
1.95
 	
2.30
3.10
3.20
1.30
1.35
1.57
1.5
1.5
2.40
3.05
1.50
1.33
 	 cancelled  
242	27/10
21:00	 Toulouse
Brest	
–1.0
+1.0
1.80
1.95
  	
2.25
1.95
 	
1.80
 	
1.47
3.75
8.10
1.06
1.25
2.55
1.5
1.0
1.70
3.75
2.03
1.23
 	 3:1(2:0)  
243	28/10
15:00	 Lorient
Ajaccio	
-0.75
+0.75
1.95
1.80
 
 	
2.25
1.80
 	
1.95
 	
1.72
3.35
5.30
1.13
1.30
2.05
1.5
1.5
1.85
3.75
1.85
1.23
 	 4:4(1:4)  
244	28/10
18:00	 Bastia
Bordeaux	
0
0
1.85
1.90
  	
2.5
1.95
1.80
2.60
3.15
2.70
1.42
1.35
1.45
1.5
1.5
2.50
2.55
1.47
1.45
 	 3:1(2:1)  
186	02/11
21:45	 Brest
Lorient	
+0.25
-0.25
1.75
2.00
 
 	
2.25
1.80
 	
1.95
 	
3.10
3.05
2.40
1.52
1.35
1.33
1.5
1.5
2.95
2.40
1.35
1.50
 	 2:0(1:0)  
187	03/11
18:00	 Paris Saint-Germain
Saint-Etienne	
-1.25
+1.25
2.00
1.75
 
 	
2.5
1.85
1.90
1.42
4.15
8.10
1.05
1.22
2.70
1.5
1.0
1.55
3.10
2.30
1.32
 	 1:2(0:0)  
188	03/11
21:00	 Evian
Lille	
+0.25
-0.25
1.90
1.85
 
 	
2.25
1.80
 	
1.95
 	
3.45
3.20
2.15
1.65
1.35
1.27
1.5
1.5
3.20
2.20
1.30
1.60
 	 0:2(0:1)  
189	03/11
21:00	 Nice
Nancy	
-0.25
+0.25
1.67
2.12
 
 	
2.25
1.90
 	
1.85
 	
2.00
3.10
4.05
1.21
1.35
1.75
1.5
1.5
2.10
3.40
1.66
1.27
 	 2:1(1:1)  
190	03/11
21:00	 Rennes
Reims	
-0.75
+0.75
1.80
1.95
 
 	
2.25
1.85
 	
1.90
 	
1.60
3.55
6.30
1.10
1.28
2.25
1.5
1.0
1.75
2.95
1.96
1.35
 	 1:0(1:0)  
191	03/11
21:00	 Troyes
Montpellier	
+0.25
-0.25
2.00
1.75
 
 	
2.25
1.85
 	
1.90
 	
3.75
3.20
2.05
1.70
1.33
1.23
1.5
1.5
3.40
2.10
1.27
1.65
 	 1:1(1:1)  
192	03/11
21:00	 Valenciennes
Sochaux	
-0.75
+0.75
1.75
2.00
 
 	
2.5
1.87
1.87
1.57
3.75
6.10
1.09
1.25
2.30
1.5
1.0
1.70
2.65
2.03
1.42
 	 3:1(2:0)  
193	04/11
15:00	 Ajaccio
Marseille	
+0.25
-0.25
2.00
1.75
 
 	
2.25
1.95
 	
1.80
 	
3.85
3.10
2.05
1.70
1.37
1.22
1.5
1.5
3.20
2.15
1.30
1.60
 	 0:2(0:0)  
194	04/11
18:00	 Lyon
Bastia	
–1.0
+1.0
1.90
1.85
  	
2.75
1.80
 	
1.95
 	
1.50
4.15
6.15
1.09
1.20
2.45
1.5
1.5
1.47
3.75
2.50
1.23
 	 5:2(2:2)  
195	04/11
22:00	 Bordeaux
Toulouse	
-0.25
+0.25
1.75
2.00
 
 	
2.0
1.75
1.96
2.10
3.10
3.75
1.23
1.35
1.67
1.5
1.0
2.30
2.15
1.55
1.63
 	 1:0(0:0)  
252	09/11
21:45	 Nancy
Rennes	
+0.25
-0.25
1.80
1.95
 
 	
2.25
1.95
 	
1.80
 	
3.20
3.00
2.40
1.55
1.37
1.32
1.5
1.5
2.95
2.40
1.35
1.50
 	 1:3(0:1)  
253	10/11
18:00	 Lille
Brest	
-1.25
+1.25
1.80
1.95
 
 	
2.5
1.85
1.90
1.30
4.70
11.50
1.02
1.17
3.25
2.0
1.0
1.95
3.55
1.76
1.25
 	 1:0(1:0)  
254	10/11
21:00	 Bastia
Valenciennes	
-0.25
+0.25
1.95
1.80
 
 	
2.75
1.85
 	
1.90
 	
2.30
3.35
3.00
1.35
1.35
1.57
1.5
1.5
2.00
2.25
1.72
1.57
 	 2:3(1:1)  
255	10/11
21:00	 Reims
Evian	
-0.25
+0.25
1.85
1.90
 
 	
2.25
1.90
 	
1.85
 	
2.15
3.10
3.55
1.25
1.32
1.65
1.5
1.5
2.20
3.10
1.60
1.32
 	 1:2(0:1)  
256	10/11
21:00	 Saint-Etienne
Troyes	
-1.25
+1.25
1.80
1.95
 
 	
2.75
2.00
 	
1.75
 	
1.35
4.55
9.50
1.04
1.18
2.95
1.5
1.0
1.47
3.40
2.50
1.27
 	 2:0(0:0)  
257	10/11
21:00	 Toulouse
Ajaccio	
–1.0
+1.0
1.95
1.80
  	
2.25
1.90
 	
1.85
 	
1.52
3.75
7.00
1.08
1.25
2.40
1.5
1.0
1.80
3.55
1.90
1.25
 	 2:4(1:2)  
258	11/11
15:00	 Marseille
Nice	
–1.0
+1.0
1.75
2.00
  	
2.5
1.95
1.80
1.40
4.20
8.50
1.05
1.22
2.75
1.5
1.0
1.57
3.10
2.25
1.32
 	 2:2(1:0)  
259	11/11
18:00	 Lorient
Bordeaux	
-0.25
+0.25
2.00
1.75
 
 	
2.25
1.85
 	
1.90
 	
2.40
3.05
3.05
1.33
1.35
1.52
1.5
1.5
2.40
2.95
1.50
1.35
 	 0:4(0:2)  
260	11/11
18:00	 Sochaux
Lyon	
+0.75
-0.75
1.70
2.05
 
 	
2.25
1.75
 	
2.00
 	
4.75
3.30
1.80
1.95
1.30
1.16
1.0
1.5
2.25
1.95
1.57
1.76
 	 1:1(0:1)  
261	11/11
22:00	 Montpellier
Paris Saint-Germain	
+0.25
-0.25
1.80
1.95
 
 	
2.25
1.87
 	
1.87
 	
3.25
3.20
2.25
1.60
1.33
1.30
1.5
1.5
2.95
2.25
1.35
1.57
 	 1:1(0:1)  
223	23/11
21:45	 Saint-Etienne
Valenciennes	
-0.75
+0.75
1.95
1.80
 
 	
2.75
1.95
 	
1.80
 	
1.72
3.50
5.00
1.15
1.30
2.03
1.5
1.0
1.67
2.00
2.10
1.72
 	 1:0(0:0)  
224	24/11
18:00	 Paris Saint-Germain
Troyes	
–2.0
+2.0
1.90
1.80
  	
3.0
1.85
1.85
1.17
6.45
17.50
1.01
1.09
4.50
2.5
1.0
1.85
4.25
1.85
1.18
 	 4:0(1:0)  
225	24/11
21:00	 Bastia
Lorient	
-0.25
+0.25
1.95
1.80
 
 	
2.75
1.90
 	
1.85
 	
2.30
3.35
3.00
1.35
1.35
1.57
1.5
1.5
2.00
2.35
1.72
1.52
 	 2:1(2:1)  
226	24/11
21:00	 Nancy
Ajaccio	
-0.25
+0.25
2.00
1.75
 
 	
2.25
1.90
 	
1.85
 	
2.40
3.05
3.10
1.33
1.35
1.55
1.5
1.5
2.40
2.85
1.50
1.37
 	 1:1(1:0)  
227	24/11
21:00	 Reims
Brest	
-0.25
+0.25
1.70
2.05
 
 	
2.0
1.80
1.90
2.00
3.15
4.05
1.21
1.35
1.75
1.5
1.0
2.20
2.25
1.60
1.57
 	 0:0(0:0)  
228	24/11
21:00	 Rennes
Evian	
-0.75
+0.75
1.80
1.95
 
 	
2.5
1.90
1.85
1.60
3.70
5.85
1.10
1.25
2.25
1.5
1.0
1.70
2.65
2.03
1.42
 	 0:1(0:0)  
229	24/11
21:00	 Sochaux
Nice	
-0.25
+0.25
2.00
1.75
 
 	
2.25
1.87
 	
1.87
 	
2.40
3.10
3.05
1.33
1.35
1.52
1.5
1.5
2.40
2.85
1.50
1.37
 	 0:1(0:1)  
230	25/11
15:00	 Montpellier
Bordeaux	
-0.25
+0.25
1.95
1.80
 
 	
2.25
1.95
 	
1.80
 	
2.30
3.10
3.25
1.32
1.35
1.57
1.5
1.5
2.50
2.85
1.47
1.37
 	 1:0(0:0)  
231	25/11
18:00	 Toulouse
Lyon	
0
0
1.75
2.00
  	
2.25
1.87
 	
1.87
 	
2.55
3.10
2.85
1.38
1.35
1.45
1.5
1.5
2.50
2.65
1.47
1.42
 	 3:0(0:0)  
232	25/11
22:00	 Marseille
Lille	
-0.25
+0.25
1.87
1.87
 
 	
2.25
1.95
 	
1.80
 	
2.20
3.10
3.45
1.28
1.35
1.63
1.5
1.5
2.25
3.05
1.57
1.33
 	 1:0(0:0)  
241	07/12
21:45	 Toulouse
Bastia	
-0.75
+0.75
1.87
1.87
 
 	
2.5
1.87
1.87
1.65
3.60
5.55
1.11
1.27
2.15
1.5
1.5
1.75
3.85
1.96
1.22
 	 0:0(0:0)  
242	08/12
18:00	 Paris Saint-Germain
Evian	
-1.75
+1.75
1.85
1.90
 
 	
3.0
1.75
2.00
1.20
6.00
14.50
1.01
1.10
4.25
2.5
1.0
1.90
3.55
1.80
1.25
 	 4:0(2:0)  
243	08/12
21:00	 Montpellier
Ajaccio	
-0.75
+0.75
1.80
1.95
 
 	
2.25
1.85
 	
1.90
 	
1.60
3.60
6.10
1.10
1.27
2.25
1.5
1.5
1.75
4.75
1.96
1.15
 	 3:0(2:0)  
244	08/12
21:00	 Nancy
Valenciennes	
0
0
2.00
1.75
  	
2.25
1.90
 	
1.85
 	
2.90
3.10
2.50
1.47
1.35
1.37
1.5
1.5
2.85
2.50
1.37
1.47
 	 1:1(1:0)  
245	08/12
21:00	 Rennes
Brest	
-0.75
+0.75
1.75
2.00
 
 	
2.25
1.90
 	
1.85
 	
1.57
3.65
6.45
1.08
1.28
2.30
1.5
1.5
1.75
5.10
1.96
1.13
 	 2:2(0:0)  
246	08/12
21:00	 Sochaux
Lille	
+0.25
-0.25
2.12
1.67
 
 	
2.25
1.90
 	
1.85
 	
4.15
3.20
1.95
1.80
1.33
1.20
1.0
1.5
2.10
2.10
1.65
1.65
 	 1:1(0:0)  
248	09/12
15:00	 Reims
Bordeaux	
+0.25
-0.25
1.90
1.85
 
 	
2.25
2.00
 	
1.75
 	
3.55
3.05
2.20
1.65
1.37
1.26
1.5
1.5
3.40
2.40
1.27
1.50
 	 0:0(0:0)  
249	09/12
18:00	 Marseille
Lorient	
–1.0
+1.0
1.95
1.80
  	
2.25
1.80
 	
1.95
 	
1.57
3.55
6.85
1.08
1.28
2.30
1.5
1.0
1.65
3.05
2.11
1.33
 	 0:3(0:1)  
250	09/12
22:00	 Saint-Etienne
Lyon	
-0.25
+0.25
1.85
1.90
 
 	
2.5
1.90
1.85
2.15
3.15
3.55
1.27
1.35
1.65
1.5
1.0
2.10
1.85
1.65
1.85
 	 0:1(0:0)  
296	15/12
18:00	 Toulouse
Marseille	
0
0
1.85
1.90
  	
2.0
1.80
1.90
2.65
3.05
2.75
1.42
1.39
1.45
1.5
1.5
2.55
2.85
1.45
1.37
 	 0:1(0:0)  
297	15/12
21:00	 Montpellier
Bastia	
-1.25
+1.25
1.95
1.80
 
 	
2.5
1.80
1.95
1.45
4.15
7.50
1.07
1.22
2.65
1.5
1.5
1.55
3.75
2.30
1.23
 	 4:0(1:0)  
298	15/12
21:00	 Nice
Evian	
-0.25
+0.25
1.65
2.15
 
 	
2.25
1.80
 	
1.95
 	
1.95
3.30
4.05
1.20
1.30
1.80
1.5
1.0
2.00
2.20
1.72
1.60
 	 3:2(1:2)  
299	15/12
21:00	 Reims
Lille	
+0.25
-0.25
2.30
1.57
 
 	
2.25
1.90
 	
1.85
 	
4.65
3.30
1.83
1.95
1.30
1.16
1.0
1.5
2.55
1.95
1.45
1.76
 	 1:1(1:0)  
300	15/12
21:00	 Sochaux
Brest	
-0.25
+0.25
1.87
1.87
 
 	
2.0
1.85
1.85
2.20
3.10
3.45
1.26
1.35
1.63
1.5
1.5
2.40
3.55
1.50
1.25
 	 1:2(0:0)  
301	15/12
21:00	 Troyes
Ajaccio	
-0.25
+0.25
2.00
1.75
 
 	
2.25
1.90
 	
1.85
 	
2.35
3.10
3.15
1.32
1.35
1.55
1.5
1.5
2.40
2.95
1.50
1.35
 	 3:2(3:0)  
302	16/12
15:00	 Nancy
Bordeaux	
+0.25
-0.25
1.87
1.87
 
 	
2.0
1.75
2.00
3.40
3.10
2.25
1.60
1.35
1.27
1.5
1.5
3.40
2.40
1.27
1.50
 	 1:1(1:0)  
303	16/12
18:00	 Saint-Etienne
Lorient	
-0.75
+0.75
2.00
1.75
 
 	
2.25
1.75
 	
2.00
 	
1.75
3.45
4.95
1.14
1.30
2.00
1.5
1.0
1.85
2.40
1.85
1.50
 	 0:2(0:2)  
304	16/12
22:00	 Paris Saint-Germain
Lyon	
–1.0
+1.0
1.95
1.80
  	
2.5
1.87
1.87
1.57
3.85
5.90
1.10
1.25
2.30
1.5
1.0
1.70
2.30
2.05
1.55
 	 1:0(1:0) 
358	12/01
18:00	 Troyes
Lyon	
+0.75
-0.75
1.67
2.10
 
 	
2.5
1.95
1.80
4.15
3.25
1.90
1.85
1.32
1.19
1.0
1.5
2.00
1.90
1.72
1.80
 	 1:2(1:1)  
359	12/01
21:00	 Evian
Brest	
-0.75
+0.75
1.95
1.80
 
 	
2.25
1.87
 	
1.87
 	
1.75
3.30
5.30
1.13
1.33
2.00
1.5
1.0
1.95
2.50
1.76
1.47
 	 0:2(0:1)  
360	12/01
21:00	 Montpellier
Lorient	
-0.75
+0.75
1.90
1.85
 
 	
2.5
1.95
1.80
1.72
3.55
4.95
1.14
1.30
2.03
1.5
1.0
1.80
2.30
1.90
1.55
 	 2:0(0:0)  
361	12/01
21:00	 Nancy
Lille	
+0.25
-0.25
2.15
1.65
 
 	
2.25
1.87
 	
1.87
 	
4.25
3.15
1.95
1.80
1.33
1.18
1.0
1.5
2.40
2.00
1.50
1.72
 	 2:2(1:2)  
362	12/01
21:00	 Rennes
Bordeaux	
-0.25
+0.25
1.95
1.80
 
 	
2.0
1.75
1.96
2.30
3.05
3.30
1.30
1.38
1.57
1.5
1.5
2.55
3.40
1.45
1.27
 	 0:2(0:0)  
363	13/01
15:00	 Reims
Bastia	
-0.25
+0.25
1.80
1.95
 
 	
2.25
1.80
 	
1.95
 	
2.15
3.15
3.55
1.26
1.35
1.65
1.5
1.5
2.25
3.20
1.57
1.30
 	 1:2(0:1)  
364	13/01
18:00	 Nice
Valenciennes	
-0.25
+0.25
1.75
2.00
 
 	
2.25
1.85
 	
1.90
 	
2.05
3.20
3.75
1.23
1.33
1.70
1.5
1.5
2.10
3.40
1.67
1.27
 	 5:0(1:0)  
365	13/01
22:00	 Sochaux
Marseille	
+0.75
-0.75
1.75
2.00
 
 	
2.25
1.95
 	
1.80
 	
4.85
3.30
1.80
1.95
1.33
1.15
1.0
1.5
2.55
2.00
1.45
1.72
 	 3:1(2:0)  
273	18/01
21:30	 Lyon
Evian	
-1.25
+1.25
1.80
1.95
 
 	
2.75
1.75
 	
2.00
 	
1.35
4.85
8.70
1.04
1.17
3.10
1.5
1.0
1.40
3.05
2.75
1.33
 	 0:0(0:0)  
274	19/01
18:00	 Marseille
Montpellier	
-0.75
+0.75
2.05
1.70
 
 	
2.25
1.75
 	
2.00
 	
1.80
3.45
4.45
1.17
1.30
1.95
1.5
1.5
1.85
3.55
1.85
1.25
 	 3:2(1:1)  
275	19/01
21:00	 Ajaccio
Valenciennes	
0
0
1.75
2.00
  	
2.25
1.75
 	
2.00
 	
2.50
3.05
2.95
1.35
1.35
1.47
1.5
1.5
2.55
2.75
1.45
1.40
 	 1:1(1:0)  
276	19/01
21:00	 Brest
Saint-Etienne	
+0.25
-0.25
1.90
1.85
 
 	
2.0
1.75
2.00
3.50
3.05
2.20
1.65
1.37
1.26
1.5
1.5
3.40
2.40
1.27
1.50
 	 0:1(0:0)  
277	19/01
21:00	 Lorient
Troyes	
-0.75
+0.75
1.75
2.00
 
 	
2.5
1.87
1.87
1.57
3.75
6.10
1.09
1.25
2.30
1.5
1.0
1.70
2.65
2.03
1.42
 	 3:2(2:0)  
278	19/01
17:00	 Sochaux
Reims	
-0.25
+0.25
1.75
2.00
 
 	
2.0
1.75
1.96
2.10
3.10
3.75
1.23
1.35
1.70
1.5
1.0
2.30
2.15
1.55
1.63
 	 1:0(1:0)  
279	19/01
21:00	 Toulouse
Nancy	
-0.75
+0.75
1.80
1.95
 
 	
2.25
1.80
 	
1.95
 	
1.60
3.60
6.10
1.10
1.28
2.25
1.5
1.0
1.70
3.10
2.05
1.32
 	 2:1(0:0)  
280	20/01
15:00	 Bastia
Rennes	
+0.25
-0.25
1.80
1.95
 
 	
2.5
1.95
1.80
3.10
3.25
2.30
1.57
1.33
1.32
1.5
1.5
2.65
2.10
1.42
1.66
 	 0:2(0:1)  
281	20/01
18:00	 Lille
Nice	
-0.75
+0.75
1.85
1.90
 
 	
2.5
2.00
1.75
1.65
3.60
5.40
1.12
1.27
2.15
1.5
1.0
1.75
2.55
1.96
1.45
 	 0:2(0:0)  
282	20/01
22:00	 Bordeaux
Paris Saint-Germain	
+0.25
-0.25
2.15
1.65
 
 	
2.25
1.90
 	
1.85
 	
4.15
3.20
1.95
1.80
1.33
1.20
1.0
1.5
2.20
2.10
1.60
1.65
 	 0:1(0:1) 
274	25/01
21:30	 Valenciennes
Lyon	
+0.25
-0.25
1.80
1.95
 
 	
2.25
1.85
 	
1.90
 	
3.10
3.25
2.30
1.57
1.35
1.32
1.5
1.5
2.75
2.25
1.40
1.57
 	 0:2(0:2)  
275	26/01
18:00	 Rennes
Marseille	
0
0
1.75
2.00
  	
2.25
1.97
 	
1.77
 	
2.55
3.05
2.90
1.37
1.37
1.45
1.5
1.5
2.65
2.75
1.42
1.40
 	 2:2(0:1)  
276	26/01
21:00	 Evian
Ajaccio	
-0.25
+0.25
1.65
2.15
 
 	
2.25
1.80
 	
1.95
 	
1.95
3.25
4.05
1.20
1.33
1.80
1.5
1.0
2.05
2.25
1.70
1.57
 	 1:1(0:1)  
277	26/01
21:00	 Montpellier
Sochaux	
–1.0
+1.0
1.87
1.87
  	
2.5
1.95
1.80
1.50
3.85
7.25
1.06
1.25
2.45
1.5
1.0
1.57
3.10
2.25
1.32
 	 2:0(2:0)  
278	26/01
21:00	 Nancy
Lorient	
0
0
1.80
1.95
  	
2.25
1.85
 	
1.90
 	
2.60
3.05
2.85
1.38
1.35
1.45
1.5
1.5
2.65
2.85
1.42
1.37
 	 2:1(1:0)  
279	26/01
21:00	 Reims
Toulouse	
+0.25
-0.25
1.75
2.00
 
 	
2.0
1.85
1.90
3.05
3.05
2.45
1.50
1.35
1.33
1.5
1.5
2.95
2.55
1.35
1.45
 	 1:1(0:0)  
280	26/01
21:00	 Troyes
Brest	
-0.25
+0.25
1.67
2.12
 
 	
2.25
1.95
 	
1.80
 	
1.95
3.20
4.15
1.20
1.33
1.80
1.5
1.0
2.15
2.25
1.63
1.57
 	 2:1(1:0)  
281	27/01
15:00	 Saint-Etienne
Bastia	
–1.0
+1.0
1.80
1.95
  	
2.5
1.85
1.90
1.47
4.05
7.25
1.07
1.22
2.55
1.5
1.5
1.57
4.40
2.25
1.17
 	 3:0(1:0)  
282	27/01
18:00	 Nice
Bordeaux	
-0.25
+0.25
2.00
1.75
 
 	
2.0
1.85
1.85
2.40
3.05
3.10
1.33
1.35
1.52
1.5
1.5
2.65
2.85
1.42
1.37
 	 0:1(0:0)  
283	27/01
22:00	 Paris Saint-Germain
Lille	
–1.0
+1.0
1.85
1.90
  	
2.5
1.90
1.85
1.47
3.95
7.50
1.06
1.23
2.55
1.5
1.0
1.60
2.95
2.20
1.35
 	 1:0(0:0)  
347	02/02
18:00	 Lorient
Rennes	
-0.25
+0.25
1.95
1.80
 
 	
2.5
1.95
1.80
2.35
3.15
3.15
1.33
1.35
1.55
1.5
1.5
2.30
2.75
1.55
1.40
 	 2:2(1:0)  
348	02/02
21:00	 Bastia
Evian	
0
0
1.85
1.90
  	
2.5
1.95
1.80
2.60
3.15
2.75
1.40
1.35
1.45
1.5
1.5
2.50
2.55
1.47
1.45
 	 0:0(0:0)  
349	02/02
21:00	 Bordeaux
Valenciennes	
-0.75
+0.75
1.75
2.00
 
 	
2.25
1.95
 	
1.80
 	
1.60
3.55
6.45
1.08
1.28
2.25
1.5
1.0
1.85
2.95
1.85
1.35
 	 2:0(1:0)  
350	02/02
21:00	 Brest
Nice	
+0.25
-0.25
1.75
2.00
 
 	
2.0
1.75
1.96
3.15
2.95
2.45
1.50
1.38
1.32
1.5
1.5
3.20
2.65
1.30
1.42
 	 0:2(0:1)  
351	02/02
21:00	 Lille
Troyes	
-1.25
+1.25
1.95
1.80
 
 	
2.5
1.85
1.90
1.40
4.35
8.50
1.04
1.20
2.85
1.5
1.0
1.50
3.10
2.40
1.32
 	 1:1(0:1)  
352	02/02
21:00	 Sochaux
Saint-Etienne	
+0.25
-0.25
2.15
1.65
 
 	
2.25
1.95
 	
1.80
 	
4.35
3.25
1.90
1.85
1.33
1.18
1.5
1.5
3.75
2.10
1.23
1.66
 	 1:2(0:1)  
353	03/02
15:00	 Ajaccio
Lyon	
+0.25
-0.25
2.05
1.70
 
 	
2.25
1.85
 	
1.90
 	
3.85
3.25
2.00
1.75
1.33
1.22
1.0
1.5
2.10
2.10
1.67
1.67
 	 3:1(0:0)  
354	03/02
18:00	 Montpellier
Reims	
-1.25
+1.25
2.00
1.75
 
 	
2.5
1.95
1.80
1.45
4.05
7.85
1.06
1.22
2.65
1.5
1.0
1.60
3.10
2.20
1.32
 	 3:1(0:1)  
355	03/02
22:00	 Marseille
Nancy	
-1.25
+1.25
1.95
1.80
 
 	
2.5
1.80
1.95
1.42
4.25
8.10
1.05
1.22
2.75
1.5
1.0
1.47
3.10
2.50
1.32
 	 0:1(0:0)  
360	09/02
18:00	 Saint-Etienne
Montpellier	
-0.25
+0.25
1.65
2.15
 
 	
2.25
1.80
 	
1.95
 	
1.95
3.25
4.10
1.20
1.33
1.80
1.5
1.0
2.10
2.20
1.67
1.60
 	 4:1(2:0)  
361	09/02
21:00	 Ajaccio
Bordeaux	
+0.25
-0.25
1.80
1.95
 
 	
2.0
1.85
1.85
3.20
3.05
2.35
1.55
1.35
1.30
1.5
1.5
2.95
2.65
1.35
1.42
 	 1:0(1:0)  
362	09/02
21:00	 Nancy
Reims	
-0.25
+0.25
1.63
2.20
 
 	
2.25
1.90
 	
1.85
 	
1.90
3.25
4.40
1.18
1.33
1.85
1.5
1.5
2.05
3.40
1.70
1.27
 	 1:2(1:0)  
363	09/02
21:00	 Nice
Lorient	
-0.25
+0.25
1.75
2.00
 
 	
2.5
2.00
1.75
2.10
3.15
3.70
1.25
1.33
1.67
1.5
1.0
2.10
1.85
1.65
1.85
 	 1:1(0:0)  
364	09/02
21:00	 Troyes
Sochaux	
-0.25
+0.25
1.67
2.12
 
 	
2.25
1.87
 	
1.87
 	
2.00
3.30
3.85
1.22
1.30
1.75
1.5
1.5
2.00
3.75
1.72
1.23
 	 0:0(0:0)  
365	09/02
21:00	 Valenciennes
Brest	
-0.75
+0.75
1.80
1.95
 
 	
2.5
1.87
1.87
1.60
3.65
6.00
1.10
1.27
2.25
1.5
1.0
1.75
2.85
1.96
1.37
 	 2:1(2:0)  
366	10/02
15:00	 Evian
Marseille	
+0.25
-0.25
1.95
1.80
 
 	
2.25
1.75
 	
2.00
 	
3.40
3.30
2.15
1.65
1.30
1.27
1.5
1.5
3.10
2.10
1.32
1.65
 	 1:1(0:0)  
367	10/02
18:00	 Rennes
Toulouse	
-0.25
+0.25
1.75
2.00
 
 	
2.25
1.90
 	
1.85
 	
2.05
3.15
3.85
1.22
1.35
1.70
1.5
1.5
2.20
3.10
1.60
1.32
 	 2:0(0:0)  
368	10/02
22:00	 Lyon
Lille	
-0.25
+0.25
1.67
2.12
 
 	
2.25
1.75
 	
2.00
 	
1.95
3.35
3.95
1.21
1.30
1.80
1.5
1.0
2.00
2.00
1.72
1.72
 	 1:3(0:2)  
234	15/02
21:30	 Lille
Rennes	
-0.75
+0.75
2.00
1.75
 
 	
2.25
1.80
 	
1.95
 	
1.80
3.30
4.95
1.15
1.30
1.95
1.5
1.5
1.85
3.55
1.85
1.25
 	 2:0(1:0)  
235	16/02
18:00	 Marseille
Valenciennes	
-0.75
+0.75
1.80
1.95
 
 	
2.5
1.90
1.85
1.60
3.70
5.95
1.10
1.27
2.25
1.5
1.0
1.70
2.65
2.05
1.42
 	 1:0(0:0)  
236	16/02
21:00	 Bastia
Nice	
0
0
1.75
2.00
  	
2.25
1.80
 	
1.95
 	
2.50
3.10
2.95
1.37
1.35
1.47
1.5
1.5
2.40
2.75
1.50
1.40
 	 0:1(0:0)  
237	16/02
21:00	 Brest
Ajaccio	
0
0
1.75
2.00
  	
2.25
1.95
 	
1.80
 	
2.55
3.10
2.85
1.37
1.35
1.45
1.5
1.5
2.65
2.95
1.42
1.35
 	 1:1(1:0)  
238	16/02
21:00	 Lorient
Evian	
-0.75
+0.75
2.05
1.70
 
 	
2.5
1.90
1.85
1.83
3.45
4.40
1.16
1.30
1.93
1.5
1.5
1.85
3.35
1.85
1.28
 	 2:1(1:0)  
239	16/02
21:00	 Montpellier
Nancy	
–1.0
+1.0
1.80
1.95
  	
2.75
2.00
 	
1.75
 	
1.47
4.15
6.85
1.07
1.22
2.55
2.0
1.0
2.10
2.85
1.66
1.37
 	 1:0(1:0)  
240	16/02
21:00	 Toulouse
Troyes	
-0.75
+0.75
1.90
1.85
 
 	
2.25
1.87
 	
1.87
 	
1.70
3.50
5.30
1.13
1.30
2.05
1.5
1.0
1.75
2.40
1.96
1.50
 	 2:2(0:0)  
241	17/02
15:00	 Bordeaux
Lyon	
-0.25
+0.25
1.90
1.85
 
 	
2.0
1.75
1.96
2.30
3.05
3.35
1.29
1.35
1.57
1.5
1.5
2.55
3.20
1.45
1.30
 	 0:4(0:1)  
242	17/02
18:00	 Reims
Saint-Etienne	
+0.25
-0.25
2.15
1.65
 
 	
2.25
2.00
 	
1.75
 	
4.20
3.20
1.95
1.80
1.33
1.19
1.0
1.5
2.40
2.15
1.50
1.65
 	 1:1(0:1)  
243	17/02
22:00	 Sochaux
Paris Saint-Germain	
+1.0
–1.0
2.00
1.75
  	
2.5
1.95
1.80
7.90
4.05
1.45
2.60
1.22
1.06
1.0
1.5
3.10
1.57
1.32
2.25
 	 3:2(1:1)  
238	22/02
21:30	 Nice
Reims	
-0.75
+0.75
1.90
1.85
 
 	
2.25
1.95
 	
1.80
 	
1.67
3.60
5.30
1.12
1.28
2.12
1.5
1.0
1.80
2.85
1.90
1.37
 	 2:0(1:0)  
239	23/02
18:00	 Rennes
Sochaux	
-0.75
+0.75
1.80
1.95
 
 	
2.25
1.75
 	
2.00
 	
1.60
3.60
6.10
1.10
1.28
2.25
1.5
1.0
1.75
2.73
1.96
1.40
 	 2:2(1:1)  
240	23/02
21:00	 Ajaccio
Lille	
+0.25
-0.25
1.87
1.87
 
 	
2.25
1.95
 	
1.80
 	
3.40
3.10
2.25
1.60
1.35
1.27
1.5
1.5
3.10
2.25
1.32
1.57
 	 1:3(0:1)  
241	23/02
21:00	 Evian
Montpellier	
0
0
2.00
1.75
  	
2.25
1.85
 	
1.90
 	
2.85
3.10
2.55
1.45
1.33
1.37
1.5
1.5
2.75
2.50
1.40
1.47
 	 0:1(0:0)  
242	23/02
21:00	 Nancy
Saint-Etienne	
+0.25
-0.25
1.95
1.80
 
 	
2.25
1.85
 	
1.90
 	
3.65
3.20
2.10
1.70
1.32
1.25
1.5
1.5
3.10
2.15
1.32
1.63
 	 0:3(0:2)  
243	23/02
21:00	 Troyes
Bastia	
-0.25
+0.25
1.80
1.95
 
 	
2.25
1.75
 	
2.00
 	
2.10
3.25
3.60
1.25
1.35
1.70
1.5
1.5
2.10
3.05
1.66
1.33
 	 0:0(0:0)  
244	23/02
21:00	 Valenciennes
Toulouse	
-0.25
+0.25
1.90
1.85
 
 	
2.25
1.87
 	
1.87
 	
2.30
3.10
3.25
1.30
1.35
1.57
1.5
1.5
2.40
2.95
1.50
1.35
 	 0:0(0:0)  
245	24/02
15:00	 Lyon
Lorient	
-0.75
+0.75
1.90
1.85
 
 	
2.5
1.80
1.95
1.67
3.75
4.95
1.14
1.25
2.12
1.5
1.0
1.70
2.10
2.03
1.67
 	 3:1(1:1)  
246	24/02
18:00	 Bordeaux
Brest	
-1.25
+1.25
2.00
1.75
 
 	
2.25
1.85
 	
1.90
 	
1.45
4.00
8.00
1.06
1.23
2.60
1.5
1.5
1.67
5.85
2.07
1.10
 	 0:2(0:1)  
247	24/02
22:00	 Paris Saint-Germain
Marseille	
–1.0
+1.0
1.85
1.90
  	
2.5
1.90
1.85
1.50
3.90
7.25
1.06
1.23
2.45
1.5
1.0
1.63
2.75
2.15
1.40
 	 2:0(1:0) 
326	02/03
18:00	 Reims
Paris Saint-Germain	
+1.25
-1.25
1.75
2.00
 
 	
2.5
1.80
1.95
7.25
4.15
1.47
2.55
1.23
1.07
1.0
1.5
2.95
1.50
1.35
2.40
 	 1:0(0:0)  
327	02/03
21:00	 Bastia
Ajaccio	
-0.25
+0.25
1.85
1.90
 
 	
2.25
1.85
 	
1.90
 	
2.15
3.15
3.55
1.26
1.35
1.65
1.5
1.5
2.30
3.40
1.55
1.27
 	 1:0(0:0)  
328	02/03
21:00	 Lorient
Valenciennes	
-0.75
+0.75
1.95
1.80
 
 	
2.25
1.75
 	
2.00
 	
1.75
3.45
4.90
1.14
1.30
2.00
1.5
1.0
1.75
2.30
1.96
1.55
 	 1:1(1:0)  
329	02/03
21:00	 Saint-Etienne
Nice	
-0.75
+0.75
1.90
1.85
 
 	
2.25
1.90
 	
1.85
 	
1.70
3.50
5.30
1.13
1.28
2.05
1.5
1.0
1.85
2.40
1.85
1.50
 	 4:0(1:0)  
330	02/03
21:00	 Sochaux
Nancy	
-0.25
+0.25
1.67
2.12
 
 	
2.25
1.87
 	
1.87
 	
1.95
3.25
4.05
1.21
1.33
1.80
1.5
1.0
2.05
2.10
1.70
1.65
 	 1:2(0:2)  
331	02/03
21:00	 Toulouse
Evian	
-0.75
+0.75
1.95
1.80
 
 	
2.25
1.90
 	
1.85
 	
1.75
3.40
5.00
1.14
1.30
2.00
1.5
1.0
1.85
2.40
1.85
1.50
 	 0:0(0:0)  
332	03/03
15:00	 Brest
Lyon	
+0.75
-0.75
1.80
1.95
 
 	
2.25
1.87
 	
1.87
 	
4.90
3.45
1.75
2.00
1.30
1.14
1.0
1.5
2.40
1.85
1.50
1.85
 	 1:1(1:0)  
333	03/03
18:00	 Marseille
Troyes	
-1.25
+1.25
1.95
1.80
 
 	
2.5
1.85
1.90
1.42
4.25
8.00
1.05
1.22
2.75
1.5
1.0
1.47
3.10
2.50
1.32
 	 2:1(0:0)  
334	03/03
22:00	 Lille
Bordeaux	
-0.75
+0.75
2.00
1.75
 
 	
2.0
1.75
1.96
1.85
3.20
4.75
1.16
1.33
1.90
1.5
1.0
2.10
2.40
1.65
1.50
 	 2:1(0:1)  
261	08/03
21:30	 Rennes
Saint-Etienne	
0
0
1.95
1.80
  	
2.25
1.90
 	
1.85
 	
2.80
3.10
2.60
1.45
1.35
1.40
1.5
1.5
2.75
2.65
1.40
1.42
 	 2:2(1:1)  
262	09/03
18:00	 Paris Saint-Germain
Nancy	
–2.0
+2.0
1.90
1.85
  	
3.0
1.85
1.90
1.16
6.85
16.00
1.01
1.09
4.65
2.5
1.5
1.72
6.45
2.00
1.08
 	 2:1(0:1)  
263	09/03
21:00	 Ajaccio
Lorient	
0
0
1.80
1.95
  	
2.25
1.90
 	
1.85
 	
2.60
3.10
2.80
1.40
1.35
1.45
1.5
1.5
2.65
2.75
1.42
1.40
 	 1:0(0:0)  
264	09/03
21:00	 Brest
Toulouse	
+0.25
-0.25
1.75
2.00
 
 	
2.25
2.00
 	
1.75
 	
3.00
3.00
2.50
1.50
1.37
1.35
1.5
1.5
3.05
2.55
1.33
1.45
 	 0:1(0:1)  
265	09/03
21:00	 Evian
Sochaux	
-0.25
+0.25
1.85
1.90
 
 	
2.25
1.87
 	
1.87
 	
2.15
3.10
3.55
1.25
1.35
1.65
1.5
1.5
2.30
3.05
1.55
1.33
 	 5:1(1:0)  
266	09/03
21:00	 Troyes
Reims	
-0.25
+0.25
1.75
2.00
 
 	
2.25
1.95
 	
1.80
 	
2.05
3.15
3.85
1.22
1.37
1.70
1.5
1.5
2.20
3.10
1.60
1.32
 	 4:2(1:0)  
267	09/03
21:00	 Valenciennes
Lille	
+0.25
-0.25
2.00
1.75
 
 	
2.25
1.80
 	
1.95
 	
3.75
3.20
2.05
1.70
1.33
1.23
1.5
1.5
3.40
2.10
1.27
1.67
 	 1:3(1:0)  
268	10/03
15:00	 Nice
Montpellier	
0
0
1.75
2.00
  	
2.25
1.87
 	
1.87
 	
2.50
3.05
2.95
1.35
1.35
1.48
1.5
1.5
2.55
2.75
1.45
1.40
 	 2:0(2:0)  
269	10/03
18:00	 Bordeaux
Bastia	
–1.0
+1.0
1.87
1.87
  	
2.25
1.75
 	
2.00
 	
1.47
3.95
7.50
1.06
1.23
2.55
1.5
1.0
1.65
3.10
2.11
1.32
 	 1:0(0:0)  
270	10/03
22:00	 Lyon
Marseille	
-0.25
+0.25
1.75
2.00
 
 	
2.25
1.80
 	
1.95
 	
2.10
3.25
3.55
1.25
1.33
1.70
1.5
1.0
2.10
1.90
1.65
1.80
 	 0:0(0:0) 
222	15/03
21:30	 Marseille
Ajaccio	
-1.25
+1.25
2.00
1.75
 
 	
2.5
2.00
1.75
1.42
4.10
8.50
1.05
1.21
2.70
1.5
1.0
1.60
3.40
2.20
1.27
 	 0:0(0:0)  
223	16/03
18:00	 Bastia
Lyon	
+0.25
-0.25
2.10
1.67
 
 	
2.5
1.95
1.80
3.85
3.25
2.00
1.75
1.33
1.22
1.0
1.5
2.00
1.95
1.72
1.76
 	 4:1(1:0)  
224	16/03
21:00	 Lille
Evian	
–1.0
+1.0
1.75
2.00
  	
2.5
1.85
1.90
1.42
4.25
8.10
1.05
1.20
2.70
1.5
1.0
1.55
3.10
2.30
1.32
 	 1:2(1:1)  
225	16/03
21:00	 Lorient
Brest	
-0.75
+0.75
1.75
2.00
 
 	
2.25
1.75
 	
2.00
 	
1.57
3.70
6.45
1.09
1.25
2.30
1.5
1.0
1.75
2.75
1.96
1.40
 	 4:0(3:0)  
226	16/03
21:00	 Montpellier
Troyes	
–1.0
+1.0
1.80
1.95
  	
2.5
1.85
1.90
1.45
3.95
8.10
1.05
1.23
2.55
1.5
1.0
1.55
3.10
2.30
1.32
 	 1:1(1:0)  
227	16/03
21:00	 Reims
Rennes	
0
0
1.95
1.80
  	
2.25
1.90
 	
1.85
 	
2.80
3.10
2.60
1.45
1.35
1.40
1.5
1.5
2.75
2.65
1.40
1.42
 	 1:0(1:0)  
228	16/03
21:00	 Sochaux
Valenciennes	
-0.25
+0.25
1.95
1.80
 
 	
2.25
1.90
 	
1.85
 	
2.35
3.10
3.15
1.32
1.35
1.55
1.5
1.5
2.40
2.95
1.50
1.35
 	 1:1(1:0)  
229	17/03
15:00	 Nancy
Nice	
0
0
2.00
1.75
  	
2.25
2.00
 	
1.75
 	
3.00
2.95
2.55
1.47
1.37
1.35
1.5
1.5
3.05
2.55
1.33
1.45
 	 1:0(1:0)  
230	17/03
18:00	 Toulouse
Bordeaux	
-0.25
+0.25
1.95
1.80
 
 	
2.0
1.85
1.85
2.35
2.90
3.40
1.28
1.38
1.55
1.5
1.5
2.75
3.40
1.40
1.27
 	 0:0(0:0)  
231	17/03
22:00	 Saint-Etienne
Paris Saint-Germain	
+0.25
-0.25
1.80
1.95
 
 	
2.5
1.95
1.80
3.20
3.15
2.30
1.57
1.33
1.30
1.5
1.5
2.75
2.10
1.40
1.66
 	 2:2(1:2)  
235	29/03
21:30	 Paris Saint-Germain
Montpellier	
–1.0
+1.0
2.00
1.75
  	
2.5
1.87
1.87
1.55
3.95
6.10
1.09
1.22
2.40
1.5
1.0
1.60
2.75
2.20
1.40
 	 1:0(0:0)  
236	30/03
18:00	 Troyes
Saint-Etienne	
+0.25
-0.25
2.05
1.70
 
 	
2.5
1.95
1.80
3.85
3.30
2.00
1.75
1.30
1.23
1.0
1.5
1.95
2.00
1.76
1.72
 	 2:2(2:2)  
237	30/03
21:00	 Ajaccio
Toulouse	
0
0
1.85
1.90
  	
2.0
1.90
1.80
2.65
2.95
2.80
1.40
1.38
1.42
1.5
1.5
2.75
2.85
1.40
1.37
 	 2:3(2:2)  
238	30/03
21:00	 Bordeaux
Lorient	
-0.25
+0.25
1.60
2.25
 
 	
2.25
1.95
 	
1.80
 	
1.87
3.30
4.45
1.17
1.33
1.87
1.5
1.5
2.05
3.85
1.70
1.22
 	 1:1(0:1)  
239	30/03
21:00	 Evian
Reims	
-0.25
+0.25
1.65
2.15
 
 	
2.25
1.95
 	
1.80
 	
1.95
3.15
4.35
1.19
1.33
1.80
1.5
1.0
2.15
2.30
1.63
1.55
 	 2:2(0:1)  
240	30/03
21:00	 Rennes
Nancy	
-0.75
+0.75
1.87
1.87
 
 	
2.5
2.00
1.75
1.65
3.60
5.55
1.12
1.27
2.15
1.5
1.0
1.75
2.55
1.96
1.45
 	 0:2(0:0)  
241	30/03
21:00	 Valenciennes
Bastia	
-0.75
+0.75
2.10
1.67
 
 	
2.25
1.75
 	
2.00
 	
1.85
3.35
4.45
1.17
1.30
1.90
1.5
1.5
1.95
3.55
1.76
1.25
 	 3:4(2:1)  
242	31/03
15:00	 Nice
Marseille	
0
0
1.95
1.80
  	
2.25
2.00
 	
1.75
 	
2.85
3.00
2.65
1.45
1.37
1.38
1.5
1.5
2.75
2.55
1.40
1.45
 	 0:1(0:1)  
243	31/03
18:00	 Brest
Lille	
+0.75
-0.75
1.70
2.05
 
 	
2.25
1.87
 	
1.87
 	
4.75
3.40
1.80
1.95
1.30
1.15
1.0
1.5
2.50
2.00
1.47
1.72
 	 1:2(1:1)  
244	31/03
22:00	 Lyon
Sochaux	
–1.0
+1.0
1.80
1.95
  	
2.75
1.95
 	
1.80
 	
1.45
4.25
7.25
1.06
1.22
2.65
1.5
1.0
1.50
3.05
2.40
1.33
 	 1:2(0:0) 
272	05/04
21:30	 Marseille
Bordeaux	
-0.75
+0.75
2.15
1.65
 
 	
2.0
1.85
1.85
1.90
3.15
4.55
1.17
1.33
1.85
1.5
1.0
2.15
2.40
1.63
1.50
 	 1:0(1:0)  
273	06/04
18:00	 Rennes
Paris Saint-Germain	
+0.25
-0.25
1.85
1.90
 
 	
2.25
1.75
 	
2.00
 	
3.25
3.25
2.25
1.60
1.33
1.30
1.0
1.5
1.95
2.20
1.76
1.60
 	 0:2(0:0)  
274	06/04
21:00	 Bastia
Brest	
-0.75
+0.75
2.00
1.75
 
 	
2.25
1.75
 	
2.00
 	
1.80
3.40
4.70
1.16
1.30
1.95
1.5
1.5
1.90
3.55
1.80
1.25
 	 4:0(1:0)  
275	06/04
21:00	 Montpellier
Valenciennes	
–1.0
+1.0
1.95
1.80
  	
2.25
1.80
 	
1.95
 	
1.55
3.80
6.55
1.08
1.25
2.35
1.5
1.5
1.72
4.75
2.00
1.15
 	 3:1(1:1)  
276	06/04
21:00	 Nancy
Troyes	
-0.25
+0.25
1.75
2.00
 
 	
2.25
1.75
 	
2.00
 	
2.10
3.05
3.85
1.23
1.35
1.70
1.5
1.5
2.10
3.20
1.66
1.30
 	 1:0(0:0)  
277	06/04
21:00	 Sochaux
Ajaccio	
-0.25
+0.25
1.70
2.05
 
 	
2.25
1.87
 	
1.87
 	
2.00
3.25
3.95
1.22
1.35
1.75
1.5
1.0
2.10
2.15
1.66
1.63
 	 0:0(0:0)  
278	06/04
21:00	 Toulouse
Nice	
-0.25
+0.25
1.70
2.05
 
 	
2.0
1.80
1.90
2.00
3.15
4.10
1.20
1.35
1.75
1.5
1.0
2.20
2.30
1.60
1.55
 	 3:4(2:2)  
279	07/04
15:00	 Saint-Etienne
Evian	
-1.25
+1.25
1.95
1.80
 
 	
2.5
1.80
1.95
1.43
4.30
7.50
1.06
1.20
2.70
1.5
1.5
1.50
4.90
2.40
1.14
 	 1:0(0:0)  
280	07/04
18:00	 Reims
Lyon	
+0.25
-0.25
2.15
1.65
 
 	
2.25
1.75
 	
2.00
 	
4.25
3.35
1.90
1.85
1.30
1.18
1.0
1.5
2.10
1.95
1.65
1.76
 	 1:0(0:0)  
281	07/04
22:00	 Lille
Lorient	
-0.75
+0.75
1.80
1.95
 
 	
2.5
1.80
1.95
1.63
3.75
5.55
1.11
1.25
2.20
1.5
1.0
1.65
2.35
2.11
1.52
 	 5:0(4:0)  
266	19/04
21:30	 Montpellier
Lyon	
-0.25
+0.25
1.95
1.80
 
 	
2.25
1.75
 	
2.00
 	
2.30
3.20
3.20
1.32
1.33
1.57
1.5
1.5
2.25
2.65
1.57
1.42
 	 1:2(1:1)  
267	20/04
18:00	 Marseille
Brest	
-1.25
+1.25
1.80
1.95
 
 	
2.5
1.95
1.80
1.33
4.55
10.50
1.03
1.17
3.10
2.0
1.5
2.00
6.45
1.72
1.08
 	 1:0(1:0)  
268	21/04
15:00	 Bastia
Lille	
+0.25
-0.25
2.00
1.75
 
 	
2.5
1.80
1.90
3.55
3.30
2.10
1.70
1.33
1.25
1.0
1.5
1.85
2.00
1.85
1.72
 	 1:2(0:0)  
269	21/04
18:00	 Nancy
Evian	
-0.25
+0.25
1.80
1.95
 
 	
2.25
1.95
 	
1.80
 	
2.10
3.15
3.75
1.23
1.33
1.67
1.5
1.5
2.25
3.20
1.57
1.30
 	 3:1(1:1)  
270	21/04
18:00	 Reims
Valenciennes	
-0.25
+0.25
1.80
1.95
 
 	
2.25
1.85
 	
1.90
 	
2.15
3.20
3.50
1.27
1.32
1.65
1.5
1.5
2.25
3.10
1.57
1.32
 	 0:1(0:0)  
271	21/04
18:00	 Sochaux
Bordeaux	
0
0
1.95
1.80
  	
2.0
1.75
1.96
2.80
3.05
2.65
1.42
1.37
1.40
1.5
1.5
2.85
2.75
1.37
1.40
 	 2:2(1:0)  
272	21/04
18:00	 Toulouse
Lorient	
-0.25
+0.25
1.70
2.05
 
 	
2.5
2.00
1.75
2.00
3.25
3.95
1.22
1.33
1.75
1.5
1.0
2.10
2.00
1.65
1.72
 	 0:1(0:0)  
273	21/04
22:00	 Paris Saint-Germain
Nice	
-1.25
+1.25
1.95
1.80
 
 	
2.5
1.95
1.80
1.40
4.25
8.90
1.05
1.20
2.80
1.5
1.0
1.55
3.55
2.30
1.25
 	 3:0(1:0) 
242	26/04
21:30	 Lille
Sochaux	
-1.25
+1.25
1.75
2.00
 
 	
2.75
1.87
 	
1.87
 	
1.33
4.75
9.50
1.03
1.18
3.10
2.0
1.5
1.75
5.10
1.96
1.13
 	 3:3(2:0)  
243	27/04
18:00	 Lorient
Marseille	
+0.25
-0.25
1.80
1.95
 
 	
2.5
1.95
1.80
3.10
3.20
2.35
1.55
1.35
1.32
1.5
1.5
2.75
2.25
1.40
1.57
 	 0:1(0:1)  
244	27/04
21:00	 Ajaccio
Montpellier	
+0.25
-0.25
1.75
2.00
 
 	
2.25
1.85
 	
1.85
 	
3.05
3.15
2.40
1.52
1.33
1.33
1.5
1.5
2.95
2.40
1.35
1.50
 	 2:1(0:0)  
245	27/04
21:00	 Bastia
Toulouse	
0
0
1.80
1.95
  	
2.5
1.85
1.90
2.55
3.20
2.80
1.38
1.33
1.45
1.5
1.5
2.30
2.40
1.55
1.50
 	 0:0(0:0)  
246	27/04
21:00	 Bordeaux
Reims	
-0.75
+0.75
1.80
1.95
 
 	
2.25
1.87
 	
1.87
 	
1.65
3.40
6.10
1.10
1.30
2.15
1.5
1.0
1.80
2.55
1.90
1.45
 	 0:0(0:0)  
247	27/04
21:00	 Brest
Rennes	
0
0
1.90
1.85
  	
2.25
1.95
 	
1.80
 	
2.75
3.10
2.65
1.42
1.37
1.40
1.5
1.5
2.75
2.65
1.40
1.42
 	 0:2(0:2)  
248	27/04
21:00	 Valenciennes
Nancy	
-0.25
+0.25
1.90
1.85
 
 	
2.25
1.85
 	
1.90
 	
2.30
3.15
3.20
1.30
1.35
1.57
1.5
1.5
2.30
2.95
1.55
1.35
 	 0:0(0:0)  
249	28/04
15:00	 Lyon
Saint-Etienne	
-0.25
+0.25
1.87
1.87
 
 	
2.25
1.75
 	
2.00
 	
2.25
3.20
3.30
1.29
1.33
1.60
1.5
1.5
2.20
2.75
1.60
1.40
 	 1:1(0:1)  
250	28/04
18:00	 Nice
Troyes	
-0.75
+0.75
2.00
1.75
 
 	
2.5
1.95
1.80
1.75
3.45
4.95
1.14
1.30
2.00
1.5
1.0
1.85
2.40
1.85
1.50
 	 3:1(2:1)  
251	28/04
22:00	 Evian
Paris Saint-Germain	
+0.75
-0.75
1.90
1.85
 
 	
2.5
1.80
1.95
5.30
3.75
1.65
2.15
1.25
1.12
1.0
1.5
2.35
1.65
1.52
2.11
 	 0:1(0:0)  
193	03/05
21:30	 Saint-Etienne
Bordeaux	
–1.0
+1.0
1.87
1.87
  	
2.5
1.90
1.85
1.50
4.00
6.85
1.07
1.23
2.45
1.5
1.0
1.63
2.75
2.15
1.40
 	 0:0(0:0)  
194	04/05
18:00	 Marseille
Bastia	
–1.0
+1.0
1.90
1.85
  	
2.75
1.95
 	
1.80
 	
1.50
3.95
6.85
1.07
1.23
2.45
1.5
1.5
1.57
4.05
2.25
1.20
 	 2:1(1:0)  
195	04/05
21:00	 Montpellier
Brest	
–1.0
+1.0
1.80
1.95
  	
2.5
1.85
1.90
1.47
4.10
7.25
1.07
1.22
2.55
1.5
1.0
1.55
2.75
2.30
1.40
 	 2:1(1:1)  
196	04/05
21:00	 Reims
Ajaccio	
-0.25
+0.25
1.90
1.85
 
 	
2.25
1.95
 	
1.80
 	
2.25
2.95
3.55
1.26
1.37
1.60
1.5
1.5
2.35
3.20
1.55
1.30
 	 1:1(1:1)  
197	04/05
21:00	 Sochaux
Lorient	
-0.25
+0.25
1.67
2.12
 
 	
2.5
1.85
1.90
1.95
3.25
4.05
1.21
1.33
1.80
1.5
1.0
1.85
2.00
1.85
1.72
 	 1:0(1:0)  
198	04/05
21:00	 Toulouse
Lille	
+0.25
-0.25
2.15
1.65
 
 	
2.25
1.75
 	
2.00
 	
4.25
3.30
1.90
1.85
1.30
1.19
1.0
1.5
2.00
2.00
1.72
1.72
 	 4:2(2:1)  
199	04/05
21:00	 Troyes
Evian	
-0.25
+0.25
1.95
1.80
 
 	
2.5
1.95
1.80
2.30
3.25
3.10
1.32
1.33
1.57
1.5
1.5
2.15
2.65
1.65
1.42
 	 1:0(0:0)  
200	05/05
15:00	 Rennes
Nice	
0
0
1.85
1.90
  	
2.25
1.85
 	
1.90
 	
2.65
3.05
2.80
1.40
1.35
1.42
1.5
1.5
2.55
2.75
1.45
1.40
 	 0:3(0:0)  
201	05/05
18:00	 Nancy
Lyon	
+0.25
-0.25
1.77
1.97
 
 	
2.25
1.85
 	
1.90
 	
3.15
3.15
2.35
1.55
1.35
1.32
1.5
1.5
2.85
2.35
1.37
1.52
 	 0:3(0:0)  
202	05/05
22:00	 Paris Saint-Germain
Valenciennes	
-1.75
+1.75
1.80
1.95
 
 	
3.0
1.95
1.76
1.20
6.10
14.00
1.01
1.10
4.05
2.5
1.0
2.00
4.25
1.72
1.18
 	 1:1(0:1)  
261	11/05
18:00	 Marseille
Toulouse	
-0.75
+0.75
2.10
1.67
 
 	
2.25
1.87
 	
1.87
 	
1.85
3.25
4.55
1.16
1.32
1.90
1.5
1.0
1.95
2.40
1.76
1.50
 	 2:1(1:0)  
262	11/05
21:00	 Ajaccio
Troyes	
-0.25
+0.25
1.80
1.95
 
 	
2.25
1.80
 	
1.95
 	
2.15
3.15
3.55
1.25
1.35
1.65
1.5
1.5
2.30
2.75
1.55
1.40
 	 0:1(0:1)  
263	11/05
21:00	 Bastia
Montpellier	
-0.25
+0.25
2.00
1.75
 
 	
2.75
1.95
 	
1.80
 	
2.35
3.20
3.05
1.33
1.33
1.55
1.5
1.5
2.00
2.50
1.72
1.47
 	 3:1(2:1)  
264	11/05
21:00	 Bordeaux
Nancy	
-0.25
+0.25
1.75
2.00
 
 	
2.25
1.87
 	
1.87
 	
2.05
3.15
3.85
1.23
1.33
1.70
1.5
1.5
2.15
3.10
1.65
1.32
 	 3:2(2:0)  
265	11/05
21:00	 Brest
Sochaux	
0
0
1.85
1.90
  	
2.25
1.80
 	
1.95
 	
2.65
3.10
2.75
1.40
1.35
1.42
1.5
1.5
2.40
2.55
1.50
1.45
 	 0:2(0:0)  
266	11/05
21:00	 Valenciennes
Rennes	
-0.25
+0.25
1.67
2.12
 
 	
2.5
1.95
1.80
2.00
3.25
3.95
1.22
1.33
1.75
1.5
1.0
2.10
1.95
1.65
1.76
 	 4:1(1:1)  
267	12/05
15:00	 Lorient
Saint-Etienne	
+0.25
-0.25
2.12
1.67
 
 	
2.5
1.90
1.85
4.05
3.25
1.95
1.80
1.33
1.21
1.0
1.5
2.00
1.85
1.72
1.85
 	 3:1(0:0)  
268	12/05
18:00	 Evian
Nice	
0
0
1.75
2.00
  	
2.5
1.95
1.80
2.55
3.10
2.85
1.37
1.37
1.45
1.5
1.5
2.50
2.55
1.47
1.45
 	 4:0(1:0)  
269	12/05
22:00	 Lyon
Paris Saint-Germain	
+0.25
-0.25
1.85
1.90
 
 	
2.5
1.90
1.85
3.25
3.25
2.25
1.60
1.33
1.30
1.5
1.5
2.65
2.15
1.42
1.65
 	 0:1(0:0) 
172	19/05
16:00	 Nice
Lyon	
0
0
1.75
2.00
  	
2.5
1.87
1.87
2.55
3.00
2.95
1.37
1.35
1.45
1.5
1.5
2.40
2.50
1.50
1.47
 	 1:1(0:0) 
211	18/05
22:00	 Evian
Valenciennes	
-0.75
+0.75
1.80
1.95
 
 	
2.75
2.00
 	
1.75
 	
1.60
3.75
5.85
1.11
1.25
2.25
1.5
1.0
1.65
2.25
2.11
1.57
 	 2:0(2:0)  
212	18/05
22:00	 Montpellier
Lille	
+0.25
-0.25
2.35
1.55
 
 	
2.75
1.87
 	
1.87
 	
4.25
3.65
1.80
1.95
1.25
1.18
1.0
1.5
1.90
1.75
1.80
1.96
 	 0:0(0:0)  
213	18/05
22:00	 Nancy
Bastia	
-1.25
+1.25
2.00
1.75
 
 	
2.75
1.85
 	
1.90
 	
1.45
4.20
7.25
1.07
1.23
2.60
1.5
1.5
1.45
3.75
2.55
1.23
 	 1:2(0:0)  
214	19/05
16:00	 Nice
Lyon	
0
0
1.75
2.00
  	
2.5
1.87
1.87
2.55
3.05
2.85
1.37
1.35
1.45
1.5
1.5
2.50
2.55
1.47
1.45
 	 1:1(0:0)  
215	18/05
22:00	 Paris Saint-Germain
Brest	
–2.5
+2.5
1.80
1.95
  	
3.5
1.87
1.87
1.12
8.00
20.00
 	
1.07
5.35
2.5
1.5
1.50
6.85
2.41
1.07
 	 3:1(3:0)  
216	18/05
22:00	 Reims
Lorient	
-0.25
+0.25
1.75
2.00
 
 	
2.5
1.90
1.85
2.05
3.35
3.60
1.25
1.30
1.70
1.5
1.0
2.00
1.90
1.72
1.80
 	 1:0(1:0)  
217	18/05
22:00	 Rennes
Ajaccio	
-0.25
+0.25
2.00
1.75
 
 	
2.25
1.75
 	
2.00
 	
2.35
3.20
3.05
1.33
1.35
1.55
1.5
1.5
2.30
2.65
1.55
1.42
 	 1:1(1:1)  
218	18/05
22:00	 Saint-Etienne
Marseille	
-0.25
+0.25
1.57
2.30
 
 	
2.5
1.87
1.87
1.80
3.55
4.40
1.18
1.28
1.95
1.5
1.5
1.80
3.20
1.90
1.30
 	 2:0(2:0)  
219	18/05
22:00	 Sochaux
Toulouse	
-0.25
+0.25
2.05
1.70
 
 	
2.5
1.95
1.80
2.55
3.00
2.95
1.35
1.37
1.45
1.5
1.5
2.40
2.50
1.50
1.47
 	 1:2(1:2)  
220	18/05
22:00	 Troyes
Bordeaux	
-0.25
+0.25
1.65
2.15
 
 	
2.5
1.85
1.90
1.90
3.60
3.75
1.23
1.27
1.85
1.5
1.0
1.95
1.90
1.76
1.80
 	 1:0(0:0) 
248	16/11
21:45	 Lorient
Lille	
+0.25
-0.25
1.85
1.90
 
 	
2.5
1.90
1.85
3.25
3.10
2.30
1.60
1.33
1.30
1.5
1.5
2.75
2.15
1.40
1.65
 	 2:0(1:0)  
249	17/11
18:00	 PSG
Rennes	
–1.0
+1.0
1.95
1.80
  	
2.5
1.85
1.90
1.50
3.95
6.85
1.07
1.23
2.45
1.5
1.0
1.55
2.40
2.30
1.50
 	 1:2(1:2)  
250	17/11
21:00	 AC Ajaccio
Sochaux-Montbeliard	
-0.25
+0.25
1.60
2.25
 
 	
2.25
1.95
 	
1.80
 	
1.85
3.25
4.55
1.16
1.33
1.90
1.5
1.0
2.10
2.40
1.66
1.50
 	 0:1(0:1)  
251	17/11
21:00	 Stade Brestois 29
SC Bastia	
-0.25
+0.25
2.00
1.75
 
 	
2.25
1.80
 	
1.95
 	
2.40
3.05
3.10
1.33
1.35
1.52
1.5
1.5
2.40
2.75
1.50
1.40
 	 3:0(1:0)  
252	17/11
21:00	 Evian TG
Saint-Etienne	
+0.25
-0.25
1.95
1.80
 
 	
2.5
1.95
1.80
3.60
3.10
2.15
1.65
1.35
1.26
1.5
1.5
3.10
2.10
1.32
1.66
 	 2:2(0:2)  
253	17/11
21:00	 Troyes
Nancy	
-0.25
+0.25
2.00
1.75
 
 	
2.0
1.75
1.96
2.40
3.05
3.10
1.33
1.37
1.52
1.5
1.5
2.65
3.20
1.42
1.30
 	 3:3(1:3)  
254	17/11
21:00	 Valenciennes FC
Montpellier	
-0.25
+0.25
1.75
2.00
 
 	
2.25
1.80
 	
1.95
 	
2.10
3.20
3.55
1.25
1.33
1.70
1.5
1.5
2.10
3.10
1.65
1.32
 	 1:1(1:1)  
255	18/11
15:00	 Lyon
Reims	
-1.25
+1.25
1.90
1.85
 
 	
2.75
1.95
 	
1.80
 	
1.35
4.50
9.50
1.03
1.18
3.00
1.5
1.0
1.47
3.55
2.50
1.25
 	 3:0(1:0)  
256	18/11
18:00	 Nice
Toulouse	
0
0
1.85
1.90
  	
2.25
1.90
 	
1.85
 	
2.65
3.05
2.75
1.40
1.35
1.42
1.5
1.5
2.65
2.75
1.42
1.40
 	 1:0(0:0)  
257	18/11
22:00	 Bordeaux
Marseille	
-0.25
+0.25
1.90
1.85
 
 	
2.25
2.00
 	
1.75
 	
2.25
3.05
3.40
1.30
1.35
1.60
1.5
1.5
2.35
3.05
1.52
1.33
 	 1:0(0:0)  
208	28/11
22:00	 Marseille
Lyon	
-0.25
+0.25
1.70
2.05
 
 	
2.25
1.90
 	
1.85
 	
2.05
3.15
3.85
1.23
1.35
1.75
1.5
1.5
2.10
3.05
1.67
1.33
 	 1:4(0:2)  
209	30/11
21:45	 AC Ajaccio
Saint-Etienne	
+0.25
-0.25
1.75
2.00
 
 	
2.25
1.80
 	
1.95
 	
3.10
3.10
2.40
1.52
1.35
1.33
1.5
1.5
2.85
2.40
1.37
1.50
 	 0:0(0:0)
327	01/12
18:00	 Lyon
Montpellier	
-0.75
+0.75
2.00
1.75
 
 	
2.5
1.87
1.87
1.77
3.45
4.75
1.15
1.30
1.97
1.5
1.0
1.70
2.10
2.03
1.67
 	 1:0(1:0)  
328	01/12
21:00	 Bordeaux
Sochaux-Montbeliard	
-1.25
+1.25
1.95
1.80
 
 	
2.25
1.80
 	
1.95
 	
1.42
4.05
8.70
1.05
1.22
2.65
1.5
1.5
1.57
5.85
2.25
1.10
 	 2:2(1:1)  
329	01/12
21:00	 Evian TG
Nancy	
-0.25
+0.25
1.65
2.15
 
 	
2.25
1.80
 	
1.95
 	
1.95
3.30
4.05
1.20
1.33
1.80
1.5
1.5
2.05
3.40
1.70
1.27
 	 1:1(1:0)  
330	01/12
21:00	 Lille
SC Bastia	
–1.5
+1.5
1.95
1.80
  	
3.0
1.87
1.87
1.35
4.55
9.50
1.03
1.19
2.95
2.0
1.5
1.70
4.25
2.03
1.18
 	 0:0(0:0)  
331	01/12
21:00	 Nice
PSG	
+0.75
-0.75
1.75
2.00
 
 	
2.5
1.90
1.85
4.75
3.50
1.75
2.00
1.28
1.15
1.5
1.5
3.55
1.75
1.25
1.96
 	 2:1(0:0)  
332	01/12
21:00	 Valenciennes FC
Reims	
–1.0
+1.0
1.95
1.80
  	
2.5
1.85
1.90
1.52
3.95
6.45
1.08
1.23
2.40
1.5
1.5
1.60
3.85
2.20
1.22
 	 1:0(1:0)  
333	02/12
15:00	 Stade Brestois 29
Marseille	
+0.25
-0.25
1.80
1.95
 
 	
2.25
2.00
 	
1.75
 	
3.20
3.15
2.30
1.57
1.37
1.30
1.5
1.5
3.10
2.40
1.32
1.50
 	 1:2(1:1)  
334	02/12
18:00	 Troyes
Rennes	
+0.25
-0.25
2.00
1.75
 
 	
2.25
1.80
 	
1.95
 	
3.75
3.20
2.05
1.70
1.33
1.23
1.5
1.5
3.40
2.10
1.27
1.67
 	 2:3(2:0)  
335	02/12
22:00	 Lorient
Toulouse	
-0.25
+0.25
1.95
1.80
 
 	
2.5
1.95
1.80
2.35
3.10
3.15
1.32
1.35
1.55
1.5
1.5
2.25
2.75
1.57
1.40
 	 1:0(1:0)  
128	11/12
20:00	 Nice
Rennes	
-0.25
+0.25
1.95
1.80
 
 	
2.25
1.90
 	
1.85
 	
2.30
3.15
3.20
1.30
1.35
1.57
1.5
1.5
2.40
2.95
1.50
1.35
 	 1:0(0:0)  
129	11/12
20:00	 Valenciennes FC
PSG	
+0.75
-0.75
1.80
1.95
 
 	
2.75
2.00
 	
1.75
 	
4.75
3.55
1.75
2.00
1.28
1.15
1.0
1.5
2.10
1.72
1.66
2.00
 	 0:4(0:1)  
130	11/12
22:00	 Lille
Toulouse	
-0.75
+0.75
1.85
1.90
 
 	
2.25
1.95
 	
1.80
 	
1.65
3.45
5.85
1.12
1.30
2.15
1.5
1.0
1.85
2.95
1.85
1.35
 	 2:0(0:0)  
131	12/12
20:00	 AC Ajaccio
Reims	
-0.75
+0.75
2.00
1.75
 
 	
2.25
2.00
 	
1.75
 	
1.77
3.25
5.10
1.13
1.33
1.97
1.5
1.0
2.10
2.95
1.65
1.35
 	 2:0(1:0)  
132	12/12
20:00	 Stade Brestois 29
Montpellier	
+0.25
-0.25
1.85
1.90
 
 	
2.25
1.95
 	
1.80
 	
3.35
3.10
2.25
1.60
1.35
1.28
1.5
1.5
3.10
2.25
1.32
1.57
 	 1:2(1:1)  
133	12/12
20:00	 Evian TG
Troyes	
-0.75
+0.75
2.00
1.75
 
 	
2.5
2.00
1.75
1.80
3.45
4.55
1.16
1.30
1.95
1.5
1.5
1.85
3.55
1.80
1.25
 	 2:0(1:0)  
134	12/12
20:00	 Lorient
Sochaux-Montbeliard	
-0.75
+0.75
1.85
1.90
 
 	
2.5
1.95
1.80
1.67
3.45
5.55
1.11
1.30
2.12
1.5
1.5
1.75
3.55
1.96
1.25
 	 2:0(1:0)  
135	12/12
20:00	 Lyon
Nancy	
-1.25
+1.25
1.87
1.87
 
 	
2.75
1.87
 	
1.87
 	
1.32
4.85
9.50
1.03
1.17
3.15
2.0
1.0
1.75
3.20
1.96
1.30
 	 1:1(0:0)  
136	12/12
22:00	 SC Bastia
Marseille	
+0.25
-0.25
1.95
1.80
 
 	
2.5
1.95
1.80
3.55
3.25
2.10
1.67
1.32
1.25
1.5
1.5
2.95
2.00
1.35
1.72
 	 1:2(0:1)  
137	13/12
22:00	 Bordeaux
Saint-Etienne	
-0.25
+0.25
1.70
2.05
 
 	
2.0
1.75
1.96
2.00
3.15
4.10
1.20
1.35
1.75
1.5
1.0
2.10
2.10
1.66
1.65
 	 0:0(0:0)  
172	21/12
21:45	 Stade Brestois 29
PSG	
+1.25
-1.25
1.80
1.95
 
 	
2.5
2.00
1.75
7.50
4.25
1.45
2.65
1.23
1.06
1.0
1.5
3.40
1.50
1.27
2.40
 	 0:3(0:0)  
173	22/12
18:00	 Lille
Montpellier	
-0.25
+0.25
1.67
2.12
 
 	
2.25
2.00
 	
1.75
 	
1.95
3.25
4.10
1.20
1.35
1.80
1.5
1.0
2.10
2.30
1.67
1.55
 	 4:1(2:0)  
174	22/12
21:00	 AC Ajaccio
Rennes	
0
0
1.90
1.85
  	
2.0
1.75
1.96
2.75
3.05
2.65
1.42
1.37
1.40
1.5
1.5
2.85
2.75
1.37
1.40
 	 2:4(2:2)  
175	22/12
21:00	 SC Bastia
Nancy	
-0.25
+0.25
2.05
1.70
 
 	
2.5
1.95
1.80
2.45
3.15
2.95
1.35
1.35
1.50
1.5
1.5
2.30
2.75
1.55
1.40
 	 4:2(3:0)  
176	22/12
21:00	 Bordeaux
Troyes	
-1.25
+1.25
1.95
1.80
 
 	
2.25
1.75
 	
2.00
 	
1.40
4.20
8.90
1.05
1.21
2.80
1.5
1.5
1.60
5.50
2.20
1.11
 	 0:0(0:0)  
177	22/12
21:00	 Lorient
Reims	
–1.0
+1.0
1.90
1.85
  	
2.5
1.95
1.80
1.50
3.80
7.25
1.07
1.25
2.45
1.5
1.5
1.67
4.75
2.10
1.15
 	 2:2(0:1)  
178	22/12
21:00	 Lyon
Nice	
-0.75
+0.75
1.80
1.95
 
 	
2.5
1.90
1.85
1.60
3.65
6.00
1.10
1.27
2.25
1.5
1.0
1.70
2.65
2.05
1.42
 	 3:0(1:0)  
179	23/12
15:00	 Valenciennes FC
Evian TG	
-0.75
+0.75
1.95
1.80
 
 	
2.5
1.87
1.87
1.75
3.40
4.95
1.14
1.30
2.00
1.5
1.0
1.75
2.30
1.96
1.55
 	 2:1(1:1)  
180	23/12
18:00	 Toulouse
Sochaux-Montbeliard	
-0.75
+0.75
1.80
1.95
 
 	
2.25
2.00
 	
1.75
 	
1.60
3.55
6.20
1.09
1.28
2.25
1.5
1.0
1.95
2.95
1.76
1.35
 	 2:0(1:0)  
181	23/12
22:00	 Marseille
Saint-Etienne	
-0.75
+0.75
2.05
1.70
 
 	
2.25
1.87
 	
1.87
 	
1.80
3.45
4.55
1.17
1.30
1.95
1.5
1.5
1.85
3.55
1.85
1.25
 	 1:0(1:0)  
261	11/01
20:00	 Saint-Etienne
Toulouse	
-0.25
+0.25
1.65
2.15
 
 	
2.25
1.95
 	
1.80
 	
1.95
3.15
4.25
1.18
1.33
1.80
1.5
1.5
2.10
3.55
1.66
1.25
 	 2:2(1:2)  
262	11/01
22:00	 PSG
AC Ajaccio	
–2.5
+2.5
1.95
1.80
  	
3.5
1.95
1.80
1.14
7.50
18.00
1.01
1.08
5.00
2.5
1.5
1.65
6.00
2.11
1.09
 	 0:0(0:0)  
268	12/04
21:30	 Valenciennes FC
Saint-Etienne	
+0.25
-0.25
2.12
1.67
 
 	
2.5
1.95
1.80
3.95
3.40
1.95
1.80
1.30
1.22
1.0
1.5
1.95
2.00
1.76
1.72
 	 0:0(0:0)  
269	13/04
18:00	 Troyes
PSG	
+0.75
-0.75
1.90
1.85
 
 	
2.5
1.87
1.87
5.30
3.75
1.65
2.15
1.27
1.12
1.0
1.5
2.50
1.65
1.47
2.11
 	 0:1(0:0)  
270	13/04
21:00	 AC Ajaccio
Nancy	
-0.25
+0.25
1.80
1.95
 
 	
2.25
1.95
 	
1.80
 	
2.15
3.15
3.55
1.25
1.35
1.65
1.5
1.0
2.20
2.10
1.60
1.66
 	 1:1(1:1)  
271	13/04
21:00	 Bordeaux
Montpellier	
-0.25
+0.25
1.87
1.87
 
 	
2.0
1.85
1.85
2.25
3.00
3.50
1.27
1.37
1.60
1.5
1.5
2.40
3.55
1.50
1.25
 	 4:2(3:1)  
272	13/04
21:00	 Stade Brestois 29
Reims	
0
0
1.70
2.05
  	
2.25
1.90
 	
1.85
 	
2.50
3.05
3.00
1.35
1.35
1.47
1.5
1.5
2.65
2.95
1.42
1.35
 	 0:2(0:1)  
273	13/04
21:00	 Evian TG
Rennes	
0
0
1.75
2.00
  	
2.25
1.80
 	
1.95
 	
2.55
3.15
2.85
1.38
1.33
1.47
1.5
1.5
2.50
2.75
1.47
1.40
 	 4:2(2:1)  
274	13/04
21:00	 Lorient
SC Bastia	
-0.25
+0.25
1.63
2.20
 
 	
2.5
1.85
1.90
1.90
3.45
4.05
1.20
1.30
1.85
1.5
1.0
1.85
2.00
1.85
1.72
 	 4:1(1:0)  
275	14/04
15:00	 Nice
Sochaux-Montbeliard	
-0.75
+0.75
2.05
1.70
 
 	
2.25
1.80
 	
1.95
 	
1.80
3.40
4.70
1.16
1.30
1.95
1.5
1.5
1.90
3.55
1.80
1.25
 	 3:0(0:0)  
276	14/04
18:00	 Lyon
Toulouse	
-0.75
+0.75
2.05
1.70
 
 	
2.25
1.75
 	
2.00
 	
1.85
3.30
4.55
1.16
1.33
1.90
1.5
1.0
1.95
2.10
1.76
1.66
 	 3:1(1:1)  
277	14/04
22:00	 Lille
Marseille	
-0.25
+0.25
1.70
2.05
 
 	
2.25
1.85
 	
1.90
 	
2.00
3.20
4.05
1.21
1.33
1.75
1.5
1.0
2.10
2.10
1.67
1.66
 	 0:0(0:0)  
173	24/04
19:30	 Rennes
Troyes	
-0.75
+0.75
2.05
1.70
 
 	
2.5
1.87
1.87
1.80
3.45
4.55
1.16
1.30
1.95
1.5
1.0
1.75
2.10
1.96
1.66
 	 1:2(1:2)  
174	24/04
19:30	 Saint-Etienne
AC Ajaccio	
-1.25
+1.25
2.00
1.75
 
 	
2.5
1.95
1.80
1.42
4.15
8.40
1.06
1.20
2.70
1.5
1.0
1.60
3.10
2.20
1.32
 	 4:2(1:1) 
163	26/05
22:00	 AC Ajaccio
Nice	
+0.25
-0.25
1.87
1.87
 
 	
2.5
1.87
1.87
3.25
3.15
2.25
1.60
1.33
1.30
1.0
1.5
1.80
2.15
1.90
1.63
 	 0:2(0:0)  
164	26/05
22:00	 1SC Bastia
Sochaux-Montbeliard	
0
0
1.80
1.95
  	
2.5
1.75
2.00
2.85
2.40
3.10
1.32
1.50
1.37
1.5
1.5
2.30
2.25
1.55
1.57
 	 0:0(0:0)  
165	26/05
22:00	 Bordeaux
Evian TG	
-0.25
+0.25
1.60
2.25
 
 	
2.5
1.87
1.87
1.85
3.35
4.40
1.17
1.30
1.90
1.5
1.0
1.85
2.00
1.80
1.72
 	 2:1(2:1)  
166	26/05
22:00	 Stade Brestois 29
Nancy	
0
0
1.95
1.77
  	
2.75
2.00
 	
1.75
 	
2.75
3.20
2.55
1.45
1.33
1.40
1.5
1.5
2.30
2.25
1.55
1.57
 	 1:2(0:2)  
167	26/05
22:00	 Lille
Saint-Etienne	
-0.25
+0.25
1.67
2.12
 
 	
2.75
1.80
 	
1.95
 	
1.93
3.45
3.85
1.22
1.30
1.83
1.5
1.0
1.72
1.75
2.00
1.96
 	 1:1(1:0)  
168	26/05
22:00	 Lorient
PSG	
+0.25
-0.25
2.05
1.70
 
 	
2.75
1.80
 	
1.95
 	
3.75
3.25
2.00
1.75
1.32
1.23
1.0
1.5
1.80
1.80
1.90
1.90
 	 1:3(0:0)  
169	26/05
22:00	 Lyon
Rennes	
–1.5
+1.5
1.95
1.76
  	
3.0
1.80
1.95
1.28
5.35
10.00
1.03
1.15
3.40
2.5
1.5
2.25
4.90
1.57
1.14
 	 2:0(1:0)  
170	26/05
22:00	 Marseille
Reims	
–1.0
+1.0
1.80
1.95
  	
2.75
1.87
 	
1.87
 	
1.47
4.00
7.25
1.08
1.22
2.55
1.5
1.5
1.47
3.55
2.50
1.25
 	 0:0(0:0)  
171	26/05
22:00	 Toulouse
Montpellier	
-0.25
+0.25
1.95
1.80
 
 	
2.75
1.87
 	
1.87
 	
2.30
3.15
3.15
1.32
1.33
1.57
1.5
1.5
2.10
2.55
1.67
1.45
 	 2:0(2:0)  
172	26/05
22:00	 Valenciennes FC
Troyes	
0
0
1.90
1.80
  	
2.75
1.87
 	
1.87
 	
2.65
3.40
2.50
1.47
1.30
1.42
1.5
1.5
2.25
2.25
1.57
1.57
 	 2:1(0:1)  