134	01/10
20:00	Besiktas
Sivasspor	
–1.0
+1.0
1.90
1.80
2.5
1.67
2.07
1.55
3.75
5.70
1.10
1.23
2.30
2.0
1.0
2.25
2.30
1.57
1.55
 	 0:1(0:0) 
330	05/10
20:00	Gaziantepspor
Antalyaspor	
0
0
1.50
2.41
2.5
2.00
1.72
2.10
3.25
3.35
1.28
1.29
1.65
1.5
1.0
2.15
1.95
1.63
1.76
 	 0:1(0:1)  
332	05/10
20:00	Trabzonspor
Kasimpasa	
–1.0
+1.0
2.35
1.53
2.5
2.05
1.68
1.77
3.45
4.45
1.17
1.27
1.94
1.5
1.0
1.95
2.30
1.76
1.55
 	 1:0(1:0)  
333	06/10
16:00	Istanbul BB
Genclerbirligi	
0
0
1.40
2.75
2.5
1.96
1.75
1.95
3.35
3.70
1.23
1.28
1.76
1.5
1.0
2.00
1.95
1.72
1.76
 	 0:2(0:0)  
334	06/10
19:00	Elasigspor
Akhisar Bld.	
0
0
1.47
2.50
2.5
2.15
1.62
2.05
3.25
3.50
1.26
1.29
1.69
1.5
1.0
2.20
2.10
1.60
1.66
 	 0:0(0:0)  
335	06/10
19:00	Galatasaray
Eskisehirspor	
–1.0
+1.0
1.65
2.10
3.0
2.00
1.72
1.40
4.30
7.50
1.06
1.18
2.75
2.0
1.0
1.85
2.95
1.85
1.35
 	 1:1(0:0)  
336	07/10
16:00	Sivasspor 
Bursaspor	
0
0
1.72
2.00
2.5
1.85
1.85
2.40
3.25
2.80
1.38
1.29
1.50
1.5
1.0
2.20
1.60
1.60
2.20
 	 2:2(0:1)  
337	07/10
19:00	Fenerbahce
Besiktas	
0
0
1.43
2.60
2.5
1.85
1.85
2.00
3.20
3.70
1.23
1.30
1.72
1.5
1.0
1.95
1.90
1.76
1.80
 	 3:0(2:0)  
338	07/10
19:00	Mersin Idmanyurdu
Kayserispor	
0
0
1.62
2.15
2.5
1.96
1.75
2.25
3.25
3.05
1.33
1.29
1.57
1.5
1.0
2.25
1.80
1.57
1.90
 	 1:2(0:1) 
331	19/10
20:00	Genclerbirligi
Galatasaray	
+1.0
–1.0
1.49
2.50
2.5
1.70
2.03
4.05
3.40
1.85
1.85
1.27
1.20
1.0
1.5
1.90
1.72
1.80
2.00
 	 3:3(1:0)  
332	20/10
16:00	Orduspor
Elasigspor	
–1.0
+1.0
1.75
1.96
2.5
1.90
1.80
1.45
4.00
7.10
1.06
1.20
2.55
1.5
1.0
1.60
3.20
2.19
1.30
 	 2:2(0:1)  
333	20/10
19:00	Bursaspor
Fenerbahce	
0
0
1.92
1.78
2.5
1.96
1.75
2.70
3.20
2.50
1.47
1.30
1.41
1.0
1.5
1.65
2.35
2.10
1.52
 	 1:1(1:1)  
334	20/10
20:00	Antalyaspor
Sivasspor	
0
0
1.60
2.20
2.5
1.96
1.75
2.25
3.20
3.10
1.32
1.30
1.57
1.5
1.0
2.25
1.80
1.57
1.90
 	 4:2(2:1)  
336	21/10
16:00	Kasimpasa
Mersin Idmanyurdu	
–1.0
+1.0
2.25
1.57
2.5
1.85
1.85
1.75
3.40
4.65
1.15
1.27
1.96
1.5
1.0
1.80
2.30
1.90
1.55
 	 2:2(0:1)  
338	21/10
19:00	Besiktas
Trabzonspor	
0
0
1.60
2.20
2.5
2.00
1.72
2.25
3.20
3.10
1.32
1.30
1.57
1.5
1.0
2.30
1.85
1.55
1.85
 	 1:1(0:1) 
328	26/10
20:00	Elasigspor
Eskisehirspor	
0
0
2.35
1.52
2.5
1.96
1.75
3.45
3.20
2.10
1.65
1.30
1.27
1.0
1.5
2.02
2.11
1.71
1.65
 	 1:1(0:0)  
329	26/10
20:00	Kasimpasa
Besiktas	
0
0
2.10
1.65
2.5
1.80
1.90
2.95
3.25
2.30
1.55
1.29
1.35
1.0
1.5
1.65
2.15
2.10
1.63
 	 1:3(1:2)  
330	27/10
16:00	Mersin Idmanyurdu
Istanbul BB	
0
0
1.76
1.95
2.5
2.00
1.72
2.50
3.15
2.75
1.39
1.31
1.47
1.5
1.0
2.50
1.70
1.47
2.03
 	 2:0(1:0)  
331	27/10
19:00	Galatasaray
Kayserispor	
–1.5
+1.5
2.00
1.72
3.0
1.90
1.80
1.35
4.55
8.30
1.04
1.16
2.95
2.0
1.0
1.67
3.40
2.07
1.27
 	 3:0(3:0)  
332	27/10
19:00	Sivasspor 
Akhisar Bld.	
–1.0
+1.0
1.80
1.90
2.5
1.80
1.90
1.47
3.85
7.10
1.06
1.22
2.50
2.0
1.0
2.15
2.90
1.63
1.36
 	 1:2(0:0)  
335	28/10
19:00	Trabzonspor
Bursaspor	
0
0
1.44
2.60
2.5
2.00
1.72
2.00
3.25
3.65
1.24
1.29
1.72
1.5
1.0
2.10
2.00
1.66
1.72
 	 0:1(0:0)  
336	29/10
20:00	Fenerbahce
Antalyaspor	
–1.0
+1.0
1.76
1.95
2.5
1.75
1.96
1.47
3.90
6.90
1.07
1.21
2.50
2.0
1.0
2.05
2.80
1.68
1.38
 	 1:3(0:2)  
263	02/11
20:00	Istanbul BB
Galatasaray	
+1.0
–1.0
1.60
2.20
2.5
1.75
1.96
4.90
3.55
1.68
2.05
1.25
1.14
1.0
1.5
2.10
1.72
1.66
2.00
 	 1:3(0:2)  
264	03/11
16:00	Kayserispor
Karabukspor	
–1.0
+1.0
2.35
1.52
2.5
1.80
1.90
1.80
3.35
4.40
1.17
1.28
1.90
1.5
1.0
1.80
2.10
1.90
1.66
 	 3:0(1:0)  
265	03/11
19:00	Akhisar Bld.
Fenerbahce	
+1.0
–1.0
1.90
1.80
2.5
1.85
1.85
6.60
4.00
1.47
2.50
1.20
1.07
1.0
1.5
2.85
1.63
1.37
2.15
 	 1:2(1:2)  
266	03/11
19:00	Eskisehirspor
Gaziantepspor	
–1.0
+1.0
2.40
1.50
2.5
1.90
1.80
1.80
3.45
4.25
1.18
1.26
1.90
1.5
1.0
1.90
2.20
1.80
1.60
 	 4:0(1:0)  
267	04/11
16:00	Genclerbirligi
Elasigspor	
–1.0
+1.0
2.25
1.57
2.5
1.85
1.85
1.75
3.45
4.55
1.16
1.27
1.96
 
 	 1:2(1:1)  
268	04/11
19:00	Besiktas
Mersin Idmanyurdu	
–1.0
+1.0
1.90
1.80
2.5
1.85
1.85
1.53
3.75
6.25
1.08
1.23
2.35
 
 	 3:0(3:0)  
270	05/11
20:00	Antalyaspor
Trabzonspor	
0
0
1.80
1.90
2.5
1.96
1.75
2.55
3.10
2.70
1.40
1.32
1.45
 
 	 2:1(0:1)  
271	05/11
20:00	Bursaspor
Kasimpasa	
–1.0
+1.0
2.30
1.55
2.5
1.90
1.80
1.75
3.40
4.65
1.15
1.27
1.96
 
 	 1:2(1:1)  
339	09/11
20:00	Besiktas
Bursaspor	
–1.0
+1.0
2.65
1.42
2.5
1.75
1.96
1.90
3.40
3.85
1.22
1.27
1.80
1.5
1.0
1.95
1.85
1.76
1.85
 	 3:3(0:1)  
340	09/11
20:00	Sivasspor 
Eskisehirspor	
0
0
1.84
1.86
2.5
1.80
1.90
2.55
3.25
2.60
1.43
1.29
1.45
1.5
1.5
2.20
2.25
1.60
1.57
 	 1:0(1:0)  
341	10/11
16:00	Kasimpasa
Antalyaspor	
0
0
1.76
1.94
2.5
1.76
1.95
2.45
3.30
2.70
1.41
1.29
1.49
1.5
1.0
2.20
1.55
1.60
2.30
 	 1:1(0:0)  
342	10/11
19:00	Karabukspor
Istanbul BB	
0
0
1.80
1.90
2.5
2.00
1.72
2.55
3.15
2.70
1.41
1.31
1.45
1.5
1.0
2.40
1.65
1.50
2.10
 	 3:1(1:1)  
343	10/11
19:00	Trabzonspor
Akhisar Bld.	
–1.0
+1.0
1.69
2.05
2.5
1.76
1.95
1.40
4.25
7.50
1.05
1.18
2.70
2.0
1.0
2.05
3.20
1.68
1.30
 	 3:1(2:0)  
344	11/11
14:00	Gaziantepspor
Genclerbirligi	
0
0
1.75
1.96
2.5
2.03
1.70
2.45
3.25
2.75
1.40
1.30
1.50
 
 	 2:3(1:2)  
345	11/11
17:00	Mersin Idmanyurdu
Galatasaray	
+1.0
–1.0
1.69
2.05
2.5
1.69
2.05
5.15
3.80
1.60
2.20
1.22
1.12
 
 	 1:1(0:0)  
346	11/11
19:00	Elasigspor
Kayserispor	
0
0
1.63
2.15
2.5
2.07
1.67
2.27
3.25
3.00
1.33
1.30
1.56
 
 	 0:4(0:0)  
347	11/11
20:00	Fenerbahce
Orduspor	
–1.0
+1.0
2.10
1.65
2.5
1.76
1.95
1.63
3.75
5.00
1.13
1.23
2.14
 
 	 2:1(1:0)  
333	16/11
20:00	Galatasaray
Karabukspor	
–2.0
+2.0
2.00
1.72
3.0
1.80
1.90
1.18
6.00
15.00
 	
1.09
4.30
2.5
1.0
1.90
4.90
1.80
1.14
 	 1:3(1:2)  
334	17/11
14:00	Istanbul BB
Elasigspor	
–1.0
+1.0
2.55
1.45
2.5
1.96
1.75
1.88
3.35
4.00
1.20
1.28
1.83
1.5
1.0
1.96
2.20
1.75
1.60
 	 1:1(1:0)  
335	17/11
19:00	Eskisehirspor
Fenerbahce	
0
0
2.03
1.70
2.5
1.90
1.80
2.85
3.20
2.40
1.51
1.30
1.37
1.0
1.5
1.65
2.25
2.10
1.57
 	 1:1(1:0)  
336	17/11
19:00	Genclerbirligi
Sivasspor	
0
0
1.43
2.65
2.5
1.90
1.80
1.98
3.30
3.65
1.24
1.28
1.73
1.5
1.0
2.00
2.00
1.72
1.72
 	 1:1(0:1)  
338	18/11
19:00	Antalyaspor
Besiktas	
0
0
1.58
2.25
2.5
1.90
1.80
2.25
3.20
3.10
1.32
1.30
1.57
 
 	 3:5(1:2)  
339	18/11
19:00	Bursaspor
Mersin Idmanyurdu	
–1.0
+1.0
2.03
1.70
2.5
1.85
1.85
1.60
3.65
5.55
1.11
1.24
2.20
 
 	 3:0(1:0)  
340	19/11
20:00	Orduspor
Trabzonspor	
0
0
1.96
1.75
2.5
2.05
1.68
2.80
3.10
2.50
1.47
1.32
1.38
 
 	 1:2(0:0)  
996	18/11
16:00	Akhisar Bld.
Kasimpasa	
+1.0
–1.0
1.44
2.60
2.5
1.90
1.80
3.70
3.35
1.95
1.75
1.28
1.23
 
 	 0:2(0:0)
301	23/11
20:00	Besiktas
Akhisar Bld.	
–1.5
+1.5
1.85
1.85
3.0
1.95
1.76
1.28
4.95
10.50
1.01
1.13
3.35
2.0
1.0
1.65
3.30
2.10
1.29
 	 3:1(3:0)  
302	23/11
20:00	Mersin Idmanyurdu
Karabukspor	
0
0
1.65
2.10
2.5
1.96
1.75
2.35
3.10
3.00
1.33
1.32
1.53
1.5
1.0
2.20
1.80
1.60
1.90
 	 2:1(0:0)  
303	24/11
16:00	Kasimpasa
Orduspor	
0
0
1.50
2.40
2.5
1.96
1.75
2.10
3.25
3.35
1.28
1.29
1.65
1.5
1.0
2.15
1.95
1.63
1.76
 	 1:1(1:0)  
304	24/11
19:00	Bursaspor
Antalyaspor	
0
0
1.42
2.65
2.5
1.76
1.95
1.95
3.35
3.70
1.23
1.28
1.76
1.5
1.0
1.88
1.85
1.82
1.85
 	 1:1(1:0)  
305	24/11
19:00	Elasigspor
Galatasaray	
+1.0
–1.0
2.05
1.68
3.0
2.00
1.72
7.00
4.35
1.41
2.70
1.17
1.07
1.0
2.0
2.50
1.90
1.47
1.80
 	 0:1(0:0)  
306	25/11
16:00	Gaziantepspor
Istanbul BB	
0
0
1.50
2.40
2.5
1.96
1.75
2.10
3.25
3.35
1.28
1.29
1.65
1.5
1.0
2.10
1.90
1.66
1.80
 	 2:1(0:0)  
307	25/11
19:00	Fenerbahce
Genclerbirligi	
–1.0
+1.0
1.95
1.76
2.5
1.70
2.03
1.57
3.75
5.60
1.11
1.23
2.25
1.5
1.0
1.60
2.55
2.19
1.45
 	 4:1(1:1)  
308	25/11
19:00	Sivasspor 
Kayserispor	
0
0
1.62
2.15
2.5
1.90
1.80
2.25
3.25
3.05
1.33
1.29
1.57
1.5
1.0
2.20
1.75
1.60
1.96
 	 4:2(3:0)  
309	26/11
20:00	Trabzonspor
Eskisehirspor	
0
0
1.42
2.65
2.5
1.90
1.80
1.95
3.35
3.70
1.23
1.28
1.76
 
 	 0:3(0:2)  
307	30/11
20:00	Galatasaray
Gaziantepspor	
–1.5
+1.5
1.95
1.75
3.0
1.85
1.85
1.33
4.60
9.00
1.03
1.16
3.05
2.0
1.0
1.65
2.75
2.10
1.40
 	 1:1(0:0)  
308	01/12
16:00	Karabukspor
Elasigspor	
–1.0
+1.0
2.60
1.43
2.5
1.80
1.90
1.90
3.40
3.85
1.22
1.27
1.80
1.5
1.0
1.85
1.95
1.85
1.76
 	 0:1(0:0)  
309	01/12
19:00	Akhisar Bld.
Bursaspor	
+1.0
–1.0
1.50
2.40
2.5
1.96
1.75
4.35
3.40
1.80
1.91
1.27
1.18
1.0
1.5
2.25
1.85
1.57
1.85
 	 2:2(1:0)  
310	01/12
19:00	Orduspor
Besiktas	
0
0
2.35
1.52
2.5
1.80
1.90
3.25
3.35
2.10
1.65
1.28
1.29
1.0
1.5
1.75
2.00
1.96
1.72
 	 1:2(1:1)  
311	02/12
13:30	Istanbul BB
Sivasspor	
0
0
1.57
2.25
2.5
1.96
1.75
2.20
3.25
3.15
1.31
1.30
1.60
 
 	 2:0(0:0)  
312	02/12
16:00	Antalyaspor
Mersin Idmanyurdu	
–1.0
+1.0
2.05
1.69
2.5
1.69
2.05
1.60
3.75
5.30
1.12
1.23
2.20
 
 	 1:0(0:0)  
313	02/12
19:00	Eskisehirspor
Kasimpasa	
–1.0
+1.0
2.60
1.44
2.5
1.96
1.75
1.90
3.40
3.85
1.22
1.27
1.80
 
 	 2:2(1:0)  
314	02/12
19:00	Kayserispor
Fenerbahce	
+1.0
–1.0
1.44
2.60
2.5
1.75
1.96
3.85
3.40
1.90
1.80
1.27
1.22
 
 	 1:1(0:0)  
315	03/12
20:00	Genclerbirligi
Trabzonspor	
0
0
1.70
2.03
2.5
1.96
1.75
2.40
3.20
2.85
1.37
1.30
1.50
 
 	 0:4(0:2)  
304	07/12
20:00	Besiktas
Eskisehirspor	
–1.0
+1.0
2.15
1.62
3.0
1.90
1.80
1.70
3.55
4.75
1.15
1.25
2.03
1.5
1.0
1.62
2.03
2.16
1.70
 	 2:2(1:0)  
305	07/12
20:00	Elasigspor
Mersin Idmanyurdu	
0
0
1.63
2.13
2.5
2.10
1.65
2.30
3.15
3.05
1.33
1.31
1.55
1.5
1.0
2.25
1.85
1.57
1.85
 	 1:0(0:0)  
306	08/12
14:00	Kasimpasa
Genclerbirligi	
0
0
1.75
1.96
2.5
1.85
1.85
2.40
3.40
2.70
1.41
1.27
1.50
1.5
1.0
2.30
1.60
1.55
2.19
 	 2:2(0:0)  
307	08/12
16:00	Gaziantepspor
Karabukspor	
0
0
1.48
2.47
2.5
1.90
1.80
2.07
3.25
3.45
1.26
1.29
1.67
1.5
1.0
2.05
1.90
1.68
1.80
 	 0:2(0:2)  
308	08/12
19:00	Bursaspor
Orduspor	
–1.0
+1.0
2.35
1.53
2.5
1.96
1.75
1.77
3.40
4.50
1.16
1.27
1.94
1.5
1.0
1.90
2.20
1.81
1.60
 	 1:0(0:0)  
309	08/12
19:00	Sivasspor 
Galatasaray	
+1.0
–1.0
1.43
2.60
2.5
1.70
2.03
3.75
3.40
1.93
1.78
1.27
1.23
1.0
1.5
1.85
1.80
1.85
1.90
 	 1:3(1:2)  
310	09/12
16:00	Trabzonspor
Kayserispor	
–1.0
+1.0
2.40
1.50
2.5
1.90
1.80
1.85
3.25
4.30
1.18
1.30
1.85
 
 	 1:1(0:1)  
311	09/12
19:00	Akhisar Bld.
Antalyaspor	
+1.0
–1.0
1.43
2.60
2.5
1.85
1.85
3.85
3.40
1.90
1.80
1.27
1.22
 
 	 cancelled  
312	09/12
19:00	Fenerbahce
Istanbul BB	
–1.0
+1.0
1.68
2.05
2.5
1.70
2.03
1.42
4.25
7.10
1.06
1.18
2.65
 
 	 2:1(1:1)  
261	14/12
20:00	Eskisehirspor
Bursaspor	
0
0
1.75
1.96
2.5
1.83
1.87
2.45
3.20
2.80
1.36
1.29
1.53
1.5
1.0
2.20
1.65
1.60
2.11
 	 2:2(0:1)  
262	15/12
16:00	Mersin Idmanyurdu
Akhisar Bld.	
0
0
1.40
2.75
2.5
2.00
1.72
1.95
3.25
3.85
1.22
1.29
1.76
1.5
1.0
2.05
2.10
1.68
1.66
 	 2:1(2:1)  
263	15/12
19:00	Elasigspor
Gaziantepspor	
0
0
1.67
2.07
2.0
1.62
2.15
2.35
3.20
2.90
1.36
1.30
1.52
1.5
1.0
2.30
1.90
1.55
1.80
 	 0:0(0:0)  
264	15/12
19:00	Genclerbirligi
Besiktas	
0
0
2.23
1.58
3.0
1.90
1.80
3.10
3.30
2.20
1.60
1.29
1.32
1.5
1.5
2.20
1.85
1.60
1.85
 	 1:1(1:1)  
265	16/12
13:30	Istanbul BB
Trabzonspor	
0
0
2.03
1.70
2.5
1.96
1.75
2.85
3.20
2.40
1.51
1.30
1.37
 
 	 2:1(0:1)  
266	16/12
13:30	Karabukspor
Sivasspor	
0
0
1.75
1.96
2.5
1.80
1.90
2.45
3.20
2.75
1.40
1.30
1.50
 
 	 1:0(1:0)  
267	16/12
16:00	Orduspor
Antalyaspor	
0
0
1.75
1.96
2.5
2.15
1.63
2.45
3.20
2.75
1.40
1.30
1.50
 
 	 1:1(0:0)  
268	16/12
20:00	Galatasaray
Fenerbahce	
–1.0
+1.0
2.65
1.42
2.5
1.75
1.96
1.90
3.35
3.90
1.21
1.28
1.80
 
 	 2:1(2:1)  
269	17/12
20:00	Kayserispor
Kasimpasa	
0
0
1.52
2.35
2.5
1.90
1.80
2.10
3.30
3.30
1.29
1.29
1.65
 
 	 1:0(0:0)  
225	21/12
20:00	Akhisar Bld.
Orduspor	
0
0
2.10
1.65
2.0
1.67
2.07
3.00
3.10
2.35
1.53
1.32
1.34
1.0
1.5
2.00
2.40
1.72
1.50
 	 0:0(0:0)  
226	21/12
20:00	Besiktas
Kayserispor	
–1.0
+1.0
2.15
1.62
3.0
1.90
1.80
1.65
3.65
5.00
1.13
1.24
2.10
2.0
1.0
2.05
1.95
1.68
1.76
 	 3:1(2:0)  
227	22/12
15:00	Kasimpasa
Istanbul BB	
0
0
1.44
2.60
2.5
1.96
1.75
2.00
3.25
3.65
1.24
1.29
1.72
1.5
1.0
2.05
1.96
1.68
1.75
 	 0:2(0:0)  
228	22/12
19:00	Fenerbahce
Karabukspor	
–1.5
+1.5
2.15
1.62
3.0
1.95
1.76
1.35
4.55
8.30
1.04
1.16
2.95
2.0
1.0
1.72
2.70
2.00
1.41
 	 1:3(0:2)  
229	23/12
13:00	Sivasspor 
Elasigspor	
–1.0
+1.0
2.35
1.53
2.5
1.96
1.75
1.76
3.45
4.50
1.16
1.26
1.95
1.5
1.0
1.85
2.15
1.85
1.63
 	 3:1(2:1)  
230	23/12
16:00	Bursaspor
Genclerbirligi	
–1.0
+1.0
2.25
1.57
2.5
1.75
1.96
1.76
3.45
4.50
1.16
1.26
1.95
1.5
1.0
1.72
2.15
2.00
1.62
 	 0:0(0:0)  
231	23/12
16:00	Gaziantepspor
Mersin Idmanyurdu	
0
0
1.50
2.40
2.5
2.10
1.65
2.10
3.20
3.40
1.27
1.30
1.65
1.5
1.0
2.20
2.05
1.60
1.68
 	 2:1(0:0)  
232	23/12
19:00	Antalyaspor
Eskisehirspor	
0
0
1.58
2.24
2.5
1.72
2.00
2.20
3.30
3.10
1.32
1.29
1.60
1.5
1.0
2.00
1.65
1.72
2.10
 	 2:1(1:0)  
233	23/12
19:00	Trabzonspor
Galatasaray	
0
0
2.25
1.60
2.5
1.75
2.00
3.05
3.35
2.20
1.63
1.30
1.35
1.5
1.5
2.50
2.00
1.50
1.75
 	 0:0(0:0)  
327	18/01
20:00	Kasimpasa
Galatasaray	
+1.0
–1.0
1.62
2.15
2.5
1.76
1.95
5.30
3.50
1.65
2.10
1.26
1.12
1.0
1.5
2.20
1.71
1.60
2.01
 	 2:1(1:1)  
328	19/01
16:00	Sivasspor 
Gaziantepspor	
–1.0
+1.0
2.65
1.42
2.5
1.96
1.75
1.90
3.35
3.90
1.21
1.28
1.80
1.5
1.0
1.95
2.10
1.76
1.66
 	 0:0(0:0)  
329	19/01
19:00	Besiktas
Istanbul BB	
–1.0
+1.0
1.96
1.75
3.0
1.95
1.76
1.55
3.90
5.50
1.11
1.21
2.29
2.0
1.0
1.95
2.20
1.76
1.60
 	 2:2(1:1)  
330	19/01
19:00	Bursaspor
Kayserispor	
–1.0
+1.0
2.20
1.60
2.5
1.76
1.95
1.70
3.55
4.75
1.15
1.25
2.03
1.5
1.0
1.72
2.20
2.00
1.60
 	 2:1(2:1)  
331	20/01
13:30	Antalyaspor
Genclerbirligi	
–1.0
+1.0
2.25
1.57
2.5
1.65
2.10
1.75
3.55
4.40
1.17
1.25
1.96
 
 	 3:5(2:4)  
332	20/01
16:00	Trabzonspor
Karabukspor	
–1.0
+1.0
2.25
1.57
2.5
1.80
1.90
1.72
3.50
4.70
1.15
1.26
2.00
 
 	 1:3(1:2)  
333	20/01
19:00	Fenerbahce
Elasigspor	
–1.5
+1.5
1.95
1.76
2.5
1.70
2.03
1.32
4.80
8.70
1.04
1.15
3.10
 
 	 2:2(0:2)  
334	21/01
20:00	Akhisar Bld.
Eskisehirspor	
0
0
2.55
1.45
2.5
1.90
1.80
3.55
3.35
2.00
1.72
1.28
1.25
 
 	 1:1(1:0)  
335	21/01
20:00	Orduspor
Mersin Idmanyurdu	
–1.0
+1.0
2.50
1.47
2.5
2.05
1.68
1.87
3.35
4.05
1.20
1.28
1.83
 
 	 1:1(0:1)  
325	25/01
19:00	Karabukspor
Kasimpasa	
0
0
1.50
2.40
2.5
1.90
1.80
2.10
3.25
3.40
1.27
1.30
1.65
1.5
1.0
1.95
1.80
1.76
1.90
 	 0:3(0:2)  
326	26/01
13:30	Istanbul BB
Bursaspor	
0
0
2.19
1.60
2.5
1.85
1.85
3.05
3.25
2.25
1.57
1.29
1.33
1.0
1.5
1.70
2.15
2.03
1.63
 	 4:1(2:0)  
327	26/01
16:00	Genclerbirligi
Akhisar Bld.	
–1.0
+1.0
2.10
1.65
2.5
1.80
1.90
1.65
3.50
5.30
1.12
1.26
2.11
1.5
1.0
1.70
2.45
2.02
1.49
 	 1:0(1:0)  
328	26/01
19:00	Gaziantepspor
Fenerbahce	
+1.0
–1.0
1.57
2.25
2.5
1.85
1.85
4.80
3.45
1.72
2.00
1.26
1.15
1.0
1.5
2.15
1.75
1.63
1.96
 	 1:2(1:0)  
330	27/01
14:00	Elasigspor
Trabzonspor	
+1.0
–1.0
1.42
2.65
2.5
2.00
1.72
3.90
3.35
1.90
1.80
1.28
1.21
 
 	 3:1(1:0)  
332	27/01
19:00	Galatasaray
Besiktas	
–1.0
+1.0
2.25
1.57
2.5
1.62
2.15
1.75
3.50
4.45
1.17
1.26
1.96
 
 	 2:1(2:0)  
333	28/01
19:00	Eskisehirspor
Orduspor	
–1.0
+1.0
2.65
1.42
2.5
1.90
1.80
1.90
3.35
3.90
1.21
1.28
1.80
 
 	 1:0(0:0)  
339	01/02
20:00	Akhisar Bld.
Kayserispor	
0
0
2.35
1.53
2.5
1.95
1.76
3.35
3.15
2.15
1.62
1.31
1.28
1.0
1.5
1.85
2.10
1.85
1.65
 	 1:2(1:0)  
340	01/02
20:00	Besiktas
Karabukspor	
–1.0
+1.0
2.00
1.72
3.0
1.90
1.80
1.60
3.75
5.30
1.12
1.23
2.20
2.0
1.0
2.00
1.95
1.72
1.76
 	 2:2(1:0)  
341	02/02
16:00	Kasimpasa
Elasigspor	
–1.0
+1.0
2.40
1.50
2.5
2.00
1.72
1.80
3.35
4.40
1.17
1.28
1.90
1.5
1.0
1.90
2.15
1.80
1.63
 	 0:0(0:0)  
342	02/02
19:00	Antalyaspor
Istanbul BB	
0
0
1.57
2.25
2.5
1.90
1.80
2.20
3.20
3.20
1.30
1.30
1.60
1.5
1.0
2.15
1.80
1.63
1.90
 	 1:0(0:0)  
343	02/02
19:00	Bursaspor
Galatasaray	
0
0
2.40
1.51
2.5
1.76
1.95
3.35
3.25
2.10
1.65
1.29
1.28
1.0
1.5
1.72
1.96
2.00
1.75
 	 1:1(1:1)  
344	03/02
13:30	Orduspor
Genclerbirligi	
0
0
1.65
2.10
2.5
1.95
1.76
2.35
3.15
2.95
1.35
1.32
1.53
 
 	 2:1(1:0)  
345	03/02
16:00	Eskisehirspor
Mersin Idmanyurdu	
–1.0
+1.0
2.03
1.70
2.5
1.90
1.80
1.60
3.65
5.50
1.11
1.24
2.20
 
 	 0:0(0:0)  
346	03/02
16:00	Trabzonspor
Gaziantepspor	
–1.0
+1.0
2.25
1.57
2.5
2.00
1.72
1.75
3.40
4.65
1.15
1.27
1.96
 
 	 4:1(1:0)  
347	03/02
19:00	Fenerbahce
Sivasspor	
–1.0
+1.0
1.76
1.95
2.5
1.69
2.05
1.45
4.10
6.80
1.07
1.19
2.55
 
 	 1:2(0:1)  
418	09/02
13:30	Istanbul BB
Akhisar Bld.	
–1.0
+1.0
2.25
1.57
2.5
2.00
1.72
1.72
3.45
4.75
1.15
1.26
2.00
1.5
1.0
1.90
2.25
1.81
1.57
 	 0:2(0:1)  
419	09/02
16:00	Genclerbirligi
Eskisehirspor	
0
0
1.85
1.85
2.5
1.75
1.96
2.65
3.10
2.65
1.42
1.32
1.42
1.5
1.5
2.25
2.25
1.57
1.57
 	 0:2(0:1)  
420	09/02
19:00	Elasigspor
Besiktas	
+1.0
–1.0
1.43
2.65
2.5
1.65
2.10
3.70
3.35
1.95
1.76
1.28
1.23
1.0
1.5
1.75
1.80
1.96
1.90
 	 1:3(1:1)  
421	09/02
19:00	Karabukspor
Bursaspor	
0
0
1.85
1.85
2.5
1.80
1.90
2.65
3.10
2.65
1.42
1.32
1.42
1.5
1.5
2.20
2.20
1.60
1.60
 	 0:3(0:0)  
422	10/02
13:30	Sivasspor 
Trabzonspor	
0
0
1.86
1.84
2.5
1.95
1.76
2.65
3.10
2.60
1.43
1.32
1.42
1.5
1.5
2.35
2.30
1.52
1.55
 	 2:0(1:0)  
423	10/02
16:00	Kayserispor
Orduspor	
0
0
1.43
2.60
2.5
1.95
1.76
2.00
3.25
3.70
1.23
1.29
1.73
1.5
1.0
2.02
2.10
1.71
1.65
 	 0:0(0:0)  
424	10/02
16:30	Mersin Idmanyurdu
Fenerbahce	
+1.0
–1.0
1.60
2.20
2.5
1.70
2.03
4.75
3.55
1.70
2.03
1.25
1.15
1.0
1.5
2.10
1.70
1.65
2.03
 	 0:1(0:1)  
425	10/02
20:00	Galatasaray
Antalyaspor	
–1.0
+1.0
1.80
1.90
2.5
1.65
2.10
1.50
3.85
6.50
1.08
1.22
2.42
2.0
1.0
2.00
2.45
1.72
1.49
 	 2:0(1:0) 
306	15/02
20:00	Akhisar Bld.
Galatasaray	
+1.0
–1.0
1.72
2.00
2.5
1.75
1.96
5.65
3.70
1.58
2.35
1.23
1.11
1.0
1.5
2.50
1.60
1.47
2.20
 	 1:2(0:0)  
307	16/02
16:00	Eskisehirspor
Kayserispor	
0
0
1.43
2.60
2.5
1.72
2.00
2.00
3.25
3.65
1.24
1.29
1.72
1.5
1.0
1.87
1.80
1.83
1.90
 	 0:3(0:1)  
308	16/02
19:00	Antalyaspor
Karabukspor	
–1.0
+1.0
2.40
1.51
2.5
1.70
2.03
1.83
3.40
4.15
1.19
1.27
1.87
1.5
1.0
1.76
1.85
1.95
1.85
 	 0:0(0:0)  
309	16/02
19:00	Besiktas
Gaziantepspor	
–1.0
+1.0
1.80
1.90
3.0
2.10
1.66
1.50
3.90
6.30
1.08
1.21
2.42
2.0
1.0
2.00
2.30
1.72
1.55
 	 1:1(1:0)  
310	17/02
13:30	Genclerbirligi
Mersin Idmanyurdu	
–1.0
+1.0
2.45
1.49
2.5
1.80
1.90
1.88
3.35
4.00
1.20
1.28
1.83
 
 	 3:1(1:0)  
311	17/02
15:00	Orduspor
Istanbul BB	
0
0
1.42
2.65
2.5
2.02
1.71
2.00
3.20
3.75
1.23
1.30
1.72
 
 	 2:2(2:1)  
312	17/02
16:00	Bursaspor
Elasigspor	
–1.0
+1.0
2.05
1.69
2.5
1.90
1.80
1.60
3.60
5.60
1.11
1.24
2.20
 
 	 1:0(1:0)  
313	17/02
19:00	Trabzonspor
Fenerbahce	
0
0
1.88
1.83
2.5
1.95
1.76
2.70
3.05
2.60
1.44
1.33
1.41
 
 	 0:3(0:2)  
314	18/02
20:00	Kasimpasa
Sivasspor	
0
0
1.45
2.55
2.5
1.90
1.80
2.03
3.25
3.60
1.24
1.30
1.70
 
 	 1:0(0:0)  
310	22/02
20:00	Gaziantepspor
Bursaspor	
0
0
2.35
1.52
2.5
1.95
1.76
3.35
3.15
2.15
1.62
1.31
1.28
1.0
1.5
1.85
2.10
1.85
1.66
 	 2:1(1:1)  
311	23/02
13:30	Istanbul BB
Eskisehirspor	
0
0
2.05
1.68
2.5
1.96
1.75
2.95
3.10
2.40
1.51
1.32
1.35
1.0
1.5
1.70
2.20
2.03
1.60
 	 2:2(1:0)  
312	23/02
16:00	Elasigspor
Antalyaspor	
0
0
1.96
1.75
2.5
1.95
1.76
2.80
3.10
2.50
1.47
1.32
1.38
1.0
1.5
1.65
2.25
2.11
1.57
 	 2:1(1:1)  
313	23/02
19:00	Mersin Idmanyurdu
Trabzonspor	
0
0
1.96
1.75
2.5
1.95
1.76
2.80
3.10
2.50
1.47
1.32
1.38
1.0
1.5
1.65
2.25
2.11
1.57
 	 0:1(0:1)  
315	24/02
16:00	Kayserispor
Genclerbirligi	
–1.0
+1.0
2.60
1.44
2.5
1.90
1.80
1.95
3.25
3.85
1.22
1.30
1.76
 
 	 1:0(0:0)  
316	24/02
19:00	Fenerbahce
Kasimpasa	
–1.0
+1.0
1.85
1.85
2.5
1.72
2.00
1.52
3.90
6.00
1.08
1.21
2.35
 
 	 3:1(0:1)  
317	24/02
19:00	Karabukspor
Akhisar Bld.	
–1.0
+1.0
2.40
1.50
2.5
1.95
1.76
1.85
3.30
4.20
1.19
1.29
1.85
 
 	 0:2(0:2)  
318	25/02
20:00	Galatasaray
Orduspor	
–1.0
+1.0
1.75
1.96
2.5
1.68
2.05
1.42
4.20
7.20
1.06
1.18
2.65
 
 	 4:2(0:2)  
302	01/03
19:00	Genclerbirligi
Istanbul BB	
-0.25
+0.25
1.90
1.85 	
2.5
1.95
1.80
2.20
3.35
3.20
1.33
1.30
1.65
1.5
1.0
2.15
1.85
1.65
1.90
 	 0:0(0:0)  
379	02/03
16:00	Orduspor
Karabukspor	
0
0
1.60
2.19
2.5
1.96
1.75
2.30
3.10
3.10
1.32
1.32
1.55
1.5
1.0
2.20
1.80
1.60
1.90
 	 3:2(1:2)  
380	02/03
19:00	Akhisar Bld.
Elasigspor	
0
0
1.47
2.50
2.0
1.62
2.15
2.05
3.15
3.65
1.24
1.31
1.69
1.5
1.0
2.20
2.10
1.60
1.66
 	 0:1(0:0)  
381	02/03
19:00	Eskisehirspor
Galatasaray	
0
0
2.60
1.45
2.5
1.80
1.90
3.60
3.25
2.02
1.71
1.29
1.25
1.0
1.5
1.85
1.95
1.85
1.76
 	 0:0(0:0)  
382	03/03
13:30	Antalyaspor
Gaziantepspor	
–1.0
+1.0
2.55
1.45
2.5
1.96
1.75
1.85
3.30
4.20
1.19
1.29
1.85
1.5
1.0
1.96
2.15
1.75
1.63
 	 5:2(2:1)  
383	03/03
13:30	Kayserispor
Mersin Idmanyurdu	
–1.0
+1.0
2.20
1.60
2.5
1.98
1.73
1.68
3.50
5.00
1.13
1.26
2.06
1.5
1.0
1.85
2.30
1.85
1.55
 	 2:1(1:0)  
384	03/03
16:00	Bursaspor
Sivasspor	
–1.0
+1.0
2.40
1.50
2.5
1.90
1.80
1.80
3.35
4.40
1.17
1.28
1.90
1.5
1.0
1.90
2.10
1.80
1.66
 	 1:0(0:0)  
385	03/03
19:00	Besiktas
Fenerbahce	
0
0
1.76
1.95
2.5
1.75
1.96
2.50
3.15
2.75
1.39
1.31
1.47
1.5
1.0
2.15
1.50
1.63
2.40
 	 3:2(1:1)  
386	04/03
20:00	Kasimpasa
Trabzonspor	
0
0
1.83
1.87
2.5
2.03
1.70
2.60
3.10
2.70
1.41
1.32
1.44
1.5
1.5
2.35
2.40
1.52
1.50
 	 2:0(2:0)
356	08/03
20:00	Galatasaray
Genclerbirligi	
–1.0
+1.0
1.72
2.00
2.5
1.65
2.10
1.43
4.10
7.25
1.05
1.19
2.65
2.0
1.0
1.85
2.85
1.85
1.37
 	 0:1(0:0)  
357	09/03
14:00	Istanbul BB
Kayserispor	
0
0
1.75
1.96
2.5
2.00
1.72
2.50
3.05
2.85
1.37
1.33
1.47
1.5
1.0
2.25
1.70
1.57
2.03
 	 0:0(0:0)  
358	09/03
19:00	Gaziantepspor
Akhisar Bld.	
0
0
1.47
2.50
2.5
2.03
1.70
2.05
3.20
3.55
1.25
1.30
1.68
1.5
1.0
2.10
2.00
1.66
1.72
 	 2:2(0:1)  
359	09/03
19:00	Trabzonspor
Besiktas	
0
0
1.65
2.10
2.5
1.80
1.90
2.35
3.15
2.95
1.35
1.31
1.53
1.5
1.0
2.15
1.60
1.63
2.20
 	 0:0(0:0)  
360	10/03
13:30	Karabukspor
Eskisehirspor	
0
0
1.85
1.85
2.5
1.95
1.76
2.65
3.05
2.65
1.42
1.33
1.42
 
 	 0:0(0:0)  
363	10/03
19:00	Fenerbahce
Bursaspor	
–1.0
+1.0
2.25
1.57
2.5
1.69
2.05
1.72
3.55
4.60
1.16
1.25
2.00
 
 	 4:1(1:1)  
319	15/03
20:00	Bursaspor
Trabzonspor	
0
0
1.55
2.30
2.5
2.03
1.70
2.20
3.15
3.25
1.29
1.31
1.60
1.5
1.0
2.20
1.90
1.60
1.80
 	 3:2(3:2)  
320	15/03
20:00	Eskisehirspor
Elasigspor	
–1.0
+1.0
2.00
1.72
2.5
2.00
1.72
1.60
3.60
5.60
1.11
1.24
2.20
1.5
1.0
1.85
2.55
1.85
1.45
 	 2:2(1:1)  
321	16/03
13:30	Istanbul BB
Mersin Idmanyurdu	
–1.0
+1.0
2.65
1.42
2.5
2.15
1.62
1.90
3.25
4.05
1.20
1.29
1.80
1.5
1.0
2.10
2.20
1.66
1.60
 	 4:2(2:0)  
323	16/03
19:00	Besiktas
Kasimpasa	
–1.0
+1.0
2.25
1.57
2.5
1.70
2.03
1.75
3.50
4.45
1.17
1.26
1.96
1.5
1.0
1.72
2.03
2.00
1.70
 	 1:3(1:2)  
324	17/03
13:30	Akhisar Bld.
Sivasspor	
0
0
1.63
2.15
2.5
2.20
1.60
2.35
3.05
3.05
1.33
1.33
1.53
 
 	 2:1(0:1)  
326	17/03
16:30	Kayserispor
Galatasaray	
0
0
2.60
1.43
2.5
1.85
1.85
3.65
3.20
2.02
1.70
1.30
1.24
 
 	 1:3(0:3)  
327	17/03
20:00	Antalyaspor
Fenerbahce	
0
0
2.40
1.50
2.5
1.70
2.03
3.40
3.25
2.10
1.65
1.30
1.27
 
 	 1:2(1:2)  
328	15/03
20:00	Home Teams Portugal
Away Teams	
–2.0
+2.0
1.80
1.90
23.5
1.85
1.85
 	 	
12.5
10.5
1.75
1.80
1.96
1.90
 	 18:19  
443	30/03
16:00	Gaziantepspor
Eskisehirspor	
0
0
1.93
1.78
2.5
2.00
1.72
2.75
3.05
2.55
1.45
1.33
1.39
1.0
1.5
1.65
2.25
2.11
1.57
 	 2:0(2:0)  
444	30/03
19:00	Galatasaray
Istanbul BB	
–1.0
+1.0
1.80
1.90
2.5
1.75
1.96
1.48
4.00
6.45
1.08
1.20
2.50
2.0
1.0
2.10
2.60
1.65
1.44
 	 2:0(2:0)  
445	30/03
19:00	Sivasspor 
Orduspor	
0
0
1.42
2.65
2.5
2.00
1.72
2.00
3.20
3.75
1.23
1.30
1.72
1.5
1.0
2.05
2.10
1.68
1.66
 	 3:2(1:1)  
446	31/03
13:30	Kasimpasa
Bursaspor	
0
0
1.65
2.10
2.5
1.95
1.76
2.35
3.10
3.00
1.34
1.32
1.53
1.5
1.0
2.25
1.72
1.57
2.00
 	 2:0(1:0)  
447	31/03
16:00	Trabzonspor
Antalyaspor	
–1.0
+1.0
2.65
1.42
2.5
2.00
1.72
1.90
3.30
4.00
1.20
1.29
1.81
1.5
1.0
2.00
2.20
1.72
1.60
 	 2:0(1:0)  
448	31/03
19:00	Elasigspor
Genclerbirligi	
0
0
1.93
1.78
2.5
2.00
1.72
2.75
3.05
2.55
1.45
1.33
1.39
1.0
1.5
1.70
2.30
2.03
1.55
 	 1:1(0:1)  
449	31/03
19:00	Fenerbahce
Akhisar Bld.	
–1.5
+1.5
1.90
1.80
3.0
2.07
1.67
1.30
5.00
9.00
1.03
1.14
3.20
2.0
1.0
1.72
3.50
2.00
1.26
 	 2:0(0:0)  
450	01/04
20:00	Karabukspor
Kayserispor	
0
0
1.80
1.90
2.5
2.00
1.72
2.60
3.05
2.70
1.41
1.33
1.43
1.5
1.5
2.30
2.35
1.55
1.52
 	 3:1(2:0)  
451	01/04
20:00	Mersin Idmanyurdu
Besiktas	
+1.0
–1.0
1.42
2.65
2.5
1.70
2.03
3.80
3.35
1.93
1.78
1.28
1.22
1.0
1.5
1.85
1.80
1.85
1.90
 	 1:2(1:1)  
375	05/04
20:00	Antalyaspor
Kasimpasa	
0
0
1.65
2.10
2.5
1.90
1.80
2.30
3.20
3.00
1.36
1.31
1.51
1.5
1.0
2.25
1.65
1.57
2.10
 	 3:2(2:1)  
376	06/04
13:30	Istanbul BB
Karabukspor	
0
0
1.65
2.10
2.5
1.95
1.76
2.35
3.10
3.00
1.34
1.32
1.53
1.5
1.0
2.25
1.72
1.57
2.00
 	 2:2(2:1)  
377	06/04
16:00	Kayserispor
Elasigspor	
–1.0
+1.0
2.10
1.65
2.5
2.00
1.72
1.65
3.55
5.20
1.13
1.25
2.11
1.5
1.0
1.82
2.55
1.88
1.45
 	 4:1(2:1)  
378	06/04
19:00	Galatasaray
Mersin Idmanyurdu	
–1.5
+1.5
1.95
1.75
2.5
1.65
2.10
1.33
4.75
8.50
1.04
1.15
3.05
2.0
1.0
1.80
3.30
1.90
1.29
 	 3:1(0:1)  
379	07/04
13:30	Genclerbirligi
Gaziantepspor	
0
0
1.44
2.60
2.5
2.00
1.72
2.02
3.20
3.65
1.24
1.30
1.70
 
 	 2:2(1:0)  
380	07/04
16:00	Akhisar Bld.
Trabzonspor	
0
0
2.10
1.65
2.5
2.10
1.65
3.00
3.10
2.35
1.53
1.32
1.34
 
 	 1:0(0:0)  
381	07/04
19:00	Eskisehirspor
Sivasspor	
0
0
1.43
2.60
2.5
1.90
1.80
2.00
3.20
3.75
1.23
1.30
1.72
 
 	 2:1(0:1)  
382	07/04
19:00	Orduspor
Fenerbahce	
+1.0
–1.0
1.57
2.25
2.5
1.68
2.05
4.75
3.55
1.70
2.02
1.25
1.15
 
 	 0:2(0:1)  
383	08/04
20:00	Bursaspor
Besiktas	
0
0
1.69
2.05
2.5
1.75
1.96
2.40
3.15
2.90
1.36
1.31
1.50
 
 	 3:0(2:0) 
358	12/04
20:00	Sivasspor 
Genclerbirligi	
0
0
1.48
2.50
2.5
1.85
1.85
2.07
3.20
3.50
1.26
1.30
1.67
1.5
1.0
2.00
1.85
1.72
1.85
 	 1:1(0:1)  
359	12/04
20:00	Trabzonspor
Orduspor	
–1.0
+1.0
2.20
1.60
2.5
2.00
1.72
1.68
3.50
5.00
1.13
1.26
2.06
1.5
1.0
1.90
2.55
1.80
1.45
 	 1:0(0:0)  
360	13/04
16:00	Mersin Idmanyurdu
Bursaspor	
+1.0
–1.0
1.55
2.30
2.5
1.90
1.80
4.40
3.35
1.80
1.90
1.28
1.17
1.0
1.5
2.25
1.87
1.57
1.83
 	 0:1(0:0)  
361	13/04
19:00	Karabukspor
Galatasaray	
+1.0
–1.0
1.60
2.20
3.0
2.05
1.68
4.75
3.55
1.70
2.03
1.25
1.15
1.0
1.5
2.00
1.62
1.72
2.16
 	 0:1(0:0)  
362	14/04
13:30	Kasimpasa
Akhisar Bld.	
–1.0
+1.0
2.35
1.53
2.5
1.95
1.76
1.80
3.35
4.40
1.17
1.28
1.90
 
 	 0:1(0:1)  
364	14/04
19:00	Elasigspor
Istanbul BB	
0
0
1.75
1.96
2.5
2.05
1.68
2.50
3.10
2.80
1.38
1.32
1.47
 
 	 1:0(0:0)  
365	14/04
19:00	Fenerbahce
Eskisehirspor	
–1.0
+1.0
2.03
1.70
2.5
1.62
2.15
1.60
3.65
5.50
1.11
1.24
2.20
 
 	 1:0(0:0)  
366	15/04
20:00	Besiktas
Antalyaspor	
–1.0
+1.0
2.25
1.57
2.5
1.60
2.20
1.72
3.50
4.70
1.15
1.26
2.00
 
 	 1:0(0:0)  
361	19/04
20:00	Galatasaray
Elasigspor	
–2.0
+2.0
1.85
1.85
3.0
1.70
2.03
1.18
6.50
12.00
1.05
1.08
4.30
2.5
1.0
2.00
4.90
1.72
1.14
 	 3:1(3:1)  
362	20/04
17:00	Orduspor
Kasimpasa	
0
0
1.65
2.10
2.5
1.90
1.80
2.35
3.10
3.00
1.34
1.32
1.53
1.5
1.0
2.20
1.65
1.60
2.10
 	 0:2(0:2)  
363	20/04
20:00	Akhisar Bld.
Besiktas	
0
0
2.15
1.62
2.5
1.90
1.80
3.05
3.15
2.30
1.55
1.31
1.33
1.0
1.5
1.70
2.20
2.03
1.60
 	 4:1(2:1)  
364	20/04
20:00	Karabukspor
Mersin Idmanyurdu	
–1.0
+1.0
2.10
1.65
2.5
1.80
1.90
1.65
3.55
5.20
1.13
1.25
2.11
1.5
1.0
1.70
2.35
2.02
1.52
 	 1:0(0:0)  
366	21/04
17:00	Kayserispor
Sivasspor	
–1.0
+1.0
2.40
1.50
2.5
1.90
1.80
1.85
3.35
4.15
1.19
1.28
1.85
1.5
1.0
1.90
2.15
1.80
1.63
 	 1:1(1:0)  
367	21/04
20:00	Antalyaspor
Bursaspor	
0
0
2.00
1.73
2.5
1.80
1.90
2.80
3.15
2.45
1.48
1.31
1.38
1.5
1.5
2.25
2.15
1.57
1.63
 	 0:1(0:0)  
368	21/04
20:00	Genclerbirligi
Fenerbahce	
+1.0
–1.0
1.57
2.25
2.5
1.75
1.96
4.55
3.45
1.75
1.96
1.26
1.16
1.0
1.5
2.15
1.75
1.63
1.96
 	 2:0(2:0)  
345	26/04
20:00	Mersin Idmanyurdu
Antalyaspor	
+1.0
–1.0
1.50
2.40
2.5
1.95
1.76
4.20
3.30
1.85
1.85
1.29
1.19
1.0
1.5
2.30
1.90
1.55
1.80
 	 1:1(0:0)  
346	27/04
20:00	Besiktas
Orduspor	
–1.0
+1.0
1.95
1.76
2.5
1.75
1.96
1.55
3.80
5.80
1.10
1.22
2.30
1.5
1.0
1.62
2.50
2.15
1.47
 	 2:0(1:0)  
347	27/04
20:00	Bursaspor
Akhisar Bld.	
–1.0
+1.0
2.15
1.62
2.5
1.95
1.76
1.65
3.55
5.20
1.13
1.25
2.11
1.5
1.0
1.80
2.45
1.90
1.49
 	 1:1(1:1)  
348	27/04
20:00	Elasigspor
Karabukspor	
0
0
1.95
1.76
2.5
1.96
1.75
2.80
3.05
2.55
1.45
1.33
1.38
1.0
1.5
1.65
2.25
2.10
1.57
 	 1:0(0:0)  
349	27/04
20:00	Sivasspor 
Istanbul BB	
0
0
1.47
2.50
2.5
1.90
1.80
2.05
3.20
3.55
1.25
1.30
1.68
1.5
1.0
2.05
1.90
1.68
1.80
 	 4:1(3:1)  
350	27/04
20:00	Trabzonspor
Genclerbirligi	
–1.0
+1.0
2.60
1.44
2.5
1.95
1.76
1.90
3.25
4.05
1.20
1.29
1.80
1.5
1.0
1.95
2.10
1.76
1.66
 	 2:0(1:0)  
351	28/04
16:00	Kasimpasa
Eskisehirspor	
0
0
1.63
2.15
2.5
1.95
1.76
2.30
3.15
3.05
1.33
1.31
1.55
 
 	 1:2(1:0)  
352	28/04
20:00	Fenerbahce
Kayserispor	
–1.0
+1.0
2.05
1.69
2.5
1.70
2.03
1.60
3.70
5.40
1.11
1.23
2.20
 
 	 2:1(0:1)  
353	28/04
20:00	Gaziantepspor
Galatasaray	
+1.0
–1.0
1.65
2.10
2.5
1.76
1.95
5.30
3.65
1.62
2.15
1.24
1.12
 
 	 0:1(0:0)  
295	03/05
19:00	Genclerbirligi
Kasimpasa	
0
0
1.57
2.25
2.5
1.80
1.90
2.20
3.20
3.20
1.30
1.30
1.60
1.5
1.0
2.05
1.70
1.68
2.03
 	 0:0(0:0)  
296	04/05
20:00	Kayserispor
Trabzonspor	
0
0
1.57
2.25
2.5
2.10
1.65
2.20
3.20
3.20
1.30
1.30
1.60
1.5
1.0
2.20
1.96
1.60
1.75
 	 2:1(0:0)  
297	04/05
20:00	Orduspor
Bursaspor	
+1.0
–1.0
1.42
2.65
2.5
1.90
1.80
3.85
3.25
1.95
1.76
1.29
1.22
1.0
1.5
2.05
1.96
1.68
1.75
 	 2:4(2:1)  
298	05/05
16:00	Eskisehirspor
Besiktas	
0
0
1.85
1.85
2.5
1.80
1.90
2.60
3.20
2.60
1.44
1.30
1.44
 
 	 1:2(1:1)  
299	05/05
20:00	Antalyaspor
Akhisar Bld.	
0
0
1.65
2.10
2.5
1.96
1.75
2.35
3.10
3.00
1.34
1.32
1.53
 
 	 4:3(1:0)  
300	05/05
20:00	Istanbul BB
Fenerbahce	
+1.0
–1.0
1.44
2.60
2.5
1.76
1.95
3.80
3.30
1.95
1.76
1.29
1.22
 
 	 2:0(1:0)  
301	05/05
20:00	Galatasaray
Sivasspor	
–1.5
+1.5
1.72
2.00
3.0
1.90
1.80
1.25
5.50
10.00
1.01
1.11
3.55
 
 	 4:2(1:0)  
296	10/05
20:00	Gaziantepspor
Elasigspor	
-0.25
+0.25
1.70
2.03 	
2.25
1.75 	
1.96 	
2.10
3.15
3.50
1.26
1.31
1.65
1.5
1.0
2.20
1.95
1.60
1.76
 	 1:1(0:0)  
297	10/05
20:00	Kasimpasa
Kayserispor	
-0.25
+0.25
1.90
1.80 	
2.5
1.90
1.80
2.25
3.15
3.15
1.31
1.31
1.57
1.5
1.0
2.15
1.75
1.63
1.96
 	 1:2(0:1)  
298	11/05
20:00	Antalyaspor
Orduspor	
–1.0
+1.0
1.96
1.75  	
2.75
1.85 	
1.85 	
1.57
3.75
5.70
1.10
1.23
2.26
2.0
1.0
2.15
2.30
1.63
1.55
 	 1:0(0:0)  
299	11/05
20:00	Besiktas
Genclerbirligi	
-1.25
+1.25
1.96
1.75 	
3.0
1.90
1.80
1.47
4.05
6.50
1.08
1.20
2.50
2.0
1.0
1.80
2.30
1.90
1.55
 	 3:0(2:0)  
300	12/05
20:00	Fenerbahce
Galatasaray	
0
0
1.85
1.85  	
2.5
1.60
2.20
2.60
3.20
2.60
1.44
1.31
1.44
 
 	 2:1(2:1)  
301	13/05
20:00	Akhisar Bld.
Mersin Idmanyurdu	
–1.5
+1.5
1.90
1.80  	
2.5
1.85
1.85
1.32
4.75
8.90
1.03
1.15
3.10
 
 	 1:0(0:0)  
302	13/05
20:00	Bursaspor
Eskisehirspor	
–1.0
+1.0
2.10
1.65  	
2.5
1.75
1.96
1.65
3.55
5.20
1.12
1.25
2.10
 
 	 0:0(0:0)  
232	17/05
20:00	Mersin Idmanyurdu
Gaziantepspor	
+0.25
-0.25
1.72
2.00 	
2.5
1.80
1.90
2.95
3.10
2.40
1.51
1.32
1.35
1.0
1.5
1.60
2.15
2.19
1.63
 	 1:2(0:2)  
233	18/05
19:00	Istanbul BB
Kasimpasa	
-0.75
+0.75
1.77
1.94 	
2.5
1.85
1.85
1.60
3.60
5.60
1.11
1.24
2.20
1.5
1.0
1.70
2.45
2.02
1.49
 	 1:2(1:0)  
234	18/05
19:00	Karabukspor
Fenerbahce	
-0.25
+0.25
2.00
1.72 	
2.5
1.80
1.90
2.40
3.15
2.90
1.36
1.31
1.51
1.5
1.0
2.15
1.60
1.63
2.20
 	 3:2(0:1)  
235	18/05
19:00	Orduspor
Akhisar Bld.	
+0.25
-0.25
1.80
1.90 	
2.5
1.85
1.85
3.20
3.10
2.25
1.57
1.32
1.30
1.0
1.5
1.70
2.05
2.03
1.68
 	 0:2(0:1)  
236	18/05
19:05	Galatasaray
Trabzonspor	
–1.0
+1.0
1.80
1.90  	
2.75
1.78 	
1.93 	
1.50
4.00
6.10
1.09
1.20
2.40
2.0
1.0
2.00
2.40
1.72
1.50
 	 2:0(1:0)  
237	19/05
13:30	Elasigspor
Sivasspor	
-0.25
+0.25
1.92
1.78 	
2.75
1.96 
1.75 	
2.40
3.15
2.90
1.36
1.31
1.51
1.5
1.0
2.10
1.55
1.65
2.30
 	 0:0(0:0)  
239	19/05
19:00	Eskisehirspor
Antalyaspor	
-0.25
+0.25
1.75
1.96 	
2.75
1.96 	
1.75 	
2.10
3.25
3.40
1.27
1.29
1.65
1.5
1.0
1.96
1.75
1.75
1.96
 	 3:1(2:0)  
240	19/05
19:00	Kayserispor
Besiktas	
0
0
1.77
1.94  	
2.75
1.85 	
1.85 	
2.50
3.15
2.75
1.39
1.31
1.47
1.5
1.5
2.05
2.20
1.68
1.60
 	 2:0(0:0)
278	04/11
19:00	 Orduspor
Sivasspor	
0
0
1.44
2.60
2.5
1.90
1.80
2.00
3.25
3.65
1.24
1.29
1.72
1.5
1.0
2.03
1.95
1.70
1.76
 	 2:0(1:0)
288	18/11
16:00	 Kayserispor
Gaziantepspor	
–1.0
+1.0
2.70
1.40
2.5
1.90
1.80
1.95
3.25
3.85
1.22
1.29
1.76
1.5
1.0
1.95
2.00
1.76
1.72
 	 1:1(1:0)  
159	09/01
19:00	 Akhisar Bld.
Antalyaspor	
+1.0
–1.0
1.55
2.30
2.5
1.95
1.76
4.65
3.40
1.75
1.95
1.27
1.16
1.0
1.5
2.15
1.85
1.63
1.85
 	 1:0(0:0) 
237	27/01
13:30	 Kayserispor
Antalyaspor	
0
0
1.42
2.65
2.5
1.95
1.76
1.95
3.35
3.70
1.23
1.28
1.76
1.5
1.0
2.00
2.10
1.72
1.65
 	 2:0(2:0)  
238	27/01
14:00	 Elasigspor
Trabzonspor	
+1.0
–1.0
1.41
2.70
2.5
2.00
1.72
3.90
3.35
1.90
1.80
1.28
1.21
1.0
1.5
2.20
2.00
1.60
1.72
 	 3:1(1:0)  
239	27/01
16:00	 Mersin Idmanyurdu
Sivasspor	
0
0
1.95
1.76
2.5
1.96
1.75
2.80
3.05
2.50
1.47
1.33
1.38
1.0
1.5
1.65
2.25
2.10
1.57
 	 3:0(2:0)  
240	27/01
19:00	 Galatasaray SK
Besiktas JK	
–1.0
+1.0
2.25
1.57
3.0
1.95
1.76
1.75
3.50
4.45
1.17
1.26
1.96
1.5
1.0
1.65
1.85
2.10
1.85
 	 2:1(2:0) 
148	11/02
20:00	 Gaziantepspor
Kasimpasa	
0
0
1.85
1.85
2.5
1.96
1.75
2.65
3.10
2.65
1.42
1.32
1.42
1.5
1.5
2.30
2.30
1.55
1.55
 	 2:1(0:0)
361	23/02
19:00	 Sivasspor
Besiktas JK	
0
0
1.91
1.80
2.5
1.72
2.00
2.70
3.15
2.55
1.45
1.31
1.41
1.5
1.5
2.25
2.15
1.57
1.63
 	 0:1(0:0)  
274	10/03
16:00	 Sivasspor
Antalyaspor	
0
0
1.48
2.45
2.5
1.95
1.76
2.10
3.15
3.50
1.26
1.31
1.66
1.5
1.0
2.10
1.90
1.66
1.80
 	 2:1(1:1)  
275	10/03
17:00	 Elasigspor
Orduspor	
0
0
1.65
2.11
2.0
1.62
2.15
2.35
3.10
3.00
1.34
1.32
1.53
1.5
1.0
2.35
1.95
1.52
1.76
 	 1:0(0:0)  
277	11/03
20:00	 Mersin Idmanyurdu
Kasimpasa	
0
0
1.85
1.85
2.5
2.00
1.72
2.65
3.05
2.65
1.42
1.33
1.42
1.5
1.5
2.40
2.40
1.50
1.50
 	 1:1(0:1)  
387	16/03
16:00	 Genclerbirligi
Kardemir DC Karabukspor	
0
0
1.48
2.46
2.5
1.80
1.90
2.10
3.15
3.50
1.26
1.31
1.66
1.5
1.0
2.00
1.80
1.72
1.90
 	 2:1(1:1)  
390	17/03
13:30	 Orduspor
Gaziantepspor	
0
0
1.55
2.30
2.5
2.03
1.70
2.20
3.10
3.30
1.29
1.32
1.60
1.5
1.0
2.20
1.90
1.60
1.80
 	 2:3(1:1)  
240	14/04
16:00	 Gaziantepspor
Kayserispor	
0
0
1.69
2.05
2.5
1.96
1.75
2.40
3.10
2.95
1.35
1.32
1.51
1.5
1.0
2.20
1.70
1.60
2.03
 	 0:1(0:0)  
265	21/04
14:30	 Istanbul Basaksehir
Gaziantepspor	
0
0
1.50
2.45
2.5
1.90
1.80
2.10
3.20
3.45
1.26
1.30
1.66
1.5
1.0
2.05
1.85
1.68
1.85
 	 1:3(0:1) 
269	22/04
20:00	 Eskisehirspor
Trabzonspor	
0
0
1.58
2.25
2.5
2.07
1.67
2.25
3.15
3.15
1.31
1.31
1.57
1.5
1.0
2.20
1.87
1.60
1.83
 	 0:1(0:1)  
207	05/05
16:00	 Eskisehirspor
Besiktas JK	
0
0
1.85
1.85
2.5
1.75
1.96
2.60
3.20
2.60
1.44
1.30
1.44
1.5
1.5
2.20
2.20
1.60
1.60
 	 1:2(1:1)  
208	05/05
20:00	 Antalyaspor
Akhisar Bld.	
0
0
1.65
2.10
2.5
2.00
1.72
2.35
3.10
3.00
1.34
1.32
1.53
1.5
1.0
2.25
1.80
1.57
1.90
 	 4:3(1:0)  
209	05/05
20:00	 Istanbul Basaksehir
Fenerbahce	
0
0
2.45
1.50
2.5
1.80
1.90
3.45
3.20
2.10
1.66
1.30
1.26
1.0
1.5
1.80
2.00
1.90
1.72
 	 2:0(1:0)  
211	05/05
20:00	 Kardemir DC Karabukspor
Gaziantepspor	
0
0
1.58
2.25
2.5
2.07
1.67
2.25
3.10
3.20
1.30
1.32
1.57
1.5
1.0
2.25
1.90
1.57
1.80
 	 0:2(0:1)  
212	05/05
20:00	 Mersin Idmanyurdu
Elasigspor	
0
0
2.00
1.72
2.0
1.62
2.15
2.85
3.05
2.50
1.47
1.33
1.37
1.0
1.5
1.85
2.45
1.85
1.49
 	 0:2(0:1)  
125	13/05
20:00	 Akhisar Bld.
Mersin Idmanyurdu	
-1.25
+1.25
1.80
1.90
 
 	
2.75
1.96
 	
1.75
 	
1.36
4.40
8.50
1.04
1.17
2.90
2.0
1.0
1.90
3.90
1.80
1.21
 	 1:0(0:0)  
126	13/05
20:00	 Bursaspor
Eskisehirspor	
-0.75
+0.75
1.76
1.95
 
 	
2.75
1.96
 	
1.75
 	
1.62
3.60
5.40
1.12
1.25
2.16
1.5
1.0
1.67
2.30
2.07
1.55
 	 0:0(0:0)  
127	13/05
20:00	 Sivasspor
Kardemir DC Karabukspor	
-0.25
+0.25
1.85
1.85
 
 	
2.75
1.96
 	
1.75
 	
2.15
3.20
3.30
1.29
1.30
1.62
1.5
1.0
2.00
1.70
1.72
2.03
 	 2:1(0:0)  
128	13/05
20:00	 Trabzonspor
Istanbul Basaksehir	
+0.25
-0.25
1.70
2.03
 
 	
2.5
2.05
1.68
2.95
3.10
2.40
1.51
1.32
1.35
1.0
1.5
1.80
2.25
1.90
1.57
 	 4:3(3:1)  
214	19/05
16:00	 Genclerbirligi
Bursaspor	
-0.75
+0.75
1.95
1.76
 
 	
2.75
1.96
 	
1.75
 	
1.75
3.45
4.55
1.16
1.26
1.96
1.5
1.0
1.70
2.10
2.03
1.66
 	 2:2(2:1) 