830	12/09
19:30	 BV De Graafschap
AZ Alkmaar	
0
0
2.60
1.50
3.0
2.05
1.77
3.60
3.80
1.95
1.85
1.26
1.29
1.0
1.5
1.70
1.80
2.15
2.00
 	 1:3(1:1)  
831	12/09
19:30	 Roda JC
NEC Nijmegen	
0
0
1.55
2.50
2.5
1.77
2.05
2.10
3.50
3.45
1.31
1.31
1.75
1.5
1.0
2.00
1.77
1.80
2.05
 	 0:0(0:0)  
832	12/09
20:45	 Twente
Ajax	
+1.0
–1.0
1.57
2.40
2.5
1.70
2.15
4.50
3.85
1.75
2.10
1.26
1.20
1.0
1.5
1.95
1.77
1.85
2.05
 	 2:2(1:0)  
833	12/09
21:45	 PEC Zwolle
Excelsior Rotterdam	
–1.0
+1.0
2.35
1.60
3.0
1.95
1.85
1.77
3.95
4.25
1.22
1.25
2.05
1.5
1.0
1.67
1.77
2.20
2.05
 	 3:0(2:0)  
834	12/09
21:45	 Cambuur Leeuwarden
PSV Eindhoven	
+1.0
–1.0
2.15
1.70
3.0
1.70
2.15
7.25
4.85
1.41
2.90
1.18
1.09
1.0
2.0
2.15
1.72
1.70
2.10
 	 0:6(0:3)  
835	13/09
13:30	 FC Groningen
Heerenveen	
0
0
1.57
2.40
3.0
2.05
1.77
2.10
3.60
3.35
1.33
1.29
1.75
1.5
1.0
1.87
1.60
1.93
2.35
 	 3:1(2:0)  
836	13/09
15:30	 ADO Den Haag
Heracles Almelo	
0
0
1.67
2.20
3.0
1.93
1.87
2.25
3.60
3.05
1.38
1.29
1.65
1.5
1.5
1.90
2.20
1.90
1.67
 	 0:1(0:1)  
837	13/09
15:30	 Feyenoord
Willem II	
–1.5
+1.5
2.10
1.75
3.0
1.97
1.83
1.37
4.90
8.50
1.07
1.18
3.10
2.0
1.0
1.80
2.85
2.00
1.42
 	 1:0(0:0)  
838	13/09
17:45	 Utrecht
SBV Vitesse	
0
0
1.90
1.90
3.0
1.95
1.85
2.60
3.55
2.60
1.50
1.30
1.50
1.5
1.5
2.05
2.05
1.77
1.77
 	 2:1(1:1)  
7653	18/09
21:00	 NEC Nijmegen
Heerenveen	
0
0
1.77
2.05
2.5
1.75
2.10
2.45
3.50
2.80
1.44
1.31
1.57
1.5
1.5
2.15
2.35
1.70
1.57
 	 2:0(1:0)  
7654	19/09
19:30	 Cambuur Leeuwarden
Twente	
0
0
2.05
1.77
3.0
1.90
1.90
2.85
3.60
2.35
1.59
1.29
1.42
1.5
1.5
2.15
1.95
1.72
1.87
 	 0:0(0:0)  
7655	19/09
20:45	 Heracles Almelo
PSV Eindhoven	
+1.0
–1.0
1.70
2.15
3.5
2.12
1.72
4.70
4.00
1.70
2.15
1.25
1.19
1.0
2.0
1.65
1.95
2.25
1.85
 	 2:1(2:1)  
7656	19/09
20:45	 PEC Zwolle
ADO Den Haag	
0
0
1.48
2.65
3.0
2.12
1.72
1.93
3.70
3.80
1.27
1.28
1.87
1.5
1.0
1.83
1.75
1.97
2.10
 	 2:1(0:1)  
7657	19/09
21:45	 Willem II
Utrecht	
0
0
1.83
1.97
2.5
1.80
2.00
2.45
3.45
2.80
1.43
1.31
1.55
1.5
1.0
2.25
1.57
1.65
2.40
 	 3:1(1:0)  
7658	20/09
13:30	 Roda JC
Feyenoord	
+1.0
–1.0
1.60
2.35
3.0
2.05
1.77
4.50
3.85
1.75
2.10
1.26
1.20
1.0
1.5
1.87
1.70
1.93
2.15
 	 1:1(1:1)  
7659	20/09
15:30	 Excelsior Rotterdam
Ajax	
+1.0
–1.0
1.95
1.85
3.0
1.97
1.83
6.25
4.40
1.50
2.60
1.21
1.12
1.0
2.0
2.30
1.97
1.62
1.83
 	 0:2(0:2)  
7660	20/09
17:45	 FC Groningen
AZ Alkmaar	
0
0
1.55
2.45
3.0
2.15
1.70
2.10
3.60
3.35
1.33
1.29
1.75
1.5
1.0
1.90
1.67
1.90
2.20
 	 2:0(1:0)  
7661	20/09
17:45	 SBV Vitesse
BV De Graafschap	
–2.0
+2.0
2.15
1.70
3.5
2.05
1.77
1.23
6.50
11.50
1.03
1.11
4.15
2.5
1.0
1.90
3.00
1.90
1.40
 	 3:0(2:0)  
6200	26/09
19:30	 Utrecht
Cambuur Leeuwarden	
–1.0
+1.0
2.05
1.77
3.0
1.95
1.85
1.62
4.10
5.25
1.16
1.24
2.30
2.0
1.0
2.10
2.00
1.72
1.80
 	 3:3(0:1)  
6201	26/09
19:30	 Heerenveen
SBV Vitesse	
0
0
2.20
1.67
3.0
2.15
1.70
3.10
3.50
2.25
1.65
1.30
1.37
1.5
1.5
2.40
2.00
1.57
1.80
 	 0:0(0:0)  
6202	26/09
20:45	 Ajax
FC Groningen	
–1.5
+1.5
1.97
1.83
3.0
1.95
1.85
1.33
5.25
9.00
1.06
1.16
3.30
2.0
1.0
1.72
3.10
2.12
1.37
 	 2:0(1:0)  
6203	26/09
21:45	 AZ Alkmaar
Heracles Almelo	
0
0
1.60
2.35
3.0
1.90
1.90
2.12
3.60
3.30
1.33
1.29
1.72
1.5
1.5
1.83
2.30
2.00
1.62
 	 3:1(2:0)  
6263	26/09
21:45	 PSV Eindhoven
NEC Nijmegen	
–1.5
+1.5
1.75
2.05
3.5
2.15
1.70
1.19
7.00
14.00
1.02
1.10
4.75
2.5
1.0
2.00
3.10
1.83
1.37
 	 2:1(1:0)  
6264	27/09
13:30	 BV De Graafschap
Willem II	
0
0
2.30
1.62
2.5
1.85
1.95
3.20
3.50
2.20
1.67
1.30
1.35
1.0
1.5
1.77
2.15
2.05
1.70
 	 2:2(0:2)  
6265	27/09
15:30	 ADO Den Haag
Excelsior Rotterdam	
–1.0
+1.0
2.35
1.60
2.5
1.75
2.10
1.72
3.80
4.80
1.18
1.27
2.12
1.5
1.0
1.77
2.10
2.05
1.75
 	 3:3(1:1)  
6266	27/09
15:30	 Feyenoord
PEC Zwolle	
–1.5
+1.5
2.05
1.77
3.0
1.90
1.90
1.36
5.00
8.50
1.07
1.17
3.15
2.0
1.0
1.75
2.75
2.10
1.46
 	 2:0(0:0)  
6267	27/09
17:45	 Twente
Roda JC	
–1.0
+1.0
2.15
1.70
3.0
1.95
1.85
1.67
4.00
5.00
1.18
1.25
2.20
2.0
1.0
2.15
1.93
1.70
1.87
 	 2:1(2:0)  
7650	02/10
21:00	 Heracles Almelo
Heerenveen	
0
0
1.53
2.50
3.0
1.95
1.85
2.00
3.65
3.60
1.29
1.29
1.80
1.5
1.0
1.80
1.60
2.00
2.35
 	 2:0(1:0)  
7651	03/10
19:30	 NEC Nijmegen
ADO Den Haag	
0
0
1.55
2.45
2.5
1.85
1.95
2.10
3.45
3.50
1.31
1.31
1.75
1.5
1.0
2.05
1.85
1.77
1.95
 	 4:1(1:1)  
7652	03/10
20:45	 Willem II
PEC Zwolle	
0
0
1.57
2.35
2.5
1.80
2.00
2.15
3.50
3.30
1.33
1.30
1.70
1.5
1.0
2.05
1.77
1.77
2.05
 	 0:1(0:1)  
7653	03/10
20:45	 Roda JC
Cambuur Leeuwarden	
0
0
1.50
2.55
3.0
2.10
1.75
2.00
3.65
3.60
1.29
1.29
1.80
1.5
1.0
1.85
1.67
1.95
2.20
 	 1:1(0:1)  
7654	03/10
21:45	 Excelsior Rotterdam
Utrecht	
0
0
2.15
1.70
2.5
1.77
2.05
3.00
3.50
2.30
1.62
1.30
1.39
1.0
1.5
1.62
2.15
2.30
1.70
 	 1:0(0:0)  
7655	04/10
13:30	 BV De Graafschap
Feyenoord	
+1.5
–1.5
1.77
2.05
3.0
1.93
1.87
9.00
5.00
1.35
3.20
1.17
1.06
1.0
2.0
2.85
1.75
1.42
2.10
 	 1:2(1:0)  
7656	04/10
15:30	 Ajax
PSV Eindhoven	
0
0
1.48
2.65
2.5
1.70
2.15
1.95
3.70
3.70
1.28
1.28
1.85
1.5
1.0
1.87
1.77
1.93
2.05
 	 1:2(1:1)  
7657	04/10
15:30	 SBV Vitesse
FC Groningen	
–1.0
+1.0
1.93
1.87
3.0
1.93
1.87
1.55
4.25
5.75
1.14
1.22
2.45
2.0
1.0
2.00
2.12
1.80
1.72
 	 5:0(1:0), pass 2  
7658	04/10
17:45	 AZ Alkmaar
Twente	
0
0
1.62
2.30
3.0
1.97
1.83
2.20
3.55
3.15
1.36
1.30
1.67
1.5
1.5
1.87
2.30
1.93
1.60
 	 3:1(0:0)  
300	17/10
19:30	 FC Groningen
Willem II	
–1.0
+1.0
2.70
1.46
2.5
1.90
1.90
1.90
3.60
4.00
1.24
1.29
1.90
1.5
1.0
2.00
2.10
1.80
1.72
 	 2:1(1:0)  
301	17/10
19:30	 Cambuur Leeuwarden
AZ Alkmaar	
0
0
2.25
1.62
3.0
1.97
1.83
3.15
3.70
2.15
1.70
1.28
1.36
1.5
1.5
2.30
1.90
1.62
1.90
 	 1:1(0:1)  
302	17/10
20:45	 Heracles Almelo
Ajax	
+1.0
–1.0
1.53
2.50
3.0
2.05
1.77
4.05
3.75
1.85
1.95
1.27
1.24
1.0
1.5
1.77
1.75
2.05
2.10
 	 0:2(0:2)  
303	17/10
21:45	 PSV Eindhoven
Excelsior Rotterdam	
–2.0
+2.0
1.87
1.93
3.5
1.87
1.93
1.14
8.75
17.00
1.01
1.07
5.75
2.5
1.0
1.70
3.15
2.15
1.36
 	 1:1(0:0)  
304	17/10
21:45	 Utrecht
Roda JC	
–1.0
+1.0
2.05
1.77
3.0
2.05
1.77
1.58
4.20
5.50
1.15
1.23
2.40
2.0
1.0
2.15
2.15
1.70
1.70
 	 1:1(1:1)  
305	18/10
13:30	 Twente
NEC Nijmegen	
–1.0
+1.0
2.65
1.48
3.0
2.10
1.75
1.90
3.70
3.90
1.26
1.28
1.90
1.5
1.0
1.80
1.77
2.00
2.05
 	 1:0(0:0)  
306	18/10
15:30	 ADO Den Haag
BV De Graafschap	
–1.0
+1.0
1.95
1.85
3.0
2.05
1.77
1.55
4.20
6.00
1.13
1.23
2.45
2.0
1.0
2.10
2.25
1.75
1.65
 	 1:1(1:1)  
307	18/10
15:30	 Heerenveen
Feyenoord	
+1.0
–1.0
1.48
2.65
3.0
2.10
1.75
4.10
3.55
1.90
1.90
1.30
1.24
1.0
1.5
1.77
1.80
2.05
2.00
 	 2:5(0:5)  
308	18/10
17:45	 PEC Zwolle
SBV Vitesse	
0
0
2.15
1.70
3.0
2.05
1.77
3.05
3.55
2.25
1.65
1.29
1.38
1.5
1.5
2.30
1.97
1.62
1.83
 	 1:5(1:3)  
5936	23/10
21:00	 PEC Zwolle
Utrecht	
0
0
1.72
2.05
3.0
2.05
1.72
2.45
3.50
2.75
1.44
1.30
1.54
1.5
1.5
2.00
2.20
1.75
1.62
 	 1:2(1:1)  
5937	24/10
19:30	 Willem II
Heerenveen	
0
0
1.60
2.35
2.5
1.87
1.93
2.15
3.40
3.40
1.32
1.32
1.70
1.5
1.0
2.15
1.83
1.70
2.00
 	 2:2(1:0)  
5938	24/10
20:45	 BV De Graafschap
Heracles Almelo	
0
0
2.35
1.60
3.0
2.00
1.80
3.25
3.60
2.15
1.70
1.29
1.35
1.5
1.5
2.35
1.87
1.60
1.93
 	 0:1(0:0)  
5939	24/10
20:45	 Twente
PSV Eindhoven	
+1.0
–1.0
1.65
2.25
3.0
1.72
2.15
4.00
4.00
1.77
2.10
1.25
1.25
1.0
2.0
1.65
2.05
2.25
1.80
 	 1:3(0:0)  
5940	24/10
21:45	 Roda JC
Excelsior Rotterdam	
–1.0
+1.0
2.40
1.57
2.5
1.80
2.00
1.77
3.75
4.50
1.20
1.27
2.05
1.5
1.0
1.83
2.10
1.97
1.75
 	 1:2(1:1)  
5941	25/10
13:30	 Cambuur Leeuwarden
ADO Den Haag	
0
0
1.80
2.00
3.0
2.15
1.70
2.30
3.40
3.00
1.37
1.30
1.59
1.5
1.5
2.10
2.25
1.75
1.65
 	 1:1(0:0)  
5942	25/10
15:30	 SBV Vitesse
Ajax	
0
0
1.85
1.95
2.5
1.70
2.15
2.45
3.40
2.85
1.42
1.32
1.55
1.5
1.5
2.15
2.25
1.70
1.65
 	 1:3(0:0)  
5943	25/10
15:30	 NEC Nijmegen
FC Groningen	
0
0
1.67
2.20
2.5
1.85
1.95
2.25
3.50
3.10
1.37
1.30
1.65
1.5
1.0
2.20
1.70
1.67
2.15
 	 1:1(0:1)  
5944	25/10
17:45	 Feyenoord
AZ Alkmaar	
–1.5
+1.5
2.05
1.75
3.0
1.80
2.00
1.38
5.00
8.00
1.08
1.18
3.10
2.0
1.0
1.70
2.50
2.15
1.53
 	 3:1(1:1) 
9025	30/10
21:00	 Heracles Almelo
Willem II	
–1.0
+1.0
2.40
1.57
2.5
1.72
2.10
1.80
3.75
4.40
1.22
1.28
2.00
1.5
1.0
1.77
1.97
2.05
1.83
 	 2:1(2:0)  
9026	31/10
19:30	 FC Groningen
PEC Zwolle	
0
0
1.48
2.65
3.0
2.05
1.77
1.95
3.75
3.65
1.28
1.27
1.85
1.5
1.0
1.80
1.70
2.00
2.15
 	 2:0(2:0)  
9027	31/10
20:45	 Ajax
Roda JC	
–2.0
+2.0
2.12
1.72
3.0
1.80
2.00
1.20
6.50
15.00
1.01
1.11
4.55
2.5
1.0
2.00
4.00
1.80
1.23
 	 6:0(3:0)  
9028	31/10
20:45	 Excelsior Rotterdam
SBV Vitesse	
+1.0
–1.0
1.62
2.30
3.0
2.00
1.80
4.60
3.90
1.73
2.11
1.26
1.20
1.0
1.5
1.87
1.67
1.93
2.20
 	 0:3(0:1)  
9029	31/10
21:45	 BV De Graafschap
PSV Eindhoven	
+1.5
–1.5
1.93
1.87
3.5
2.00
1.80
8.75
5.50
1.32
3.40
1.15
1.06
1.0
2.5
2.40
2.00
1.57
1.80
 	 3:6(1:3)  
9030	01/11
13:30	 ADO Den Haag
Feyenoord	
+1.0
–1.0
1.65
2.25
3.0
2.12
1.72
4.75
3.95
1.70
2.15
1.25
1.19
1.0
1.5
2.00
1.70
1.80
2.15
 	 1:0(0:0)  
9031	01/11
15:30	 Utrecht
Twente	
0
0
1.50
2.60
3.0
2.00
1.80
1.95
3.70
3.70
1.28
1.28
1.85
1.5
1.0
1.80
1.67
2.00
2.20
 	 4:2(2:2)  
9032	01/11
15:30	 Heerenveen
Cambuur Leeuwarden	
–1.0
+1.0
2.20
1.67
3.0
1.95
1.85
1.70
3.95
4.75
1.19
1.25
2.15
2.0
1.0
2.20
1.87
1.67
1.93
 	 2:0(2:0)  
9033	01/11
17:45	 AZ Alkmaar
NEC Nijmegen	
–1.0
+1.0
2.45
1.55
2.5
1.70
2.15
1.80
3.75
4.35
1.22
1.27
2.00
1.5
1.0
1.77
1.95
2.05
1.85
 	 2:4(1:2)  
8760	06/11
21:00	 Roda JC
ADO Den Haag	
0
0
1.80
2.00
2.5
1.85
1.95
2.45
3.40
2.85
1.42
1.32
1.55
1.5
1.0
2.30
1.62
1.62
2.30
 	 1:1(1:1) 
8761	07/11
19:30	 Twente
Heerenveen	
0
0
1.53
2.50
3.0
1.97
1.83
2.00
3.70
3.55
1.30
1.28
1.80
1.5
1.0
1.80
1.62
2.00
2.30
 	 1:4(0:2)  
8762	07/11
20:45	 NEC Nijmegen
BV De Graafschap	
–1.0
+1.0
1.80
2.00
3.0
2.00
1.80
1.46
4.50
6.85
1.10
1.20
2.70
2.0
1.0
1.95
2.45
1.85
1.55
 	 2:0(1:0)  
8763	07/11
20:45	 Willem II
Excelsior Rotterdam	
–1.0
+1.0
2.50
1.53
2.5
1.80
2.00
1.80
3.70
4.40
1.21
1.28
2.00
1.5
1.0
1.85
2.10
1.95
1.75
 	 2:3(2:2)  
8764	07/11
21:45	 PEC Zwolle
Heracles Almelo	
0
0
1.67
2.20
3.0
1.95
1.85
2.20
3.60
3.10
1.37
1.29
1.67
1.5
1.5
1.90
2.25
1.90
1.65
 	 1:1(0:1)  
8765	08/11
13:30	 PSV Eindhoven
Utrecht	
–1.5
+1.5
1.85
1.95
3.5
1.97
1.83
1.28
5.85
10.00
1.05
1.13
3.70
2.5
1.0
1.95
2.35
1.85
1.60
 	 3:1(1:0)  
8766	08/11
15:30	 Cambuur Leeuwarden
FC Groningen	
0
0
1.90
1.90
2.5
1.77
2.05
2.60
3.55
2.60
1.50
1.30
1.50
1.5
1.5
2.30
2.30
1.62
1.62
 	 2:2(2:0)  
8767	08/11
15:30	 Feyenoord
Ajax	
0
0
1.65
2.25
2.5
1.85
1.95
2.25
3.45
3.15
1.36
1.31
1.65
1.5
1.0
2.15
1.75
1.70
2.10
 	 1:1(1:0)  
8768	08/11
17:45	 SBV Vitesse
AZ Alkmaar	
–1.0
+1.0
1.77
2.05
3.5
2.15
1.70
1.48
4.60
6.35
1.12
1.20
2.65
2.0
1.0
1.77
2.00
2.05
1.80
 	 0:2(0:0)  
436	21/11
19:30	 AZ Alkmaar
Heerenveen	
–1.0
+1.0
2.20
1.67
3.0
1.85
1.95
1.70
4.00
4.75
1.19
1.25
2.15
2.0
1.0
2.15
1.80
1.70
2.00
 	 3:1(2:1)  
437	21/11
19:30	 Roda JC
PEC Zwolle	
0
0
2.00
1.80
2.5
1.75
2.10
2.85
3.40
2.45
1.55
1.32
1.42
1.5
1.5
2.30
2.20
1.60
1.67
 	 0:5(0:2)  
438	21/11
20:45	 Ajax
Cambuur Leeuwarden	
–2.0
+2.0
1.80
2.00
3.5
2.00
1.80
1.15
8.00
17.00
1.01
1.08
5.50
2.5
1.0
1.75
4.00
2.10
1.23
 	 5:1(4:1)  
439	21/11
21:45	 Willem II
PSV Eindhoven	
+1.5
–1.5
1.72
2.12
3.0
1.77
2.05
7.50
4.95
1.40
3.00
1.18
1.09
1.0
2.0
2.35
1.70
1.60
2.15
 	 2:2(0:1)  
440	21/11
21:45	 BV De Graafschap
FC Groningen	
0
0
2.05
1.77
2.5
1.72
2.10
2.90
3.45
2.40
1.58
1.31
1.42
1.5
1.5
2.35
2.15
1.60
1.70
 	 1:2(0:1)  
441	22/11
13:30	 Heracles Almelo
Excelsior Rotterdam	
–1.0
+1.0
2.10
1.75
3.0
1.93
1.87
1.62
4.10
5.25
1.22
1.22
2.25
2.0
1.0
2.15
1.95
1.70
1.85
 	 0:0(0:0)  
442	22/11
15:30	 NEC Nijmegen
Utrecht	
0
0
1.70
2.15
2.5
1.80
2.00
2.30
3.45
3.05
1.38
1.31
1.62
1.5
1.0
2.15
1.65
1.70
2.25
 	 1:0(0:0)  
443	22/11
15:30	 Feyenoord
Twente	
–1.5
+1.5
1.93
1.87
3.5
2.15
1.70
1.31
5.50
9.50
1.06
1.15
3.50
2.5
1.0
2.12
2.55
1.72
1.50
 	 5:0(2:0)  
444	22/11
17:45	 ADO Den Haag
SBV Vitesse	
0
0
2.45
1.55
3.0
2.00
1.80
3.40
3.70
2.05
1.77
1.28
1.32
1.0
1.5
1.62
1.85
2.30
1.95
 	 2:2(1:2)  
9463	27/11
21:00	 Cambuur Leeuwarden
BV De Graafschap	
–1.0
+1.0
2.40
1.57
3.0
2.00
1.80
1.80
3.85
4.20
1.23
1.26
2.00
1.5
1.0
1.70
1.80
2.15
2.00
 	 2:3(1:2)  
9464	28/11
19:30	 Heerenveen
Roda JC	
–1.0
+1.0
2.10
1.75
3.0
2.12
1.72
1.60
4.10
5.50
1.15
1.24
2.35
2.0
1.0
2.25
2.15
1.65
1.70
 	 3:0(2:0)  
9465	28/11
20:45	 Excelsior Rotterdam
Feyenoord	
+1.0
–1.0
1.95
1.85
3.0
2.10
1.75
6.50
4.40
1.49
2.60
1.21
1.11
1.0
2.0
2.45
2.05
1.55
1.77
 	 2:4(1:2)  
9471	28/11
21:45	 Twente
Willem II	
0
0
1.60
2.35
2.5
1.70
2.15
2.10
3.35
3.60
1.29
1.33
1.75
1.5
1.0
1.95
1.65
1.85
2.25
 	 1:3(1:3)  
9466	29/11
13:30	 SBV Vitesse
NEC Nijmegen	
–1.0
+1.0
1.95
1.85
3.0
1.95
1.85
1.55
4.25
5.75
1.14
1.22
2.45
2.0
1.0
2.05
2.12
1.77
1.72
 	 1:0(0:0)  
9467	29/11
15:30	 FC Groningen
ADO Den Haag	
0
0
1.57
2.40
2.5
1.77
2.05
2.05
3.55
3.55
1.30
1.30
1.77
1.5
1.0
2.00
1.75
1.80
2.10
 	 2:1(0:1)  
9468	29/11
15:30	 PEC Zwolle
Ajax	
+1.0
–1.0
1.60
2.30
3.0
2.15
1.70
4.50
3.85
1.75
2.10
1.26
1.20
1.0
1.5
1.97
1.72
1.83
2.10
 	 0:2(0:1)  
9469	29/11
15:30	 Utrecht
Heracles Almelo	
–1.0
+1.0
2.65
1.48
3.0
1.97
1.83
1.90
3.75
3.85
1.26
1.27
1.90
1.5
1.0
1.77
1.67
2.05
2.20
 	 4:2(0:1)  
9470	29/11
17:45	 PSV Eindhoven
AZ Alkmaar	
–1.5
+1.5
1.93
1.87
3.5
1.80
2.00
1.34
5.10
9.00
1.06
1.17
3.25
2.5
1.0
1.90
1.90
1.90
1.90
 	 3:0(3:0)  
4489	04/12
21:00	 AZ Alkmaar
ADO Den Haag	
–1.0
+1.0
2.30
1.62
3.0
1.80
2.00
1.72
4.00
4.50
1.20
1.24
2.12
2.0
1.0
2.15
1.70
1.70
2.15
 	 0:1(0:1)  
4490	05/12
19:30	 Excelsior Rotterdam
Twente	
0
0
1.57
2.40
3.0
2.00
1.80
2.05
3.70
3.40
1.32
1.28
1.77
1.5
1.0
1.87
1.60
1.93
2.35
 	 1:1(1:0)  
4491	05/12
20:45	 SBV Vitesse
PSV Eindhoven	
0
0
2.35
1.60
3.0
1.83
1.97
3.25
3.75
2.10
1.75
1.28
1.35
1.5
1.5
2.25
1.77
1.65
2.05
 	 0:1(0:0)  
4492	05/12
20:45	 BV De Graafschap
Utrecht	
0
0
2.45
1.55
3.0
1.95
1.85
3.40
3.70
2.05
1.77
1.28
1.32
1.0
1.5
1.57
1.80
2.40
2.00
 	 0:1(0:1)  
4493	05/12
21:45	 Ajax
Heerenveen	
–1.5
+1.5
1.77
2.05
3.5
2.10
1.75
1.25
6.00
11.50
1.03
1.13
4.00
2.5
1.0
2.00
2.95
1.80
1.40
 	 5:2(3:0)  
4494	06/12
13:30	 Willem II
Cambuur Leeuwarden	
–1.0
+1.0
2.30
1.62
3.0
2.15
1.70
1.72
3.85
4.75
1.19
1.26
2.12
1.5
1.0
1.72
2.00
2.12
1.80
 	 3:0(1:0)  
4495	06/12
15:30	 NEC Nijmegen
PEC Zwolle	
0
0
1.48
2.65
2.5
1.80
2.00
2.00
3.60
3.60
1.29
1.29
1.80
1.5
1.0
1.95
1.90
1.85
1.90
 	 2:2(0:2)  
4496	06/12
15:30	 Feyenoord
Heracles Almelo	
–1.5
+1.5
1.83
2.00
3.5
2.05
1.77
1.30
5.50
10.00
1.05
1.15
3.55
2.5
1.0
1.97
2.60
1.83
1.50
 	 3:0(1:0)  
4497	06/12
17:45	 Roda JC
FC Groningen	
0
0
1.97
1.83
2.5
1.80
2.00
2.75
3.55
2.45
1.55
1.30
1.45
1.0
1.5
1.60
2.30
2.35
1.62
 	 0:0(0:0)  
5485	11/12
21:00	 Heerenveen
Excelsior Rotterdam	
–1.0
+1.0
2.25
1.62
3.0
1.97
1.83
1.70
3.95
4.80
1.19
1.26
2.17
1.5
1.0
1.67
1.87
2.20
1.93
 	 2:1(1:0)  
5486	12/12
19:30	 ADO Den Haag
Willem II	
0
0
1.53
2.50
2.5
1.90
1.90
2.05
3.50
3.60
1.29
1.31
1.77
1.5
1.0
2.10
1.90
1.75
1.90
 	 1:1(1:0)  
5487	12/12
20:45	 Cambuur Leeuwarden
NEC Nijmegen	
0
0
2.15
1.70
2.5
1.85
1.95
3.05
3.45
2.30
1.62
1.31
1.38
1.0
1.5
1.70
2.20
2.15
1.67
 	 3:1(1:1)  
5488	12/12
20:45	 PSV Eindhoven
Roda JC	
–2.5
+2.5
1.80
2.00
4.0
2.00
1.80
1.10
10.50
21.00
 	
1.05
7.00
3.5
1.0
2.15
4.30
1.70
1.22
 	 1:1(0:0)  
5489	12/12
21:45	 Twente
BV De Graafschap	
–1.0
+1.0
2.25
1.65
3.0
1.80
2.00
1.72
4.05
4.45
1.21
1.24
2.12
2.0
1.0
2.15
1.72
1.70
2.12
 	 2:1(1:1)  
5490	13/12
13:30	 Utrecht
Ajax	
+1.0
–1.0
1.57
2.45
3.0
2.00
1.80
4.25
3.80
1.80
2.00
1.26
1.22
1.0
1.5
1.80
1.72
2.00
2.12
 	 1:0(0:0)  
5491	13/12
15:30	 FC Groningen
Feyenoord	
+1.0
–1.0
1.62
2.30
2.5
1.72
2.12
4.65
3.90
1.72
2.12
1.26
1.19
1.0
1.5
2.05
1.75
1.77
2.10
 	 1:1(1:0)  
5492	13/12
15:30	 PEC Zwolle
AZ Alkmaar	
0
0
1.72
2.12
3.0
1.93
1.87
2.35
3.70
2.80
1.44
1.28
1.60
1.5
1.5
1.93
2.15
1.87
1.70
 	 2:1(2:0)  
5493	13/12
17:45	 Heracles Almelo
SBV Vitesse	
0
0
2.15
1.70
3.0
1.95
1.85
2.95
3.60
2.30
1.62
1.29
1.40
1.5
1.5
2.20
1.93
1.67
1.87
 	 1:1(0:0)  
5964	18/12
21:00	 SBV Vitesse
Twente	
–1.5
+1.5
2.15
1.70
3.0
1.75
2.10
1.44
4.85
6.75
1.11
1.19
2.82
2.0
1.0
1.72
2.25
2.10
1.65
 	 5:1(2:1)  
5965	19/12
19:30	 AZ Alkmaar
Utrecht	
0
0
1.70
2.15
3.0
2.10
1.75
2.30
3.55
3.00
1.40
1.30
1.62
1.5
1.5
2.00
2.30
1.80
1.62
 	 2:2(1:0)  
5966	19/12
20:45	 PSV Eindhoven
PEC Zwolle	
–2.0
+2.0
2.00
1.80
3.5
1.93
1.87
1.23
6.50
11.00
1.04
1.11
4.30
2.5
1.0
1.77
3.00
2.05
1.40
 	 3:2(2:2)  
5967	19/12
21:45	 Heracles Almelo
FC Groningen	
0
0
1.55
2.45
2.5
1.75
2.10
2.05
3.60
3.50
1.31
1.29
1.77
1.5
1.0
1.97
1.75
1.83
2.10
 	 2:1(1:1)  
5968	20/12
13:30	 Excelsior Rotterdam
Cambuur Leeuwarden	
0
0
1.48
2.65
3.0
2.15
1.70
1.93
3.70
3.80
1.27
1.28
1.87
1.5
1.0
1.85
1.75
1.95
2.10
 	 1:4(0:1)  
5969	20/12
15:30	 Willem II
Roda JC	
–1.0
+1.0
2.15
1.70
2.5
1.97
1.83
1.62
3.80
5.75
1.14
1.26
2.30
1.5
1.0
1.85
2.80
1.97
1.44
 	 3:2(2:1)  
5970	20/12
15:30	 NEC Nijmegen
Feyenoord	
+1.0
–1.0
1.57
2.40
2.5
1.70
2.15
4.50
3.80
1.77
2.05
1.27
1.21
1.0
1.5
1.97
1.77
1.83
2.05
 	 3:1(0:1)  
5971	20/12
15:30	 Heerenveen
ADO Den Haag	
–1.0
+1.0
2.60
1.50
3.0
2.00
1.80
1.87
3.75
4.00
1.25
1.27
1.93
1.5
1.0
1.75
1.72
2.10
2.12
 	 0:4(0:1)  
5972	20/12
17:45	 Ajax
BV De Graafschap	
–2.5
+2.5
1.97
1.83
3.5
1.93
1.87
1.11
9.50
22.00
 	
1.06
6.60
3.0
1.0
1.97
5.50
1.83
1.14
 	 2:1(1:1)  
5549	15/01
21:00	 Twente
Heracles Almelo	
0
0
1.75
2.10
3.0
2.00
1.80
2.30
3.60
2.95
1.40
1.29
1.62
1.5
1.5
1.97
2.25
1.83
1.65
 	 4:0(2:0)  
5550	16/01
19:30	 Cambuur Leeuwarden
SBV Vitesse	
+1.0
–1.0
1.57
2.40
3.0
1.95
1.85
4.20
3.85
1.80
2.00
1.26
1.23
1.0
1.5
1.75
1.70
2.05
2.15
 	 0:2(0:0)  
5551	16/01
20:45	 PEC Zwolle
Heerenveen	
0
0
1.62
2.30
3.0
1.90
1.90
2.10
3.50
3.45
1.31
1.31
1.75
1.5
1.5
1.83
2.30
1.97
1.62
 	 5:2(2:0)  
5552	16/01
20:45	 Roda JC
AZ Alkmaar	
0
0
2.25
1.65
2.5
1.70
2.15
3.10
3.50
2.25
1.67
1.27
1.42
1.0
1.5
1.60
2.05
2.35
1.77
 	 0:1(0:1)  
5553	16/01
21:45	 BV De Graafschap
Excelsior Rotterdam	
0
0
1.67
2.20
3.0
2.05
1.77
2.25
3.60
2.95
1.40
1.30
1.65
1.5
1.5
1.95
2.30
1.85
1.62
 	 2:0(0:0)  
5554	17/01
13:30	 ADO Den Haag
Ajax	
+1.0
–1.0
1.72
2.10
2.5
1.75
2.05
5.50
3.90
1.62
2.25
1.27
1.15
1.0
1.5
2.35
1.70
1.60
2.15
 	 0:1(0:1)  
5555	17/01
15:30	 FC Groningen
Utrecht	
0
0
1.70
2.15
2.5
1.72
2.12
2.30
3.60
2.95
1.40
1.29
1.62
1.5
1.5
2.12
2.35
1.72
1.57
 	 1:4(1:1)  
5556	17/01
15:30	 Feyenoord
PSV Eindhoven	
0
0
1.77
2.05
2.5
1.70
2.15
2.50
3.30
2.85
1.42
1.33
1.53
1.5
1.5
2.10
2.35
1.75
1.60
 	 0:2(0:0)  
5557	17/01
17:45	 NEC Nijmegen
Willem II	
0
0
1.50
2.55
2.5
1.90
1.90
2.08
3.45
3.55
1.30
1.31
1.75
1.5
1.0
2.10
1.90
1.72
1.90
 	 1:0(1:0)  
1614	22/01
21:00	 FC Groningen
NEC Nijmegen	
0
0
1.55
2.50
2.5
1.87
1.93
2.10
3.50
3.45
1.31
1.31
1.75
1.5
1.0
2.05
1.87
1.75
1.93
 	 0:0(0:0)  
1615	23/01
19:30	 Heracles Almelo
BV De Graafschap	
–1.0
+1.0
2.05
1.77
3.0
1.97
1.83
1.60
4.25
5.25
1.16
1.23
2.35
2.0
1.0
2.15
2.05
1.70
1.77
 	 2:1(1:0)  
1616	23/01
20:45	 Ajax
SBV Vitesse	
–1.0
+1.0
2.35
1.60
3.0
2.12
1.72
1.75
3.90
4.50
1.21
1.26
2.10
1.5
1.0
1.72
1.95
2.12
1.85
 	 1:0(1:0)  
1617	23/01
20:45	 Excelsior Rotterdam
Roda JC	
0
0
1.47
2.65
2.5
1.83
1.97
1.93
3.55
3.95
1.25
1.30
1.87
1.5
1.0
1.97
1.93
1.83
1.87
 	 0:1(0:0)  
1618	23/01
21:45	 Heerenveen
Willem II	
0
0
1.55
2.45
2.5
1.77
2.05
2.05
3.55
3.55
1.30
1.30
1.77
1.5
1.0
1.97
1.75
1.83
2.10
 	 3:1(0:1)  
1619	24/01
13:30	 AZ Alkmaar
Feyenoord	
+1.0
–1.0
1.50
2.60
3.0
2.12
1.72
4.00
3.75
1.87
1.93
1.27
1.25
1.0
1.5
1.80
1.80
2.00
2.00
 	 4:2(2:1)  
1620	24/01
15:30	 PSV Eindhoven
Twente	
–2.0
+2.0
1.95
1.85
3.5
1.77
2.05
1.19
7.50
13.00
1.03
1.09
4.75
3.0
1.0
2.15
2.55
1.70
1.53
 	 4:2(3:1)  
1621	24/01
15:30	 Utrecht
PEC Zwolle	
–1.0
+1.0
2.30
1.62
3.0
2.00
1.80
1.70
3.85
4.85
1.18
1.26
2.15
2.0
1.0
2.25
1.90
1.65
1.90
 	 1:0(0:0)  
1622	24/01
17:45	 ADO Den Haag
Cambuur Leeuwarden	
–1.0
+1.0
2.15
1.70
2.5
1.75
2.10
1.67
3.95
5.00
1.17
1.25
2.20
1.5
1.0
1.70
2.25
2.15
1.65
 	 2:1(0:1)  
2093	26/01
19:30	 Willem II
FC Groningen	
0
0
1.48
2.65
2.5
1.95
1.87
2.00
3.50
3.85
1.27
1.32
1.80
1.5
1.0
2.05
2.05
1.75
1.77
 	 1:1(1:0)  
2952	26/01
21:45	 Ajax
Heracles Almelo	
–1.5
+1.5
1.80
2.00
3.0
1.77
2.05
1.28
5.75
10.50
1.05
1.14
3.75
2.5
1.0
2.10
3.10
1.75
1.37
 	 0:0(0:0)  
2969	27/01
19:30	 AZ Alkmaar
Cambuur Leeuwarden	
–1.0
+1.0
1.75
2.10
3.0
1.83
1.97
1.45
4.75
6.75
1.11
1.19
2.80
2.0
1.0
1.80
2.25
2.00
1.65
 	 3:1(3:0)  
2970	27/01
19:30	 NEC Nijmegen
Twente	
0
0
1.50
2.60
3.0
2.15
1.70
2.00
3.65
3.65
1.29
1.29
1.80
1.5
1.0
1.87
1.72
1.93
2.12
 	 2:0(0:0)  
2972	27/01
20:45	 BV De Graafschap
ADO Den Haag	
0
0
2.35
1.60
2.5
1.72
2.10
3.30
3.55
2.15
1.70
1.30
1.35
1.0
1.5
1.67
2.00
2.20
1.83
 	 3:1(0:1)  
2974	27/01
21:45	 Excelsior Rotterdam
PSV Eindhoven	
+1.5
–1.5
1.85
1.95
3.0
1.72
2.15
8.00
5.40
1.35
3.20
1.16
1.08
1.0
2.5
2.55
2.15
1.53
1.70
 	 1:3(0:1)  
2975	27/01
21:45	 SBV Vitesse
PEC Zwolle	
–1.0
+1.0
1.80
2.00
3.0
1.77
2.05
1.52
4.50
5.80
1.14
1.20
2.52
2.0
1.0
1.80
2.00
2.00
1.80
 	 1:1(0:0)  
3017	28/01
19:30	 Roda JC
Utrecht	
0
0
2.50
1.53
3.0
2.15
1.70
3.50
3.65
2.05
1.77
1.29
1.31
1.0
1.5
1.70
1.90
2.15
1.90
 	 1:0(0:0)  
3018	28/01
21:45	 Feyenoord
Heerenveen	
–1.5
+1.5
2.00
1.80
3.5
2.15
1.70
1.40
5.00
7.00
1.10
1.17
3.05
2.5
1.0
2.15
2.35
1.70
1.60
 	 1:2(0:1)
6371	29/01
21:00	 Willem II
Heracles Almelo	
–1.0
+1.0
2.65
1.48
2.5
1.83
2.00
1.87
3.65
4.10
1.24
1.28
1.93
1.5
1.0
1.90
2.00
1.90
1.80
 	 0:0(0:0)  
6657	30/01
19:30	 SBV Vitesse
Excelsior Rotterdam	
–1.5
+1.5
1.95
1.85
3.0
1.72
2.12
1.33
5.35
8.75
1.07
1.15
3.30
2.5
1.0
2.15
2.60
1.70
1.50
 	 0:0(0:0)  
6658	30/01
20:45	 PEC Zwolle
FC Groningen	
–1.0
+1.0
2.65
1.48
2.5
1.75
2.10
1.90
3.50
4.15
1.23
1.30
1.90
1.5
1.0
1.87
1.87
1.93
1.93
 	 1:3(0:1)  
6659	30/01
20:45	 PSV Eindhoven
BV De Graafschap	
–2.5
+2.5
1.85
1.95
4.0
2.00
1.80
1.06
13.75
27.00
 	
1.02
9.00
3.0
1.0
1.72
4.00
2.15
1.23
 	 4:2(3:0)  
6660	30/01
21:45	 NEC Nijmegen
AZ Alkmaar	
0
0
1.93
1.87
2.5
1.75
2.10
2.65
3.50
2.55
1.51
1.30
1.48
1.5
1.5
2.25
2.25
1.62
1.65
 	 0:3(0:2)  
7647	31/01
13:30	 Roda JC
Ajax	
+1.0
–1.0
2.15
1.72
2.5
1.75
2.10
7.50
4.55
1.43
2.85
1.20
1.09
1.0
2.0
3.05
2.05
1.38
1.77
 	 2:2(1:2)  
7646	31/01
15:30	 Cambuur Leeuwarden
Heerenveen	
0
0
2.05
1.75
3.0
2.05
1.77
2.90
3.55
2.35
1.60
1.30
1.41
1.5
1.5
2.25
2.05
1.65
1.77
 	 0:1(0:0)  
7648	31/01
17:45	 Twente
Utrecht	
0
0
1.93
1.87
3.0
1.97
1.83
2.70
3.50
2.55
1.52
1.31
1.48
1.5
1.5
2.10
2.05
1.75
1.77
 	 3:1(3:0) 
6488	05/02
21:00	 Excelsior Rotterdam
Willem II	
0
0
1.87
1.93
2.5
1.95
1.85
2.60
3.35
2.70
1.46
1.32
1.50
1.0
1.0
1.62
1.67
2.30
2.20
 	 0:0(0:0) 
6489	06/02
19:30	 ADO Den Haag
Roda JC	
–1.0
+1.0
2.15
1.70
2.5
1.97
1.83
1.65
3.80
5.50
1.15
1.27
2.25
1.5
1.0
1.83
2.85
1.97
1.42
 	 2:2(1:1)  
6490	06/02
20:45	 AZ Alkmaar
SBV Vitesse	
0
0
1.75
2.10
3.0
2.12
1.72
2.35
3.35
3.05
1.38
1.33
1.60
1.5
1.5
2.05
2.30
1.77
1.62
 	 1:0(0:0)  
6491	06/02
20:45	 Heerenveen
Twente	
–1.0
+1.0
2.50
1.53
3.0
1.90
1.90
1.85
3.85
4.00
1.25
1.27
1.95
1.5
1.0
1.70
1.67
2.15
2.20
 	 1:3(1:1)  
6551	06/02
21:45	 Heracles Almelo
PEC Zwolle	
0
0
1.57
2.40
3.0
2.15
1.70
2.10
3.60
3.35
1.33
1.29
1.75
1.5
1.0
1.93
1.65
1.87
2.25
 	 2:0(0:0)  
6552	07/02
13:30	 Ajax
Feyenoord	
–1.0
+1.0
2.20
1.67
2.5
1.87
1.93
1.65
3.85
5.50
1.16
1.27
2.25
1.5
1.0
1.80
2.50
2.00
1.53
 	 2:1(1:1)  
6553	07/02
15:30	 FC Groningen
Cambuur Leeuwarden	
–1.0
+1.0
2.15
1.70
2.5
1.75
2.10
1.65
3.95
5.25
1.16
1.26
2.25
1.5
1.0
1.70
2.30
2.15
1.62
 	 2:0(1:0)  
6554	07/02
15:30	 BV De Graafschap
NEC Nijmegen	
0
0
1.97
1.83
2.5
1.87
1.93
2.75
3.40
2.55
1.52
1.32
1.46
1.0
1.5
1.62
2.35
2.30
1.60
 	 1:1(1:0)  
6555	07/02
17:45	 Utrecht
PSV Eindhoven	
+1.0
–1.0
1.62
2.25
3.0
1.83
1.97
4.50
4.00
1.72
2.12
1.24
1.20
1.0
2.0
1.75
2.15
2.10
1.70
 	 0:2(0:2)  
4838	12/02
21:00	 Cambuur Leeuwarden
Utrecht	
+1.0
–1.0
1.53
2.55
3.0
2.05
1.77
4.25
3.80
1.80
2.00
1.26
1.22
1.0
1.5
1.80
1.72
2.00
2.10
 	 0:2(0:0)  
4839	13/02
19:30	 Heracles Almelo
AZ Alkmaar	
0
0
2.05
1.77
2.5
1.77
2.05
2.85
3.30
2.50
1.53
1.33
1.42
1.0
1.5
1.57
2.20
2.40
1.67
 	 3:6(1:3)  
4840	13/02
20:45	 Willem II
BV De Graafschap	
–1.0
+1.0
2.15
1.70
2.5
1.80
2.00
1.65
3.90
5.25
1.16
1.26
2.25
1.5
1.0
1.75
2.35
2.05
1.57
 	 0:0(0:0)  
4841	13/02
20:45	 Roda JC
Twente	
0
0
1.80
2.00
2.5
1.77
2.05
2.50
3.45
2.80
1.45
1.32
1.55
1.5
1.5
2.20
2.35
1.67
1.57
 	 0:1(0:0)  
4842	13/02
21:45	 SBV Vitesse
Heerenveen	
–1.0
+1.0
2.10
1.75
3.0
1.87
1.93
1.65
4.05
5.00
1.17
1.24
2.25
2.0
1.0
2.05
1.90
1.77
1.90
 	 3:0(2:0)  
4843	14/02
13:30	 FC Groningen
Ajax	
+1.0
–1.0
1.57
2.40
2.5
1.83
1.97
4.50
3.75
1.77
2.05
1.27
1.20
1.0
1.5
2.15
1.85
1.70
1.95
 	 1:2(0:0)  
4844	14/02
15:30	 PEC Zwolle
Feyenoord	
0
0
2.55
1.53
3.0
2.05
1.77
3.55
3.75
2.00
1.80
1.28
1.30
1.0
1.5
1.67
1.85
2.20
1.95
 	 3:1(1:1)  
4845	14/02
15:30	 Excelsior Rotterdam
ADO Den Haag	
0
0
1.90
1.90
2.5
1.97
1.83
2.65
3.35
2.65
1.48
1.32
1.48
1.0
1.0
1.65
1.65
2.25
2.25
 	 2:4(1:1)  
4846	14/02
17:45	 NEC Nijmegen
PSV Eindhoven	
+1.0
–1.0
1.83
1.97
3.0
2.15
1.70
6.00
4.15
1.55
2.45
1.23
1.13
1.0
2.0
2.35
2.20
1.60
1.67
 	 0:3(0:1)  
7269	19/02
21:00	 ADO Den Haag
PEC Zwolle	
0
0
1.50
2.60
2.5
1.70
2.15
1.97
3.60
3.75
1.27
1.29
1.83
1.5
1.0
1.90
1.75
1.90
2.05
 	 0:2(0:1)  
7270	20/02
19:30	 AZ Alkmaar
FC Groningen	
–1.0
+1.0
1.87
1.93
3.0
1.93
1.87
1.50
4.40
6.25
1.12
1.21
2.60
2.0
1.0
1.97
2.20
1.83
1.67
 	 4:1(2:0)  
7271	20/02
20:45	 PSV Eindhoven
Heracles Almelo	
–1.5
+1.5
1.72
2.12
3.5
2.05
1.75
1.25
6.25
11.00
1.04
1.12
4.00
2.5
1.0
1.93
2.60
1.87
1.50
 	 2:0(2:0)  
7272	20/02
20:45	 Heerenveen
NEC Nijmegen	
–1.0
+1.0
2.30
1.62
3.0
2.12
1.72
1.75
3.85
4.50
1.20
1.26
2.10
1.5
1.0
1.72
1.97
2.12
1.83
 	 1:1(1:0)  
7273	20/02
21:45	 Twente
Cambuur Leeuwarden	
–1.0
+1.0
1.85
1.95
3.0
1.83
1.97
1.50
4.50
6.00
1.12
1.20
2.60
2.0
1.0
1.90
2.12
1.90
1.72
 	 3:0(2:0)  
7286	21/02
13:30	 BV De Graafschap
SBV Vitesse	
+1.0
–1.0
1.60
2.35
3.0
2.12
1.72
4.40
3.90
1.75
2.10
1.25
1.21
1.0
1.5
1.93
1.72
1.87
2.12
 	 2:2(1:1)  
7285	21/02
15:30	 Ajax
Excelsior Rotterdam	
–2.0
+2.0
1.93
1.87
3.0
1.83
1.97
1.16
7.50
18.50
 	
1.09
5.33
2.5
1.0
1.93
5.50
1.87
1.16
 	 3:0(1:0)  
7284	21/02
15:30	 Utrecht
Willem II	
–1.0
+1.0
2.20
1.70
2.5
1.83
1.97
1.65
3.95
5.25
1.16
1.26
2.25
1.5
1.0
1.77
2.40
2.05
1.57
 	 2:1(1:0)  
7287	21/02
17:45	 Feyenoord
Roda JC	
–1.0
+1.0
1.80
2.00
3.0
2.05
1.77
1.47
4.50
6.50
1.11
1.22
2.75
2.0
1.0
1.95
2.45
1.85
1.55
 	 1:1(1:0)  
1427	26/02
21:00	 Excelsior Rotterdam
NEC Nijmegen	
0
0
1.72
2.10
2.5
1.80
2.00
2.35
3.45
2.95
1.40
1.31
1.59
1.5
1.0
2.15
1.65
1.70
2.25
 	 2:0(1:0)  
1435	27/02
19:30	 Twente
FC Groningen	
–1.0
+1.0
2.20
1.67
3.0
2.00
1.80
1.70
4.00
4.75
1.19
1.25
2.15
2.0
1.0
2.25
1.95
1.65
1.85
 	 2:0(1:0)  
1429	27/02
20:45	 Cambuur Leeuwarden
PEC Zwolle	
0
0
2.35
1.60
3.0
1.90
1.90
3.20
3.70
2.12
1.72
1.28
1.35
1.5
1.5
2.30
1.83
1.62
1.97
 	 1:0(0:0)  
1430	27/02
20:45	 PSV Eindhoven
ADO Den Haag	
–1.5
+1.5
1.77
2.05
3.0
1.70
2.15
1.27
6.00
10.50
1.05
1.13
3.80
2.5
1.0
2.00
3.15
1.80
1.36
 	 2:0(0:0)  
1428	27/02
21:45	 SBV Vitesse
Willem II	
–1.0
+1.0
1.87
1.93
2.5
1.87
1.93
1.50
4.25
6.75
1.11
1.23
2.60
1.5
1.0
1.67
3.10
2.20
1.37
 	 0:1(0:0)  
1434	28/02
13:30	 Heracles Almelo
Roda JC	
0
0
1.45
2.75
2.5
2.00
1.80
2.00
3.45
3.80
1.27
1.32
1.83
1.5
1.0
2.10
2.15
1.75
1.70
 	 0:5(0:2)  
1432	28/02
15:30	 BV De Graafschap
Heerenveen	
0
0
2.25
1.65
3.0
2.00
1.80
3.10
3.65
2.20
1.67
1.29
1.37
1.5
1.5
2.30
1.90
1.62
1.90
 	 0:1(0:0)  
1433	28/02
15:30	 Utrecht
Feyenoord	
0
0
1.67
2.20
2.5
1.77
2.05
2.25
3.50
3.10
1.37
1.30
1.65
1.5
1.0
2.10
1.65
1.75
2.25
 	 1:2(1:2)  
1431	28/02
17:45	 Ajax
AZ Alkmaar	
–1.0
+1.0
2.25
1.65
2.5
1.70
2.15
1.70
3.95
4.85
1.19
1.26
2.15
1.5
1.0
1.75
2.05
2.10
1.77
 	 4:1(2:0)  
6653	04/03
21:00	 ADO Den Haag
Twente	
0
0
1.87
1.93
2.5
1.77
2.05
2.60
3.45
2.65
1.48
1.31
1.50
1.5
1.5
2.25
2.30
1.65
1.62
 	 2:1(1:0)  
6654	05/03
19:30	 PEC Zwolle
BV De Graafschap	
–1.0
+1.0
2.10
1.75
3.0
2.00
1.80
1.62
4.10
5.25
1.16
1.24
2.30
2.0
1.0
2.15
2.00
1.70
1.80
 	 2:1(2:0)  
6655	05/03
20:45	 FC Groningen
PSV Eindhoven	
+1.0
–1.0
1.87
1.93
3.0
2.10
1.75
6.25
4.25
1.53
2.50
1.23
1.13
1.0
2.0
2.35
2.15
1.57
1.70
 	 0:3(0:1)  
6656	05/03
21:45	 Heerenveen
Utrecht	
0
0
1.80
2.05
3.0
2.15
1.70
2.40
3.50
2.85
1.42
1.30
1.57
1.5
1.5
2.10
2.25
1.75
1.62
 	 0:4(0:1)  
6657	06/03
13:30	 NEC Nijmegen
Heracles Almelo	
0
0
1.48
2.65
2.5
1.83
1.97
2.00
3.50
3.75
1.27
1.30
1.80
1.5
1.0
1.97
1.90
1.83
1.90
 	 1:0(0:0)  
6658	06/03
15:30	 AZ Alkmaar
Excelsior Rotterdam	
–1.5
+1.5
2.10
1.75
3.0
1.80
2.00
1.38
5.00
7.75
1.08
1.17
3.05
2.0
1.0
1.70
2.45
2.15
1.55
 	 2:0(0:0)  
6659	06/03
15:30	 Willem II
Ajax	
+1.0
–1.0
1.57
2.45
2.5
1.90
1.90
4.75
3.75
1.75
2.10
1.28
1.19
1.0
1.5
2.30
1.90
1.62
1.90
 	 0:4(0:1)  
6660	06/03
15:30	 Roda JC
SBV Vitesse	
0
0
2.25
1.65
2.5
1.95
1.85
3.10
3.40
2.27
1.65
1.32
1.37
1.0
1.5
1.77
2.25
2.05
1.65
 	 1:2(0:1)  
6661	06/03
17:45	 Feyenoord
Cambuur Leeuwarden	
–1.5
+1.5
1.95
1.85
3.0
1.77
2.05
1.34
5.45
8.00
1.08
1.15
3.35
2.5
1.0
2.20
2.75
1.67
1.45
 	 3:1(1:0) 
5157	11/03
21:00	 BV De Graafschap
Roda JC	
0
0
2.10
1.75
2.5
1.93
1.87
2.90
3.35
2.45
1.60
1.33
1.40
1.0
1.5
1.70
2.25
2.15
1.62
 	 3:0(1:0)  
5158	12/03
19:30	 Twente
PEC Zwolle	
–1.0
+1.0
2.60
1.50
3.0
2.00
1.80
1.87
3.80
3.95
1.25
1.27
1.93
1.5
1.0
1.75
1.70
2.10
2.15
 	 2:1(0:1)  
5159	12/03
20:45	 Willem II
AZ Alkmaar	
0
0
2.45
1.55
2.5
1.80
2.00
3.30
3.70
2.10
1.75
1.30
1.35
1.0
1.5
1.75
2.05
2.05
1.77
 	 0:2(0:0)  
5160	12/03
20:45	 PSV Eindhoven
Heerenveen	
–2.0
+2.0
2.15
1.70
3.5
1.93
1.87
1.25
6.40
10.20
1.04
1.11
4.30
2.5
1.0
1.83
2.65
1.97
1.48
 	 1:1(0:0)  
5161	12/03
21:45	 Excelsior Rotterdam
FC Groningen	
0
0
1.83
1.97
2.5
1.80
2.00
2.55
3.45
2.70
1.47
1.32
1.53
1.5
1.5
2.25
2.35
1.65
1.60
 	 2:1(0:0)  
5162	13/03
13:30	 Utrecht
ADO Den Haag	
–1.0
+1.0
2.15
1.70
2.5
1.77
2.05
1.62
4.05
5.25
1.16
1.24
2.30
1.5
1.0
1.72
2.35
2.12
1.60
 	 2:2(2:0)  
5163	13/03
15:30	 SBV Vitesse
Feyenoord	
0
0
1.75
2.10
2.5
1.80
2.00
2.40
3.45
2.90
1.42
1.31
1.57
1.5
1.0
2.20
1.62
1.67
2.30
 	 0:2(0:0)  
5164	13/03
15:30	 Heracles Almelo
Cambuur Leeuwarden	
–1.0
+1.0
2.50
1.53
3.0
2.12
1.72
1.83
3.80
4.15
1.24
1.27
1.97
1.5
1.0
1.77
1.85
2.05
1.95
 	 3:1(0:1)  
5165	13/03
17:45	 Ajax
NEC Nijmegen	
–1.5
+1.5
1.80
2.00
3.0
2.00
1.80
1.25
5.85
12.50
1.03
1.14
4.00
2.5
1.0
2.20
4.00
1.67
1.25
 	 2:2(1:1)
6536	18/03
21:00	 Utrecht
Excelsior Rotterdam	
–1.5
+1.5
2.05
1.77
3.0
1.90
1.90
1.36
5.00
8.50
1.07
1.17
3.25
2.0
1.0
1.70
2.75
2.15
1.45
 	 2:1(2:1)  
6537	19/03
19:30	 Heerenveen
Heracles Almelo	
–1.0
+1.0
2.65
1.47
3.0
2.00
1.80
1.90
3.75
3.85
1.26
1.27
1.90
1.5
1.0
1.75
1.70
2.10
2.15
 	 0:1(0:1)  
6538	19/03
20:45	 PEC Zwolle
Willem II	
0
0
1.47
2.70
2.5
1.85
1.95
2.00
3.55
3.70
1.28
1.30
1.80
1.5
1.0
1.97
1.87
1.83
1.93
 	 4:1(2:1)  
6539	19/03
20:45	 Feyenoord
BV De Graafschap	
–1.5
+1.5
1.72
2.12
3.5
2.10
1.75
1.22
6.50
13.00
1.03
1.12
4.33
2.5
1.0
1.93
3.05
1.87
1.38
 	 3:1(0:1)  
6540	19/03
21:45	 Cambuur Leeuwarden
Roda JC	
0
0
1.87
1.93
2.5
1.90
1.90
2.60
3.40
2.70
1.47
1.32
1.53
1.5
1.0
2.35
1.60
1.60
2.35
 	 0:1(0:0)  
6541	20/03
13:30	 Twente
AZ Alkmaar	
0
0
2.00
1.80
3.0
1.85
1.95
2.70
3.65
2.45
1.55
1.28
1.47
1.5
1.5
2.00
1.90
1.80
1.90
 	 2:2(0:0)  
6542	20/03
15:30	 FC Groningen
SBV Vitesse	
0
0
2.20
1.67
2.5
1.90
1.90
3.10
3.40
2.30
1.62
1.32
1.37
1.0
1.5
1.70
2.20
2.15
1.67
 	 0:3(0:0)  
6543	20/03
15:30	 ADO Den Haag
NEC Nijmegen	
0
0
1.47
2.70
2.5
1.93
1.87
2.00
3.50
3.75
1.27
1.30
1.80
1.5
1.0
2.05
1.97
1.77
1.83
 	 1:0(0:0)  
6544	20/03
17:45	 PSV Eindhoven
Ajax	
0
0
1.42
2.85
2.5
1.77
2.05
1.95
3.55
3.90
1.27
1.30
1.85
1.5
1.0
1.87
1.83
1.93
1.97
 	 0:2(0:1)  
2740	02/04
19:30	 BV De Graafschap
Cambuur Leeuwarden	
0
0
1.44
2.65
2.5
1.80
2.00
2.00
3.60
3.70
1.29
1.30
1.80
1.5
1.0
1.93
1.80
1.87
2.00
 	 2:2(1:1)  
2741	02/04
19:30	 Heracles Almelo
Utrecht	
0
0
2.45
1.57
2.5
1.83
1.97
3.30
3.50
2.15
1.72
1.32
1.35
1.0
1.5
1.75
2.05
2.10
1.77
 	 1:1(0:0)  
2742	02/04
20:45	 AZ Alkmaar
PSV Eindhoven	
+1.0
–1.0
1.48
2.65
3.0
1.83
1.97
3.80
3.90
1.87
1.93
1.27
1.27
1.0
1.5
1.57
1.65
2.40
2.20
 	 2:4(0:2)  
2743	02/04
21:45	 Willem II
Twente	
0
0
1.77
2.05
2.5
1.85
1.95
2.45
3.45
2.80
1.43
1.31
1.55
1.5
1.0
2.20
1.62
1.67
2.30
 	 2:3(2:0)  
2744	02/04
21:45	 Feyenoord
Excelsior Rotterdam	
–1.5
+1.5
1.80
2.00
3.0
1.83
1.97
1.22
6.50
13.50
1.03
1.12
4.40
2.5
1.0
2.10
3.50
1.72
1.30
 	 3:0(2:0)  
2745	03/04
13:30	 NEC Nijmegen
SBV Vitesse	
0
0
2.55
1.53
2.5
2.05
1.77
3.55
3.40
2.10
1.75
1.32
1.30
1.0
1.5
2.00
2.20
1.80
1.67
 	 2:1(1:0)  
2746	03/04
15:30	 ADO Den Haag
FC Groningen	
–1.0
+1.0
2.65
1.47
2.5
1.90
1.90
1.85
3.60
4.30
1.23
1.30
1.97
1.5
1.0
1.93
2.12
1.87
1.72
 	 0:1(0:0)  
2747	03/04
15:30	 Roda JC
Heerenveen	
0
0
1.57
2.40
2.5
1.90
1.90
2.20
3.40
3.30
1.34
1.32
1.67
1.5
1.0
2.15
1.77
1.72
2.05
 	 1:2(0:0)  
2748	03/04
17:45	 Ajax
PEC Zwolle	
–1.5
+1.5
1.80
2.05
3.0
1.87
1.93
1.25
6.00
11.50
1.03
1.13
3.95
2.5
1.0
2.10
3.60
1.75
1.28
 	 3:0(3:0)  
6270	08/04
21:00	 PEC Zwolle
Roda JC	
–1.0
+1.0
2.40
1.57
3.0
2.15
1.70
1.75
3.85
4.50
1.20
1.26
2.10
1.5
1.0
1.72
1.95
2.12
1.85
 	 3:1(0:1)  
6271	09/04
19:30	 Excelsior Rotterdam
Heracles Almelo	
0
0
1.87
1.93
2.5
1.83
1.97
2.60
3.40
2.70
1.47
1.32
1.53
1.5
1.5
2.30
2.35
1.62
1.60
 	 1:3(0:2)  
6272	09/04
20:45	 SBV Vitesse
ADO Den Haag	
–1.0
+1.0
2.10
1.75
2.5
1.72
2.10
1.62
4.00
5.30
1.15
1.24
2.28
1.5
1.0
1.70
2.30
2.20
1.62
 	 2:2(1:1)  
6273	09/04
20:45	 Cambuur Leeuwarden
Ajax	
+1.5
–1.5
1.90
1.90
3.0
1.93
1.87
10.00
5.50
1.30
3.55
1.15
1.05
1.0
2.5
3.25
2.25
1.35
1.65
 	 0:1(0:0)  
6274	09/04
21:45	 PSV Eindhoven
Willem II	
–2.0
+2.0
1.83
1.97
3.5
2.05
1.77
1.17
7.50
16.00
1.01
1.08
5.50
2.5
1.0
1.77
4.30
2.05
1.23
 	 2:0(0:0)  
6275	10/04
13:30	 Heerenveen
AZ Alkmaar	
0
0
2.25
1.65
3.0
1.83
1.97
3.10
3.75
2.15
1.70
1.27
1.37
1.5
1.5
2.20
1.83
1.67
2.00
 	 4:2(1:0)  
6276	10/04
15:30	 FC Groningen
BV De Graafschap	
–1.0
+1.0
2.20
1.67
2.5
1.72
2.10
1.68
3.85
5.00
1.17
1.26
2.18
1.5
1.0
1.72
2.15
2.10
1.70
 	 3:1(1:1)  
6277	10/04
15:30	 Utrecht
NEC Nijmegen	
–1.0
+1.0
1.87
1.93
2.5
1.77
2.05
1.50
4.20
6.75
1.11
1.23
2.60
2.0
1.0
2.15
2.65
1.70
1.48
 	 3:1(1:1)  
6278	10/04
17:45	 Twente
Feyenoord	
0
0
2.40
1.57
3.0
1.93
1.87
3.20
3.60
2.15
1.69
1.29
1.35
1.5
1.5
2.35
1.83
1.60
1.97
 	 0:1(0:1) 
487	15/04
21:00	 BV De Graafschap
Twente	
0
0
1.87
1.93
3.0
1.87
1.93
2.50
3.65
2.65
1.48
1.29
1.53
1.5
1.5
1.95
2.00
1.85
1.80
 	 1:1(0:1)  
488	16/04
19:30	 SBV Vitesse
Heracles Almelo	
–1.0
+1.0
2.05
1.75
3.0
2.15
1.70
1.63
4.00
5.25
1.16
1.24
2.27
1.5
1.0
1.65
2.20
2.25
1.67
 	 1:1(0:0)  
489	16/04
20:45	 AZ Alkmaar
PEC Zwolle	
–1.0
+1.0
1.97
1.83
3.0
1.72
2.10
1.57
4.50
5.00
1.17
1.22
2.45
2.0
1.0
1.85
1.80
1.95
2.00
 	 5:1(2:0)  
490	16/04
20:45	 Feyenoord
FC Groningen	
–1.5
+1.5
1.95
1.85
3.0
1.87
1.93
1.31
5.30
9.70
1.05
1.15
3.43
2.0
1.0
1.67
2.95
2.20
1.40
 	 1:1(0:1)  
491	16/04
21:45	 Roda JC
PSV Eindhoven	
+1.5
–1.5
1.70
2.15
3.0
1.90
1.90
7.50
4.80
1.40
3.05
1.18
1.10
1.0
2.0
2.50
1.75
1.53
2.05
 	 0:3(0:1)  
492	17/04
13:30	 Ajax
Utrecht	
–1.5
+1.5
2.10
1.72
3.0
2.00
1.80
1.38
4.90
8.10
1.08
1.18
3.05
2.0
1.0
1.83
2.85
1.97
1.42
 	 2:2(0:0)  
493	17/04
15:30	 Willem II
ADO Den Haag	
0
0
1.65
2.25
2.5
1.90
1.90
2.27
3.40
3.15
1.36
1.32
1.64
1.5
1.0
2.20
1.80
1.67
2.00
 	 0:2(0:1)  
494	17/04
15:30	 NEC Nijmegen
Cambuur Leeuwarden	
–1.0
+1.0
2.10
1.75
2.5
1.72
2.15
1.63
4.00
5.30
1.16
1.25
2.28
1.5
1.0
1.67
2.25
2.20
1.65
 	 2:1(0:0)  
495	17/04
17:45	 Excelsior Rotterdam
Heerenveen	
0
0
2.15
1.70
3.0
2.15
1.70
2.90
3.70
2.30
1.65
1.28
1.42
1.5
1.5
2.35
2.05
1.60
1.77
 	 1:1(1:1)  
8620	19/04
19:30	 FC Groningen
Roda JC	
0
0
1.62
2.30
2.5
1.93
1.87
2.25
3.40
3.20
1.35
1.32
1.65
1.5
1.0
2.20
1.77
1.67
2.05
 	 1:0(0:0)  
8672	19/04
21:45	 PSV Eindhoven
SBV Vitesse	
–1.5
+1.5
1.90
1.90
3.5
2.10
1.72
1.32
5.50
9.00
1.06
1.15
3.40
2.5
1.0
2.05
2.50
1.75
1.53
 	 2:0(1:0)  
8733	20/04
19:30	 Utrecht
BV De Graafschap	
–1.0
+1.0
1.77
2.05
3.0
1.80
2.00
1.47
4.60
6.50
1.11
1.20
2.70
2.0
1.0
1.80
2.15
2.00
1.70
 	 0:2(0:1)  
8734	20/04
19:30	 PEC Zwolle
NEC Nijmegen	
–1.0
+1.0
2.65
1.48
3.0
2.15
1.70
1.90
3.70
3.90
1.26
1.28
1.90
1.5
1.0
1.80
1.77
2.00
2.05
 	 2:0(2:0)  
8744	20/04
20:45	 Heracles Almelo
Feyenoord	
+1.0
–1.0
1.57
2.40
2.5
1.75
2.10
4.50
3.80
1.77
2.05
1.27
1.21
1.0
1.5
2.00
1.75
1.80
2.05
 	 2:2(1:1)  
8751	20/04
21:45	 Heerenveen
Ajax	
+1.0
–1.0
1.83
1.97
3.0
2.10
1.75
5.50
4.25
1.57
2.40
1.22
1.15
1.0
2.0
2.30
2.15
1.62
1.70
 	 0:2(0:0)  
8752	20/04
21:45	 Twente
Excelsior Rotterdam	
–1.0
+1.0
2.20
1.67
3.0
1.77
2.05
1.70
4.20
4.45
1.20
1.23
2.15
2.0
1.0
2.05
1.70
1.80
2.15
 	 2:0(0:0)  
9537	21/04
19:30	 ADO Den Haag
AZ Alkmaar	
0
0
2.45
1.55
3.0
1.97
1.83
3.30
3.70
2.10
1.75
1.28
1.34
1.5
1.5
2.35
1.83
1.60
1.97
 	 1:2(1:1)  
9538	21/04
19:30	 Cambuur Leeuwarden
Willem II	
0
0
1.93
1.87
2.5
1.80
2.00
2.65
3.45
2.60
1.53
1.32
1.48
1.5
1.5
2.30
2.25
1.62
1.62
 	 1:1(1:1)
1227	01/05
15:30	 AZ Alkmaar
BV De Graafschap	
–1.5
+1.5
1.72
2.10
4.0
2.10
1.75
1.28
6.50
9.00
1.07
1.12
3.80
2.5
1.0
1.72
2.05
2.15
1.77
 	 4:1(3:1)  
1228	01/05
15:30	 Ajax
Twente	
–2.0
+2.0
1.85
1.95
3.5
2.00
1.80
1.17
7.60
15.00
1.01
1.09
5.10
2.5
1.0
1.75
3.80
2.10
1.27
 	 4:0(1:0)  
1229	01/05
15:30	 Willem II
Feyenoord	
0
0
2.50
1.53
2.5
1.80
2.00
3.40
3.50
2.10
1.75
1.32
1.32
1.0
1.5
1.75
2.00
2.10
1.80
 	 0:1(0:0)  
1230	01/05
15:30	 SBV Vitesse
Utrecht	
0
0
2.00
1.80
3.0
2.05
1.75
2.75
3.55
2.45
1.55
1.30
1.46
1.5
1.5
2.15
2.05
1.70
1.77
 	 1:3(1:0)  
1231	01/05
15:30	 NEC Nijmegen
Roda JC	
0
0
1.40
2.85
2.5
1.80
2.00
1.93
3.60
3.90
1.26
1.29
1.87
1.5
1.0
1.90
1.85
1.90
1.95
 	 1:2(1:1)  
1232	01/05
15:30	 PSV Eindhoven
Cambuur Leeuwarden	
–3.5
+3.5
2.00
1.80
4.5
2.00
1.80
1.03
16.00
45.00
 	
1.02
15.00
4.0
1.0
2.05
6.50
1.77
1.11
 	 6:2(3:2)  
1233	01/05
15:30	 Heracles Almelo
ADO Den Haag	
0
0
1.53
2.55
3.0
2.05
1.77
2.05
3.80
3.35
1.33
1.27
1.80
1.5
1.0
1.83
1.62
1.97
2.30
 	 1:1(0:0)  
1234	01/05
15:30	 Heerenveen
FC Groningen	
0
0
1.62
2.30
3.0
1.97
1.83
2.20
3.60
3.10
1.37
1.29
1.67
1.5
1.5
1.87
2.30
1.93
1.62
 	 1:2(1:1)  
1235	01/05
15:30	 Excelsior Rotterdam
PEC Zwolle	
0
0
2.20
1.67
3.0
2.00
1.80
3.00
3.60
2.25
1.65
1.30
1.40
1.5
1.5
2.25
1.93
1.65
1.87
 	 2:2(0:1)  
8114	08/05
15:30	 FC Groningen
Heracles Almelo	
–1.0
+1.0
2.25
1.65
3.0
1.90
1.90
1.70
4.05
4.55
1.20
1.24
2.15
2.0
1.0
2.15
1.80
1.72
2.00
 	 2:1(0:0)  
8115	08/05
15:30	 BV De Graafschap
Ajax	
+2.0
–2.0
2.12
1.72
3.5
1.87
1.93
23.00
9.00
1.11
6.50
1.06
 	
1.0
3.0
3.80
2.10
1.27
1.75
 	 1:1(0:1)  
8116	08/05
15:30	 ADO Den Haag
Heerenveen	
0
0
1.57
2.35
3.0
1.83
1.97
2.10
3.80
3.15
1.36
1.27
1.75
1.5
1.5
1.77
2.15
2.05
1.70
 	 1:1(1:0)  
8117	08/05
15:30	 PEC Zwolle
PSV Eindhoven	
+1.5
–1.5
1.85
1.95
4.0
2.10
1.72
8.50
5.50
1.33
3.35
1.15
1.07
1.0
2.5
1.75
1.85
2.05
1.95
 	 1:3(0:2)  
8118	08/05
15:30	 Cambuur Leeuwarden
Excelsior Rotterdam	
+1.0
–1.0
1.46
2.70
3.0
1.95
1.85
3.80
3.80
1.90
1.93
1.27
1.27
1.0
1.5
1.65
1.72
2.25
2.10
 	 0:2(0:1)  
8119	08/05
15:30	 Roda JC
Willem II	
0
0
2.00
1.80
3.0
2.10
1.75
2.70
3.65
2.45
1.55
1.30
1.47
1.5
1.5
2.20
2.05
1.67
1.75
 	 2:3(2:1)  
8120	08/05
15:30	 Twente
SBV Vitesse	
0
0
2.45
1.55
3.0
1.77
2.05
3.25
3.75
2.10
1.75
1.28
1.35
1.5
1.5
2.15
1.72
1.70
2.12
 	 2:2(1:1)  
8121	08/05
15:30	 Utrecht
AZ Alkmaar	
0
0
1.57
2.40
3.5
1.85
1.95
2.05
4.00
3.20
1.36
1.25
1.78
2.0
1.5
2.00
1.90
1.80
1.90
 	 1:3(0:2)  
8122	08/05
15:30	 Feyenoord
NEC Nijmegen	
–1.0
+1.0
1.75
2.10
3.5
2.05
1.75
1.47
4.80
6.00
1.13
1.18
2.75
2.0
1.0
1.67
1.93
2.20
1.87
 	 1:0(0:0)  