726	02/11
19:00	 Anderlecht
Oud-Heverlee Leuven	
-1.75
+1.75
1.80
1.95
 
 	
3.25
1.90
 	
1.85
 	
1.22
6.20
12.00
1.02
1.11
4.20
2.5
1.0
1.87
3.20
1.87
1.32
 	 3:1(2:0)  
727	02/11
21:00	 Mechelen
Zulte-Waregem	
0
0
1.85
1.90
  	
2.75
1.80
 	
1.95
 	
2.50
3.60
2.60
1.48
1.27
1.52
1.5
1.5
2.05
2.10
1.72
1.70
 	 2:2(0:0)  
728	02/11
21:00	 Kortrijk
K.V. Oostende	
-0.75
+0.75
1.87
1.87
 
 	
2.5
1.87
1.87
1.70
3.75
4.90
1.17
1.26
2.15
1.5
1.0
1.80
2.30
1.95
1.57
 	 2:0(2:0)  
729	02/11
21:00	 Lierse
Charleroi	
-0.25
+0.25
1.95
1.76
 
 	
2.25
1.80
 	
1.90
 	
2.30
3.30
3.10
1.36
1.32
1.60
1.5
1.0
2.30
1.85
1.57
1.90
 	 2:1(0:0)  
730	02/11
21:00	 Mons
Genk	
+0.75
-0.75
1.85
1.90
 
 	
2.75
1.80
 	
1.95
 	
4.50
3.80
1.72
2.10
1.25
1.18
1.0
1.5
1.87
1.65
1.87
2.15
 	 2:3(0:1)  
731	03/11
15:30	 Gent
Standard	
+0.25
-0.25
2.00
1.72
 
 	
2.75
1.95
 	
1.76
 	
3.50
3.50
2.05
1.75
1.30
1.30
1.0
1.5
1.75
1.95
2.05
1.80
 	 0:1(0:0)  
732	03/11
19:00	 Brugge
Lokeren	
-0.25
+0.25
1.65
2.11
 
 	
3.0
1.95
1.80
1.90
3.60
3.80
1.25
1.27
1.85
1.5
1.0
1.72
1.65
2.05
2.15
 	 1:0(1:0)  
733	03/11
21:30	 Waasland-Beveren
Cercle Brugge	
-0.25
+0.25
1.85
1.85
 
 	
2.5
1.80
1.95
2.15
3.50
3.20
1.33
1.30
1.67
1.5
1.0
2.05
1.72
1.75
2.05
 	 0:1(0:0)  
580	08/11
21:30	 Lokeren
Mechelen	
-0.75
+0.75
2.10
1.70
 
 	
2.75
1.87
 	
1.87
 	
1.85
3.60
3.95
1.22
1.26
1.90
1.5
1.0
1.75
1.85
2.00
1.90
 	 4:0(2:0)  
581	09/11
21:00	 Cercle Brugge
Kortrijk	
+0.25
-0.25
1.72
2.05
 
 	
2.25
1.75
 	
2.00
 	
2.85
3.30
2.40
1.52
1.30
1.39
1.0
1.0
1.78
1.57
1.96
2.30
 	 3:1(2:0)  
583	09/11
21:00	 K.V. Oostende
Mons	
-0.25
+0.25
1.75
2.00
 
 	
2.5
1.97
1.78
2.05
3.35
3.55
1.27
1.30
1.72
1.5
1.0
2.10
2.00
1.70
1.75
 	 2:0(2:0)  
584	09/11
21:00	 Charleroi
Gent	
+0.25
-0.25
1.90
1.85
 
 	
2.5
1.78
1.96
3.25
3.35
2.15
1.65
1.29
1.31
1.0
1.5
1.72
2.05
2.05
1.72
 	 0:1(0:0)  
585	10/11
15:30	 Standard
Brugge	
-0.75
+0.75
1.95
1.80
 
 	
2.75
1.87
 	
1.87
 	
1.72
3.70
4.55
1.17
1.25
2.05
1.5
1.0
1.70
2.00
2.10
1.75
 	 0:0(0:0)  
586	10/11
19:00	 Genk
Anderlecht	
0
0
1.80
1.95
  	
2.75
1.78
 	
1.97
 	
2.50
3.40
2.65
1.44
1.29
1.50
1.5
1.5
2.05
2.12
1.72
1.67
 	 0:1(0:0)  
587	10/11
21:30	 Zulte-Waregem
Waasland-Beveren	
-1.25
+1.25
1.95
1.80
 
 	
2.75
1.82
 	
1.92
 	
1.40
4.40
7.80
1.06
1.19
2.80
2.0
1.0
1.85
2.80
1.90
1.40
 	 2:0(0:0) 
801	23/11
19:00	 Charleroi
Anderlecht	
+1.0
–1.0
1.80
1.95
  	
2.75
1.90
 	
1.85
 	
5.70
3.90
1.57
2.30
1.23
1.12
1.0
1.5
2.35
1.62
1.55
2.20
 	 2:1(0:0)  
802	23/11
21:00	 Gent
Waasland-Beveren	
–1.0
+1.0
1.75
2.00
  	
2.75
1.98
 	
1.77
 	
1.45
4.20
7.00
1.08
1.20
2.65
2.0
1.0
2.10
2.90
1.70
1.38
 	 2:0(0:0)  
803	23/11
21:00	 K.V. Oostende
Genk	
+0.75
-0.75
1.80
1.90
 
 	
2.5
1.78
1.97
4.50
3.60
1.75
2.00
1.26
1.18
1.0
1.5
2.15
1.80
1.65
1.95
 	 4:0(3:0)  
804	23/11
21:00	 Zulte-Waregem
Mechelen	
-0.75
+0.75
1.85
1.85
 
 	
3.0
1.90
1.85
1.70
3.85
4.50
1.18
1.23
2.10
2.0
1.0
2.15
1.85
1.65
1.90
 	 3:1(0:1)  
805	23/11
21:00	 Oud-Heverlee Leuven
Kortrijk	
0
0
2.00
1.75
  	
2.5
1.85
1.90
2.95
2.95
2.55
1.47
1.37
1.37
1.5
1.5
2.40
2.30
1.50
1.55
 	 1:1(0:0)  
806	23/11
21:00	 Cercle Brugge
Lierse	
-0.25
+0.25
1.67
2.12
 
 	
2.5
1.97
1.78
1.92
3.40
3.90
1.23
1.29
1.82
1.5
1.0
2.00
2.15
1.75
1.65
 	 2:4(0:1)  
807	24/11
19:00	 Lokeren
Brugge	
-0.25
+0.25
2.05
1.75
 
 	
2.75
1.87
 	
1.87
 	
2.35
3.40
2.85
1.39
1.29
1.55
1.5
1.5
2.05
2.25
1.72
1.60
 	 0:3(0:2)  
808	24/11
21:30	 Standard
Mons	
-1.75
+1.75
1.95
1.80
 
 	
3.0
1.92
1.82
1.23
5.90
11.50
1.02
1.11
3.90
2.5
1.0
2.05
4.00
1.70
1.22
 	 1:0(1:0)  
720	30/11
21:00	 Brugge
K.V. Oostende	
-1.25
+1.25
2.00
1.75
 
 	
2.75
1.85
 	
1.90
 	
1.45
4.30
6.80
1.08
1.20
2.65
2.0
1.0
1.95
2.60
1.80
1.46
 	 2:0(0:0)  
721	30/11
21:00	 Mechelen
Gent	
0
0
1.87
1.87
  	
2.75
1.95
 	
1.80
 	
2.60
3.35
2.60
1.46
1.30
1.46
1.0
1.0
1.53
1.53
2.40
2.40
 	 0:1(0:0)  
722	30/11
21:00	 Mons
Lokeren	
+0.25
-0.25
1.95
1.80
 
 	
2.75
1.95
 	
1.80
 	
3.35
3.50
2.05
1.72
1.27
1.29
1.0
1.5
1.75
1.95
2.05
1.80
 	 1:0(1:0)  
723	30/11
21:00	 Waasland-Beveren
Charleroi	
-0.25
+0.25
2.02
1.72
 
 	
2.25
1.85
 	
1.85
 	
2.40
3.30
2.80
1.40
1.30
1.52
1.5
1.5
2.55
2.80
1.45
1.38
 	 0:0(0:0)  
724	01/12
15:30	 Lierse
Standard	
+1.0
–1.0
1.90
1.85
  	
2.75
1.95
 	
1.80
 	
6.10
4.20
1.50
2.50
1.20
1.11
1.0
2.0
2.65
2.15
1.45
1.67
 	 0:5(0:1)  
725	01/12
19:00	 Anderlecht
Cercle Brugge	
-1.75
+1.75
1.90
1.85
 
 	
3.0
1.85
1.90
1.25
5.80
10.00
1.03
1.11
3.70
2.5
1.0
2.00
3.40
1.80
1.30
 	 2:1(1:0)  
726	01/12
21:30	 Genk
Oud-Heverlee Leuven	
–1.5
+1.5
1.87
1.87
  	
3.0
1.85
1.90
1.30
5.50
9.50
1.05
1.14
3.50
2.0
1.0
1.60
2.80
2.30
1.40
 	 3:0(0:0)  
727	01/12
21:30	 Kortrijk
Zulte-Waregem	
0
0
1.90
1.85
  	
2.5
1.87
1.87
2.70
3.25
2.55
1.47
1.31
1.42
1.5
1.5
2.40
2.30
1.53
1.57
 	 1:1(1:0)  
745	07/12
19:00	 Anderlecht
Waasland-Beveren	
–2.0
+2.0
1.95
1.80
  	
3.25
2.00
 	
1.75
 	
1.20
6.40
12.50
1.01
1.09
4.20
2.5
1.0
1.87
3.60
1.87
1.27
 	 2:0(1:0)  
746	07/12
21:00	 K.V. Oostende
Cercle Brugge	
-0.25
+0.25
1.80
1.95
 
 	
2.5
1.95
1.80
2.10
3.30
3.45
1.28
1.31
1.70
1.5
1.0
2.10
1.90
1.70
1.85
 	 2:0(0:0)  
747	07/12
21:00	 Kortrijk
Charleroi	
-0.75
+0.75
1.87
1.87
 
 	
2.5
1.90
1.85
1.70
3.65
4.80
1.16
1.26
2.10
1.5
1.0
1.85
2.40
1.90
1.55
 	 1:1(0:1)  
748	07/12
21:00	 Lierse
Gent	
+0.25
-0.25
2.05
1.68
 
 	
2.5
1.95
1.80
4.00
3.10
2.00
1.75
1.34
1.22
1.0
1.5
1.95
2.05
1.80
1.75
 	 1:3(0:1)  
749	07/12
21:00	 Mons
Zulte-Waregem	
+0.25
-0.25
2.15
1.65
 
 	
2.75
1.95
 	
1.80
 	
3.90
3.50
1.90
1.85
1.28
1.23
1.0
1.5
1.87
1.87
1.87
1.87
 	 1:1(1:1)  
750	07/12
21:00	 Brugge
Mechelen	
–1.0
+1.0
1.90
1.85
  	
2.75
1.85
 	
1.90
 	
1.52
4.20
5.80
1.12
1.20
2.45
2.0
1.0
2.10
2.35
1.70
1.55
 	 3:0(2:0)  
751	08/12
15:30	 Oud-Heverlee Leuven
Standard	
+1.0
–1.0
1.87
1.87
  	
2.75
1.90
 	
1.85
 	
5.85
4.15
1.52
2.45
1.21
1.11
1.0
2.0
2.50
2.10
1.50
1.70
 	 0:0(0:0)  
752	08/12
19:00	 Genk
Lokeren	
-0.75
+0.75
1.87
1.87
 
 	
2.75
1.75
 	
2.00
 	
1.70
3.85
4.50
1.18
1.23
2.10
2.0
1.0
2.20
1.87
1.62
1.87
 	 0:2(0:2)  
690	14/12
21:00	 Oud-Heverlee Leuven
K.V. Oostende	
-0.25
+0.25
1.80
1.95
 
 	
2.5
1.90
1.85
2.10
3.35
3.40
1.29
1.30
1.70
1.5
1.0
2.05
1.80
1.72
1.95
 	 1:2(1:0)  
691	14/12
21:00	 Lokeren
Kortrijk	
-0.75
+0.75
1.80
1.95
 
 	
2.5
1.85
1.90
1.65
3.70
5.20
1.14
1.25
2.15
1.5
1.0
1.75
2.40
2.00
1.53
 	 0:0(0:0)  
692	14/12
21:00	 Mechelen
Waasland-Beveren	
-0.75
+0.75
1.75
2.00
 
 	
2.5
1.95
1.80
1.62
3.70
5.50
1.13
1.25
2.20
1.5
1.0
1.80
2.65
1.95
1.45
 	 0:0(0:0)  
693	14/12
21:00	 Cercle Brugge
Mons	
-0.25
+0.25
1.85
1.90
 
 	
2.5
1.87
1.87
2.15
3.35
3.25
1.31
1.29
1.65
1.5
1.0
2.05
1.80
1.72
1.95
 	 2:1(2:0)  
694	15/12
15:30	 Standard
Genk	
-0.75
+0.75
1.95
1.80
 
 	
2.75
1.85
 	
1.90
 	
1.75
3.55
4.50
1.17
1.26
2.00
1.5
1.0
1.70
1.95
2.10
1.80
 	 3:1(0:0)  
695	15/12
19:00	 Gent
Anderlecht	
+0.25
-0.25
1.85
1.90
 
 	
2.5
1.78
1.97
3.15
3.25
2.25
1.60
1.31
1.33
1.0
1.5
1.70
2.05
2.10
1.72
 	 1:2(1:0)  
696	15/12
21:30	 Charleroi
Brugge	
+0.25
-0.25
2.35
1.55
 
 	
2.5
1.87
1.87
4.35
3.50
1.80
1.95
1.27
1.19
1.0
1.5
2.15
1.87
1.65
1.87
 	 2:2(0:2)  
697	15/12
21:30	 Zulte-Waregem
Lierse	
-1.25
+1.25
1.90
1.85
 
 	
2.75
1.80
 	
1.95
 	
1.40
4.50
7.50
1.07
1.18
2.80
2.0
1.0
1.85
2.75
1.90
1.42
 	 3:0(2:0)  
625	21/12
19:00	 Cercle Brugge
Genk	
+0.75
-0.75
1.70
2.10
 
 	
2.75
1.90
 	
1.85
 	
3.90
3.65
1.85
1.90
1.25
1.23
1.0
1.5
1.87
1.80
1.87
1.95
 	 1:0(1:0)  
626	21/12
21:00	 Charleroi
Mons	
-0.25
+0.25
1.72
2.05
 
 	
2.5
1.87
1.87
2.00
3.40
3.60
1.26
1.29
1.75
1.5
1.0
2.00
1.90
1.75
1.85
 	 0:2(0:1)  
627	21/12
21:00	 Zulte-Waregem
K.V. Oostende	
–1.0
+1.0
1.90
1.85
  	
2.75
1.85
 	
1.90
 	
1.55
4.20
5.50
1.13
1.22
2.40
2.0
1.0
2.10
2.30
1.70
1.57
 	 2:2(0:1)  
628	21/12
21:00	 Lokeren
Oud-Heverlee Leuven	
-1.25
+1.25
1.85
1.90
 
 	
2.75
1.90
 	
1.85
 	
1.37
4.50
8.50
1.05
1.18
2.95
2.0
1.0
1.90
3.15
1.85
1.33
 	 2:0(1:0)  
629	21/12
21:00	 Mechelen
Kortrijk	
-0.25
+0.25
1.75
2.00
 
 	
2.5
1.95
1.80
2.05
3.40
3.45
1.28
1.29
1.72
1.5
1.0
2.10
1.95
1.70
1.80
 	 5:2(1:1)  
630	21/12
21:00	 Waasland-Beveren
Lierse	
-0.25
+0.25
1.87
1.87
 
 	
2.25
1.85
 	
1.90
 	
2.20
3.10
3.40
1.29
1.34
1.62
1.5
1.0
2.35
2.00
1.57
1.75
 	 3:1(1:0)  
631	22/12
15:30	 Gent
Brugge	
-0.25
+0.25
2.00
1.75
 
 	
2.5
1.80
1.95
2.35
3.35
2.90
1.38
1.30
1.55
1.5
1.0
2.20
1.65
1.65
2.15
 	 1:3(1:1)  
632	22/12
19:00	 Standard
Anderlecht	
-0.25
+0.25
1.85
1.90
 
 	
2.5
1.80
1.95
2.15
3.40
3.20
1.32
1.29
1.65
1.5
1.0
2.05
1.72
1.75
2.05
 	 1:1(0:1)  
420	26/12
15:30	 Genk
Charleroi	
-1.25
+1.25
1.95
1.80
 
 	
2.75
1.90
 	
1.85
 	
1.40
4.30
8.00
1.06
1.19
2.80
2.0
1.0
1.95
3.05
1.80
1.35
 	 0:3(0:1)  
421	26/12
15:30	 K.V. Oostende
Lokeren	
+0.25
-0.25
1.95
1.76
 
 	
2.5
1.87
1.87
3.45
3.30
2.10
1.70
1.31
1.28
1.0
1.5
1.80
2.05
1.95
1.72
 	 0:3(0:2)  
422	26/12
15:30	 Oud-Heverlee Leuven
Cercle Brugge	
-0.25
+0.25
1.95
1.80
 
 	
2.5
1.80
1.95
2.30
3.35
2.95
1.36
1.29
1.57
1.5
1.0
2.15
1.70
1.67
2.10
 	 3:0(2:0)  
423	26/12
15:30	 Lierse
Mechelen	
+0.25
-0.25
1.72
2.05
 
 	
2.5
1.87
1.87
2.90
3.15
2.45
1.52
1.33
1.38
1.5
1.5
2.40
2.30
1.53
1.57
 	 3:0(0:0)  
424	26/12
15:30	 Mons
Gent	
+0.25
-0.25
1.90
1.85
 
 	
2.5
1.90
1.85
3.30
3.30
2.15
1.65
1.30
1.30
1.0
1.5
1.80
2.05
1.95
1.72
 	 1:0(0:0)  
425	26/12
19:00	 Anderlecht
Zulte-Waregem	
-1.25
+1.25
1.95
1.80
 
 	
2.75
1.75
 	
2.00
 	
1.45
4.40
6.50
1.09
1.19
2.62
2.0
1.0
1.87
2.50
1.87
1.50
 	 1:0(0:0)  
426	26/12
21:30	 Brugge
Waasland-Beveren	
-1.75
+1.75
1.90
1.85
 
 	
3.0
1.80
1.95
1.23
5.80
11.50
1.01
1.11
3.90
2.5
1.0
2.00
3.30
1.75
1.30
 	 1:2(1:1)  
427	27/12
21:00	 Kortrijk
Standard	
+0.25
-0.25
2.20
1.62
 
 	
2.5
1.90
1.85
3.90
3.50
1.90
1.85
1.28
1.23
1.0
1.5
2.05
1.95
1.72
1.80
 	 1:5(0:3)  
659	18/01
19:00	 Standard
K.V. Oostende	
-1.75
+1.75
1.95
1.80
 
 	
2.75
1.75
 	
2.00
 	
1.25
5.50
12.00
1.02
1.13
3.80
2.5
1.0
2.15
3.80
1.65
1.25
 	 2:0(1:0)  
660	18/01
21:00	 Gent
Kortrijk	
-0.75
+0.75
1.75
2.05
 
 	
2.5
1.87
1.87
1.60
3.90
5.60
1.13
1.25
2.30
1.5
1.0
1.72
2.55
2.05
1.48
 	 0:1(0:0)  
661	18/01
21:00	 Charleroi
Oud-Heverlee Leuven	
-0.25
+0.25
1.67
2.12
 
 	
2.5
1.90
1.85
1.95
3.40
3.80
1.24
1.29
1.80
1.5
1.0
2.00
2.00
1.75
1.75
 	 2:0(0:0)  
662	18/01
21:00	 Lierse
Brugge	
+0.75
-0.75
1.80
1.95
 
 	
2.75
1.95
 	
1.80
 	
4.40
3.80
1.77
2.00
1.24
1.17
1.0
1.5
2.15
1.72
1.65
2.05
 	 1:1(0:0)  
663	18/01
21:00	 Waasland-Beveren
Mons	
-0.25
+0.25
2.05
1.72
 
 	
2.25
1.80
 	
1.95
 	
2.40
3.25
2.90
1.38
1.31
1.52
1.0
1.0
1.60
1.75
2.25
2.00
 	 4:1(2:1)  
664	18/01
21:00	 Cercle Brugge
Lokeren	
+0.75
-0.75
1.65
2.15
 
 	
2.5
1.80
1.95
4.00
3.55
1.85
1.90
1.27
1.22
1.0
1.5
1.95
1.85
1.80
1.90
 	 0:3(0:1)  
665	19/01
15:30	 Mechelen
Anderlecht	
+0.75
-0.75
1.90
1.85
 
 	
2.75
1.85
 	
1.90
 	
4.85
3.75
1.67
2.12
1.24
1.16
1.0
1.5
2.10
1.65
1.70
2.15
 	 2:1(1:1)  
666	19/01
19:00	 Zulte-Waregem
Genk	
-0.25
+0.25
2.00
1.75
 
 	
2.75
1.95
 	
1.80
 	
2.30
3.35
2.95
1.36
1.29
1.57
1.5
1.5
2.10
2.35
1.70
1.55
 	 1:0(0:0) 
522	24/01
21:30	 Lokeren
Standard	
+0.25
-0.25
1.80
1.95
 
 	
2.5
1.80
1.95
2.95
3.35
2.30
1.57
1.29
1.36
1.0
1.5
1.70
2.15
2.10
1.65
 	 0:1(0:1)  
523	25/01
21:00	 Kortrijk
Lierse	
-0.75
+0.75
1.95
1.80
 
 	
2.5
1.95
1.80
1.75
3.60
4.55
1.18
1.26
2.00
1.5
1.0
1.87
2.35
1.87
1.55
 	 3:4(1:2)  
524	25/01
21:00	 Mons
Mechelen	
0
0
1.90
1.85
  	
2.5
1.85
1.90
2.65
3.30
2.55
1.47
1.30
1.44
1.0
1.0
1.57
1.53
2.30
2.40
 	 0:2(0:0)  
525	25/01
21:00	 Cercle Brugge
Charleroi	
-0.25
+0.25
1.85
1.90
 
 	
2.25
1.75
 	
2.00
 	
2.15
3.20
3.40
1.29
1.32
1.65
1.5
1.0
2.20
1.95
1.62
1.80
 	 3:0(1:0), pass 1  
526	25/01
21:00	 K.V. Oostende
Waasland-Beveren	
-0.25
+0.25
1.65
2.15
 
 	
2.5
1.95
1.80
1.90
3.40
4.00
1.22
1.29
1.85
1.5
1.0
2.00
2.15
1.75
1.65
 	 2:1(1:0)  
527	25/01
21:00	 Oud-Heverlee Leuven
Zulte-Waregem	
+0.25
-0.25
2.10
1.70
 
 	
2.75
1.95
 	
1.80
 	
3.70
3.50
1.95
1.80
1.28
1.25
1.0
1.5
1.80
1.87
1.95
1.87
 	 1:0(0:0)  
528	26/01
15:30	 Genk
Gent	
-0.75
+0.75
2.10
1.70
 
 	
2.75
1.98
 	
1.77
 	
1.85
3.55
3.95
1.22
1.26
1.90
1.5
1.0
1.85
1.95
1.90
1.80
 	 1:2(1:2)  
529	26/01
19:00	 Anderlecht
Brugge	
–1.0
+1.0
2.00
1.75
  	
2.75
1.80
 	
1.95
 	
1.57
4.00
5.45
1.13
1.22
2.30
2.0
1.0
2.05
2.15
1.72
1.65
 	 2:0(1:0) 
553	31/01
21:30	 Lierse
Anderlecht	
+1.25
-1.25
1.75
2.00
 
 	
2.75
1.80
 	
1.95
 	
6.80
4.30
1.45
2.63
1.20
1.08
1.0
2.0
2.50
1.90
1.50
1.85
 	 2:0(1:0)  
554	01/02
19:00	 Standard
Cercle Brugge	
-1.75
+1.75
1.80
1.95
 
 	
2.75
1.75
 	
2.00
 	
1.22
5.80
12.50
1.01
1.11
4.00
2.5
1.0
2.05
4.70
1.72
1.17
 	 4:0(1:0)  
555	01/02
21:00	 Gent
Oud-Heverlee Leuven	
-1.25
+1.25
1.90
1.85
 
 	
2.75
1.90
 	
1.85
 	
1.40
4.40
7.80
1.06
1.19
2.80
2.0
1.0
1.95
3.05
1.80
1.35
 	 2:0(0:0)  
556	01/02
21:00	 Charleroi
K.V. Oostende	
-0.25
+0.25
1.85
1.90
 
 	
2.5
1.95
1.80
2.15
3.35
3.25
1.31
1.29
1.65
1.5
1.0
2.15
1.90
1.65
1.85
 	 0:1(0:1)  
557	01/02
21:00	 Waasland-Beveren
Kortrijk	
0
0
1.85
1.90
  	
2.25
1.75
 	
2.00
 	
2.55
3.30
2.65
1.44
1.30
1.47
1.0
1.0
1.65
1.70
2.15
2.10
 	 1:1(1:1)  
558	01/02
21:00	 Brugge
Mons	
-1.25
+1.25
1.95
1.80
 
 	
2.75
1.80
 	
1.95
 	
1.42
4.50
7.00
1.08
1.18
2.75
2.0
1.0
1.90
2.50
1.85
1.50
 	 2:1(0:0)  
559	01/02
21:00	 Mechelen
Genk	
0
0
1.95
1.80
  	
2.75
1.95
 	
1.80
 	
2.70
3.25
2.55
1.47
1.31
1.43
1.5
1.5
2.30
2.15
1.57
1.65
 	 0:2(0:1)  
560	02/02
19:00	 Zulte-Waregem
Lokeren	
-0.25
+0.25
1.85
1.90
 
 	
2.5
1.80
1.95
2.10
3.45
3.25
1.31
1.28
1.70
1.5
1.0
2.00
1.80
1.75
1.95
 	 1:1(0:1)
732	08/02
19:00	 Kortrijk
Anderlecht	
+0.75
-0.75
1.72
2.00
 
 	
2.75
1.95
 	
1.76
 	
4.20
3.60
1.80
1.95
1.26
1.20
1.0
1.5
1.95
1.80
1.80
1.95
 	 2:2(0:0)  
733	08/02
21:00	 Mons
Lierse	
-0.25
+0.25
1.85
1.90
 
 	
2.5
1.87
1.87
2.15
3.35
3.25
1.31
1.29
1.65
1.5
1.0
2.05
1.80
1.72
1.95
 	 1:5(1:0)  
734	08/02
21:00	 Cercle Brugge
Waasland-Beveren	
-0.25
+0.25
1.90
1.85
 
 	
2.5
1.95
1.80
2.20
3.30
3.20
1.32
1.30
1.62
1.5
1.0
2.15
1.85
1.65
1.90
 	 0:0(0:0)  
735	08/02
21:00	 K.V. Oostende
Gent	
+0.25
-0.25
1.75
2.00
 
 	
2.25
1.95
 	
1.80
 	
3.20
3.00
2.35
1.55
1.36
1.32
1.0
1.0
2.00
1.70
1.75
2.10
 	 0:0(0:0)  
736	08/02
21:00	 Oud-Heverlee Leuven
Mechelen	
0
0
1.87
1.87
  	
2.5
1.80
1.95
2.60
3.35
2.60
1.46
1.30
1.46
1.0
1.0
1.60
1.60
2.30
2.30
 	 0:0(0:0)  
737	08/02
21:00	 Lokeren
Charleroi	
-1.25
+1.25
1.80
1.95
 
 	
2.75
1.95
 	
1.80
 	
1.35
4.65
8.75
1.05
1.17
3.05
2.0
1.0
1.90
3.75
1.85
1.25
 	 3:1(2:1)  
738	09/02
15:30	 Standard
Zulte-Waregem	
–1.0
+1.0
1.85
1.90
  	
2.75
1.95
 	
1.80
 	
1.50
4.05
6.40
1.09
1.22
2.50
2.0
1.0
2.15
2.65
1.65
1.45
 	 2:0(0:0)  
739	09/02
19:00	 Genk
Brugge	
-0.25
+0.25
1.95
1.80
 
 	
2.75
2.00
 	
1.75
 	
2.25
3.40
3.00
1.35
1.29
1.60
1.5
1.0
2.10
1.70
1.70
2.10
 	 1:3(1:1)  
558	14/02
21:30	 Brugge
Kortrijk	
–1.0
+1.0
1.80
1.95
  	
2.5
1.80
1.95
1.45
4.20
7.00
1.08
1.20
2.60
2.0
1.0
2.15
3.20
1.65
1.32
 	 3:1(2:0)  
559	15/02
19:00	 Charleroi
Standard	
+1.25
-1.25
1.75
2.00
 
 	
2.5
1.78
1.97
6.80
4.30
1.45
2.63
1.20
1.08
1.0
2.0
2.90
2.10
1.38
1.70
 	 0:1(0:0)  
560	15/02
21:00	 Zulte-Waregem
Cercle Brugge	
–1.0
+1.0
1.87
1.87
  	
2.5
1.80
1.95
1.50
4.00
6.50
1.10
1.22
2.50
2.0
1.0
2.15
2.75
1.65
1.42
 	 2:1(1:1)  
561	15/02
21:00	 Mechelen
K.V. Oostende	
-0.75
+0.75
2.05
1.72
 
 	
2.25
1.85
 	
1.90
 	
1.80
3.45
4.45
1.18
1.28
1.95
1.5
1.0
2.00
2.50
1.75
1.50
 	 1:1(1:0)  
562	15/02
21:00	 Lierse
Genk	
+0.25
-0.25
1.85
1.90
 
 	
2.5
1.80
1.95
3.05
3.35
2.25
1.60
1.29
1.35
1.0
1.5
1.70
2.10
2.10
1.70
 	 0:1(0:0)  
563	15/02
21:00	 Waasland-Beveren
Oud-Heverlee Leuven	
-0.25
+0.25
1.80
1.95
 
 	
2.25
1.85
 	
1.90
 	
2.10
3.25
3.50
1.28
1.31
1.70
1.5
1.0
2.25
2.10
1.60
1.70
 	 1:0(0:0)  
564	16/02
15:30	 Gent
Lokeren	
-0.25
+0.25
1.95
1.80
 
 	
2.25
1.75
 	
2.00
 	
2.25
3.30
3.10
1.34
1.30
1.60
1.5
1.0
2.20
1.85
1.62
1.90
 	 1:1(1:0)  
565	16/02
19:00	 Anderlecht
Mons	
-1.75
+1.75
1.80
1.95
 
 	
3.0
1.85
1.90
1.20
6.40
12.50
1.01
1.09
4.20
2.5
1.0
1.95
4.00
1.80
1.22
 	 2:0(1:0) 
483	21/02
21:30	 Lokeren
Anderlecht	
+0.25
-0.25
1.80
1.95
 
 	
2.75
1.95
 	
1.80
 	
3.00
3.40
2.25
1.60
1.29
1.35
1.0
1.5
1.62
2.05
2.20
1.72
 	 2:1(1:0)  
484	22/02
21:00	 K.V. Oostende
Lierse	
-0.25
+0.25
1.80
1.95
 
 	
2.25
1.90
 	
1.85
 	
2.10
3.20
3.55
1.27
1.32
1.70
1.5
1.0
2.25
2.15
1.60
1.65
 	 3:2(0:0)  
485	22/02
21:00	 Charleroi
Zulte-Waregem	
+0.25
-0.25
1.95
1.80
 
 	
2.5
1.80
1.95
3.30
3.40
2.10
1.70
1.28
1.30
1.0
1.5
1.75
2.00
2.00
1.75
 	 3:2(1:1)  
486	22/02
21:00	 Kortrijk
Mons	
-0.75
+0.75
1.87
1.87
 
 	
2.5
1.87
1.87
1.70
3.60
4.90
1.15
1.26
2.10
1.5
1.0
1.80
2.30
1.95
1.57
 	 1:2(0:1)  
487	22/02
21:00	 Cercle Brugge
Mechelen	
0
0
1.95
1.80
  	
2.5
1.98
1.77
2.75
3.20
2.55
1.48
1.32
1.42
1.0
1.0
1.70
1.57
2.10
2.30
 	 3:2(0:2)  
488	23/02
15:30	 Oud-Heverlee Leuven
Brugge	
+0.75
-0.75
1.80
1.95
 
 	
2.5
1.78
1.97
4.50
3.60
1.75
2.00
1.27
1.18
1.0
1.5
2.15
1.80
1.65
1.95
 	 2:5(0:2)  
489	23/02
19:00	 Standard
Gent	
-1.25
+1.25
2.00
1.75
 
 	
2.5
1.80
1.95
1.42
4.40
7.20
1.07
1.19
2.70
2.0
1.0
2.00
3.20
1.75
1.32
 	 2:3(1:2)  
490	23/02
21:30	 Genk
Waasland-Beveren	
-1.25
+1.25
2.00
1.75
 
 	
2.5
1.87
1.87
1.42
4.25
7.70
1.06
1.20
2.75
1.5
1.0
1.65
3.90
2.15
1.23
 	 0:2(0:1)
511	28/02
21:30	 Mechelen
Lokeren	
+0.25
-0.25
1.80
1.95
 
 	
2.75
1.90
 	
1.85
 	
3.00
3.40
2.25
1.60
1.29
1.35
1.0
1.5
1.60
2.00
2.25
1.75
 	 1:0(1:0)  
512	01/03
21:00	 Gent
Charleroi	
–1.0
+1.0
1.90
1.85
  	
2.5
1.90
1.85
1.52
4.00
6.20
1.10
1.22
2.45
1.5
1.0
1.70
2.90
2.10
1.38
 	 2:1(1:1)  
513	01/03
21:00	 Kortrijk
Cercle Brugge	
-0.75
+0.75
1.95
1.80
 
 	
2.75
1.95
 	
1.80
 	
1.75
3.60
4.45
1.18
1.26
2.00
1.5
1.0
1.75
2.00
2.00
1.75
 	 4:0(4:0)  
514	01/03
21:00	 Lierse
Oud-Heverlee Leuven	
-0.25
+0.25
1.72
2.05
 
 	
2.5
1.90
1.85
2.00
3.40
3.60
1.26
1.29
1.75
1.5
1.0
2.00
1.95
1.75
1.80
 	 0:0(0:0)  
515	01/03
21:00	 Mons
K.V. Oostende	
-0.25
+0.25
2.00
1.75
 
 	
2.5
1.98
1.77
2.35
3.25
2.95
1.36
1.31
1.55
1.5
1.0
2.25
1.75
1.60
2.00
 	 3:0(2:0)  
516	01/03
21:00	 Waasland-Beveren
Zulte-Waregem	
+0.25
-0.25
1.95
1.80
 
 	
2.5
1.95
1.80
3.40
3.35
2.10
1.70
1.30
1.29
1.0
1.5
1.90
2.10
1.85
1.70
 	 2:2(1:2)  
517	02/03
15:30	 Brugge
Standard	
0
0
1.75
2.00
  	
2.5
1.87
1.87
2.40
3.35
2.80
1.40
1.29
1.53
1.5
1.0
2.15
1.65
1.65
2.15
 	 1:0(0:0)  
518	02/03
19:00	 Anderlecht
Genk	
–1.0
+1.0
1.95
1.80
  	
2.5
1.85
1.90
1.53
3.90
6.20
1.10
1.23
2.40
1.5
1.0
1.65
2.75
2.15
1.42
 	 2:0(0:0)
706	08/03
21:00	 Standard
Mechelen	
-1.25
+1.25
1.75
2.00
 
 	
2.75
1.87
 	
1.87
 	
1.33
5.00
8.50
1.05
1.15
3.15
2.0
1.0
1.75
3.30
2.00
1.30
 	 2:0(0:0)  
707	08/03
21:00	 Genk
Mons	
–1.0
+1.0
1.87
1.87
  	
2.75
1.90
 	
1.85
 	
1.50
4.20
6.05
1.11
1.20
2.50
1.5
1.0
1.57
2.55
2.30
1.48
 	 3:1(1:0)  
708	08/03
21:00	 K.V. Oostende
Kortrijk	
-0.25
+0.25
2.05
1.72
 
 	
2.5
1.95
1.80
2.40
3.30
2.85
1.39
1.30
1.53
1.5
1.0
2.25
1.70
1.60
2.10
 	 0:0(0:0)  
709	08/03
21:00	 Charleroi
Lierse	
-0.25
+0.25
1.80
1.95
 
 	
2.5
1.95
1.80
2.10
3.30
3.45
1.28
1.31
1.70
1.5
1.0
2.10
1.90
1.70
1.85
 	 1:1(0:1)  
710	08/03
21:00	 Zulte-Waregem
Brugge	
+0.25
-0.25
1.75
2.00
 
 	
2.5
1.78
1.97
2.95
3.35
2.30
1.57
1.29
1.36
1.0
1.5
1.70
2.15
2.10
1.65
 	 1:1(0:0)  
711	08/03
21:00	 Oud-Heverlee Leuven
Anderlecht	
+1.25
-1.25
1.75
2.00
 
 	
2.75
1.85
 	
1.90
 	
7.00
4.50
1.45
2.75
1.20
1.10
1.0
2.0
2.65
1.95
1.45
1.80
 	 1:0(0:0)  
712	08/03
21:00	 Lokeren
Waasland-Beveren	
–1.0
+1.0
1.75
2.00
  	
2.5
1.90
1.85
1.45
4.05
7.50
1.07
1.22
2.65
1.5
1.0
1.65
3.20
2.15
1.32
 	 0:0(0:0)  
713	08/03
21:00	 Cercle Brugge
Gent	
+0.25
-0.25
2.10
1.70
 
 	
2.5
1.90
1.85
3.80
3.50
1.95
1.85
1.30
1.25
1.0
1.5
2.00
2.00
1.75
1.75
 	 1:4(0:2)
479	16/03
19:00	 Brugge
Cercle Brugge	
–1.5
+1.5
1.90
1.85
  	
3.0
1.90
1.85
1.32
5.20
9.00
1.05
1.15
3.30
2.0
1.0
1.65
2.90
2.15
1.38
 	 2:0(0:0)  
480	16/03
19:00	 Anderlecht
K.V. Oostende	
–1.5
+1.5
1.85
1.90
  	
2.75
1.85
 	
1.90
 	
1.28
5.20
10.50
1.03
1.14
3.48
2.0
1.0
1.72
3.90
2.05
1.23
 	 4:0(2:0)  
481	16/03
19:00	 Gent
Zulte-Waregem	
-0.75
+0.75
2.00
1.75
 
 	
2.5
1.80
1.95
1.80
3.80
4.00
1.22
1.24
1.95
1.5
1.0
1.80
2.00
1.95
1.75
 	 0:1(0:0)  
482	16/03
19:00	 Kortrijk
Genk	
0
0
1.87
1.87
  	
2.5
1.95
1.80
2.70
3.00
2.70
1.42
1.35
1.42
1.0
1.0
1.62
1.62
2.25
2.25
 	 2:2(2:0)  
483	16/03
19:00	 Mechelen
Charleroi	
-0.75
+0.75
1.95
1.80
 
 	
2.5
1.80
1.95
1.75
3.60
4.50
1.18
1.26
2.00
1.5
1.0
1.85
2.15
1.90
1.65
 	 0:3(0:1)  
484	16/03
19:00	 Lierse
Lokeren	
+0.25
-0.25
2.10
1.70
 
 	
2.5
1.85
1.90
3.70
3.50
1.95
1.80
1.28
1.25
1.0
1.5
1.90
1.95
1.85
1.80
 	 1:2(0:0)  
485	16/03
19:00	 Mons
Oud-Heverlee Leuven	
0
0
1.87
1.87
  	
2.75
1.90
 	
1.85
 	
2.60
3.40
2.60
1.47
1.30
1.47
1.0
1.0
1.53
1.53
2.40
2.40
 	 3:2(2:1)  
486	16/03
19:00	 Waasland-Beveren
Standard	
+0.75
-0.75
2.00
1.75
 
 	
2.5
1.95
1.80
5.20
3.80
1.62
2.20
1.24
1.14
1.0
1.5
2.65
1.80
1.45
1.95
 	 1:1(1:0)
555	28/03
21:30	 Brugge
Lokeren	
-0.75
+0.75
1.90
1.85
 
 	
2.5
1.80
1.95
1.72
3.75
4.70
1.18
1.26
2.10
1.5
1.0
1.75
2.20
2.00
1.62
 	 5:1(2:0)  
556	29/03
21:00	 Genk
Zulte-Waregem	
-0.25
+0.25
1.75
2.00
 
 	
2.5
1.85
1.90
2.00
3.45
3.55
1.27
1.28
1.75
1.5
1.0
2.00
1.90
1.75
1.85
 	 0:3(0:1)  
557	29/03
21:00	 Waasland-Beveren
Lierse	
-0.25
+0.25
1.72
2.05
 
 	
2.25
1.80
 	
1.95
 	
2.00
3.30
3.75
1.25
1.30
1.75
1.5
1.0
2.10
2.10
1.70
1.70
 	 2:0(0:0)  
558	29/03
21:00	 Gent
K.V. Oostende	
–1.0
+1.0
1.87
1.87
  	
2.5
1.87
1.87
1.50
4.10
6.20
1.10
1.21
2.50
1.5
1.0
1.65
3.00
2.15
1.36
 	 0:1(0:1)  
559	29/03
21:00	 Kortrijk
Cercle Brugge	
-0.75
+0.75
1.75
2.00
 
 	
2.5
1.78
1.97
1.60
3.85
5.40
1.13
1.23
2.25
1.5
1.0
1.70
2.50
2.10
1.50
 	 4:0(1:0)  
560	29/03
21:00	 Oud-Heverlee Leuven
Mons	
-0.25
+0.25
1.80
1.95
 
 	
2.75
1.95
 	
1.80
 	
2.10
3.45
3.30
1.31
1.28
1.70
1.5
1.0
1.95
1.72
1.80
2.05
 	 2:0(1:0)  
561	30/03
19:00	 Standard
Anderlecht	
-0.25
+0.25
1.87
1.87
 
 	
2.5
1.85
1.90
2.15
3.40
3.20
1.32
1.29
1.65
1.5
1.0
2.05
1.75
1.72
2.00
 	 1:0(1:0)  
562	30/03
21:30	 Mechelen
Charleroi	
-0.25
+0.25
1.65
2.15
 
 	
2.5
1.85
1.90
1.90
3.50
3.90
1.23
1.28
1.85
1.5
1.0
1.90
1.95
1.85
1.80
 	 0:2(0:0)
621	11/04
21:30	 Lokeren
Anderlecht	
+0.25
-0.25
1.80
2.00
 
 	
2.5
1.80
1.95
2.90
3.50
2.30
1.60
1.28
1.40
1.0
1.5
1.62
2.10
2.20
1.70
 	 1:2(1:1)  
622	12/04
19:00	 Zulte-Waregem
Brugge	
0
0
1.95
1.80
  	
2.5
1.85
1.90
2.70
3.30
2.50
1.50
1.30
1.42
1.5
1.5
2.35
2.25
1.55
1.60
 	 2:1(1:0)  
623	12/04
21:00	 Gent
Waasland-Beveren	
–1.0
+1.0
1.95
1.80
  	
2.25
1.77
 	
1.98
 	
1.53
3.80
6.50
1.09
1.24
2.40
1.5
1.0
1.75
3.15
2.00
1.35
 	 2:1(1:1)  
624	12/04
21:00	 K.V. Oostende
Lierse	
-0.25
+0.25
1.67
2.12
 
 	
2.25
1.85
 	
1.90
 	
1.95
3.35
3.85
1.23
1.29
1.80
1.5
1.0
2.15
2.25
1.65
1.60
 	 2:0(1:0)  
625	12/04
21:00	 Cercle Brugge
Charleroi	
0
0
1.95
1.80
  	
2.25
1.75
 	
2.00
 	
2.75
3.25
2.50
1.50
1.31
1.41
1.0
1.0
1.72
1.62
2.05
2.20
 	 2:4(1:3)  
626	12/04
21:00	 Kortrijk
Mechelen	
-0.25
+0.25
1.72
2.05
 
 	
2.5
1.87
1.87
2.00
3.40
3.65
1.26
1.29
1.75
1.5
1.0
2.00
1.90
1.75
1.85
 	 4:1(0:0)  
627	12/04
21:00	 Oud-Heverlee Leuven
Mons	
-0.25
+0.25
1.95
1.80
 
 	
2.5
1.87
1.87
2.25
3.40
3.00
1.35
1.29
1.60
1.5
1.0
2.10
1.70
1.70
2.10
 	 2:0(1:0)  
628	13/04
19:00	 Genk
Standard	
+0.25
-0.25
1.85
1.90
 
 	
2.5
1.87
1.87
3.15
3.35
2.20
1.62
1.30
1.33
1.0
1.5
1.72
2.10
2.05
1.70
 	 2:2(1:1)
425	15/04
21:30	 Anderlecht
Zulte-Waregem	
–1.0
+1.0
1.85
1.90
  	
2.75
1.75
 	
2.00
 	
1.50
4.20
6.00
1.11
1.20
2.50
2.0
1.0
1.95
2.30
1.80
1.57
 	 0:0(0:0)  
426	16/04
21:30	 Brugge
Genk	
–1.0
+1.0
1.90
1.85
  	
2.75
1.90
 	
1.85
 	
1.53
4.00
6.00
1.11
1.22
2.40
2.0
1.0
2.10
2.50
1.70
1.50
 	 2:0(0:0)  
427	17/04
21:30	 Standard
Lokeren	
-1.25
+1.25
2.00
1.75
 
 	
2.75
1.95
 	
1.80
 	
1.42
4.30
7.50
1.07
1.19
2.70
2.0
1.0
2.00
2.90
1.75
1.38
 	 2:2(0:1) 
482	20/04
21:00	 Lokeren
Zulte-Waregem	
-0.25
+0.25
2.05
1.75
 
 	
2.75
1.85
 	
1.90
 	
2.35
3.50
2.80
1.42
1.28
1.57
1.5
1.5
2.05
2.25
1.72
1.60
 	 3:2(1:1)  
483	21/04
15:30	 Brugge
Standard	
-0.25
+0.25
1.95
1.80
 
 	
2.5
1.87
1.87
2.25
3.30
3.10
1.34
1.30
1.60
1.5
1.0
2.15
1.75
1.65
2.00
 	 0:0(0:0)  
484	21/04
19:00	 Genk
Anderlecht	
+0.25
-0.25
2.10
1.70
 
 	
2.75
1.95
 	
1.80
 	
3.65
3.55
1.95
1.80
1.27
1.26
1.0
1.5
1.80
1.87
1.95
1.87
 	 1:0(0:0)
689	25/04
21:30	 Zulte-Waregem
Genk	
-0.75
+0.75
1.90
1.85
 
 	
2.5
1.80
1.95
1.72
3.70
4.60
1.17
1.25
2.05
1.5
1.0
1.80
2.25
1.95
1.60
 	 2:2(1:1)  
690	26/04
19:00	 Lokeren
Brugge	
+0.25
-0.25
1.90
1.85
 
 	
2.5
1.77
1.98
3.20
3.40
2.15
1.65
1.29
1.32
1.0
1.5
1.72
2.00
2.05
1.75
 	 1:3(1:0)  
691	26/04
21:00	 Lierse
Waasland-Beveren	
-0.25
+0.25
1.87
1.87
 
 	
2.25
1.75
 	
2.00
 	
2.15
3.30
3.30
1.30
1.30
1.65
1.5
1.0
2.20
1.95
1.62
1.80
 	 4:2(1:2)  
692	26/04
21:00	 K.V. Oostende
Gent	
+0.25
-0.25
1.80
1.95
 
 	
2.25
1.90
 	
1.85
 	
3.10
3.20
2.30
1.57
1.32
1.34
1.0
1.0
1.95
1.60
1.80
2.25
 	 1:1(0:1)  
693	26/04
21:00	 Cercle Brugge
Kortrijk	
+0.75
-0.75
1.72
2.05
 
 	
2.5
1.78
1.97
3.80
3.75
1.85
1.90
1.24
1.24
1.0
1.5
1.95
1.85
1.80
1.90
 	 0:4(0:2)  
694	26/04
21:00	 Charleroi
Mechelen	
-0.25
+0.25
1.80
1.95
 
 	
2.5
1.80
1.95
2.10
3.40
3.35
1.30
1.29
1.70
1.5
1.0
2.00
1.80
1.75
1.95
 	 3:0(1:0)  
695	27/04
19:00	 Anderlecht
Standard	
-0.25
+0.25
1.85
1.90
 
 	
2.5
1.85
1.90
2.15
3.40
3.20
1.32
1.29
1.65
1.5
1.0
2.00
1.72
1.75
2.05
 	 2:1(0:1) 
549	02/05
21:30	 Standard
Zulte-Waregem	
–1.0
+1.0
1.90
1.85
  	
2.75
1.80
 	
1.95
 	
1.55
4.10
5.50
1.12
1.21
2.35
2.0
1.0
2.05
2.25
1.72
1.60
 	 4:1(2:0)  
550	03/05
19:00	 Genk
Lokeren	
-0.25
+0.25
1.95
1.80
 
 	
2.75
1.78
 	
1.97
 	
2.25
3.50
2.90
1.37
1.27
1.60
1.5
1.5
1.85
2.35
1.90
1.55
 	 1:2(1:1)  
551	03/05
21:00	 Waasland-Beveren
K.V. Oostende	
0
0
1.85
1.90
  	
2.25
1.80
 	
1.95
 	
2.60
3.25
2.65
1.44
1.31
1.46
1.0
1.0
1.65
1.70
2.15
2.10
 	 0:1(0:1)  
552	03/05
21:00	 Gent
Lierse	
-1.25
+1.25
1.90
1.85
 
 	
2.75
1.80
 	
1.95
 	
1.40
4.40
7.80
1.06
1.19
2.80
2.0
1.0
1.85
2.75
1.90
1.42
 	 4:0(3:0)  
553	03/05
21:00	 Kortrijk
Charleroi	
-0.25
+0.25
1.78
1.97
 
 	
2.5
1.85
1.90
2.05
3.40
3.45
1.28
1.29
1.72
1.5
1.0
1.95
1.80
1.80
1.95
 	 2:1(1:0)  
554	03/05
21:00	 Mechelen
Cercle Brugge	
–1.0
+1.0
1.80
1.95
  	
2.75
1.75
 	
2.00
 	
1.47
4.20
6.50
1.09
1.20
2.55
2.0
1.0
1.90
2.40
1.85
1.53
 	 2:0(1:0)  
555	04/05
19:10	 Brugge
Anderlecht	
-0.25
+0.25
1.85
1.90
 
 	
2.75
1.90
 	
1.85
 	
2.15
3.40
3.20
1.32
1.29
1.65
1.5
1.0
1.95
1.62
1.80
2.20
 	 0:1(0:0) 
562	10/05
21:00	 Zulte-Waregem
Lokeren	
-0.25
+0.25
1.85
1.90
 
 	
2.75
1.80
 	
1.95
 	
2.15
3.50
3.10
1.33
1.27
1.65
1.5
1.0
1.90
1.57
1.85
2.30
 	 3:1(2:0)  
563	11/05
15:30	 Standard
Brugge	
-0.25
+0.25
1.70
2.10
 
 	
2.75
1.95
 	
1.80
 	
1.95
3.60
3.60
1.27
1.27
1.80
1.5
1.0
1.87
1.80
1.87
1.95
 	 0:1(0:0)  
564	11/05
19:00	 Anderlecht
Genk	
–1.5
+1.5
1.98
1.77
  	
3.0
1.98
1.77
1.33
5.10
8.00
1.05
1.14
3.15
2.0
1.0
1.72
3.00
2.05
1.36
 	 4:0(2:0)
401	15/05
21:30	 Zulte-Waregem
Anderlecht	
+0.25
-0.25
1.95
1.85
 
 	
2.75
1.75
 	
2.00
 	
3.20
3.70
2.10
1.72
1.27
1.35
1.5
1.5
2.30
1.85
1.57
1.90
 	 1:2(0:2)  
402	15/05
21:30	 Genk
Brugge	
+0.75
-0.75
1.85
1.90
 
 	
2.75
1.80
 	
1.95
 	
4.50
3.80
1.70
2.10
1.23
1.17
1.0
1.5
1.95
1.65
1.80
2.15
 	 3:2(1:1)  
403	15/05
21:30	 Lokeren
Standard	
+0.25
-0.25
2.15
1.65
 
 	
3.0
1.95
1.80
3.65
3.70
1.90
1.82
1.25
1.26
1.0
1.5
1.65
1.72
2.15
2.05
 	 1:3(0:2)  
396	18/05
15:30	 Brugge
Zulte-Waregem	
–1.0
+1.0
1.95
1.80
  	
3.0
1.85
1.90
1.60
4.20
4.75
1.16
1.20
2.25
2.0
1.0
1.95
1.90
1.80
1.85
 	 2:0(1:0)  
397	18/05
15:30	 Anderlecht
Lokeren	
–1.5
+1.5
1.90
1.85
  	
3.25
1.95
 	
1.80
 	
1.33
5.20
8.00
1.06
1.14
3.15
2.5
1.0
2.10
2.50
1.70
1.50
 	 3:1(1:0)  
398	18/05
15:30	 Standard
Genk	
–1.5
+1.5
1.87
1.87
  	
3.0
1.85
1.90
1.30
5.20
9.10
1.04
1.14
3.30
2.0
1.0
1.60
2.80
2.25
1.40
 	 1:0(1:0)  
581	04/04
21:30	 Zulte-Waregem
Standard	
+0.25
-0.25
1.95
1.80
 
 	
2.5
1.90
1.85
3.50
3.35
2.05
1.72
1.29
1.27
1.0
1.5
1.90
2.05
1.85
1.72
 	 2:0(0:0)
583	05/04
21:00	 Lokeren
KRC Genk	
-0.25
+0.25
1.70
2.10
 
 	
2.5
1.90
1.85
1.95
3.45
3.70
1.25
1.28
1.80
1.5
1.0
2.00
2.00
1.75
1.75
 	 1:1(1:1) 
588	06/04
21:00	 RSC Anderlecht
Club Brugge KV	
-0.25
+0.25
1.80
1.95
 
 	
2.75
1.95
 	
1.80
 	
2.05
3.50
3.35
1.29
1.27
1.72
1.5
1.0
1.90
1.72
1.85
2.05
 	 3:0(3:0) 