1085	11/09
21:30	 Mouscron-Peruwelz
Club Brugge KV	
+1.0
–1.0
2.07
1.75
3.0
2.05
1.77
7.50
4.40
1.43
2.77
1.22
1.09
1.0
2.5
2.55
2.65
1.47
1.44
 	 2:1(0:1)  
2242	12/09
19:00	 Zulte-Waregem
KAA Gent	
0
0
2.55
1.47
2.5
1.90
1.90
3.60
3.40
2.05
1.75
1.31
1.28
1.0
1.5
1.90
2.00
1.85
1.75
 	 1:1(0:1)  
2241	12/09
21:00	 Waasland-Beveren
KV Oostende	
0
0
2.30
1.57
2.5
1.85
1.95
3.10
3.50
2.20
1.64
1.29
1.35
1.0
1.5
1.80
2.00
1.95
1.75
 	 1:5(0:2)  
2243	12/09
21:00	 KV Kortrijk
Oud-Heverlee Leuven	
0
0
1.43
2.70
2.5
1.92
1.82
1.95
3.40
3.80
1.24
1.29
1.79
1.5
1.0
2.00
2.05
1.75
1.72
 	 0:0(0:0)  
2244	12/09
21:30	 Mechelen
KVC Westerlo	
–1.0
+1.0
1.90
1.85
2.5
1.75
2.00
1.50
4.20
6.50
1.09
1.22
2.50
2.5
1.0
2.95
2.65
1.37
1.45
 	 2:2(1:0)  
2246	13/09
15:30	 Standard
Lokeren	
–1.0
+1.0
2.30
1.57
2.5
1.80
2.00
1.80
3.70
4.30
1.21
1.27
1.99
1.5
1.0
1.75
2.05
2.00
1.70
 	 0:1(0:0)  
2240	13/09
19:00	 RSC Anderlecht
KRC Genk	
–1.0
+1.0
2.00
1.75
2.5
1.80
1.95
1.62
4.00
5.30
1.15
1.24
2.28
1.5
1.0
1.67
2.40
2.12
1.52
 	 0:0(0:0)  
2245	13/09
21:00	 Sint-Truiden
Charleroi	
0
0
1.75
2.00
2.5
1.95
1.85
2.50
3.25
2.85
1.41
1.33
1.52
1.5
1.5
2.45
2.65
1.50
1.44
 	 1:1(0:0)  
8762	18/09
21:30	 KRC Genk
Mechelen	
–1.0
+1.0
2.50
1.55
2.5
1.80
2.00
1.85
3.65
4.20
1.23
1.28
1.95
1.5
1.0
1.85
2.10
1.95
1.75
 	 3:1(1:0)  
8765	19/09
19:00	 KV Oostende
KV Kortrijk	
–1.0
+1.0
2.65
1.45
2.5
1.80
1.95
1.90
3.40
4.25
1.20
1.33
1.90
1.5
1.0
1.80
2.00
1.95
1.75
 	 1:0(0:0)  
8759	19/09
21:00	 Oud-Heverlee Leuven
Zulte-Waregem	
0
0
1.80
1.95
2.5
1.82
1.92
2.60
3.30
2.70
1.45
1.32
1.49
1.5
1.5
2.25
2.40
1.55
1.50
 	 2:3(1:3)  
8761	19/09
21:00	 KVC Westerlo
Sint-Truiden	
0
0
1.75
2.05
2.5
1.85
1.90
2.45
3.40
2.80
1.42
1.31
1.54
1.5
1.5
2.25
2.50
1.65
1.50
 	 0:3(0:2)  
8764	19/09
21:30	 Lokeren
Mouscron-Peruwelz	
–1.0
+1.0
1.90
1.90
2.5
1.75
2.10
1.55
4.30
5.50
1.14
1.23
2.50
2.0
1.0
2.20
2.60
1.67
1.50
 	 1:2(1:2)  
8763	20/09
15:30	 KAA Gent
Standard	
–1.0
+1.0
2.25
1.60
2.5
1.80
1.95
1.72
3.65
5.00
1.17
1.28
2.11
1.5
1.0
1.70
2.00
2.05
1.75
 	 4:1(2:1)  
8766	20/09
19:00	 Charleroi
RSC Anderlecht	
+1.0
–1.0
1.44
2.65
2.5
1.90
1.90
4.10
3.35
1.95
1.84
1.32
1.23
1.0
1.5
2.00
1.90
1.75
1.85
 	 1:1(0:0)  
8760	20/09
21:00	 Club Brugge KV
Waasland-Beveren	
–2.0
+2.0
2.10
1.75
3.0
1.72
2.05
1.22
6.50
12.00
1.03
1.11
4.22
2.5
1.0
1.87
3.40
1.87
1.30
 	 5:1(2:0)  
7560	25/09
21:30	 Zulte-Waregem
KVC Westerlo	
–1.0
+1.0
1.75
2.10
3.0
2.05
1.75
1.45
4.50
7.00
1.10
1.20
2.74
2.0
1.0
1.90
2.65
1.85
1.48
 	 4:2(2:1)  
8659	26/09
19:00	 Waasland-Beveren
KAA Gent	
+1.0
–1.0
1.85
1.90
2.5
1.72
2.05
5.50
4.25
1.55
2.40
1.21
1.14
1.0
1.5
2.40
1.60
1.53
2.25
 	 1:3(0:1)  
8662	26/09
21:00	 Mechelen
Charleroi	
0
0
1.60
2.25
2.5
1.90
1.85
2.20
3.40
3.20
1.34
1.30
1.65
1.5
1.5
2.05
2.75
1.70
1.42
 	 0:1(0:0)  
8663	26/09
21:00	 Mouscron-Peruwelz
KV Oostende	
0
0
2.30
1.60
2.5
1.80
2.00
3.20
3.40
2.20
1.65
1.30
1.34
1.0
1.5
1.70
2.05
2.10
1.72
 	 2:2(1:1)  
8664	26/09
21:30	 Standard
Oud-Heverlee Leuven	
–1.0
+1.0
1.93
1.87
3.0
2.10
1.75
1.55
4.30
5.50
1.14
1.21
2.41
2.0
1.0
2.05
2.25
1.75
1.62
 	 2:2(0:2)  
8661	27/09
15:30	 Lokeren
Club Brugge KV	
+1.0
–1.0
1.45
2.65
2.5
1.75
2.00
3.80
3.50
1.95
1.82
1.29
1.25
1.0
1.5
1.85
1.85
1.90
1.90
 	 0:1(0:1)  
8658	27/09
19:00	 RSC Anderlecht
Sint-Truiden	
–1.5
+1.5
1.85
1.90
3.0
2.00
1.75
1.28
5.50
10.50
1.04
1.14
3.61
2.0
1.0
1.65
3.40
2.15
1.30
 	 1:0(1:0)  
8660	27/09
21:00	 KV Kortrijk
KRC Genk	
0
0
2.10
1.70
2.5
2.05
1.77
2.95
3.35
2.40
1.57
1.32
1.40
1.5
1.5
2.55
2.25
1.47
1.60
 	 1:0(0:0)  
7610	02/10
21:30	 KV Oostende
Lokeren	
–1.0
+1.0
2.70
1.46
2.5
1.87
1.93
1.95
3.55
3.90
1.27
1.30
1.87
1.5
1.0
1.97
2.05
1.83
1.77
 	 2:0(0:0)  
8717	03/10
19:00	 Charleroi
Zulte-Waregem	
0
0
1.50
2.50
2.5
2.00
1.80
2.10
3.30
3.60
1.28
1.33
1.72
1.5
1.0
2.20
1.97
1.67
1.83
 	 3:0(0:0)  
8712	03/10
21:00	 Oud-Heverlee Leuven
Mouscron-Peruwelz	
–1.0
+1.0
2.65
1.45
2.5
1.75
2.00
1.95
3.50
3.80
1.25
1.29
1.82
1.5
1.0
1.85
1.85
1.90
1.90
 	 1:1(0:0)  
8713	03/10
21:00	 KVC Westerlo
KV Kortrijk	
0
0
2.30
1.57
2.5
1.95
1.85
3.20
3.30
2.25
1.62
1.32
1.34
1.0
1.5
1.80
2.05
1.95
1.70
 	 1:1(1:0)  
8716	03/10
21:30	 Sint-Truiden
Waasland-Beveren	
–1.0
+1.0
2.30
1.57
2.5
1.80
2.00
1.80
3.60
4.50
1.20
1.29
2.00
1.5
1.0
1.75
2.05
2.00
1.70
 	 1:3(0:2)  
8715	04/10
15:30	 KAA Gent
Club Brugge KV	
0
0
1.50
2.50
2.5
1.85
1.90
2.15
3.30
3.40
1.30
1.32
1.67
1.5
1.0
2.00
1.75
1.75
2.00
 	 4:1(1:0)  
8714	04/10
19:00	 KRC Genk
Standard	
0
0
1.50
2.50
2.5
1.80
1.95
2.15
3.40
3.30
1.32
1.30
1.67
1.5
1.0
2.00
1.75
1.75
2.00
 	 3:1(1:0)  
8711	04/10
21:00	 RSC Anderlecht
Mechelen	
–1.0
+1.0
1.70
2.05
2.5
1.70
2.05
1.42
4.60
7.50
1.09
1.19
2.85
1.5
1.0
1.45
2.85
2.65
1.40
 	 1:1(0:0)  
1131	16/10
21:30	 Mouscron-Peruwelz
KAA Gent	
+1.0
–1.0
1.67
2.20
2.5
1.85
1.95
5.00
3.90
1.67
2.19
1.25
1.17
1.0
1.5
2.45
1.77
1.55
2.05
 	 1:2(1:0)  
2228	17/10
19:00	 Standard
KVC Westerlo	
–1.5
+1.5
2.10
1.70
3.0
1.90
1.85
1.40
4.70
7.50
1.08
1.18
2.90
2.0
1.0
1.75
2.50
2.00
1.50
 	 1:2(0:2)  
2223	17/10
21:00	 Waasland-Beveren
KRC Genk	
+1.0
–1.0
1.45
2.65
2.5
1.75
2.00
3.75
3.60
1.95
1.84
1.28
1.26
1.0
1.5
1.85
1.85
1.90
1.90
 	 0:1(0:0)  
2226	17/10
21:00	 Lokeren
Oud-Heverlee Leuven	
–1.0
+1.0
2.30
1.57
2.5
1.80
2.00
1.80
3.60
4.40
1.20
1.28
1.98
1.5
1.0
1.75
2.05
2.00
1.70
 	 1:2(0:1)  
2227	17/10
21:30	 Mechelen
Sint-Truiden	
–1.0
+1.0
2.35
1.60
2.5
1.93
1.87
1.77
3.80
4.50
1.20
1.27
2.10
1.5
1.0
1.87
2.45
1.93
1.57
 	 3:0(1:0)  
2222	18/10
15:30	 Club Brugge KV
KV Oostende	
–1.0
+1.0
1.80
2.00
3.0
2.05
1.77
1.50
4.20
6.40
1.11
1.22
2.54
2.5
1.0
2.65
2.30
1.44
1.57
 	 1:0(1:0)  
2224	18/10
19:00	 Zulte-Waregem
RSC Anderlecht	
+1.0
–1.0
1.47
2.55
2.5
1.85
1.90
4.30
3.50
1.85
1.93
1.29
1.21
1.0
1.5
2.10
1.80
1.68
1.95
 	 0:4(0:2)  
2225	18/10
21:00	 KV Kortrijk
Charleroi	
0
0
1.65
2.25
2.5
2.05
1.75
2.30
3.30
3.10
1.36
1.32
1.60
1.5
1.5
2.30
2.85
1.60
1.40
 	 2:0(1:0)  
5888	23/10
21:30	 KRC Genk
Mouscron-Peruwelz	
–1.0
+1.0
1.85
1.95
3.0
2.10
1.70
1.48
4.20
6.85
1.10
1.23
2.60
2.5
1.0
2.65
2.45
1.44
1.50
 	 0:4(0:2)  
6935	24/10
19:00	 Mechelen
Zulte-Waregem	
–1.0
+1.0
2.50
1.50
2.5
1.70
2.05
1.85
3.55
4.25
1.20
1.28
1.90
1.5
1.0
1.80
1.95
1.95
1.80
 	 3:4(2:2)  
6932	24/10
21:00	 Oud-Heverlee Leuven
Waasland-Beveren	
–1.0
+1.0
2.30
1.60
2.5
1.75
2.10
1.75
3.85
4.50
1.20
1.26
2.10
1.5
1.5
1.75
3.20
2.05
1.33
 	 0:2(0:2)  
6933	24/10
21:00	 KVC Westerlo
Lokeren	
0
0
2.15
1.65
2.5
1.85
1.95
2.95
3.45
2.35
1.55
1.28
1.36
1.5
1.5
2.42
2.15
1.52
1.65
 	 1:2(0:2)  
6934	24/10
21:30	 KAA Gent
KV Oostende	
–1.0
+1.0
1.75
2.10
2.5
1.73
2.05
1.42
4.50
7.50
1.09
1.19
2.74
1.5
1.0
1.55
2.80
2.35
1.40
 	 2:2(0:0)  
6762	25/10
15:30	 RSC Anderlecht
Club Brugge KV	
–1.0
+1.0
2.50
1.53
2.5
1.75
2.05
1.83
3.40
4.55
1.20
1.32
1.95
1.5
1.0
1.83
1.97
1.97
1.83
 	 3:1(1:0)  
6937	25/10
19:00	 Charleroi
Standard	
0
0
1.75
2.00
2.5
1.90
1.85
2.50
3.30
2.80
1.42
1.32
1.51
1.5
1.5
2.30
2.55
1.57
1.47
 	 2:3(1:1)  
5408	27/10
21:30	 Lokeren
KAA Gent	
0
0
2.50
1.53
2.5
1.83
1.97
3.40
3.60
2.07
1.75
1.29
1.30
1.0
1.5
1.83
2.05
1.97
1.77
 	 1:2(0:1)  
5409	27/10
21:30	 Mouscron-Peruwelz
KVC Westerlo	
–1.0
+1.0
2.50
1.53
2.5
1.75
2.05
1.82
3.80
4.20
1.23
1.27
2.00
1.5
1.0
1.83
2.00
2.00
1.80
 	 2:2(1:1)  
5410	27/10
21:30	 KV Oostende
KRC Genk	
0
0
1.75
2.10
2.5
1.87
1.93
2.45
3.35
2.90
1.42
1.33
1.55
1.5
1.0
2.30
1.67
1.62
2.20
 	 3:2(2:0)  
5964	28/10
21:30	 Club Brugge KV
Oud-Heverlee Leuven	
–1.5
+1.5
1.90
1.90
3.0
1.73
2.10
1.33
5.50
8.00
1.07
1.14
3.26
1.5
1.5
1.33
4.30
3.20
1.20
 	 2:0(1:0)  
5966	28/10
21:30	 Zulte-Waregem
Sint-Truiden	
0
0
1.42
2.75
2.5
1.72
2.05
2.00
3.40
3.80
1.27
1.32
1.80
1.5
1.0
1.87
1.75
1.87
2.00
 	 4:0(2:0)  
5965	28/10
21:30	 Waasland-Beveren
Charleroi	
0
0
2.00
1.75
2.5
1.85
1.90
2.85
3.30
2.50
1.50
1.34
1.40
1.5
1.5
2.55
2.30
1.47
1.57
 	 0:1(0:0)  
5968	28/10
21:30	 Standard
Mechelen	
–1.0
+1.0
2.25
1.65
3.0
2.10
1.75
1.77
3.70
4.50
1.22
1.28
2.05
1.5
1.0
1.70
1.97
2.15
1.83
 	 2:1(2:0)  
5967	29/10
21:30	 KV Kortrijk
RSC Anderlecht	
+1.0
–1.0
1.65
2.25
2.5
1.93
1.87
5.10
3.70
1.70
2.19
1.28
1.18
1.0
1.5
2.50
1.85
1.53
1.95
 	 1:1(1:0)  
97	30/10
21:30	 KRC Genk
Lokeren	
–1.0
+1.0
2.40
1.55
2.5
1.90
1.90
1.80
3.50
4.60
1.19
1.29
1.99
1.5
1.0
1.80
2.15
1.95
1.67
 	 0:2(0:1)  
95	31/10
19:00	 Oud-Heverlee Leuven
KAA Gent	
+1.0
–1.0
1.62
2.25
2.5
1.80
1.95
4.80
3.80
1.70
2.12
1.26
1.17
1.0
1.5
2.35
1.80
1.55
2.00
 	 0:2(0:1)  
534	31/10
21:00	 Mechelen
Waasland-Beveren	
–1.0
+1.0
1.90
1.85
2.5
1.72
2.05
1.53
4.25
6.00
1.12
1.21
2.49
1.5
1.0
1.60
2.40
2.30
1.53
 	 2:0(1:0)  
536	31/10
21:00	 Charleroi
KV Oostende	
0
0
1.47
2.55
2.5
1.95
1.80
2.10
3.25
3.70
1.28
1.34
1.73
1.5
1.0
2.05
2.00
1.70
1.75
 	 1:1(0:0)  
96	31/10
21:30	 KVC Westerlo
Club Brugge KV	
+1.0
–1.0
1.77
2.00
3.0
1.90
1.85
5.25
4.20
1.58
2.33
1.21
1.15
1.0
2.0
2.00
2.05
1.77
1.72
 	 0:2(0:2)  
535	01/11
15:30	 Sint-Truiden
Standard	
0
0
2.35
1.55
2.5
1.72
2.10
3.55
3.30
2.10
1.68
1.32
1.27
1.0
1.5
1.68
1.92
2.10
1.82
 	 1:0(0:0)  
94	01/11
19:00	 RSC Anderlecht
Mouscron-Peruwelz	
–2.0
+2.0
1.90
1.85
3.5
2.08
1.70
1.20
6.75
13.00
1.02
1.10
4.20
2.5
1.0
1.85
3.50
1.95
1.27
 	 2:0(0:0)  
98	01/11
21:00	 Zulte-Waregem
KV Kortrijk	
0
0
1.42
2.75
2.5
1.90
1.90
2.00
3.40
3.85
1.23
1.32
1.75
1.5
1.0
1.95
2.00
1.80
1.75
 	 2:2(1:1)  
8769	06/11
21:30	 Mouscron-Peruwelz
Zulte-Waregem	
0
0
2.00
1.80
2.5
1.80
2.00
2.70
3.45
2.50
1.55
1.32
1.46
1.0
1.5
1.60
2.25
2.35
1.65
 	 2:2(1:0)  
93	07/11
19:00	 KV Oostende
Oud-Heverlee Leuven	
–1.0
+1.0
1.95
1.85
2.5
1.80
2.00
1.55
4.10
6.25
1.12
1.24
2.50
1.5
1.0
1.60
2.55
2.25
1.47
 	 3:0(2:0)  
94	07/11
21:00	 Waasland-Beveren
KVC Westerlo	
0
0
1.42
2.65
2.5
1.75
2.00
1.95
3.50
3.85
1.22
1.27
1.85
1.5
1.0
1.80
1.80
1.90
1.90
 	 2:2(0:1)  
95	07/11
21:00	 Lokeren
Sint-Truiden	
–1.0
+1.0
2.20
1.63
2.5
1.90
1.85
1.67
3.70
5.30
1.13
1.27
2.15
1.5
1.0
1.70
2.25
2.05
1.60
 	 1:1(0:0)  
96	07/11
21:30	 KV Kortrijk
Mechelen	
0
0
1.63
2.20
2.5
2.05
1.70
2.30
3.15
3.30
1.30
1.35
1.57
1.5
1.5
2.30
2.95
1.57
1.37
 	 1:0(1:0)  
97	08/11
15:30	 Standard
RSC Anderlecht	
0
0
2.30
1.57
2.5
1.90
1.90
3.35
3.25
2.23
1.65
1.35
1.32
1.0
1.5
1.80
2.00
1.95
1.75
 	 1:0(1:0)  
98	08/11
19:00	 Club Brugge KV
KRC Genk	
–1.0
+1.0
1.80
1.95
3.0
2.05
1.77
1.52
4.35
6.00
1.10
1.22
2.55
2.5
1.0
2.65
2.30
1.44
1.57
 	 1:0(0:0)  
99	08/11
21:00	 KAA Gent
Charleroi	
–1.0
+1.0
1.87
1.87
2.5
1.75
2.05
1.47
4.30
7.00
1.10
1.21
2.50
2.0
1.0
2.05
2.65
1.70
1.45
 	 1:3(1:2) 
1925	20/11
21:30	 KAA Gent
KVC Westerlo	
–1.5
+1.5
1.67
2.20
3.0
1.85
1.95
1.22
6.00
13.00
1.03
1.12
3.88
2.5
1.0
2.05
3.60
1.72
1.27
 	 5:0(2:0)  
1926	21/11
19:00	 Club Brugge KV
Zulte-Waregem	
–1.0
+1.0
1.65
2.15
3.0
1.87
1.87
1.40
4.85
7.50
1.09
1.18
2.94
2.5
1.0
2.25
2.55
1.60
1.47
 	 3:0(3:0)  
1927	21/11
21:00	 Oud-Heverlee Leuven
KRC Genk	
0
0
2.50
1.50
2.5
1.85
1.90
3.45
3.30
2.15
1.67
1.32
1.27
1.0
1.5
1.75
2.00
2.00
1.75
 	 1:3(0:2)  
1928	21/11
21:00	 Waasland-Beveren
Sint-Truiden	
0
0
1.65
2.25
2.5
1.75
2.05
2.25
3.50
3.10
1.37
1.30
1.65
1.5
1.5
2.05
2.60
1.77
1.47
 	 2:1(1:1)  
1930	22/11
15:30	 Standard
KV Kortrijk	
–1.0
+1.0
2.35
1.55
2.5
1.95
1.80
1.77
3.50
4.70
1.19
1.30
2.01
1.5
1.0
1.80
2.25
1.95
1.55
 	 1:1(0:0)  
1932	22/11
21:00	 Mechelen
KV Oostende	
0
0
1.65
2.25
2.5
2.00
1.80
2.27
3.30
3.20
1.36
1.32
1.60
1.5
1.5
2.25
2.85
1.60
1.40
 	 2:1(1:0)  
9472	27/11
21:30	 Zulte-Waregem
Standard	
0
0
1.65
2.25
2.5
1.70
2.10
2.32
3.20
3.20
1.36
1.34
1.57
1.5
1.5
2.05
2.50
1.75
1.50
 	 2:3(0:2)  
390	28/11
19:00	 KRC Genk
KAA Gent	
0
0
2.20
1.67
2.5
1.80
2.00
2.95
3.40
2.35
1.58
1.31
1.39
1.5
1.5
2.40
2.15
1.53
1.70
 	 0:1(0:1)  
392	28/11
21:00	 Charleroi
Lokeren	
0
0
1.65
2.20
2.5
2.10
1.70
2.25
3.30
3.20
1.34
1.32
1.62
1.5
1.0
2.30
2.00
1.57
1.75
 	 1:2(0:1)  
393	28/11
21:30	 Sint-Truiden
Mouscron-Peruwelz	
0
0
1.45
2.65
2.5
1.95
1.85
2.00
3.45
3.70
1.27
1.30
1.78
1.5
1.0
2.00
2.00
1.75
1.75
 	 0:1(0:0)  
394	29/11
15:30	 Mechelen
Club Brugge KV	
+1.0
–1.0
1.44
2.65
3.0
2.12
1.67
3.90
3.40
1.95
1.80
1.30
1.23
1.0
1.5
1.75
1.80
2.00
1.95
 	 1:4(1:0)  
395	29/11
15:30	 RSC Anderlecht
Oud-Heverlee Leuven	
–1.5
+1.5
1.77
2.05
3.5
2.15
1.70
1.25
6.00
10.50
1.03
1.12
3.82
2.5
1.0
2.00
3.05
1.80
1.38
 	 3:2(2:1)  
396	29/11
21:00	 KVC Westerlo
KV Oostende	
0
0
2.50
1.50
2.5
1.75
2.00
3.30
3.50
2.13
1.70
1.29
1.32
1.0
1.5
1.75
1.90
2.00
1.85
 	 0:1(0:0)  
4498	04/12
21:30	 KAA Gent
Zulte-Waregem	
–1.0
+1.0
1.90
1.90
3.0
2.05
1.77
1.50
4.35
6.20
1.12
1.21
2.56
2.5
1.0
2.65
2.30
1.44
1.57
 	 2:2(1:1)  
4499	05/12
19:00	 KV Oostende
Sint-Truiden	
–1.0
+1.0
2.00
1.75
2.5
1.80
1.95
1.60
3.85
5.70
1.12
1.25
2.25
1.5
1.0
1.67
2.40
2.12
1.52
 	 1:2(1:1)  
4500	05/12
21:00	 Oud-Heverlee Leuven
KVC Westerlo	
–1.0
+1.0
2.65
1.45
2.5
1.72
2.05
1.90
3.70
3.90
1.27
1.28
1.90
1.5
1.0
1.85
1.85
1.95
1.90
 	 5:1(3:0)  
4501	05/12
21:00	 Mouscron-Peruwelz
Mechelen	
0
0
1.90
1.90
2.5
1.97
1.83
2.65
3.35
2.65
1.48
1.33
1.48
1.0
1.0
1.65
1.65
2.25
2.25
 	 2:3(1:1)  
4502	05/12
21:30	 Waasland-Beveren
Standard	
0
0
2.55
1.47
2.5
1.75
2.05
3.50
3.55
2.05
1.76
1.29
1.30
1.0
1.5
1.80
1.85
1.95
1.90
 	 0:0(0:0)  
4503	06/12
15:30	 Club Brugge KV
Charleroi	
–1.0
+1.0
1.72
2.10
3.0
1.95
1.85
1.43
4.80
7.00
1.10
1.19
2.85
2.0
1.0
1.87
2.50
1.93
1.53
 	 2:1(1:0)  
4504	06/12
19:00	 KRC Genk
RSC Anderlecht	
0
0
2.50
1.50
2.5
1.90
1.90
3.50
3.40
2.10
1.72
1.31
1.30
1.0
1.5
1.85
2.05
1.90
1.72
 	 0:0(0:0)  
4505	06/12
21:00	 Lokeren
KV Kortrijk	
0
0
1.42
2.75
2.5
2.00
1.80
2.05
3.25
3.80
1.26
1.33
1.75
1.5
1.0
2.00
2.00
1.75
1.75
 	 3:1(0:1)  
5494	11/12
21:30	 KVC Westerlo
KRC Genk	
+1.0
–1.0
1.53
2.50
2.5
1.75
2.05
3.90
3.80
1.85
1.97
1.27
1.25
1.0
1.5
1.97
1.83
1.83
1.97
 	 0:0(0:0)  
6396	12/12
19:00	 Charleroi
Oud-Heverlee Leuven	
–1.0
+1.0
2.30
1.57
2.5
1.80
2.00
1.78
3.60
4.50
1.20
1.29
2.00
1.5
1.0
1.75
2.05
2.00
1.70
 	 2:1(0:0)  
6397	12/12
21:00	 Zulte-Waregem
Waasland-Beveren	
–1.0
+1.0
1.93
1.87
3.0
2.10
1.75
1.55
4.30
5.50
1.14
1.21
2.41
2.0
1.0
2.05
2.25
1.75
1.62
 	 2:1(2:0)  
6398	12/12
21:00	 Mechelen
Lokeren	
0
0
1.45
2.65
2.5
2.00
1.80
2.00
3.35
3.90
1.25
1.32
1.80
1.5
1.0
2.10
2.00
1.70
1.75
 	 1:1(1:1)  
6399	12/12
21:30	 KV Kortrijk
Mouscron-Peruwelz	
–1.0
+1.0
2.50
1.50
2.5
1.97
1.77
1.80
3.60
4.30
1.22
1.27
1.95
1.5
1.0
1.95
2.35
1.80
1.55
 	 1:3(0:2)  
6400	13/12
15:30	 Standard
Club Brugge KV	
0
0
2.25
1.65
2.5
1.75
2.05
3.10
3.50
2.22
1.64
1.29
1.36
1.5
1.5
2.60
2.05
1.47
1.77
 	 2:0(0:0)  
6401	13/12
19:00	 Sint-Truiden
KAA Gent	
+1.0
–1.0
1.57
2.30
2.5
1.80
1.95
4.75
3.65
1.75
2.05
1.28
1.18
1.0
1.5
2.05
1.75
1.70
2.00
 	 0:2(0:1)  
6402	13/12
21:00	 RSC Anderlecht
KV Oostende	
–1.0
+1.0
1.75
2.10
3.0
2.15
1.70
1.45
4.50
7.00
1.10
1.20
2.75
2.0
1.0
1.97
2.75
1.83
1.45
 	 1:1(0:0)
5973	18/12
21:30	 Lokeren
Zulte-Waregem	
0
0
1.65
2.20
2.5
1.75
2.10
2.20
3.60
3.05
1.37
1.30
1.70
1.5
1.0
1.95
1.62
1.80
2.25
 	 1:1(0:1)  
7443	19/12
19:00	 KRC Genk
Sint-Truiden	
–1.0
+1.0
1.90
1.90
2.5
1.85
1.95
1.53
4.00
6.50
1.12
1.25
2.55
1.5
1.0
1.67
3.10
2.20
1.37
 	 3:0(1:0)  
7444	19/12
21:00	 KVC Westerlo
Charleroi	
0
0
2.45
1.57
2.5
1.80
2.00
3.30
3.50
2.13
1.70
1.29
1.32
1.0
1.5
1.77
2.05
2.05
1.77
 	 2:1(1:1)  
7445	19/12
21:00	 Mouscron-Peruwelz
Waasland-Beveren	
0
0
1.47
2.55
2.5
1.85
1.90
2.05
3.35
3.75
1.25
1.30
1.70
1.5
1.0
2.00
1.95
1.75
1.80
 	 0:1(0:0)  
7446	19/12
21:30	 Oud-Heverlee Leuven
Mechelen	
0
0
1.95
1.85
2.5
1.80
2.00
2.70
3.40
2.55
1.53
1.32
1.48
1.5
1.5
2.35
2.30
1.57
1.62
 	 3:1(0:1)  
7447	20/12
15:30	 Club Brugge KV
RSC Anderlecht	
0
0
1.46
2.70
2.5
1.80
2.00
2.00
3.55
3.65
1.28
1.29
1.80
1.5
1.0
1.95
1.90
1.85
1.90
 	 1:4(0:2)  
7448	20/12
19:00	 KV Oostende
Standard	
0
0
1.77
2.05
2.5
1.85
1.95
2.42
3.50
2.80
1.43
1.30
1.56
1.5
1.0
2.30
1.65
1.62
2.25
 	 4:1(2:1)  
7449	20/12
21:00	 KAA Gent
KV Kortrijk	
–1.5
+1.5
2.15
1.70
2.5
1.70
2.15
1.43
4.50
7.50
1.09
1.20
2.81
2.0
1.0
1.93
3.20
1.87
1.35
 	 3:0(1:0)  
7271	26/12
15:30	 KV Kortrijk
Club Brugge KV	
+1.0
–1.0
1.55
2.35
2.5
1.85
1.95
4.50
3.80
1.77
2.10
1.27
1.22
1.0
1.5
2.30
1.83
1.62
1.97
 	 1:4(1:1)  
7272	26/12
19:00	 Charleroi
KRC Genk	
0
0
1.80
2.00
2.5
2.05
1.77
2.50
3.40
2.80
1.48
1.31
1.48
1.0
1.0
1.67
1.75
2.20
2.00
 	 1:0(0:0)  
7273	26/12
21:00	 Waasland-Beveren
Lokeren	
0
0
2.40
1.52
2.5
1.95
1.80
3.20
3.40
2.20
1.65
1.30
1.34
1.0
1.5
1.90
2.10
1.85
1.70
 	 2:3(2:0)  
7274	26/12
21:00	 Mechelen
KAA Gent	
+1.0
–1.0
1.45
2.65
2.5
1.90
1.90
4.20
3.65
1.82
1.95
1.28
1.23
1.0
1.5
2.20
1.93
1.67
1.87
 	 2:0(0:0)  
7275	26/12
21:30	 Sint-Truiden
Oud-Heverlee Leuven	
0
0
1.95
1.85
2.5
1.80
2.00
2.70
3.40
2.57
1.50
1.32
1.46
1.5
1.5
2.35
2.30
1.57
1.62
 	 2:2(0:1)  
7276	27/12
15:30	 Standard
Mouscron-Peruwelz	
–1.0
+1.0
1.75
2.00
2.5
1.80
1.95
1.45
4.20
7.80
1.06
1.21
2.65
1.5
1.0
1.52
2.85
2.40
1.40
 	 3:0(1:0)  
7277	27/12
19:00	 RSC Anderlecht
KVC Westerlo	
–2.0
+2.0
1.87
1.93
3.5
2.05
1.75
1.18
7.00
14.00
1.01
1.09
4.67
2.5
1.0
1.80
4.00
2.00
1.25
 	 2:1(1:0)  
7278	27/12
21:00	 Zulte-Waregem
KV Oostende	
0
0
1.70
2.15
3.0
2.15
1.70
2.30
3.50
2.95
1.39
1.29
1.60
1.5
1.5
2.00
2.35
1.80
1.57
 	 1:0(0:0)
5558	15/01
21:30	 KRC Genk
Zulte-Waregem	
–1.0
+1.0
2.30
1.57
2.5
1.80
1.95
1.75
3.65
4.75
1.18
1.28
2.05
1.5
1.0
1.75
2.05
2.00
1.70
 	 2:1(1:1)  
5559	16/01
19:00	 Club Brugge KV
Mouscron-Peruwelz	
–2.0
+2.0
2.05
1.77
3.0
1.80
2.00
1.20
6.50
13.00
1.01
1.10
4.33
2.5
1.0
1.95
4.50
1.85
1.20
 	 3:0(1:0)  
5560	16/01
21:00	 Oud-Heverlee Leuven
KV Kortrijk	
0
0
1.53
2.50
2.5
1.90
1.90
2.10
3.45
3.45
1.32
1.32
1.75
1.5
1.0
2.10
1.93
1.75
1.87
 	 1:0(0:0)  
5561	16/01
21:00	 KVC Westerlo
Mechelen	
0
0
2.30
1.60
2.5
1.80
2.00
3.30
3.40
2.20
1.67
1.32
1.34
1.0
1.5
1.70
2.05
2.10
1.72
 	 3:2(0:0)  
5562	16/01
21:30	 Charleroi
Sint-Truiden	
–1.0
+1.0
1.95
1.80
2.5
1.90
1.90
1.55
3.80
6.50
1.09
1.25
2.35
1.5
1.5
1.67
4.40
2.12
1.18
 	 0:0(0:0)  
5563	17/01
15:30	 KAA Gent
RSC Anderlecht	
0
0
1.60
2.30
2.5
1.90
1.90
2.30
3.30
3.20
1.36
1.34
1.62
1.5
1.0
2.05
1.75
1.70
2.00
 	 2:0(1:0)  
5564	17/01
19:00	 Lokeren
Standard	
0
0
2.05
1.77
2.5
1.80
2.00
2.85
3.40
2.45
1.55
1.32
1.44
1.5
1.5
2.35
2.20
1.57
1.67
 	 0:2(0:0)  
5565	17/01
21:00	 KV Oostende
Waasland-Beveren	
–1.0
+1.0
1.75
2.10
2.5
1.70
2.10
1.45
4.50
7.00
1.10
1.20
2.74
1.5
1.0
1.55
2.80
2.35
1.40
 	 3:3(2:2)  
2358	22/01
21:30	 KV Kortrijk
KV Oostende	
0
0
1.75
2.05
2.5
2.00
1.80
2.50
3.25
2.90
1.40
1.34
1.50
1.5
1.5
2.30
2.45
1.57
1.50
 	 2:1(1:0)  
3217	23/01
19:00	 Mechelen
KRC Genk	
0
0
2.00
1.75
2.5
2.05
1.70
2.80
3.30
2.50
1.51
1.32
1.42
1.5
1.5
2.65
2.55
1.42
1.47
 	 1:1(0:0)  
3222	23/01
21:00	 Zulte-Waregem
Oud-Heverlee Leuven	
–1.0
+1.0
2.50
1.50
2.5
1.70
2.10
1.90
3.60
4.00
1.24
1.30
1.90
1.5
1.5
1.80
2.85
1.95
1.40
 	 2:2(1:1)  
3223	23/01
21:00	 Sint-Truiden
KVC Westerlo	
0
0
1.60
2.25
2.5
1.90
1.85
2.20
3.40
3.20
1.34
1.30
1.65
1.5
1.5
2.05
2.75
1.70
1.42
 	 1:2(0:0)  
3224	23/01
21:30	 Mouscron-Peruwelz
Lokeren	
0
0
2.20
1.65
2.5
2.10
1.75
3.15
3.30
2.30
1.62
1.33
1.36
1.0
1.0
1.90
1.57
1.85
2.30
 	 1:1(0:0)  
3253	24/01
15:30	 RSC Anderlecht
Charleroi	
–1.0
+1.0
1.75
2.10
2.5
1.80
2.00
1.43
4.40
7.50
1.10
1.22
2.80
2.0
1.0
2.10
3.05
1.70
1.35
 	 2:1(1:1)  
3254	24/01
19:00	 Standard
KAA Gent	
0
0
1.87
1.93
2.5
1.95
1.85
2.60
3.35
2.70
1.48
1.33
1.50
1.0
1.0
1.60
1.62
2.35
2.30
 	 0:3(0:0)  
3255	24/01
21:00	 Waasland-Beveren
Club Brugge KV	
+1.0
–1.0
2.15
1.70
3.0
1.90
1.90
6.50
4.60
1.45
2.80
1.20
1.12
1.0
2.0
2.45
1.83
1.55
2.00
 	 1:2(1:1)  
5527	29/01
21:30	 Sint-Truiden
RSC Anderlecht	
+1.0
–1.0
2.00
1.80
2.5
1.80
2.00
7.00
4.10
1.50
2.55
1.24
1.09
1.0
2.5
2.65
2.95
1.45
1.37
 	 1:2(1:1)  
5523	30/01
21:00	 KVC Westerlo
Zulte-Waregem	
0
0
1.93
1.83
2.5
1.70
2.10
2.65
3.50
2.50
1.53
1.28
1.46
1.5
1.5
2.20
2.15
1.62
1.65
 	 1:2(1:0)  
5528	30/01
21:00	 Charleroi
Mechelen	
–1.0
+1.0
2.35
1.60
2.5
1.95
1.85
1.75
3.50
4.95
1.17
1.29
2.05
1.5
1.0
1.90
2.50
1.90
1.53
 	 3:2(1:2)  
5524	30/01
21:30	 KRC Genk
KV Kortrijk	
–1.0
+1.0
2.30
1.57
2.5
2.05
1.70
1.70
3.55
5.40
1.13
1.30
2.05
1.5
1.0
1.80
2.55
1.95
1.47
 	 1:0(1:0)  
5526	31/01
15:30	 KV Oostende
Mouscron-Peruwelz	
–1.0
+1.0
2.00
1.75
2.5
1.70
2.05
1.60
3.85
5.85
1.12
1.25
2.30
1.5
1.0
1.60
2.30
2.25
1.57
 	 3:3(1:0)  
5522	31/01
19:00	 Club Brugge KV
Lokeren	
–1.5
+1.5
1.90
1.90
3.0
1.90
1.90
1.30
5.55
9.50
1.05
1.15
3.50
2.5
1.0
2.05
3.40
1.70
1.30
 	 2:1(2:1)  
5525	31/01
21:00	 KAA Gent
Waasland-Beveren	
–2.0
+2.0
1.95
1.85
3.5
2.10
1.75
1.20
6.80
13.00
1.02
1.10
4.46
2.5
1.0
1.80
3.60
1.95
1.27
 	 2:1(1:1)  
6534	05/02
21:30	 Mechelen
RSC Anderlecht	
+1.0
–1.0
1.48
2.65
2.5
1.72
2.10
3.80
3.70
1.95
1.87
1.30
1.27
1.0
1.5
1.87
1.85
1.93
1.95
 	 2:2(1:1)  
7285	06/02
19:00	 Mouscron-Peruwelz
KRC Genk	
0
0
2.00
1.75
2.5
2.05
1.72
2.90
3.15
2.50
1.53
1.33
1.40
1.0
1.0
1.75
1.60
2.00
2.25
 	 0:1(0:0)  
7283	06/02
21:00	 KV Kortrijk
KVC Westerlo	
–1.0
+1.0
2.30
1.57
2.5
1.80
2.00
1.80
3.60
4.55
1.18
1.28
2.00
1.5
1.0
1.75
2.05
2.00
1.70
 	 1:1(0:0)  
7282	06/02
21:30	 Zulte-Waregem
Charleroi	
0
0
1.90
1.90
2.5
1.85
1.95
2.65
3.30
2.65
1.47
1.30
1.47
1.0
1.0
1.57
1.57
2.40
2.40
 	 2:3(1:1)  
7280	07/02
15:30	 Club Brugge KV
KAA Gent	
0
0
1.42
2.75
2.5
1.85
1.90
2.00
3.40
3.85
1.23
1.32
1.75
1.5
1.0
1.95
2.00
1.80
1.75
 	 1:0(0:0)  
7286	07/02
19:00	 Standard
Sint-Truiden	
–1.5
+1.5
1.90
1.90
2.5
1.80
2.00
1.28
5.50
11.00
1.04
1.15
3.67
2.0
1.0
1.85
5.00
1.95
1.17
 	 1:2(1:1)  
7284	07/02
21:00	 Lokeren
KV Oostende	
0
0
1.65
2.15
2.5
1.95
1.80
2.35
3.35
3.00
1.38
1.32
1.58
1.5
1.0
2.20
1.80
1.63
1.95
 	 0:1(0:0)  
4817	12/02
21:30	 KAA Gent
Mouscron-Peruwelz	
–1.5
+1.5
2.00
1.80
3.0
2.05
1.77
1.33
5.30
8.50
1.06
1.15
3.26
2.0
1.0
1.72
3.60
2.10
1.30
 	 2:0(0:0)  
4820	13/02
19:00	 Charleroi
KV Kortrijk	
–1.0
+1.0
2.55
1.53
2.5
2.10
1.72
1.80
3.45
4.80
1.18
1.31
2.00
1.5
1.0
2.05
2.60
1.77
1.50
 	 1:1(1:0)  
4814	13/02
21:00	 Oud-Heverlee Leuven
Lokeren	
0
0
1.52
2.45
2.5
1.95
1.85
2.15
3.40
3.40
1.30
1.32
1.70
1.5
1.0
2.10
2.00
1.70
1.75
 	 3:3(0:1)  
4813	13/02
21:00	 RSC Anderlecht
Zulte-Waregem	
–1.5
+1.5
2.05
1.77
3.0
1.80
2.00
1.44
4.50
7.20
1.09
1.20
2.77
2.0
1.0
1.70
2.55
2.10
1.53
 	 3:0(1:0)  
4816	13/02
21:30	 KRC Genk
Waasland-Beveren	
–1.0
+1.0
1.75
2.10
2.5
1.72
2.10
1.45
4.50
7.00
1.10
1.20
2.74
1.5
1.0
1.55
2.80
2.35
1.40
 	 6:1(4:1)  
4818	14/02
15:30	 KV Oostende
Club Brugge KV	
+1.0
–1.0
1.42
2.75
2.5
1.70
2.10
3.85
3.40
2.00
1.81
1.32
1.26
1.5
1.5
2.75
1.90
1.45
1.90
 	 0:2(0:1)  
4815	14/02
19:00	 KVC Westerlo
Standard	
+1.0
–1.0
1.45
2.65
2.5
1.80
2.00
4.05
3.35
1.95
1.80
1.30
1.22
1.0
1.5
1.85
1.85
1.90
1.90
 	 2:0(0:0)  
4819	14/02
21:00	 Sint-Truiden
Mechelen	
0
0
1.75
2.10
2.5
1.85
1.97
2.40
3.45
2.85
1.44
1.32
1.57
1.5
1.0
2.25
1.65
1.65
2.25
 	 0:3(0:0) 
7251	19/02
21:30	 Club Brugge KV
KVC Westerlo	
–2.0
+2.0
1.87
1.93
3.5
2.05
1.77
1.17
7.50
14.00
1.02
1.10
5.50
2.5
1.0
1.80
4.00
2.05
1.25
 	 6:0(3:0)  
7981	20/02
19:00	 Standard
Charleroi	
–1.0
+1.0
2.30
1.57
2.5
2.00
1.75
1.75
3.55
5.00
1.16
1.30
2.05
1.5
1.0
1.75
2.40
2.00
1.52
 	 3:0(1:0)  
7977	20/02
21:00	 KV Kortrijk
Sint-Truiden	
–1.0
+1.0
2.35
1.60
2.5
2.10
1.72
1.70
3.45
5.50
1.14
1.30
2.12
1.5
1.0
1.97
2.85
1.83
1.42
 	 3:0(2:0)  
7979	20/02
21:00	 Mouscron-Peruwelz
Oud-Heverlee Leuven	
0
0
1.55
2.35
2.5
1.90
1.90
2.15
3.40
3.35
1.30
1.32
1.65
1.5
1.0
2.00
1.80
1.75
1.95
 	 3:1(0:1)  
7978	20/02
21:30	 Lokeren
KRC Genk	
0
0
2.00
1.75
2.0
1.65
2.15
2.85
3.30
2.45
1.50
1.30
1.40
1.5
1.5
2.80
2.45
1.40
1.50
 	 0:0(0:0)  
7980	21/02
15:30	 KV Oostende
KAA Gent	
0
0
2.65
1.45
2.5
2.00
1.75
3.85
3.35
2.00
1.75
1.32
1.25
1.0
1.5
2.00
2.05
1.75
1.72
 	 5:2(3:2)  
7975	21/02
19:00	 Waasland-Beveren
RSC Anderlecht	
+1.0
–1.0
1.95
1.85
3.0
2.10
1.70
6.70
4.25
1.48
2.60
1.21
1.10
1.0
2.5
2.30
2.65
1.57
1.44
 	 1:0(0:0)  
7976	21/02
21:00	 Zulte-Waregem
Mechelen	
0
0
1.47
2.55
2.5
1.70
2.15
2.05
3.45
3.60
1.29
1.31
1.76
1.5
1.0
1.87
1.70
1.87
2.05
 	 2:3(1:0)  
1436	26/02
21:30	 KAA Gent
Lokeren	
–1.5
+1.5
2.15
1.70
3.0
2.15
1.70
1.42
4.50
7.50
1.08
1.19
2.81
2.0
1.0
1.90
3.05
1.90
1.38
 	 3:1(2:1)  
2347	27/02
19:00	 Oud-Heverlee Leuven
KV Oostende	
0
0
1.77
2.05
2.5
1.77
2.05
2.45
3.45
2.85
1.43
1.32
1.56
1.5
1.0
2.20
1.60
1.67
2.35
 	 4:1(2:0)  
2348	27/02
21:00	 KVC Westerlo
Mouscron-Peruwelz	
0
0
1.80
2.00
2.5
2.10
1.72
2.50
3.35
2.80
1.45
1.33
1.53
1.0
1.0
1.67
1.80
2.20
2.00
 	 2:2(2:2)  
2349	27/02
21:00	 Mechelen
KV Kortrijk	
0
0
1.55
2.45
2.5
1.90
1.90
2.12
3.45
3.40
1.31
1.31
1.71
1.5
1.0
2.10
1.90
1.72
1.90
 	 0:2(0:1)  
2350	27/02
21:30	 Sint-Truiden
Zulte-Waregem	
0
0
2.00
1.75
2.5
1.80
1.95
2.75
3.45
2.45
1.52
1.30
1.43
1.5
1.5
2.30
2.20
1.57
1.62
 	 1:2(0:1)  
2351	28/02
15:30	 KRC Genk
Club Brugge KV	
0
0
2.50
1.55
2.5
1.87
1.93
3.35
3.50
2.10
1.71
1.29
1.31
1.0
1.5
1.87
2.10
1.93
1.75
 	 3:2(1:1)  
2352	28/02
19:00	 RSC Anderlecht
Standard	
0
0
1.55
2.45
2.5
1.85
1.95
2.15
3.40
3.35
1.32
1.31
1.69
1.5
1.0
2.05
1.83
1.75
1.97
 	 3:3(1:2)  
2353	28/02
21:00	 Charleroi
Waasland-Beveren	
–1.0
+1.0
1.87
1.87
2.5
1.80
2.00
1.50
4.00
7.00
1.07
1.23
2.50
1.5
1.0
1.55
3.05
2.30
1.35
 	 2:3(1:0)  
6886	04/03
21:30	 KAA Gent
Oud-Heverlee Leuven	
–1.5
+1.5
2.05
1.75
3.0
2.00
1.80
1.42
4.70
7.50
1.10
1.20
2.95
2.0
1.0
1.80
2.95
2.00
1.40
 	 1:1(0:0)  
7036	05/03
21:00	 Club Brugge KV
Sint-Truiden	
–1.5
+1.5
1.75
2.10
3.0
1.85
1.95
1.25
6.00
12.00
1.03
1.12
4.30
2.5
1.0
2.05
3.70
1.77
1.28
 	 3:0(1:0)  
7037	05/03
21:00	 Waasland-Beveren
Mechelen	
0
0
1.72
2.10
2.5
1.75
2.05
2.40
3.40
2.95
1.42
1.32
1.60
1.5
1.0
2.15
1.60
1.72
2.35
 	 0:0(0:0)  
7038	05/03
21:00	 KV Kortrijk
Zulte-Waregem	
0
0
1.60
2.30
2.5
1.80
2.00
2.20
3.40
3.30
1.34
1.32
1.67
1.5
1.0
2.05
1.70
1.72
2.10
 	 1:0(1:0)  
7039	05/03
21:00	 Lokeren
KVC Westerlo	
–1.0
+1.0
2.10
1.70
2.5
1.75
2.05
1.65
4.00
5.00
1.17
1.24
2.22
1.5
1.5
1.67
3.60
2.15
1.27
 	 2:1(1:1)  
7040	05/03
21:00	 Mouscron-Peruwelz
RSC Anderlecht	
+1.0
–1.0
1.57
2.30
2.5
1.80
2.00
4.55
3.60
1.80
2.00
1.28
1.18
1.0
1.5
2.05
1.75
1.70
2.00
 	 2:1(1:1)  
7041	05/03
21:00	 KV Oostende
Charleroi	
0
0
1.80
1.95
2.5
1.80
2.00
2.55
3.40
2.70
1.45
1.30
1.47
1.5
1.5
2.30
2.40
1.57
1.53
 	 2:1(0:0)  
7042	05/03
21:00	 Standard
KRC Genk	
0
0
1.42
2.75
2.5
1.75
2.00
1.93
3.55
3.70
1.25
1.27
1.83
1.5
1.0
1.87
1.80
1.87
1.95
 	 2:1(0:1) 
1809	13/03
19:00	 RSC Anderlecht
KV Kortrijk	
–1.0
+1.0
2.00
1.83
3.0
2.10
1.72
1.60
4.30
5.00
1.17
1.23
2.35
2.0
1.0
2.15
2.25
1.70
1.65
 	 3:0(1:0)  
1810	13/03
19:00	 Oud-Heverlee Leuven
Club Brugge KV	
+1.0
–1.0
1.45
2.65
2.5
1.77
2.05
3.90
3.40
2.00
1.83
1.32
1.27
1.0
1.5
1.90
1.87
1.90
1.93
 	 0:1(0:0)  
1811	13/03
19:00	 KVC Westerlo
Waasland-Beveren	
–1.0
+1.0
2.45
1.55
3.0
2.05
1.77
1.90
3.70
3.90
1.26
1.28
1.90
1.5
1.0
1.72
1.80
2.10
2.00
 	 1:0(1:0)  
1812	13/03
19:00	 KRC Genk
KV Oostende	
–1.0
+1.0
2.10
1.75
2.5
1.72
2.10
1.65
4.00
5.00
1.18
1.25
2.25
1.5
1.0
1.70
2.30
2.15
1.62
 	 4:1(2:0)  
1813	13/03
19:00	 Zulte-Waregem
Mouscron-Peruwelz	
–1.0
+1.0
2.00
1.80
3.0
2.00
1.80
1.65
4.00
5.00
1.18
1.25
2.30
2.0
1.0
2.10
2.10
1.72
1.75
 	 3:0(1:0)  
1814	13/03
19:00	 Mechelen
Standard	
+1.0
–1.0
1.65
2.25
3.0
2.15
1.70
4.50
3.90
1.77
2.10
1.27
1.22
1.0
1.5
2.00
1.70
1.80
2.15
 	 4:0(3:0)  
1815	13/03
19:00	 Sint-Truiden
Lokeren	
0
0
1.48
2.65
2.5
1.87
1.93
2.05
3.50
3.60
1.30
1.32
1.80
1.5
1.0
2.00
1.95
1.80
1.85
 	 1:1(0:0)  
1816	13/03
19:00	 Charleroi
KAA Gent	
0
0
2.50
1.53
2.5
2.00
1.80
3.45
3.50
2.10
1.75
1.32
1.32
1.0
1.5
2.00
2.15
1.80
1.70
 	 1:1(0:0)  
4709	01/04
21:30	 KAA Gent
Zulte-Waregem	
–1.0
+1.0
1.83
1.97
3.0
2.10
1.75
1.50
4.40
6.30
1.12
1.21
2.59
2.0
1.0
2.00
2.45
1.80
1.55
 	 1:1(0:1)  
4710	02/04
19:00	 KV Oostende
Club Brugge KV	
+1.0
–1.0
1.45
2.65
2.5
1.72
2.10
4.00
3.55
1.90
1.88
1.29
1.24
1.0
1.5
1.85
1.75
1.90
2.00
 	 0:1(0:1)  
4711	02/04
21:00	 KV Kortrijk
Mouscron-Peruwelz	
–1.0
+1.0
2.70
1.47
2.5
1.87
1.93
1.87
3.65
4.10
1.24
1.28
1.93
1.5
1.0
1.93
2.05
1.87
1.75
 	 0:0(0:0)  
4712	02/04
21:00	 Sint-Truiden
Mechelen	
0
0
1.87
1.93
2.5
1.95
1.85
2.65
3.30
2.70
1.45
1.34
1.47
1.5
1.5
2.30
2.40
1.57
1.52
 	 0:1(0:1)  
4713	02/04
21:30	 Lokeren
Charleroi	
0
0
1.75
2.00
2.5
2.05
1.70
2.50
3.20
2.90
1.40
1.35
1.50
1.5
1.5
2.55
2.65
1.47
1.42
 	 1:0(1:0)  
4714	03/04
19:00	 RSC Anderlecht
KRC Genk	
–1.0
+1.0
2.40
1.53
2.5
1.85
1.95
1.80
3.60
4.60
1.20
1.30
2.05
1.5
1.0
1.85
2.10
1.95
1.70
 	 1:0(0:0)  
4715	03/04
21:00	 Waasland-Beveren
Standard	
0
0
2.65
1.45
2.5
1.70
2.10
3.85
3.50
1.95
1.83
1.29
1.25
1.0
1.5
1.78
1.85
1.97
1.90
 	 0:1(0:1)  
6279	08/04
21:30	 KRC Genk
KV Oostende	
–1.0
+1.0
2.15
1.70
2.5
1.80
2.00
1.68
3.75
5.25
1.16
1.27
2.19
1.5
1.0
1.75
2.35
2.05
1.60
 	 4:0(2:0)  
7613	09/04
19:00	 Club Brugge KV
KAA Gent	
0
0
1.55
2.45
2.5
1.85
1.95
2.12
3.45
3.40
1.31
1.31
1.71
1.5
1.5
2.05
2.75
1.75
1.42
 	 2:0(0:0)  
7614	09/04
21:00	 Mechelen
Lokeren	
–1.0
+1.0
2.75
1.45
2.5
1.85
1.95
1.93
3.55
3.95
1.25
1.30
1.88
1.5
1.0
1.97
2.00
1.83
1.83
 	 2:1(2:0)  
7615	09/04
21:00	 Mouscron-Peruwelz
Waasland-Beveren	
0
0
1.48
2.65
2.5
1.87
1.93
2.05
3.40
3.60
1.28
1.31
1.75
1.5
1.0
2.00
1.95
1.80
1.85
 	 0:0(0:0)  
7616	09/04
21:30	 Charleroi
Sint-Truiden	
–1.0
+1.0
1.97
1.85
2.5
1.95
1.85
1.55
4.10
6.00
1.12
1.23
2.43
1.5
1.0
1.75
3.10
2.05
1.37
 	 1:1(0:0)  
7617	10/04
19:00	 Zulte-Waregem
RSC Anderlecht	
0
0
2.50
1.50
2.5
1.77
2.05
3.45
3.30
2.15
1.67
1.32
1.27
1.0
1.5
1.75
2.00
2.00
1.75
 	 1:2(0:0)  
7618	10/04
21:00	 Standard
KV Kortrijk	
–1.0
+1.0
2.55
1.47
2.5
2.00
1.80
1.85
3.45
4.50
1.20
1.31
1.95
1.5
1.0
1.85
2.05
1.90
1.70
 	 1:1(1:1)  
502	15/04
21:30	 KAA Gent
KV Oostende	
–1.0
+1.0
1.80
2.00
2.5
1.72
2.10
1.47
4.40
7.00
1.10
1.21
2.70
2.0
1.0
2.10
2.80
1.72
1.44
 	 2:0(1:0)  
500	16/04
19:00	 Zulte-Waregem
KRC Genk	
0
0
2.25
1.60
2.5
1.75
2.07
3.05
3.40
2.30
1.60
1.31
1.37
1.5
1.5
2.45
2.00
1.50
1.75
 	 1:2(1:2)  
501	16/04
21:00	 Waasland-Beveren
KV Kortrijk	
0
0
1.85
1.95
2.5
2.00
1.80
2.60
3.35
2.70
1.46
1.32
1.50
1.0
1.0
1.60
1.65
2.50
2.25
 	 2:3(1:0)  
496	16/04
21:00	 Lokeren
Sint-Truiden	
–1.0
+1.0
2.60
1.50
2.5
2.05
1.77
1.77
3.60
4.80
1.19
1.29
2.05
1.5
1.0
1.97
2.45
1.83
1.55
 	 1:0(0:0)  
497	16/04
21:30	 Mechelen
Charleroi	
0
0
1.57
2.30
2.5
1.95
1.85
2.25
3.40
3.15
1.35
1.31
1.64
1.5
1.0
2.05
1.80
1.70
1.95
 	 2:3(0:1)  
498	17/04
19:00	 RSC Anderlecht
Club Brugge KV	
0
0
1.70
2.10
2.5
1.80
2.00
2.40
3.40
2.90
1.41
1.31
1.56
1.5
1.5
2.15
2.55
1.65
1.47
 	 1:0(0:0)  
499	17/04
21:00	 Mouscron-Peruwelz
Standard	
0
0
1.95
1.80
2.5
1.95
1.80
2.75
3.30
2.55
1.50
1.32
1.44
1.5
1.5
2.65
2.45
1.44
1.50
 	 2:0(1:0)  
8650	19/04
21:30	 KV Oostende
Zulte-Waregem	
0
0
1.50
2.60
3.0
2.10
1.72
2.00
3.65
3.55
1.29
1.28
1.80
1.5
1.0
1.85
1.67
1.95
2.20
 	 3:3(2:2)  
8750	20/04
21:30	 KRC Genk
Club Brugge KV	
0
0
2.00
1.75
2.5
1.90
1.85
2.85
3.30
2.50
1.50
1.34
1.40
1.5
1.5
2.55
2.30
1.47
1.57
 	 4:2(3:0)  
9570	21/04
21:30	 KAA Gent
RSC Anderlecht	
0
0
1.48
2.65
2.5
1.90
1.90
2.05
3.50
3.60
1.29
1.31
1.77
1.5
1.0
2.05
1.90
1.77
1.90
 	 1:1(0:0)  
5381	23/04
19:00	 Club Brugge KV
Zulte-Waregem	
–2.0
+2.0
2.10
1.72
3.5
2.15
1.70
1.23
6.50
11.00
1.03
1.11
4.09
2.5
1.0
1.93
3.50
1.87
1.30
 	 5:0(2:0)  
5383	23/04
21:00	 KV Kortrijk
Waasland-Beveren	
–1.0
+1.0
1.83
1.97
3.0
2.10
1.72
1.50
4.30
6.50
1.11
1.22
2.70
2.0
1.0
2.00
2.45
1.80
1.55
 	 5:0(4:0)  
5384	23/04
21:00	 Sint-Truiden
Lokeren	
0
0
1.90
1.90
2.5
2.05
1.77
2.65
3.30
2.65
1.48
1.35
1.48
1.0
1.0
1.67
1.67
2.20
2.20
 	 2:2(2:2)  
5386	23/04
21:30	 Charleroi
Mechelen	
–1.0
+1.0
2.80
1.44
2.5
1.80
2.00
1.93
3.60
3.80
1.26
1.28
1.85
1.5
1.0
1.90
1.90
1.90
1.90
 	 4:0(3:0)  
5500	24/04
19:00	 KV Oostende
RSC Anderlecht	
+1.0
–1.0
1.50
2.50
2.5
1.70
2.10
4.20
3.60
1.85
1.95
1.30
1.22
1.5
1.5
3.00
1.80
1.37
1.95
 	 4:2(3:0)  
5513	24/04
21:30	 KRC Genk
KAA Gent	
0
0
1.85
1.90
2.5
1.90
1.85
2.55
3.40
2.70
1.38
1.33
1.45
1.5
1.5
2.45
2.65
1.50
1.44
 	 1:2(1:1)  
6692	29/04
21:30	 Zulte-Waregem
KV Oostende	
0
0
1.87
1.93
3.0
1.87
1.93
2.55
3.60
2.65
1.50
1.30
1.53
1.5
1.5
1.95
2.00
1.85
1.80
 	 1:2(1:1)  
6693	30/04
19:00	 Mechelen
Sint-Truiden	
–1.0
+1.0
1.75
2.10
3.0
2.05
1.77
1.45
4.50
7.00
1.10
1.20
2.80
2.0
1.0
1.93
2.50
1.87
1.53
 	 1:1(0:1)  
6694	30/04
19:00	 Charleroi
Lokeren	
–1.0
+1.0
2.10
1.68
2.5
1.80
1.95
1.65
3.85
5.30
1.15
1.26
2.20
1.5
1.0
1.70
2.25
2.05
1.60
 	 2:2(1:2)  
6695	30/04
21:30	 Waasland-Beveren
Mouscron-Peruwelz	
0
0
1.97
1.85
2.5
1.77
2.05
2.65
3.50
2.55
1.51
1.30
1.48
1.5
1.5
2.30
2.25
1.60
1.65
 	 1:0(1:0)  
6696	30/04
21:30	 KV Kortrijk
Standard	
–1.0
+1.0
2.55
1.53
2.5
1.87
1.93
1.80
3.75
4.40
1.22
1.28
2.02
1.5
1.0
1.90
2.10
1.90
1.72
 	 1:0(0:0)  
6697	01/05
15:30	 RSC Anderlecht
KAA Gent	
0
0
1.50
2.55
2.5
1.85
1.95
2.10
3.50
3.50
1.32
1.32
1.77
1.5
1.0
2.00
1.83
1.80
2.00
 	 2:0(1:0)  
6698	01/05
19:00	 Club Brugge KV
KRC Genk	
–1.0
+1.0
2.10
1.70
2.5
1.75
2.10
1.65
4.00
5.00
1.17
1.24
2.22
1.5
1.5
1.67
3.60
2.15
1.27
 	 3:1(2:0)  
5524	06/05
21:30	 KRC Genk
Zulte-Waregem	
–1.5
+1.5
1.93
1.87
3.5
2.05
1.75
1.34
5.50
8.00
1.08
1.15
3.26
2.5
1.0
2.05
2.35
1.77
1.57
 	 2:0(0:0)  
7030	07/05
19:00	 Mouscron-Peruwelz
KV Kortrijk	
0
0
1.72
2.10
2.5
1.87
1.93
2.45
3.30
2.95
1.41
1.34
1.56
1.5
1.0
2.20
1.65
1.65
2.25
 	 2:3(1:0)  
7031	07/05
19:00	 Standard
Waasland-Beveren	
–1.0
+1.0
1.70
2.15
3.0
1.87
1.93
1.44
4.70
7.00
1.10
1.20
2.90
2.0
1.0
1.80
2.35
2.00
1.60
 	 2:0(1:0)  
7032	07/05
21:30	 Lokeren
Mechelen	
0
0
1.62
2.25
3.0
2.05
1.77
2.25
3.50
3.10
1.37
1.32
1.67
1.5
1.5
1.93
2.30
1.87
1.62
 	 5:1(2:0)  
7033	07/05
21:30	 Sint-Truiden
Charleroi	
+1.0
–1.0
1.65
2.25
2.5
1.90
1.90
5.50
3.60
1.67
2.25
1.30
1.14
1.0
1.5
2.35
1.80
1.57
2.05
 	 0:3(0:2)  
7034	08/05
15:30	 RSC Anderlecht
KV Oostende	
–1.0
+1.0
1.70
2.15
3.0
1.80
2.00
1.44
4.50
7.00
1.09
1.19
2.74
2.0
1.0
1.75
2.20
2.10
1.67
 	 2:1(0:1)  
7035	08/05
19:00	 KAA Gent
Club Brugge KV	
0
0
1.77
2.05
2.5
1.80
2.00
2.45
3.40
2.80
1.44
1.32
1.57
1.5
1.5
2.20
2.35
1.67
1.57
 	 1:4(1:1)  
4845	14/05
21:00	 KV Oostende
KRC Genk	
0
0
2.10
1.72
3.0
2.00
1.80
2.90
3.50
2.35
1.60
1.30
1.42
1.5
1.5
2.20
1.95
1.67
1.85
 	 2:1(0:1)  
4854	15/05
15:30	 Club Brugge KV
RSC Anderlecht	
–1.0
+1.0
2.30
1.60
2.5
1.70
2.10
1.75
3.60
4.80
1.20
1.26
2.06
1.5
1.0
1.72
2.00
2.05
1.75
 	 4:0(2:0)  
4855	15/05
19:00	 Zulte-Waregem
KAA Gent	
+1.0
–1.0
1.57
2.30
2.5
1.70
2.10
4.50
3.80
1.75
2.06
1.26
1.20
1.0
1.5
1.95
1.70
1.80
2.10
 	 4:2(1:2) 
6786	19/05
21:30	 KRC Genk
RSC Anderlecht	
–1.0
+1.0
2.30
1.60
3.0
1.90
1.90
1.75
4.00
4.30
1.22
1.25
2.15
2.0
1.0
2.20
1.75
1.67
2.05
 	 5:2(1:1)  
6787	19/05
21:30	 Zulte-Waregem
Club Brugge KV	
0
0
2.20
1.65
3.5
2.10
1.75
2.95
3.90
2.20
1.70
1.27
1.42
1.5
1.5
1.97
1.70
1.83
2.15
 	 0:2(0:1)  
6788	19/05
21:30	 KV Oostende
KAA Gent	
0
0
2.25
1.65
3.0
2.15
1.70
3.10
3.58
2.22
1.66
1.29
1.37
1.5
1.5
2.40
2.00
1.57
1.83
 	 0:1(0:0)  
6785	21/05
21:00	 KV Kortrijk
Charleroi	
0
0
1.52
2.40
2.5
1.95
1.80
2.15
3.30
3.50
1.30
1.33
1.70
1.5
1.0
2.10
1.90
1.70
1.85
 	 1:2(0:0), pass 2  
4185	22/05
15:30	 Club Brugge KV
KV Oostende	
–2.0
+2.0
2.05
1.77
3.5
1.93
1.87
1.21
6.70
12.00
1.02
1.10
4.30
2.5
1.0
1.80
2.80
2.05
1.44
 	 2:2(1:0)  
4186	22/05
15:30	 KAA Gent
KRC Genk	
–1.0
+1.0
2.40
1.57
3.0
2.10
1.75
1.80
4.00
4.00
1.25
1.25
2.05
1.5
1.0
1.72
1.90
2.10
1.90
 	 0:0(0:0)  
4187	22/05
15:30	 RSC Anderlecht
Zulte-Waregem	
–1.5
+1.5
1.72
2.15
3.5
1.95
1.85
1.25
6.50
11.00
1.04
1.12
4.30
2.5
1.0
1.85
2.65
1.97
1.48
 	 2:0(1:0)  