528	04/10
21:00	 Cambuur Leeuwarden
Twente	
+1.0
–1.0
1.75
2.00
  	
3.0
1.95
1.80
5.30
4.00
1.60
2.30
1.23
1.14
1.0
1.5
2.05
1.57
1.75
2.30
 	 0:1(0:0)  
529	05/10
19:45	 ADO Den Haag
Heerenveen	
+0.25
-0.25
1.85
1.85
 
 	
3.25
1.90
 	
1.80
 	
2.90
3.70
2.25
1.65
1.27
1.40
1.5
1.5
1.95
1.75
1.80
2.00
 	 cancelled  
530	05/10
20:45	 Go Ahead Eagles
NEC Nijmegen	
-0.75
+0.75
2.20
1.60
 
 	
3.0
1.90
1.80
1.95
3.65
3.70
1.24
1.25
1.80
1.5
1.0
1.65
1.60
2.11
2.20
 	 4:3(3:0)  
531	05/10
20:45	 Roda JC
PEC Zwolle	
0
0
1.80
1.90
  	
3.0
1.85
1.85
2.50
3.60
2.60
1.45
1.25
1.48
1.5
1.5
1.95
2.00
1.76
1.72
 	 0:0(0:0)  
532	05/10
21:45	 NAC Breda
Heracles Almelo	
-0.25
+0.25
1.75
1.96
 
 	
2.75
1.75
 	
1.96
 	
2.00
3.70
3.40
1.30
1.27
1.80
1.5
1.0
1.80
1.62
1.95
2.20
 	 2:1(0:0)  
533	06/10
13:30	 Ajax
Utrecht	
-1.75
+1.75
1.90
1.85
 
 	
3.5
1.90
1.85
1.27
5.90
9.50
1.05
1.12
3.70
2.5
1.0
1.85
2.40
1.90
1.53
 	 3:0(1:0)  
534	06/10
15:30	 Groningen
AZ Alkmaar	
+0.25
-0.25
1.75
1.96
 
 	
3.0
1.85
1.90
2.80
3.50
2.40
1.57
1.30
1.42
1.5
1.5
2.00
1.90
1.75
1.85
 	 2:1(0:0)  
535	06/10
15:30	 Vitesse
Feyenoord	
0
0
1.87
1.87
  	
3.0
1.87
1.87
2.60
3.40
2.60
1.47
1.30
1.47
1.5
1.5
1.95
1.96
1.80
1.80
 	 1:2(0:2)  
536	06/10
17:30	 PSV Eindhoven
RKC Waalwijk	
–2.0
+2.0
1.75
2.00
  	
3.75
1.86
 	
1.84
 	
1.18
7.50
13.00
1.02
1.08
4.80
3.0
1.0
1.95
2.75
1.80
1.42
 	 2:1(1:1)  
708	19/10
19:45	 Go Ahead Eagles
Feyenoord	
+1.0
–1.0
1.85
1.90
  	
3.25
1.90
 	
1.85
 	
4.90
4.30
1.57
2.45
1.22
1.15
1.0
2.0
1.85
1.80
1.95
1.95
 	 2:2(0:1)  
709	19/10
19:45	 RKC Waalwijk
Roda JC	
0
0
1.75
2.00
  	
3.0
1.95
1.80
2.40
3.50
2.75
1.42
1.28
1.55
1.5
1.5
1.95
2.10
1.80
1.70
 	 1:2(0:0)  
710	19/10
20:45	 Utrecht
NAC Breda	
-0.25
+0.25
1.75
1.96
 
 	
2.75
1.80
 	
1.90
 	
2.00
3.60
3.60
1.30
1.30
1.80
1.5
1.0
1.80
1.65
1.95
2.15
 	 4:2(1:1)  
711	19/10
21:45	 Twente
Ajax	
-0.25
+0.25
1.70
2.10
 
 	
3.0
1.95
1.80
1.95
3.60
3.60
1.27
1.27
1.80
1.5
1.0
1.75
1.62
2.05
2.20
 	 1:1(1:0)  
712	19/10
21:45	 Heerenveen
Vitesse	
0
0
1.72
2.00
  	
3.5
1.90
1.80
2.35
3.75
2.80
1.42
1.25
1.57
1.5
1.5
1.67
1.82
2.13
1.92
 	 2:3(1:0)  
713	20/10
13:30	 Heracles Almelo
NEC Nijmegen	
-0.75
+0.75
1.87
1.83
 
 	
3.25
1.85
 	
1.85
 	
1.72
4.00
4.30
1.20
1.23
2.10
2.0
1.0
1.90
1.57
1.85
2.30
 	 1:1(0:1)  
714	20/10
15:30	 Groningen
PSV Eindhoven	
+0.75
-0.75
1.95
1.76
 
 	
3.0
1.90
1.85
4.80
4.00
1.65
2.20
1.25
1.17
1.0
2.0
1.90
2.05
1.85
1.72
 	 1:0(0:0)  
715	20/10
15:30	 PEC Zwolle
ADO Den Haag	
–1.0
+1.0
1.90
1.85
  	
2.75
1.85
 	
1.85
 	
1.55
4.20
5.50
1.13
1.22
2.40
2.0
1.0
2.10
2.30
1.70
1.57
 	 6:1(3:0)  
716	20/10
17:30	 AZ Alkmaar
Cambuur Leeuwarden	
–1.0
+1.0
1.80
1.95
  	
2.75
1.75
 	
1.96
 	
1.50
4.30
6.20
1.11
1.22
2.55
2.0
1.0
1.95
2.30
1.85
1.57
 	 3:1(2:1)  
540	25/10
21:00	 NEC Nijmegen
Heerenveen	
+0.25
-0.25
1.85
1.85
 
 	
3.5
1.95
1.76
3.10
3.60
2.15
1.64
1.25
1.33
1.5
1.5
2.08
1.69
1.67
2.05
 	 2:1(1:0)  
541	26/10
19:45	 ADO Den Haag
Twente	
+1.25
-1.25
1.80
1.90
 
 	
3.0
1.87
1.87
6.50
4.60
1.45
2.70
1.20
1.10
1.0
2.0
2.30
1.80
1.57
1.95
 	 3:2(0:0)  
542	26/10
20:45	 NAC Breda
Go Ahead Eagles	
-0.25
+0.25
1.65
2.20
 
 	
3.0
1.75
2.00
1.90
3.75
3.80
1.27
1.27
1.90
1.5
1.5
1.62
2.30
2.20
1.60
 	 5:0(4:0)  
543	26/10
20:45	 Cambuur Leeuwarden
Utrecht	
-0.25
+0.25
1.85
1.85
 
 	
2.75
1.88
 	
1.82
 	
2.15
3.40
3.30
1.32
1.30
1.67
1.5
1.0
1.95
1.65
1.80
2.15
 	 3:1(0:1)  
544	26/10
21:45	 Ajax
RKC Waalwijk	
–2.0
+2.0
1.85
1.90
  	
3.75
1.90
 	
1.80
 	
1.20
7.00
12.00
1.02
1.10
4.50
3.0
1.0
2.05
2.60
1.75
1.46
 	 0:0(0:0)  
545	27/10
13:30	 Roda JC
PSV Eindhoven	
+0.75
-0.75
2.00
1.72
 
 	
3.0
1.80
1.95
4.70
4.20
1.65
2.25
1.22
1.18
1.0
2.0
1.80
1.95
1.95
1.80
 	 2:1(0:1)  
546	27/10
15:30	 PEC Zwolle
AZ Alkmaar	
-0.25
+0.25
1.85
1.85
 
 	
2.75
1.80
 	
1.90
 	
2.15
3.50
3.20
1.33
1.30
1.70
1.5
1.0
1.90
1.57
1.85
2.30
 	 0:2(0:1)  
547	27/10
15:30	 Feyenoord
Heracles Almelo	
-1.75
+1.75
1.90
1.80
 
 	
3.5
1.80
1.95
1.28
6.00
9.00
1.05
1.12
3.60
2.5
1.0
1.75
2.20
2.00
1.65
 	 1:2(1:1)  
548	27/10
17:30	 Vitesse
Groningen	
-0.75
+0.75
1.76
1.95
 
 	
3.25
1.90
 	
1.80
 	
1.62
4.20
4.40
1.17
1.20
2.15
2.0
1.0
1.85
1.70
1.85
2.05
 	 2:2(1:0)  
637	01/11
21:00	 RKC Waalwijk
NAC Breda	
-0.25
+0.25
2.05
1.75
 
 	
2.75
1.80
 	
1.95
 	
2.40
3.40
2.80
1.42
1.30
1.55
1.5
1.5
2.05
2.25
1.75
1.62
 	 3:0(3:0)  
638	02/11
19:45	 Ajax
Vitesse	
–1.0
+1.0
1.75
2.00
  	
3.5
1.95
1.80
1.57
4.50
5.50
1.13
1.19
2.41
2.5
1.0
2.20
1.75
1.63
2.00
 	 0:1(0:0)  
639	02/11
20:45	 AZ Alkmaar
ADO Den Haag	
-1.25
+1.25
1.80
1.95
 
 	
3.0
1.80
1.95
1.37
5.00
7.50
1.08
1.16
3.00
2.0
1.0
1.70
2.50
2.10
1.50
 	 2:0(1:0)  
640	02/11
20:45	 Twente
NEC Nijmegen	
–2.0
+2.0
1.80
1.95
  	
3.5
1.80
1.95
1.18
7.00
13.00
1.02
1.08
4.60
3.0
1.0
2.05
2.90
1.75
1.40
 	 2:2(2:0)  
641	02/11
21:45	 PSV Eindhoven
PEC Zwolle	
-1.25
+1.25
1.80
1.90
 
 	
3.5
1.95
1.80
1.38
5.20
7.00
1.10
1.15
3.00
2.5
1.0
2.00
2.00
1.75
1.75
 	 1:1(1:1)  
642	03/11
13:30	 Groningen
Roda JC	
-0.25
+0.25
1.70
2.03
 
 	
3.0
1.75
2.00
1.95
3.80
3.50
1.30
1.25
1.85
1.5
1.5
1.65
2.20
2.15
1.62
 	 3:3(1:1)  
643	03/11
15:30	 Cambuur Leeuwarden
Feyenoord	
+0.25
-0.25
2.05
1.68
 
 	
2.75
1.80
 	
1.90
 	
3.70
3.50
1.95
1.80
1.28
1.25
1.0
1.5
1.72
1.80
2.05
1.95
 	 0:2(0:1)  
645	03/11
17:30	 Utrecht
Heerenveen	
-0.25
+0.25
1.87
1.83
 
 	
3.25
1.90
 	
1.85
 	
2.15
3.70
3.00
1.36
1.25
1.67
1.5
1.5
1.75
2.05
2.00
1.72
 	 2:0(1:0)  
563	08/11
21:00	 Heerenveen
RKC Waalwijk	
–1.0
+1.0
1.87
1.87
  	
3.25
1.75
 	
1.96
 	
1.57
4.50
5.00
1.16
1.20
2.40
2.0
1.0
1.65
1.70
2.15
2.05
 	 5:2(1:0)  
564	09/11
19:45	 Roda JC
Go Ahead Eagles	
–1.0
+1.0
2.00
1.75
  	
3.25
1.75
 	
1.96
 	
1.57
4.30
5.10
1.15
1.20
2.32
2.0
1.0
1.70
1.75
2.05
2.00
 	 1:4(1:3)  
565	09/11
20:45	 Heracles Almelo
Groningen	
-0.25
+0.25
1.75
2.00
 
 	
3.0
1.75
2.00
2.00
3.80
3.40
1.30
1.24
1.77
1.5
1.5
1.65
2.25
2.15
1.60
 	 0:3(0:0)  
566	09/11
20:45	 Vitesse
Utrecht	
-1.25
+1.25
1.95
1.80
 
 	
3.5
1.90
1.85
1.42
4.80
6.50
1.10
1.17
2.80
2.5
1.0
2.00
2.00
1.75
1.75
 	 3:1(1:0)  
567	09/11
21:45	 ADO Den Haag
Cambuur Leeuwarden	
-0.25
+0.25
2.00
1.72
 
 	
2.5
1.80
1.95
2.35
3.40
2.90
1.40
1.30
1.57
1.5
1.0
2.20
1.65
1.65
2.15
 	 3:0(2:0)  
568	10/11
13:30	 PEC Zwolle
Twente	
+0.25
-0.25
2.05
1.68
 
 	
2.75
1.80
 	
1.90
 	
3.70
3.50
1.95
1.80
1.28
1.25
1.0
1.5
1.72
1.80
2.05
1.95
 	 1:1(0:0)  
569	10/11
15:30	 NEC Nijmegen
Ajax	
+1.0
–1.0
1.95
1.80
  	
3.25
1.80
 	
1.95
 	
5.80
4.50
1.50
2.50
1.18
1.12
1.0
2.0
1.90
1.64
1.84
2.17
 	 0:3(0:2)  
570	10/11
15:30	 NAC Breda
PSV Eindhoven	
+1.0
–1.0
1.85
1.90
  	
3.0
1.75
2.00
5.60
4.30
1.57
2.38
1.20
1.13
1.0
2.0
2.00
1.85
1.75
1.90
 	 2:1(0:1)  
571	10/11
17:30	 Feyenoord
AZ Alkmaar	
-0.75
+0.75
2.05
1.68
 
 	
2.75
1.80
 	
1.90
 	
1.85
3.70
3.90
1.23
1.25
1.90
1.5
1.0
1.75
1.75
2.05
2.00
 	 2:2(0:1)  
792	23/11
19:45	 PSV Eindhoven
Heerenveen	
–1.5
+1.5
1.80
1.95
  	
3.5
1.85
1.90
1.30
6.20
8.90
1.05
1.11
3.55
2.5
1.0
1.75
2.25
2.00
1.60
 	 1:1(0:0)  
793	23/11
20:45	 AZ Alkmaar
Roda JC	
-1.25
+1.25
1.90
1.80
 
 	
3.25
1.80
 	
1.90
 	
1.45
4.80
6.00
1.12
1.17
2.70
2.5
1.0
2.15
1.90
1.65
1.85
 	 2:2(2:1)  
795	23/11
21:45	 Ajax
Heracles Almelo	
-1.75
+1.75
1.95
1.76
 
 	
3.25
1.80
 	
1.95
 	
1.27
5.70
10.00
1.04
1.13
3.70
2.5
1.0
1.95
2.80
1.80
1.40
 	 3:0(1:0)  
796	24/11
13:30	 Utrecht
ADO Den Haag	
-0.75
+0.75
2.00
1.72
 
 	
3.0
1.75
2.00
1.80
3.80
4.00
1.22
1.25
1.95
2.0
1.0
2.15
1.62
1.65
2.25
 	 3:0(2:0)  
797	24/11
13:30	 RKC Waalwijk
Feyenoord	
+1.0
–1.0
1.80
1.95
  	
3.0
1.80
1.95
5.50
4.20
1.57
2.40
1.22
1.14
1.0
2.0
1.90
1.90
1.85
1.85
 	 1:0(0:0)  
798	24/11
15:30	 Groningen
PEC Zwolle	
-0.25
+0.25
1.80
1.90
 
 	
3.0
1.95
1.80
2.15
3.50
3.20
1.32
1.28
1.66
1.5
1.5
1.85
2.35
1.90
1.55
 	 0:0(0:0)  
799	24/11
15:30	 Go Ahead Eagles
Vitesse	
+0.75
-0.75
1.70
2.03
 
 	
3.25
1.80
 	
1.90
 	
3.80
4.00
1.85
1.90
1.21
1.23
1.5
2.0
2.30
2.00
1.55
1.72
 	 0:3(0:2)  
800	24/11
17:30	 Twente
NAC Breda	
–1.5
+1.5
1.85
1.90
  	
3.0
1.75
2.00
1.30
5.50
9.00
1.05
1.14
3.50
2.5
1.0
2.05
2.75
1.72
1.42
 	 5:2(2:1)  
608	29/11
21:00	 Roda JC
Twente	
+0.75
-0.75
1.87
1.83
 
 	
3.0
1.65
2.11
4.50
4.00
1.72
2.15
1.25
1.20
1.0
2.0
1.65
1.90
2.11
1.80
 	 1:2(1:0)  
609	30/11
19:45	 PEC Zwolle
RKC Waalwijk	
–1.0
+1.0
1.90
1.85
  	
2.75
1.80
 	
1.90
 	
1.55
4.20
6.00
1.13
1.23
2.50
2.0
1.0
2.05
2.25
1.72
1.60
 	 1:1(1:0)  
610	30/11
20:45	 NAC Breda
Groningen	
0
0
1.72
2.05
  	
2.75
1.80
 	
1.90
 	
2.40
3.50
2.85
1.42
1.30
1.57
1.5
1.5
2.00
2.20
1.75
1.62
 	 2:2(1:0)  
611	30/11
20:45	 Heerenveen
Go Ahead Eagles	
–1.0
+1.0
1.80
1.95
  	
3.5
1.80
1.95
1.50
4.70
5.80
1.12
1.17
2.55
2.5
1.0
2.05
1.75
1.72
2.00
 	 3:1(0:1)  
612	30/11
21:45	 Heracles Almelo
Utrecht	
-0.25
+0.25
1.62
2.16
 
 	
3.0
1.85
1.90
1.85
3.90
3.70
1.25
1.23
1.90
1.5
1.5
1.65
2.40
2.15
1.53
 	 1:2(1:0)  
613	01/12
13:30	 ADO Den Haag
Ajax	
+1.25
-1.25
1.80
1.90
 
 	
3.0
1.80
1.95
6.50
4.50
1.45
2.70
1.20
1.10
1.0
2.0
2.15
1.75
1.65
2.00
 	 0:4(0:2)  
614	01/12
15:30	 Vitesse
Cambuur Leeuwarden	
–1.5
+1.5
1.90
1.85
  	
3.25
1.95
 	
1.76
 	
1.33
5.30
8.00
1.06
1.14
3.20
2.5
1.0
2.10
2.50
1.70
1.50
 	 3:0(1:0)  
615	01/12
15:30	 Feyenoord
PSV Eindhoven	
-0.25
+0.25
1.87
1.83
 
 	
2.75
1.80
 	
1.90
 	
2.15
3.30
3.35
1.28
1.32
1.65
1.5
1.5
1.85
2.50
1.85
1.47
 	 3:1(1:1)  
616	01/12
17:30	 NEC Nijmegen
AZ Alkmaar	
+0.75
-0.75
1.72
2.00
 
 	
3.0
1.85
1.90
3.80
3.75
1.85
1.95
1.25
1.25
1.0
2.0
1.62
2.25
2.20
1.62
 	 3:2(1:1)  
562	06/12
21:00	 Utrecht
NEC Nijmegen	
-0.25
+0.25
1.70
2.03
 
 	
3.0
1.85
1.90
1.95
3.80
3.50
1.30
1.25
1.85
1.5
1.5
1.70
2.30
2.10
1.57
 	 2:0(0:0)  
563	07/12
19:45	 Ajax
NAC Breda	
-1.75
+1.75
1.80
1.95
 
 	
3.25
1.75
 	
2.00
 	
1.22
6.80
11.00
1.03
1.10
4.20
2.5
1.0
1.70
2.65
2.10
1.45
 	 4:0(2:0)  
564	07/12
20:45	 RKC Waalwijk
Cambuur Leeuwarden	
-0.25
+0.25
1.85
1.85
 
 	
2.5
1.80
1.95
2.15
3.50
3.20
1.33
1.30
1.67
1.5
1.0
2.05
1.72
1.75
2.05
 	 2:2(1:2)  
565	07/12
20:45	 AZ Alkmaar
Twente	
+0.25
-0.25
1.75
1.96
 
 	
3.0
2.00
1.80
2.80
3.60
2.35
1.60
1.28
1.42
1.5
1.5
2.15
1.95
1.65
1.80
 	 1:2(1:1)  
566	07/12
21:45	 PSV Eindhoven
Vitesse	
-0.75
+0.75
2.10
1.66
 
 	
3.0
1.80
1.95
1.85
3.90
3.90
1.25
1.25
1.95
2.0
1.0
2.15
1.60
1.65
2.25
 	 2:6(1:1)  
567	08/12
13:30	 Heerenveen
Feyenoord	
+0.25
-0.25
1.90
1.80
 
 	
3.25
1.95
 	
1.76
 	
3.00
3.75
2.15
1.70
1.25
1.37
1.5
1.5
2.05
1.75
1.75
2.05
 	 1:2(1:2)  
568	08/12
15:30	 Groningen
ADO Den Haag	
–1.0
+1.0
1.95
1.85
  	
3.0
1.85
1.90
1.57
4.30
5.30
1.15
1.22
2.40
2.0
1.0
1.90
1.95
1.85
1.80
 	 1:2(0:1)  
569	08/12
15:30	 Go Ahead Eagles
PEC Zwolle	
0
0
1.90
1.85
  	
2.75
1.80
 	
1.90
 	
2.65
3.50
2.55
1.52
1.30
1.48
1.5
1.5
2.10
2.05
1.70
1.72
 	 4:1(2:0)  
570	08/12
17:30	 Roda JC
Heracles Almelo	
-0.75
+0.75
2.10
1.66
 
 	
3.0
1.80
1.95
1.85
3.90
3.90
1.25
1.25
1.95
2.0
1.0
2.15
1.60
1.65
2.25
 	 1:3(1:1)  
543	13/12
21:00	 PEC Zwolle
Heerenveen	
-0.25
+0.25
1.85
1.85
 
 	
3.0
1.80
1.90
2.10
3.60
3.10
1.35
1.27
1.70
1.5
1.5
1.80
2.25
1.95
1.60
 	 1:2(0:1)  
544	14/12
19:45	 NEC Nijmegen
Roda JC	
-0.25
+0.25
1.90
1.85
 
 	
3.0
1.80
1.95
2.25
3.60
3.00
1.37
1.27
1.61
1.5
1.5
1.80
2.15
1.95
1.66
 	 4:3(0:2)  
545	14/12
20:45	 ADO Den Haag
RKC Waalwijk	
-0.25
+0.25
1.70
2.03
 
 	
2.75
1.80
 	
1.90
 	
1.95
3.60
3.70
1.27
1.28
1.85
1.5
1.0
1.80
1.70
1.95
2.10
 	 1:2(0:1)  
546	14/12
21:45	 Twente
Go Ahead Eagles	
–2.0
+2.0
1.87
1.87
  	
3.5
1.90
1.85
1.20
6.50
12.00
1.01
1.10
4.30
2.5
1.0
1.72
3.00
2.05
1.36
 	 3:1(1:0)  
547	15/12
13:30	 Cambuur Leeuwarden
Ajax	
+1.0
–1.0
1.90
1.90
  	
3.0
1.85
1.90
5.80
4.30
1.55
2.50
1.22
1.14
1.0
2.0
2.00
1.90
1.75
1.85
 	 1:2(0:1)  
548	15/12
15:30	 Feyenoord
Groningen	
–1.5
+1.5
1.95
1.80
  	
3.25
1.80
 	
1.90
 	
1.36
5.30
7.50
1.08
1.15
3.15
2.5
1.0
2.00
2.15
1.75
1.65
 	 1:0(1:0)  
549	15/12
15:30	 Heracles Almelo
AZ Alkmaar	
+0.25
-0.25
1.75
1.96
 
 	
3.0
1.87
1.87
2.95
3.40
2.35
1.56
1.29
1.38
1.5
1.5
2.11
1.83
1.68
1.91
 	 2:0(1:0)  
550	15/12
15:30	 Vitesse
NAC Breda	
-1.75
+1.75
1.90
1.80
 
 	
3.25
1.80
 	
1.90
 	
1.25
6.00
10.00
1.03
1.12
3.80
2.5
1.0
1.87
2.65
1.87
1.45
 	 3:2(1:1)  
551	15/12
17:30	 Utrecht
PSV Eindhoven	
+0.25
-0.25
1.90
1.80
 
 	
3.0
1.80
1.90
3.20
3.65
2.05
1.71
1.25
1.32
1.5
1.5
2.29
1.74
1.58
2.02
 	 1:5(0:4)  
489	20/12
21:00	 RKC Waalwijk
Twente	
+1.25
-1.25
1.85
1.90
 
 	
3.0
1.90
1.85
7.50
4.50
1.42
2.85
1.20
1.08
1.0
2.0
2.40
1.80
1.53
1.95
 	 1:1(1:0)  
490	21/12
19:45	 AZ Alkmaar
Heerenveen	
-0.75
+0.75
1.95
1.80
 
 	
3.25
2.00
 	
1.75
 	
1.80
3.75
4.30
1.20
1.25
1.98
2.0
1.0
2.00
1.65
1.75
2.17
 	 1:5(1:3)  
491	21/12
20:45	 Heracles Almelo
Vitesse	
+0.75
-0.75
1.75
2.00
 
 	
3.25
2.00
 	
1.75
 	
4.00
3.80
1.80
1.95
1.24
1.22
1.0
2.0
1.62
2.10
2.20
1.70
 	 2:2(0:2)  
492	21/12
20:45	 NAC Breda
Cambuur Leeuwarden	
-0.25
+0.25
2.00
1.75
 
 	
2.75
1.95
 	
1.76
 	
2.25
3.50
2.90
1.37
1.28
1.60
1.5
1.0
2.05
1.65
1.72
2.15
 	 1:0(0:0)  
493	21/12
21:45	 Feyenoord
PEC Zwolle	
-1.25
+1.25
1.75
1.96
 
 	
3.0
1.75
2.00
1.36
5.00
7.50
1.07
1.15
3.00
2.5
1.0
2.15
2.40
1.65
1.53
 	 3:0(2:0)  
494	22/12
13:30	 Roda JC
Ajax	
+1.0
–1.0
1.95
1.80
  	
3.25
1.95
 	
1.76
 	
5.50
4.50
1.50
2.50
1.18
1.13
1.0
2.0
1.95
1.75
1.80
2.00
 	 1:2(1:0)  
495	22/12
15:30	 Go Ahead Eagles
Utrecht	
-0.25
+0.25
1.80
1.95
 
 	
3.0
1.80
1.95
2.15
3.60
3.20
1.33
1.27
1.67
1.5
1.5
1.75
2.25
2.00
1.60
 	 2:1(1:1)  
496	22/12
15:30	 Groningen
NEC Nijmegen	
-0.75
+0.75
1.87
1.87
 
 	
3.25
2.00
 	
1.75
 	
1.70
4.00
4.50
1.18
1.22
2.10
2.0
1.0
1.95
1.70
1.80
2.10
 	 5:2(3:0)  
497	22/12
17:30	 PSV Eindhoven
ADO Den Haag	
–2.0
+2.0
1.90
1.85
  	
3.75
1.95
 	
1.80
 	
1.22
6.80
12.00
1.02
1.09
4.25
2.5
0.5
1.65
1.62
2.20
2.20
 	 2:0(2:0) 
440	17/01
21:00	 Twente
Heracles Almelo	
-1.75
+1.75
1.90
1.80
 
 	
3.25
1.80
 	
1.90
 	
1.25
6.00
10.00
1.03
1.12
3.80
2.5
1.0
1.87
2.65
1.87
1.45
 	 3:1(1:0)  
441	18/01
19:45	 AZ Alkmaar
NAC Breda	
–1.0
+1.0
1.80
1.95
  	
3.0
1.80
1.95
1.50
4.25
6.45
1.09
1.20
2.50
2.0
1.0
1.75
2.05
2.00
1.70
 	 3:0(2:0)  
442	18/01
20:45	 PEC Zwolle
Vitesse	
+0.75
-0.75
1.72
2.00
 
 	
2.75
1.80
 	
1.90
 	
4.00
3.70
1.85
1.95
1.27
1.23
1.0
1.5
1.75
1.72
2.00
2.05
 	 1:2(1:1)  
443	18/01
20:45	 RKC Waalwijk
Groningen	
+0.25
-0.25
1.75
1.96
 
 	
3.0
2.00
1.80
2.80
3.60
2.35
1.60
1.28
1.42
1.5
1.5
2.15
1.95
1.65
1.80
 	 1:1(0:1)  
444	18/01
21:45	 Heerenveen
Roda JC	
-0.75
+0.75
1.80
1.90
 
 	
3.5
1.95
1.80
1.62
4.30
4.70
1.18
1.20
2.25
2.0
1.0
1.75
1.60
2.00
2.25
 	 2:2(1:1)  
445	19/01
13:30	 NEC Nijmegen
ADO Den Haag	
-0.25
+0.25
1.85
1.85
 
 	
3.0
1.90
1.85
2.10
3.60
3.10
1.35
1.27
1.70
1.5
1.5
1.80
2.25
1.95
1.60
 	 3:1(2:1)  
446	19/01
15:30	 Cambuur Leeuwarden
Go Ahead Eagles	
-0.75
+0.75
2.10
1.66
 
 	
2.75
1.87
 	
1.83
 	
1.85
3.70
3.90
1.23
1.25
1.90
1.5
1.0
1.80
1.85
2.00
1.90
 	 2:0(1:0)  
447	19/01
15:30	 Utrecht
Feyenoord	
+0.75
-0.75
1.75
2.00
 
 	
2.75
1.80
 	
1.95
 	
4.40
3.75
1.75
2.02
1.25
1.19
1.0
1.5
2.00
1.70
1.75
2.10
 	 2:5(2:3)  
448	19/01
17:30	 Ajax
PSV Eindhoven	
-0.75
+0.75
1.75
1.96
 
 	
3.0
1.90
1.85
1.62
4.20
4.80
1.17
1.22
2.25
2.0
1.0
2.00
1.95
1.75
1.85
 	 1:0(0:0)  
505	24/01
21:00	 Heracles Almelo
RKC Waalwijk	
-0.75
+0.75
1.80
1.90
 
 	
3.0
1.87
1.87
1.65
4.00
4.80
1.17
1.23
2.20
2.0
1.0
2.05
1.85
1.72
1.90
 	 2:1(1:0)  
506	25/01
19:45	 ADO Den Haag
Feyenoord	
+1.0
–1.0
1.85
1.90
  	
3.25
2.00
 	
1.72
 	
5.60
4.35
1.57
2.39
1.20
1.13
1.0
2.0
1.95
1.80
1.80
1.95
 	 3:2(2:0)  
507	25/01
20:45	 Roda JC
Utrecht	
-0.25
+0.25
1.65
2.11
 
 	
3.0
1.72
2.05
1.90
3.80
3.80
1.27
1.27
1.90
2.0
1.0
2.15
1.50
1.65
2.50
 	 1:0(1:0)  
508	25/01
20:45	 NAC Breda
PEC Zwolle	
0
0
1.72
2.05
  	
2.5
1.80
1.95
2.35
3.50
2.85
1.42
1.30
1.57
1.5
1.5
2.15
2.40
1.65
1.53
 	 1:2(1:0)  
509	25/01
21:45	 PSV Eindhoven
AZ Alkmaar	
–1.0
+1.0
1.90
1.85
  	
3.0
1.80
1.95
1.57
4.40
5.20
1.16
1.22
2.40
2.0
1.0
1.87
1.87
1.87
1.87
 	 1:0(1:0)  
510	26/01
13:30	 Vitesse
NEC Nijmegen	
-1.75
+1.75
1.85
1.90
 
 	
3.75
1.90
 	
1.85
 	
1.25
6.30
9.50
1.05
1.11
3.80
2.5
1.0
1.72
2.20
2.05
1.62
 	 1:1(1:0)  
511	26/01
13:30	 Cambuur Leeuwarden
Heerenveen	
0
0
1.95
1.85
  	
3.0
1.90
1.85
2.65
3.50
2.50
1.52
1.30
1.47
1.5
1.5
2.00
1.95
1.75
1.80
 	 3:1(2:0)  
512	26/01
15:30	 Groningen
Twente	
+0.25
-0.25
2.20
1.60
 
 	
3.0
1.75
2.00
3.80
3.75
1.90
1.90
1.27
1.27
1.5
1.5
2.30
1.62
1.60
2.20
 	 cancelled  
513	26/01
15:30	 Go Ahead Eagles
Ajax	
+1.25
-1.25
1.95
1.76
 
 	
3.25
1.85
 	
1.85
 	
7.00
5.00
1.40
3.00
1.17
1.10
1.0
2.0
2.10
1.60
1.70
2.30
 	 0:1(0:0) 
535	31/01
21:00	 Feyenoord
Vitesse	
-0.75
+0.75
1.95
1.90
 
 	
3.0
1.70
2.10
1.75
4.10
4.30
1.25
1.25
2.15
2.0
1.0
2.00
1.62
1.75
2.25
 	 1:1(1:0)  
536	01/02
19:45	 Heerenveen
ADO Den Haag	
-1.25
+1.25
1.95
1.76
 
 	
3.5
1.95
1.80
1.50
4.70
6.30
1.10
1.18
2.60
2.5
1.0
2.07
1.85
1.70
1.90
 	 3:0(0:0)  
537	01/02
20:45	 PEC Zwolle
Roda JC	
-0.75
+0.75
1.95
1.76
 
 	
3.0
1.95
1.80
1.75
3.90
4.30
1.22
1.25
2.05
2.0
1.0
2.25
1.80
1.62
1.95
 	 3:1(1:0)  
538	01/02
20:45	 Heracles Almelo
NAC Breda	
-0.75
+0.75
1.95
1.76
 
 	
3.0
1.95
1.80
1.75
3.90
4.30
1.22
1.25
2.05
2.0
1.0
2.25
1.80
1.62
1.95
 	 1:2(0:1)  
539	01/02
21:45	 AZ Alkmaar
Groningen	
-0.75
+0.75
1.85
1.85
 
 	
3.25
2.00
 	
1.72
 	
1.70
4.00
4.60
1.18
1.23
2.11
2.0
1.0
1.95
1.75
1.80
2.00
 	 2:0(2:0)  
540	02/02
13:30	 Utrecht
Ajax	
+1.25
-1.25
1.87
1.83
 
 	
3.25
1.95
 	
1.76
 	
7.50
4.80
1.40
3.00
1.18
1.08
1.0
2.0
2.15
1.65
1.65
2.15
 	 1:1(1:1)  
541	02/02
15:30	 Twente
Cambuur Leeuwarden	
–1.5
+1.5
1.80
1.95
  	
3.0
1.85
1.90
1.28
5.50
10.50
1.04
1.14
3.60
2.5
1.0
2.05
3.10
1.72
1.35
 	 3:1(0:1)  
542	02/02
15:30	 NEC Nijmegen
Go Ahead Eagles	
-0.75
+0.75
1.95
1.76
 
 	
3.0
1.72
2.05
1.75
4.00
4.30
1.25
1.25
2.15
2.0
1.0
2.00
1.62
1.75
2.25
 	 1:1(1:0)  
543	02/02
17:30	 RKC Waalwijk
PSV Eindhoven	
+1.0
–1.0
1.80
1.95
  	
3.0
1.80
1.95
5.50
4.20
1.57
2.40
1.22
1.14
1.0
2.0
1.90
1.90
1.85
1.85
 	 2:0(0:0)  
392	04/02
19:45	 Roda JC
Feyenoord	
+1.0
–1.0
1.95
1.80
  	
3.25
1.95
 	
1.80
 	
5.50
4.50
1.50
2.50
1.18
1.13
1.0
2.0
1.95
1.75
1.80
2.00
 	 1:2(0:2)  
393	04/02
20:45	 ADO Den Haag
Heracles Almelo	
-0.25
+0.25
1.85
1.95
 
 	
3.0
1.85
1.90
2.10
3.60
3.10
1.35
1.27
1.70
1.5
1.5
1.80
2.25
1.95
1.60
 	 0:3(0:2)  
394	04/02
21:45	 Vitesse
AZ Alkmaar	
-0.75
+0.75
1.80
1.95
 
 	
3.0
1.80
1.95
1.65
4.00
4.80
1.17
1.23
2.20
2.0
1.0
2.05
1.85
1.72
1.90
 	 0:2(0:2)  
395	05/02
19:45	 Cambuur Leeuwarden
PSV Eindhoven	
+0.75
-0.75
1.75
1.96
 
 	
2.5
1.80
1.95
4.30
3.60
1.80
2.00
1.27
1.20
1.0
1.5
2.05
1.85
1.72
1.80
 	 1:2(1:1)  
396	05/02
20:45	 Go Ahead Eagles
RKC Waalwijk	
-0.25
+0.25
1.75
1.96
 
 	
2.75
1.75
 	
1.96
 	
2.00
3.70
3.40
1.30
1.27
1.80
1.5
1.0
1.80
1.62
1.95
2.20
 	 2:2(1:0)  
397	05/02
20:45	 NEC Nijmegen
NAC Breda	
-0.25
+0.25
1.65
2.11
 
 	
3.0
1.95
1.80
1.90
3.60
3.80
1.25
1.27
1.85
1.5
1.0
1.72
1.65
2.05
2.15
 	 1:1(1:1)  
398	05/02
21:45	 Heerenveen
Twente	
+0.75
-0.75
1.65
2.15
 
 	
3.0
1.75
2.00
3.65
3.80
1.90
1.85
1.24
1.26
1.0
1.5
1.57
1.65
2.30
2.15
 	 0:2(0:0)  
399	06/02
19:45	 Utrecht
PEC Zwolle	
0
0
1.72
2.05
  	
2.75
1.85
 	
1.85
 	
2.35
3.50
2.80
1.42
1.28
1.57
1.5
1.5
2.05
2.25
1.72
1.60
 	 1:2(1:0)  
400	06/02
21:45	 Ajax
Groningen	
-1.75
+1.75
1.75
1.96
 
 	
3.25
1.95
 	
1.76
 	
1.20
6.30
14.00
1.02
1.11
4.40
2.5
1.0
1.87
3.60
1.87
1.27
 	 2:1(1:1)
554	07/02
21:00	 Vitesse
ADO Den Haag	
-1.75
+1.75
1.90
1.85
 
 	
3.5
1.90
1.85
1.27
5.90
9.50
1.05
1.12
3.70
2.5
1.0
1.85
2.40
1.90
1.53
 	 0:0(0:0)  
555	08/02
19:45	 PSV Eindhoven
Twente	
-0.25
+0.25
2.00
1.72
 
 	
3.0
1.85
1.90
2.30
3.50
2.90
1.40
1.28
1.60
1.5
1.5
1.85
2.10
1.90
1.70
 	 3:2(2:1)  
556	08/02
20:45	 Go Ahead Eagles
AZ Alkmaar	
+0.25
-0.25
2.10
1.66
 
 	
3.0
1.85
1.95
3.50
3.70
2.00
1.80
1.27
1.30
1.5
1.5
2.25
1.72
1.60
2.10
 	 2:1(1:0)  
557	08/02
20:45	 NAC Breda
Roda JC	
-0.25
+0.25
1.75
2.00
 
 	
3.0
1.87
1.87
2.05
3.55
3.50
1.28
1.28
1.74
1.5
1.5
1.70
2.35
2.07
1.55
 	 2:0(0:0)  
558	08/02
21:45	 Feyenoord
NEC Nijmegen	
–2.0
+2.0
1.95
1.80
  	
3.5
1.80
1.95
1.22
6.50
11.00
1.03
1.10
4.20
3.0
1.0
2.15
2.55
1.65
1.48
 	 5:1(2:1)  
559	09/02
13:30	 Heracles Almelo
Cambuur Leeuwarden	
-0.25
+0.25
1.70
2.03
 
 	
2.75
1.80
 	
1.90
 	
1.95
3.50
3.70
1.27
1.28
1.85
1.5
1.0
1.80
1.70
1.95
2.10
 	 1:1(0:1)  
560	09/02
15:30	 PEC Zwolle
Ajax	
+1.0
–1.0
1.85
1.90
  	
3.0
1.80
1.95
5.30
4.30
1.57
2.40
1.22
1.15
1.0
2.0
1.90
1.87
1.85
1.87
 	 1:1(1:1)  
561	09/02
15:30	 RKC Waalwijk
Utrecht	
-0.25
+0.25
1.75
2.00
 
 	
3.0
1.95
1.80
2.05
3.60
3.45
1.29
1.27
1.74
1.5
1.0
1.75
1.60
2.00
2.25
 	 5:2(1:1)  
562	09/02
17:30	 Groningen
Heerenveen	
-0.25
+0.25
1.87
1.83
 
 	
3.25
1.95
 	
1.76
 	
2.15
3.70
3.00
1.36
1.25
1.67
1.5
1.5
1.75
2.05
2.00
1.72
 	 1:3(0:3)  
539	14/02
21:00	 PSV Eindhoven
Heracles Almelo	
-1.75
+1.75
1.95
1.80
 
 	
3.5
1.95
1.80
1.28
5.70
9.50
1.05
1.13
3.60
2.5
1.0
1.85
2.40
1.90
1.53
 	 2:1(1:1)  
540	15/02
19:45	 Twente
Vitesse	
-0.75
+0.75
1.80
1.90
 
 	
3.0
1.85
1.90
1.65
4.10
5.10
1.15
1.22
2.22
2.0
1.0
1.95
1.95
1.80
1.80
 	 2:0(0:0)  
541	15/02
20:45	 RKC Waalwijk
NEC Nijmegen	
-0.25
+0.25
1.85
1.85
 
 	
3.0
1.90
1.85
2.10
3.60
3.10
1.35
1.27
1.70
1.5
1.5
1.80
2.25
1.95
1.60
 	 1:3(1:2)  
542	15/02
20:45	 Roda JC
ADO Den Haag	
-0.75
+0.75
2.05
1.68
 
 	
3.0
1.87
1.87
1.85
3.70
4.00
1.23
1.27
1.95
2.0
1.0
2.30
1.65
1.60
2.15
 	 0:1(0:0)  
543	15/02
21:45	 AZ Alkmaar
Utrecht	
-1.25
+1.25
1.90
1.80
 
 	
3.0
1.75
2.00
1.45
4.80
6.50
1.11
1.20
2.80
2.0
1.0
1.70
2.15
2.10
1.65
 	 1:1(1:0)  
544	16/02
13:30	 Cambuur Leeuwarden
PEC Zwolle	
-0.25
+0.25
1.75
2.05
 
 	
2.5
1.95
1.80
2.05
3.30
3.70
1.27
1.32
1.75
1.5
1.0
2.00
1.95
1.75
1.80
 	 3:1(2:0)  
545	16/02
15:30	 NAC Breda
Feyenoord	
+1.0
–1.0
1.85
1.90
  	
3.0
1.80
1.95
5.30
4.30
1.57
2.40
1.22
1.15
1.0
2.0
1.90
1.87
1.85
1.87
 	 1:1(1:1)  
546	16/02
15:30	 Groningen
Go Ahead Eagles	
-0.75
+0.75
1.80
1.90
 
 	
3.0
1.80
1.95
1.65
4.00
4.80
1.17
1.23
2.20
2.0
1.0
2.05
1.85
1.72
1.90
 	 1:0(1:0)  
547	16/02
17:30	 Ajax
Heerenveen	
-1.75
+1.75
1.90
1.80
 
 	
3.5
1.90
1.85
1.28
6.00
10.00
1.05
1.13
3.80
2.5
1.0
1.85
2.40
1.90
1.53
 	 3:0(2:0) 
465	21/02
21:00	 ADO Den Haag
Go Ahead Eagles	
-0.25
+0.25
1.70
2.03
 
 	
3.0
2.00
1.80
1.95
3.70
3.70
1.28
1.28
1.85
1.5
1.0
1.85
1.65
2.05
2.25
 	 3:2(2:1)  
466	22/02
19:45	 Heerenveen
NAC Breda	
-0.75
+0.75
1.80
1.90
 
 	
3.25
1.95
 	
1.76
 	
1.65
4.30
4.50
1.20
1.22
2.20
2.0
1.0
1.90
1.72
1.85
2.05
 	 0:0(0:0)  
468	22/02
20:45	 PEC Zwolle
Heracles Almelo	
-0.25
+0.25
1.67
2.07
 
 	
2.75
1.80
 	
1.90
 	
1.90
3.50
3.90
1.23
1.28
1.85
1.5
1.0
1.80
1.75
2.00
2.00
 	 1:1(0:1)  
469	22/02
21:45	 NEC Nijmegen
PSV Eindhoven	
+0.75
-0.75
1.75
2.00
 
 	
3.0
1.80
1.95
4.15
3.90
1.80
1.98
1.24
1.21
1.0
2.0
1.65
2.05
2.20
1.70
 	 0:2(0:0)  
470	23/02
13:30	 Utrecht
Groningen	
-0.25
+0.25
1.85
1.85
 
 	
2.75
1.80
 	
1.90
 	
2.15
3.50
3.20
1.33
1.30
1.70
1.5
1.0
1.90
1.57
1.85
2.30
 	 1:0(0:0)  
471	23/02
15:30	 Ajax
AZ Alkmaar	
-1.25
+1.25
1.80
1.90
 
 	
3.0
1.80
1.95
1.38
5.00
8.00
1.08
1.18
3.10
2.0
1.0
1.65
2.50
2.15
1.50
 	 4:0(1:0)  
472	23/02
15:30	 Vitesse
RKC Waalwijk	
-1.75
+1.75
1.95
1.76
 
 	
3.25
1.90
 	
1.80
 	
1.27
5.70
10.00
1.04
1.13
3.70
2.5
1.0
1.95
2.80
1.80
1.40
 	 3:1(0:1)  
473	23/02
17:30	 Twente
Feyenoord	
-0.75
+0.75
2.20
1.60
 
 	
3.0
1.95
1.80
1.95
3.75
3.65
1.26
1.25
1.82
1.5
1.0
1.70
1.65
2.10
2.20
 	 2:2(0:1)  
492	28/02
21:00	 Heracles Almelo
Heerenveen	
0
0
1.75
2.00
  	
3.25
1.95
 	
1.80
 	
2.40
3.60
2.70
1.45
1.27
1.55
1.5
1.5
1.80
1.90
1.95
1.85
 	 1:2(1:1)  
493	01/03
19:45	 PEC Zwolle
NEC Nijmegen	
-0.25
+0.25
1.70
2.03
 
 	
3.0
1.95
1.80
1.95
3.60
3.60
1.27
1.27
1.80
1.5
1.0
1.75
1.62
2.05
2.20
 	 3:3(2:1)  
494	01/03
20:45	 Go Ahead Eagles
PSV Eindhoven	
+1.0
–1.0
1.85
1.90
  	
3.25
1.90
 	
1.80
 	
5.50
4.30
1.57
2.45
1.22
1.15
1.0
2.0
1.85
1.80
1.95
1.95
 	 2:3(2:0)  
495	01/03
20:45	 ADO Den Haag
NAC Breda	
-0.25
+0.25
1.72
2.00
 
 	
2.75
1.87
 	
1.83
 	
2.00
3.60
3.70
1.30
1.30
1.85
1.5
1.0
1.85
1.70
1.90
2.10
 	 1:1(0:0)  
496	01/03
21:45	 Vitesse
Roda JC	
-1.75
+1.75
1.90
1.80
 
 	
3.25
1.80
 	
1.90
 	
1.25
6.00
10.00
1.03
1.12
3.80
2.5
1.0
1.87
2.65
1.87
1.45
 	 3:0(2:0)  
497	02/03
13:30	 Utrecht
Twente	
+0.75
-0.75
2.00
1.72
 
 	
3.0
1.80
1.95
4.70
4.20
1.65
2.25
1.22
1.18
1.0
2.0
1.80
1.95
1.95
1.80
 	 1:1(0:1)  
498	02/03
15:30	 Groningen
Cambuur Leeuwarden	
-0.25
+0.25
1.67
2.07
 
 	
2.75
1.87
 	
1.83
 	
1.90
3.60
4.00
1.25
1.30
1.90
1.5
1.0
1.80
1.85
1.95
1.95
 	 1:1(0:0)  
499	02/03
15:30	 Feyenoord
Ajax	
-0.25
+0.25
1.90
1.85
 
 	
2.75
1.85
 	
1.90
 	
2.25
3.30
3.30
1.31
1.31
1.62
1.5
1.0
1.90
1.57
1.85
2.30
 	 1:2(1:1)  
500	02/03
17:30	 AZ Alkmaar
RKC Waalwijk	
-1.25
+1.25
1.87
1.83
 
 	
3.0
1.85
1.90
1.40
4.60
7.50
1.07
1.18
2.90
2.0
1.0
1.75
2.40
2.05
1.53
 	 4:0(2:0) 
692	08/03
19:45	 AZ Alkmaar
Heracles Almelo	
–1.0
+1.0
1.90
1.85
  	
3.25
1.95
 	
1.80
 	
1.57
4.20
5.20
1.14
1.22
2.35
2.0
1.0
1.80
1.80
1.95
1.95
 	 4:0(2:0)  
693	08/03
19:45	 Roda JC
NEC Nijmegen	
0
0
1.80
1.95
  	
3.0
1.80
1.95
2.50
3.40
2.75
1.45
1.32
1.53
1.5
1.5
1.85
1.95
1.90
1.85
 	 3:1(1:0)  
694	08/03
20:45	 Heerenveen
PEC Zwolle	
–1.0
+1.0
1.80
1.95
  	
3.25
2.00
 	
1.75
 	
1.50
4.30
5.80
1.12
1.20
2.50
2.0
1.0
1.80
2.00
1.95
1.75
 	 3:0(1:0)  
695	08/03
21:45	 NAC Breda
Vitesse	
+1.0
–1.0
1.75
2.00
  	
3.0
1.95
1.80
5.30
4.00
1.60
2.30
1.23
1.14
1.0
1.5
2.05
1.57
1.75
2.30
 	 1:2(1:2)  
696	08/03
21:45	 PSV Eindhoven
Utrecht	
-1.75
+1.75
1.90
1.85
 
 	
3.5
1.90
1.85
1.27
5.90
9.50
1.05
1.12
3.70
2.5
1.0
1.85
2.40
1.90
1.53
 	 1:0(0:0)  
697	09/03
13:30	 RKC Waalwijk
ADO Den Haag	
0
0
1.80
2.00
  	
2.75
1.85
 	
1.85
 	
2.45
3.40
2.75
1.42
1.30
1.52
1.5
1.5
2.05
2.15
1.72
1.65
 	 1:1(1:1)  
698	09/03
15:30	 Groningen
Feyenoord	
+0.75
-0.75
1.72
2.00
 
 	
3.0
1.85
1.90
3.80
3.90
1.85
1.95
1.25
1.25
1.0
2.0
1.62
2.25
2.20
1.62
 	 0:2(0:1)  
699	09/03
15:30	 Go Ahead Eagles
Twente	
+1.25
-1.25
1.85
1.85
 
 	
3.0
1.75
2.00
6.70
4.60
1.45
2.75
1.20
1.10
1.0
2.0
2.15
1.75
1.65
2.00
 	 1:0(1:0)  
700	09/03
17:30	 Ajax
Cambuur Leeuwarden	
-1.75
+1.75
1.75
1.96
 
 	
3.25
1.95
 	
1.76
 	
1.20
6.30
14.00
1.02
1.11
4.40
2.5
1.0
1.87
3.60
1.87
1.27
 	 1:1(1:0)  
537	14/03
21:00	 Cambuur Leeuwarden
RKC Waalwijk	
-1.25
+1.25
2.00
1.75
 
 	
2.75
1.95
 	
1.80
 	
1.45
4.30
7.00
1.08
1.20
2.70
1.5
1.0
1.57
2.80
2.30
1.40
 	 3:2(2:1)  
538	15/03
19:45	 Vitesse
PSV Eindhoven	
-0.25
+0.25
1.90
1.85
 
 	
3.0
1.80
1.95
2.25
3.60
3.00
1.37
1.27
1.61
1.5
1.5
1.80
2.15
1.95
1.66
 	 1:2(1:2)  
539	15/03
20:45	 ADO Den Haag
Groningen	
-0.25
+0.25
1.85
1.85
 
 	
2.75
1.80
 	
1.90
 	
2.15
3.50
3.20
1.33
1.30
1.70
1.5
1.0
1.90
1.57
1.85
2.30
 	 2:1(0:0)  
540	15/03
20:45	 Heracles Almelo
Roda JC	
-0.75
+0.75
1.85
1.90
 
 	
3.0
1.80
1.95
1.65
4.00
5.10
1.15
1.23
2.21
2.0
1.0
1.87
1.85
1.87
1.90
 	 2:1(1:1)  
541	16/03
13:30	 Twente
AZ Alkmaar	
–1.0
+1.0
1.85
1.90
  	
3.0
1.80
1.95
1.53
4.50
5.50
1.14
1.20
2.50
2.0
1.0
1.85
2.00
1.90
1.75
 	 2:1(0:1)  
542	16/03
15:30	 Feyenoord
Heerenveen	
–1.0
+1.0
1.80
1.95
  	
3.0
1.75
2.00
1.50
4.30
5.80
1.12
1.20
2.50
2.0
1.0
1.80
2.00
1.95
1.75
 	 2:0(0:0)  
543	16/03
15:30	 NEC Nijmegen
Utrecht	
-0.25
+0.25
1.65
2.11
 
 	
3.0
1.75
2.00
1.90
3.75
3.80
1.27
1.27
1.90
1.5
1.5
1.62
2.30
2.20
1.60
 	 2:2(1:2)  
544	16/03
15:30	 PEC Zwolle
Go Ahead Eagles	
-0.25
+0.25
1.75
1.96
 
 	
2.75
1.80
 	
1.90
 	
2.00
3.60
3.60
1.30
1.30
1.80
1.5
1.0
1.80
1.65
1.95
2.15
 	 2:0(1:0)  
545	16/03
17:30	 NAC Breda
Ajax	
+1.25
-1.25
1.80
1.90
 
 	
2.75
1.80
 	
1.90
 	
7.50
4.30
1.42
2.75
1.20
1.07
1.0
2.0
2.60
1.90
1.46
1.85
 	 0:0(0:0)  
673	22/03
19:45	 Groningen
Vitesse	
+0.25
-0.25
2.00
1.72
 
 	
3.0
1.97
1.83
3.30
3.70
2.10
1.75
1.28
1.35
1.5
1.5
2.35
1.85
1.60
1.95
 	 3:1(1:1)  
674	22/03
20:45	 Heerenveen
NEC Nijmegen	
-0.75
+0.75
1.85
1.90
 
 	
3.5
1.90
1.85
1.70
4.20
4.30
1.22
1.22
2.15
2.0
1.5
1.80
2.25
2.00
1.62
 	 2:2(2:0)  
675	22/03
21:45	 PSV Eindhoven
Roda JC	
-2.25
+2.25
1.95
1.80
 
 	
3.5
1.75
2.00
1.16
7.50
15.00
1.01
1.08
5.00
3.0
1.0
2.00
3.20
1.75
1.33
 	 3:1(1:1)  
676	23/03
15:30	 AZ Alkmaar
PEC Zwolle	
–1.0
+1.0
1.85
1.90
  	
3.0
1.80
1.95
1.53
4.50
5.50
1.14
1.20
2.50
2.0
1.0
1.85
2.00
1.90
1.75
 	 2:1(2:1)  
412	02/04
19:45	 Go Ahead Eagles
NAC Breda	
-0.25
+0.25
1.72
2.00
 
 	
2.75
1.90
 	
1.80
 	
1.95
3.60
3.60
1.27
1.27
1.80
1.5
1.5
1.85
2.65
1.90
1.45
 	 2:1(1:1)  
413	02/04
19:45	 Twente
ADO Den Haag	
–2.0
+2.0
1.87
1.87
  	
3.5
1.95
1.80
1.18
7.00
13.00
1.01
1.08
4.60
2.5
1.0
1.75
3.20
2.05
1.32
 	 1:1(1:0)  
414	02/04
19:45	 RKC Waalwijk
Ajax	
+1.25
-1.25
1.95
1.76
 
 	
3.0
1.85
1.90
8.00
4.90
1.37
3.05
1.17
1.07
1.0
2.5
2.55
2.25
1.48
1.60
 	 0:2(0:2)  
415	02/04
19:45	 Utrecht
Cambuur Leeuwarden	
-0.25
+0.25
2.05
1.75
 
 	
2.75
1.85
 	
1.90
 	
2.35
3.50
2.80
1.42
1.28
1.57
1.5
1.5
2.05
2.25
1.72
1.60
 	 1:0(0:0)  
416	02/04
19:45	 Heracles Almelo
Feyenoord	
+0.75
-0.75
2.00
1.75
 
 	
3.0
1.80
1.95
4.70
4.20
1.65
2.25
1.22
1.18
1.0
2.0
1.80
1.95
1.95
1.80
 	 1:2(1:2)  
536	28/03
21:00	 NAC Breda
Utrecht	
0
0
1.75
2.00
  	
2.5
1.95
1.80
2.45
3.35
2.80
1.42
1.32
1.53
1.0
1.0
1.57
1.70
2.30
2.10
 	 2:2(0:0)  
537	29/03
19:45	 SBV Vitesse
Heerenveen	
–1.0
+1.0
1.87
1.87
  	
3.5
1.95
1.80
1.53
4.60
5.70
1.11
1.17
2.46
2.0
1.0
1.65
1.90
2.11
1.80
 	 2:2(1:1)  
538	29/03
20:45	 NEC Nijmegen
Heracles Almelo	
-0.25
+0.25
1.80
1.90
 
 	
3.25
1.85
 	
1.85
 	
2.10
3.75
3.10
1.32
1.25
1.70
1.5
1.5
1.63
2.00
2.15
1.72
 	 1:2(1:0)  
539	29/03
21:45	 PSV Eindhoven
FC Groningen	
-1.75
+1.75
1.95
1.76
 
 	
3.5
1.95
1.80
1.28
5.70
9.50
1.05
1.13
3.60
2.5
1.0
1.85
2.40
1.90
1.53
 	 2:3(2:2)  
540	30/03
13:30	 Feyenoord
Go Ahead Eagles	
-1.75
+1.75
1.90
1.80
 
 	
3.5
1.95
1.80
1.27
6.00
9.50
1.05
1.12
3.70
2.5
1.0
1.85
2.50
1.90
1.50
 	 5:0(1:0)  
541	30/03
15:30	 Cambuur Leeuwarden
AZ Alkmaar	
0
0
1.75
2.00
  	
2.75
1.95
 	
1.76
 	
2.40
3.50
2.75
1.42
1.28
1.55
1.5
1.5
2.15
2.30
1.65
1.57
 	 0:0(0:0)  
542	30/03
15:30	 Ajax
Twente	
-0.75
+0.75
2.05
1.68
 
 	
2.75
1.85
 	
1.85
 	
1.80
3.70
4.30
1.22
1.27
2.00
1.5
1.0
1.72
1.90
2.05
1.85
 	 3:0(1:0)  
543	30/03
15:30	 Roda JC
RKC Waalwijk	
-0.75
+0.75
1.95
1.76
 
 	
3.0
1.87
1.87
1.75
3.80
4.30
1.20
1.25
2.05
2.0
1.0
2.15
1.72
1.65
2.05
 	 0:1(0:1)  
544	30/03
17:30	 ADO Den Haag
PEC Zwolle	
-0.75
+0.75
1.95
1.76
 
 	
2.75
1.85
 	
1.85
 	
1.75
3.80
4.30
1.20
1.25
2.05
1.5
1.0
1.70
1.95
2.10
1.80
 	 1:1(1:1) 
564	04/04
21:00	 PEC Zwolle
FC Groningen	
+0.25
-0.25
1.75
2.05
 
 	
3.0
2.00
1.80
2.80
3.60
2.35
1.60
1.28
1.42
1.5
1.5
2.15
1.95
1.65
1.80
 	 0:1(0:0)  
565	05/04
19:45	 Heerenveen
PSV Eindhoven	
+0.75
-0.75
1.75
2.00
 
 	
3.25
1.85
 	
1.90
 	
3.90
4.00
1.80
1.96
1.22
1.23
1.0
2.0
1.60
2.10
2.25
1.70
 	 3:0(1:0)  
566	05/04
20:45	 NAC Breda
Twente	
+1.0
–1.0
1.85
1.90
  	
2.75
1.87
 	
1.83
 	
5.50
4.20
1.55
2.40
1.22
1.13
1.0
1.5
2.30
1.60
1.57
2.25
 	 0:2(0:1)  
567	05/04
20:45	 NEC Nijmegen
Cambuur Leeuwarden	
-0.25
+0.25
1.85
1.85
 
 	
2.75
1.80
 	
1.90
 	
2.15
3.50
3.20
1.33
1.30
1.70
1.5
1.0
1.90
1.57
1.85
2.30
 	 1:1(1:1)  
568	05/04
21:45	 Heracles Almelo
Go Ahead Eagles	
-0.75
+0.75
1.90
1.85
 
 	
3.25
1.90
 	
1.85
 	
1.75
4.00
4.30
1.20
1.23
2.04
2.0
1.0
1.95
1.66
1.80
2.15
 	 1:2(1:0)  
569	06/04
13:30	 ADO Den Haag
Utrecht	
-0.25
+0.25
1.80
1.95
 
 	
3.0
1.95
1.80
2.05
3.60
3.40
1.28
1.25
1.71
1.5
1.0
1.76
1.57
1.95
2.25
 	 4:1(2:0)  
570	06/04
15:30	 Feyenoord
RKC Waalwijk	
–2.5
+2.5
1.90
1.85
  	
3.5
1.80
1.95
1.12
8.50
18.00
1.01
1.05
5.80
3.0
1.0
1.85
4.50
1.90
1.18
 	 2:0(1:0)  
571	06/04
15:30	 SBV Vitesse
Ajax	
+0.25
-0.25
2.00
1.75
 
 	
3.0
1.87
1.87
3.40
3.70
2.05
1.72
1.24
1.28
1.0
1.5
1.53
1.70
2.35
2.05
 	 1:1(1:0)  
572	06/04
17:30	 Roda JC
AZ Alkmaar	
+0.25
-0.25
1.85
1.90
 
 	
2.75
1.65
 	
2.15
 	
3.00
3.60
2.25
1.61
1.27
1.37
1.5
1.5
2.15
1.80
1.66
1.95
 	 2:2(1:1)
603	11/04
21:00	 FC Groningen
NAC Breda	
-0.75
+0.75
1.80
1.90
 
 	
2.75
1.80
 	
1.90
 	
1.65
3.90
5.00
1.16
1.25
2.20
2.0
1.0
2.15
2.00
1.65
1.75
 	 2:1(0:0)  
604	12/04
19:45	 Go Ahead Eagles
Heerenveen	
0
0
1.95
1.80
  	
3.25
1.95
 	
1.76
 	
2.65
3.60
2.45
1.53
1.27
1.47
1.5
1.5
1.90
1.85
1.95
1.90
 	 0:2(0:1)  
605	12/04
20:45	 Cambuur Leeuwarden
SBV Vitesse	
+0.25
-0.25
2.05
1.68
 
 	
2.75
1.80
 	
1.90
 	
3.70
3.50
1.95
1.80
1.28
1.25
1.0
1.5
1.72
1.80
2.05
1.95
 	 4:3(2:2)  
606	12/04
21:45	 Twente
Roda JC	
–2.0
+2.0
1.80
1.95
  	
3.5
1.80
1.95
1.18
7.00
13.00
1.02
1.08
4.60
3.0
1.0
2.05
2.90
1.75
1.40
 	 3:0(2:0)  
607	13/04
15:30	 AZ Alkmaar
NEC Nijmegen	
-0.75
+0.75
1.95
1.80
 
 	
3.25
1.75
 	
2.00
 	
1.80
4.10
4.10
1.22
1.22
2.00
2.0
1.5
1.85
2.30
1.90
1.57
 	 1:1(0:0)  
608	13/04
15:30	 RKC Waalwijk
PEC Zwolle	
-0.25
+0.25
1.70
2.03
 
 	
2.75
1.80
 	
1.90
 	
1.95
3.60
3.70
1.27
1.28
1.85
1.5
1.0
1.80
1.70
1.95
2.10
 	 1:1(0:0)  
609	13/04
15:30	 Utrecht
Heracles Almelo	
-0.25
+0.25
1.87
1.83
 
 	
3.25
1.95
 	
1.76
 	
2.15
3.70
3.00
1.36
1.25
1.67
1.5
1.5
1.75
2.05
2.00
1.72
 	 2:1(2:0)  
610	13/04
17:30	 PSV Eindhoven
Feyenoord	
-0.25
+0.25
1.87
1.83
 
 	
3.25
1.95
 	
1.76
 	
2.15
3.70
3.00
1.36
1.25
1.67
1.5
1.5
1.75
2.05
2.00
1.72
 	 0:2(0:1)  
611	13/04
17:30	 Ajax
ADO Den Haag	
–2.0
+2.0
1.80
1.95
  	
3.5
1.80
1.95
1.18
7.00
13.00
1.02
1.08
4.60
3.0
1.0
2.05
2.90
1.75
1.40
 	 3:2(1:1)  
467	27/04
15:30	 Heerenveen
Utrecht	
-1.25
+1.25
1.95
1.76
 
 	
3.5
1.85
1.90
1.45
4.90
6.40
1.10
1.16
2.70
2.5
1.0
2.20
1.85
1.65
1.85
 	 4:1(1:0)  
468	27/04
15:30	 ADO Den Haag
AZ Alkmaar	
+0.25
-0.25
1.80
2.00
 
 	
3.0
1.80
1.95
2.80
3.70
2.30
1.60
1.27
1.42
1.5
1.5
2.00
1.85
1.75
1.90
 	 2:1(1:0)  
469	27/04
15:30	 Roda JC
FC Groningen	
-0.25
+0.25
2.00
1.72
 
 	
3.25
1.95
 	
1.76
 	
2.30
3.70
2.80
1.42
1.27
1.60
1.5
1.5
1.75
1.95
2.00
1.80
 	 1:2(1:0)  
470	27/04
15:30	 SBV Vitesse
Go Ahead Eagles	
-1.75
+1.75
1.90
1.85
 
 	
3.5
1.90
1.85
1.27
5.90
9.50
1.05
1.12
3.70
2.5
1.0
1.85
2.40
1.90
1.53
 	 2:2(0:1)  
471	27/04
15:30	 NAC Breda
RKC Waalwijk	
-0.25
+0.25
1.70
2.03
 
 	
2.75
1.87
 	
1.83
 	
1.95
3.70
3.60
1.28
1.27
1.85
1.5
1.0
1.85
1.75
1.90
2.00
 	 1:1(1:0)  
472	27/04
15:30	 PEC Zwolle
PSV Eindhoven	
+1.0
–1.0
1.85
1.90
  	
3.25
1.90
 	
1.85
 	
5.50
4.30
1.57
2.45
1.22
1.15
1.0
2.0
1.85
1.80
1.95
1.95
 	 1:2(0:1)  
473	27/04
15:30	 Feyenoord
Cambuur Leeuwarden	
–2.0
+2.0
1.80
1.95
  	
3.5
1.80
1.95
1.18
7.00
13.00
1.02
1.08
4.60
3.0
1.0
2.05
2.90
1.75
1.40
 	 5:1(1:1)  
474	27/04
15:30	 Heracles Almelo
Ajax	
+1.0
–1.0
1.95
1.85
  	
3.25
1.85
 	
1.95
 	
5.50
4.50
1.55
2.50
1.22
1.15
1.0
2.0
1.80
1.75
2.00
2.10
 	 1:1(1:1)  
475	27/04
15:30	 NEC Nijmegen
Twente	
+1.0
–1.0
2.05
1.80
  	
3.25
1.80
 	
2.00
 	
6.00
4.70
1.50
2.65
1.20
1.14
1.0
2.0
1.85
1.65
1.95
2.25
 	 2:5(1:1) 
585	03/05
19:45	 Ajax
NEC Nijmegen	
–2.0
+2.0
1.87
1.87
  	
3.75
1.87
 	
1.87
 	
1.22
7.00
12.00
1.04
1.11
4.50
3.0
1.0
2.05
2.50
1.75
1.50
 	 2:2(1:0)  
586	03/05
19:45	 AZ Alkmaar
Feyenoord	
+0.25
-0.25
2.00
1.75
 
 	
3.5
1.95
1.80
3.40
3.80
2.00
1.75
1.23
1.28
1.5
2.0
2.05
2.05
1.68
1.68
 	 1:1(0:0)  
587	03/05
19:45	 Cambuur Leeuwarden
ADO Den Haag	
-0.75
+0.75
2.10
1.75
 
 	
3.0
1.80
1.95
1.85
3.90
3.90
1.25
1.25
1.95
2.0
1.0
2.15
1.60
1.65
2.25
 	 1:2(1:0)  
588	03/05
19:45	 Go Ahead Eagles
Roda JC	
-0.25
+0.25
1.95
1.80
 
 	
3.25
1.75
 	
2.00
 	
2.25
3.80
2.90
1.39
1.25
1.62
1.5
1.5
1.70
1.95
2.05
1.80
 	 0:1(0:1)  
589	03/05
19:45	 FC Groningen
Heracles Almelo	
-0.75
+0.75
1.80
1.90
 
 	
3.5
1.80
1.95
1.65
4.30
4.50
1.20
1.22
2.20
2.0
1.0
1.75
1.55
2.05
2.35
 	 3:1(1:1)  
590	03/05
19:45	 PSV Eindhoven
NAC Breda	
–2.0
+2.0
1.85
1.90
  	
3.75
1.90
 	
1.85
 	
1.20
7.00
12.00
1.02
1.10
4.50
3.0
1.0
2.05
2.60
1.75
1.46
 	 2:0(1:0)  
591	03/05
19:45	 Utrecht
SBV Vitesse	
+0.25
-0.25
2.20
1.62
 
 	
3.5
1.80
1.90
4.00
4.20
1.75
2.05
1.22
1.24
1.5
2.0
2.15
2.00
1.65
1.75
 	 2:1(1:0)  
592	03/05
19:45	 RKC Waalwijk
Heerenveen	
+0.25
-0.25
2.00
1.72
 
 	
3.5
1.90
1.80
3.50
3.75
1.95
1.80
1.25
1.28
1.5
1.5
2.29
1.63
1.58
2.18
 	 0:3(0:1)  
593	03/05
19:45	 Twente
PEC Zwolle	
–2.0
+2.0
1.87
1.87
  	
3.75
1.87
 	
1.87
 	
1.20
7.00
12.00
1.02
1.10
4.50
3.0
1.0
2.05
2.40
1.75
1.53
 	 2:2(2:1) 
448	04/12
21:45	 Go Ahead Eagles
Heracles Almelo	
0
0
1.60
2.19
  	
2.5
1.65
2.11
2.30
3.20
3.10
1.34
1.32
1.57
 
 	 1:1(0:0)
447	04/12
19:45	 ADO Den Haag
Heerenveen	
+0.25
-0.25
1.80
1.90
 
 	
3.25
1.85
 	
1.85
 	
2.95
3.50
2.30
1.59
1.28
1.37
1.5
1.5
2.00
1.70
1.76
2.05
 	 1:1(0:0)
452	12/02
20:45	 FC Groningen
Twente	
+0.75
-0.75
1.95
1.80
 
 	
3.0
1.90
1.85
5.00
4.00
1.65
2.25
1.25
1.17
1.0
2.0
1.90
2.10
1.85
1.70
 	 1:1(1:0) 
614	22/02
20:45	 Cambuur Leeuwarden
Roda JC	
-0.75
+0.75
1.80
1.95
 
 	
2.75
1.85
 	
1.90
 	
1.65
3.80
5.00
1.15
1.25
2.20
1.5
1.0
1.65
2.10
2.15
1.70
 	 1:0(0:0)  