121	30/01
15:00	Istanbul BB
Besiktas	
+1.0
–1.0
1.65
2.10
  	
2.5
1.95
1.75
4.30
3.50
1.70
2.03
1.26
1.18
 	 2:1(1:0) 
327	01/10
15:00	Kardemir Karabukspor
Orduspor	
-0.25
+0.25
1.95
1.75
 
 	
2.25
1.75
 	
1.95
 	
2.30
3.20
2.80
1.38
1.30
1.55
1.5
1.5
2.35
2.65
1.52
1.42
 	 1:2(0:2)  
328	01/10
19:00	Fenerbahce
Istanbul BB	
-1.25
+1.25
1.85
1.85
 
 	
2.75
1.85
 	
1.85
 	
1.40
4.00
7.10
1.06
1.20
2.70
2.0
1.0
2.00
2.85
1.72
1.37
 	 4:2(0:0)  
329	01/10
20:00	Antalyaspor
Sivasspor	
-0.25
+0.25
1.65
2.10
 
 	
2.5
1.95
1.75
1.95
3.30
3.45
1.26
1.28
1.75
1.5
1.0
2.10
2.05
1.65
1.68
 	 2:2(1:1)  
330	02/10
15:00	Samsunspor
Vestel Manisaspor	
-0.25
+0.25
1.70
2.00
 
 	
2.5
1.95
1.75
1.95
3.30
3.50
1.26
1.28
1.75
 
 	 1:2(1:2)  
331	02/10
19:00	Eskisehirspor
Trabzonspor	
+0.25
-0.25
1.85
1.85
 
 	
2.25
1.75
 	
1.95
 	
3.15
3.15
2.15
1.62
1.31
1.31
 
 	 0:2(0:0)  
332	02/10
19:00	Ankaragucu
Galatasaray	
+0.75
-0.75
1.80
1.90
 
 	
2.75
1.95
 	
1.75
 	
4.00
3.60
1.75
1.95
1.24
1.20
 
 	 0:3(0:2)  
333	02/10
19:00	Kayserispor
Mersin Idmanyurdu	
-0.25
+0.25
1.90
1.80
 
 	
2.5
1.90
1.80
2.25
3.30
2.85
1.37
1.28
1.57
 
 	 2:2(1:2)  
334	03/10
20:00	Gaziantepspor
Besiktas	
+0.25
-0.25
1.85
1.85
 
 	
2.5
1.90
1.80
3.00
3.30
2.15
1.62
1.28
1.34
 
 	 0:0(0:0)  
240	15/10
20:00	Bursaspor
Kardemir Karabukspor	
-0.75
+0.75
1.90
1.80
 
 	
2.5
1.85
1.85
1.65
3.55
4.70
1.15
1.25
2.10
1.5
1.0
1.78
2.40
1.92
1.50
 	 2:2(2:2)  
242	16/10
17:30	Gaziantepspor
Bucaspor	
-0.25
+0.25
1.65
2.10
 
 	
2.25
1.90
 	
1.80
 	
2.00
3.15
3.50
1.25
1.31
1.72
1.5
1.0
2.25
2.25
1.57
1.57
 	 2:0(2:0)  
243	16/10
19:00	Besiktas
Vestel Manisaspor	
-1.25
+1.25
1.80
1.90
 
 	
2.5
1.78
1.92
1.33
4.25
8.50
1.04
1.18
3.05
2.0
1.0
2.05
3.55
1.68
1.25
 	 2:3(1:1)  
245	17/10
15:30	Kasimpasa
Trabzonspor	
+0.75
-0.75
1.67
2.07
 
 	
2.5
1.85
1.85
4.05
3.50
1.75
1.95
1.25
1.19
1.0
1.5
2.20
1.85
1.60
1.85
 	 0:7(0:3)  
246	17/10
17:30	Kayserispor
Sivasspor	
–1.0
+1.0
2.00
1.72
  	
2.25
1.90
 	
1.80
 	
1.52
3.55
6.10
1.09
1.25
2.35
1.5
1.0
1.85
3.20
1.85
1.30
 	 4:1(1:1)  
247	17/10
19:00	Galatasaray
Ankaragucu	
-1.25
+1.25
1.95
1.75
 
 	
2.75
1.95
 	
1.75
 	
1.40
4.15
6.80
1.07
1.19
2.70
1.5
1.0
1.55
2.95
2.30
1.35
 	 2:4(0:1)  
248	18/10
20:00	Konyaspor
Fenerbahce	
+1.0
–1.0
1.80
1.90
  	
2.5
1.80
1.90
6.10
3.90
1.48
2.45
1.21
1.09
1.5
1.5
4.40
1.62
1.17
2.15
 	 1:4(1:3)  
226	22/10
20:00	Kardemir Karabukspor
Eskisehirspor	
-0.75
+0.75
2.15
1.62
 
 	
2.5
1.85
1.85
1.85
3.40
3.70
1.23
1.27
1.85
1.5
1.0
1.95
2.01
1.75
1.71
 	 1:2(0:2)  
227	22/10
20:00	Sivasspor 
Bucaspor	
-0.25
+0.25
1.70
2.03
 
 	
2.25
1.85
 	
1.85
 	
2.05
3.15
3.40
1.27
1.31
1.68
1.5
1.0
2.30
2.10
1.55
1.65
 	 1:1(0:1)  
228	23/10
15:30	Istanbul BB
Gaziantepspor	
-0.25
+0.25
1.90
1.80
 
 	
2.25
1.80
 	
1.90
 	
2.25
3.20
2.90
1.36
1.30
1.57
1.5
1.0
2.40
1.85
1.50
1.85
 	 1:0(1:0)  
229	23/10
19:00	Antalyaspor
Konyaspor	
-0.75
+0.75
1.90
1.80
 
 	
2.75
1.95
 	
1.75
 	
1.65
3.65
4.40
1.17
1.23
2.10
1.5
1.0
1.72
2.15
2.00
1.62
 	 1:0(1:0)  
230	23/10
19:00	Trabzonspor
Genclerbirligi	
-1.25
+1.25
1.78
1.92
 
 	
2.75
1.78
 	
1.92
 	
1.35
4.35
7.40
1.05
1.17
2.95
2.0
1.0
1.80
2.80
1.90
1.38
 	 3:1(0:1)  
231	24/10
14:30	Ankaragucu
Bursaspor	
0
0
2.00
1.72
  	
2.25
1.90
 	
1.80
 	
2.80
3.05
2.45
1.48
1.33
1.38
1.5
1.5
2.90
2.65
1.36
1.42
 	 1:5(1:5)  
232	24/10
15:30	Vestel Manisaspor
Kasimpasa	
–1.0
+1.0
1.97
1.74
  	
2.75
1.85
 	
1.85
 	
1.55
3.85
5.00
1.13
1.21
2.30
1.5
1.0
1.60
2.25
2.20
1.57
 	 2:1(2:1)  
233	24/10
19:00	Fenerbahce
Galatasaray	
-0.75
+0.75
1.90
1.80
 
 	
2.75
1.85
 	
1.85
 	
1.68
3.55
4.55
1.16
1.25
2.05
1.5
1.0
1.68
2.10
2.05
1.65
 	 0:0(0:0)  
234	25/10
20:00	Kayserispor
Besiktas	
0
0
1.85
1.85
  	
2.25
1.85
 	
1.85
 	
2.55
3.15
2.55
1.45
1.31
1.45
1.5
1.5
2.70
2.70
1.40
1.40
 	 1:0(0:0)  
240	29/10
20:00	Bursaspor
Fenerbahce	
0
0
1.75
1.95
  	
2.5
1.90
1.80
2.45
3.30
2.65
1.42
1.28
1.48
1.5
1.5
2.40
2.55
1.50
1.45
 	 1:1(0:1)  
241	30/10
15:30	Eskisehirspor
Ankaragucu	
-0.25
+0.25
1.70
2.03
 
 	
2.25
1.85
 	
1.85
 	
2.05
3.15
3.40
1.27
1.31
1.68
1.5
1.0
2.30
2.10
1.55
1.65
 	 0:0(0:0)  
242	30/10
17:30	Gaziantepspor
Kardemir Karabukspor	
-0.25
+0.25
1.90
1.80
 
 	
2.25
1.80
 	
1.90
 	
2.25
3.20
2.90
1.36
1.30
1.57
1.5
1.0
2.40
1.85
1.50
1.85
 	 0:0(0:0)  
243	30/10
19:00	Galatasaray
Antalyaspor	
–1.0
+1.0
1.87
1.83
  	
2.75
1.90
 	
1.80
 	
1.50
3.90
5.50
1.11
1.21
2.40
1.5
1.0
1.60
2.50
2.20
1.47
 	 2:1(2:0)  
244	31/10
15:30	Genclerbirligi
Vestel Manisaspor	
0
0
1.78
1.92
  	
2.5
1.80
1.90
2.40
3.30
2.60
1.43
1.28
1.50
1.5
1.5
2.25
2.40
1.57
1.50
 	 2:0(1:0)  
245	31/10
15:30	Kasimpasa
Kayserispor	
+0.75
-0.75
1.67
2.07
 
 	
2.5
1.85
1.85
4.05
3.50
1.75
1.95
1.25
1.19
1.0
1.5
2.20
1.85
1.60
1.85
 	 1:2(1:2)  
246	31/10
17:30	Bucaspor
Istanbul BB	
0
0
1.78
1.92
  	
2.25
1.95
 	
1.75
 	
2.50
3.05
2.70
1.40
1.33
1.47
1.5
1.5
2.70
2.95
1.40
1.35
 	 0:2(0:0)  
247	31/10
19:00	Besiktas
Sivasspor	
-1.25
+1.25
1.75
1.95
 
 	
2.75
1.85
 	
1.85
 	
1.32
4.25
9.00
1.03
1.18
3.10
1.5
1.0
1.50
3.20
2.40
1.30
 	 2:1(2:0)  
248	01/11
20:00	Konyaspor
Trabzonspor	
+0.75
-0.75
1.95
1.75
 
 	
2.75
1.75
 	
1.95
 	
5.00
3.90
1.55
2.30
1.21
1.13
1.0
1.5
2.15
1.52
1.62
2.35
 	 1:2(1:1)  
243	05/11
20:00	Kayserispor
Genclerbirligi	
–1.0
+1.0
1.95
1.75
  	
2.25
1.75
 	
1.95
 	
1.52
3.70
5.80
1.10
1.23
2.35
1.5
1.0
1.75
2.95
1.95
1.35
 	 1:1(0:1)  
244	06/11
14:30	Kardemir Karabukspor
Bucaspor	
-0.75
+0.75
1.92
1.78
 
 	
2.25
1.95
 	
1.75
 	
1.70
3.30
4.70
1.15
1.28
2.03
1.5
1.0
2.05
3.10
1.68
1.32
 	 3:0(2:0)  
245	06/11
16:00	Antalyaspor
Bursaspor	
0
0
1.85
1.85
  	
2.5
1.95
1.75
2.55
3.15
2.55
1.45
1.31
1.45
1.5
1.5
2.50
2.50
1.47
1.47
 	 2:2(2:0)  
246	06/11
17:00	Ankaragucu
Gaziantepspor	
-0.25
+0.25
1.70
2.03
 
 	
2.25
1.85
 	
1.85
 	
2.05
3.15
3.40
1.27
1.31
1.68
1.5
1.0
2.30
2.10
1.55
1.65
 	 0:2(0:0)  
247	06/11
19:00	Fenerbahce
Eskisehirspor	
-1.25
+1.25
1.68
2.05
 
 	
2.75
1.75
 	
1.95
 	
1.29
4.65
8.70
1.03
1.15
3.25
 
 	 4:2(3:1)  
248	07/11
19:00	Trabzonspor
Galatasaray	
-0.25
+0.25
1.80
1.90
 
 	
2.5
1.85
1.85
2.15
3.25
3.05
1.33
1.29
1.62
1.5
1.5
2.15
2.70
1.62
1.40
 	 2:0(0:0)  
803	07/11
14:30	Sivasspor 
Istanbul BB	
0
0
1.72
2.00
  	
2.25
1.90
 	
1.80
 	
2.45
3.05
2.80
1.38
1.33
1.48
1.5
1.5
2.65
2.90
1.42
1.36
 	 0:4(0:4)  
804	07/11
17:00	Vestel Manisaspor
Konyaspor	
-0.75
+0.75
1.80
1.90
 
 	
2.5
1.85
1.85
1.60
3.70
4.90
1.14
1.23
2.20
1.5
1.0
1.75
2.50
1.95
1.47
 	 0:1(0:0)  
805	08/11
20:00	Besiktas
Kasimpasa	
–1.5
+1.5
1.72
2.00
  	
2.75
1.65
 	
2.10
 	
1.23
5.30
11.00
1.01
1.12
3.70
 
 	 1:1(0:0) 
752	12/11
20:00	Konyaspor
Kayserispor	
+0.75
-0.75
1.57
2.25
 
 	
2.5
1.95
1.75
3.80
3.35
1.85
1.85
1.27
1.22
1.0
1.5
2.20
2.00
1.60
1.72
 	 0:1(0:0)  
358	13/11
14:30	Bucaspor
Ankaragucu	
0
0
2.00
1.72
  	
2.25
1.90
 	
1.80
 	
2.80
3.05
2.45
1.48
1.33
1.38
1.5
1.5
2.90
2.65
1.36
1.42
 	 0:0(0:0)  
359	13/11
16:00	Bursaspor
Trabzonspor	
0
0
1.85
1.85
  	
2.25
1.95
 	
1.75
 	
2.60
3.00
2.60
1.43
1.34
1.43
1.5
1.5
2.80
2.80
1.38
1.38
 	 0:2(0:2)  
360	13/11
19:00	Eskisehirspor
Antalyaspor	
-0.25
+0.25
1.90
1.80
 
 	
2.25
1.80
 	
1.90
 	
2.25
3.20
2.90
1.36
1.30
1.57
1.5
1.0
2.40
1.85
1.50
1.85
 	 0:0(0:0)  
361	13/11
19:00	Gaziantepspor
Fenerbahce	
+0.75
-0.75
1.65
2.10
 
 	
2.25
1.80
 	
1.90
 	
4.15
3.35
1.78
1.92
1.27
1.19
1.0
1.5
2.40
2.10
1.50
1.65
 	 2:1(0:1)  
362	14/11
14:30	Kasimpasa
Sivasspor	
0
0
1.85
1.85
  	
2.5
1.85
1.85
2.50
3.30
2.50
1.47
1.28
1.47
1.5
1.5
2.35
2.35
1.52
1.52
 	 2:0(0:0)  
363	14/11
16:00	Genclerbirligi
Besiktas	
+0.75
-0.75
1.65
2.10
 
 	
2.25
1.80
 	
1.90
 	
4.15
3.35
1.78
1.92
1.27
1.19
1.0
1.5
2.40
2.10
1.50
1.65
 	 0:2(0:1)  
364	14/11
17:00	Istanbul BB
Kardemir Karabukspor	
-0.25
+0.25
1.65
2.10
 
 	
2.25
1.90
 	
1.80
 	
2.00
3.15
3.50
1.25
1.31
1.72
1.5
1.0
2.25
2.25
1.57
1.57
 	 2:1(0:0)  
365	14/11
19:00	Galatasaray
Vestel Manisaspor	
–1.0
+1.0
1.75
1.95
  	
2.75
1.75
 	
1.95
 	
1.45
4.15
5.80
1.10
1.19
2.55
2.0
1.0
1.95
2.45
1.75
1.48
 	 0:2(0:1)  
343	20/11
14:30	Kasimpasa
Genclerbirligi	
-0.25
+0.25
2.00
1.72
 
 	
2.25
1.75
 	
1.95
 	
2.35
3.15
2.80
1.38
1.31
1.52
1.5
1.5
2.45
2.80
1.48
1.38
 	 1:1(1:0)  
344	20/11
16:00	Vestel Manisaspor
Bursaspor	
+0.25
-0.25
1.80
1.90
 
 	
2.25
1.80
 	
1.90
 	
2.90
3.20
2.25
1.57
1.30
1.36
1.0
1.5
1.85
2.40
1.85
1.50
 	 0:2(0:2)  
345	20/11
17:00	Sivasspor 
Kardemir Karabukspor	
0
0
1.85
1.85
  	
2.25
1.85
 	
1.85
 	
2.55
3.15
2.55
1.45
1.31
1.45
1.5
1.5
2.70
2.70
1.40
1.40
 	 5:1(2:1)  
346	20/11
19:00	Besiktas
Konyaspor	
–1.5
+1.5
1.85
1.85
  	
2.75
1.85
 	
1.85
 	
1.30
4.70
8.30
1.04
1.15
3.20
2.0
1.0
1.75
3.20
1.95
1.30
 	 2:2(2:1)  
347	21/11
14:30	Antalyaspor
Gaziantepspor	
-0.25
+0.25
1.75
1.95
 
 	
2.25
1.85
 	
1.85
 	
2.10
3.15
3.25
1.29
1.31
1.65
1.5
1.0
2.30
2.07
1.55
1.67
 	 0:1(0:1)  
348	21/11
16:00	Trabzonspor
Eskisehirspor	
–1.5
+1.5
1.85
1.85
  	
2.75
1.75
 	
1.95
 	
1.30
4.70
8.30
1.04
1.15
3.20
2.0
1.0
1.67
3.55
2.07
1.25
 	 0:0(0:0)  
349	21/11
17:00	Ankaragucu
Istanbul BB	
-0.25
+0.25
1.70
2.03
 
 	
2.25
1.85
 	
1.85
 	
2.05
3.15
3.40
1.27
1.31
1.68
1.5
1.0
2.30
2.10
1.55
1.65
 	 2:2(0:0)  
350	21/11
19:00	Kayserispor
Galatasaray	
-0.25
+0.25
1.90
1.80
 
 	
2.25
1.80
 	
1.90
 	
2.25
3.20
2.90
1.36
1.30
1.57
1.5
1.0
2.40
1.85
1.50
1.85
 	 0:0(0:0)  
351	22/11
20:00	Fenerbahce
Bucaspor	
-1.75
+1.75
1.95
1.75
 
 	
3.0
1.90
1.80
1.23
5.30
10.00
1.02
1.12
3.70
2.5
1.0
2.10
3.70
1.65
1.23
 	 5:2(3:0) 
241	26/11
20:00	Eskisehirspor
Vestel Manisaspor	
-0.25
+0.25
1.80
1.90
 
 	
2.25
1.80
 	
1.90
 	
2.15
3.15
3.25
1.29
1.31
1.62
1.5
1.5
2.20
3.10
1.60
1.32
 	 2:1(0:1)  
242	27/11
14:30	Konyaspor
Kasimpasa	
-0.25
+0.25
1.80
1.90
 
 	
2.25
1.80
 	
1.90
 	
2.15
3.15
3.25
1.29
1.31
1.62
1.5
1.5
2.20
3.10
1.60
1.32
 	 2:2(0:2)  
243	27/11
16:00	Gaziantepspor
Trabzonspor	
+0.25
-0.25
2.10
1.65
 
 	
2.5
1.95
1.75
3.45
3.30
1.95
1.75
1.28
1.26
1.0
1.5
2.05
2.10
1.68
1.65
 	 1:3(1:2)  
244	27/11
17:00	Genclerbirligi
Sivasspor	
-0.25
+0.25
1.80
1.90
 
 	
2.25
1.75
 	
1.95
 	
2.15
3.20
3.10
1.32
1.30
1.62
1.5
1.0
2.25
1.90
1.57
1.80
 	 1:1(1:1)  
245	27/11
19:00	Istanbul BB
Fenerbahce	
+0.25
-0.25
2.15
1.62
 
 	
2.75
1.85
 	
1.85
 	
3.35
3.50
1.92
1.78
1.25
1.27
1.0
1.5
1.72
1.85
2.00
1.85
 	 0:1(0:1)  
247	28/11
13:30	Kardemir Karabukspor
Ankaragucu	
-0.25
+0.25
1.85
1.85
 
 	
2.5
1.95
1.75
2.20
3.25
2.95
1.35
1.29
1.60
1.5
1.0
2.25
1.80
1.57
1.90
 	 5:1(1:0)  
248	28/11
19:00	Galatasaray
Besiktas	
-0.25
+0.25
1.95
1.75
 
 	
2.5
1.95
1.75
2.30
3.20
2.80
1.38
1.30
1.55
1.5
1.5
2.35
2.65
1.52
1.42
 	 1:2(0:1)  
249	29/11
20:00	Bursaspor
Kayserispor	
-0.25
+0.25
1.65
2.10
 
 	
2.25
1.90
 	
1.80
 	
2.00
3.15
3.50
1.25
1.31
1.72
1.5
1.0
2.25
2.25
1.57
1.57
 	 2:0(0:0) 
165	03/12
20:00	Trabzonspor
Bucaspor	
-1.75
+1.75
1.75
1.95
 
 	
3.0
1.80
1.90
1.15
6.10
14.50
1.01
1.09
4.70
2.5
1.0
1.90
5.30
1.80
1.12
 	 2:0(1:0) 
311	04/12
14:00	Vestel Manisaspor
Gaziantepspor	
-0.25
+0.25
1.90
1.80
 
 	
2.25
1.80
 	
1.90
 	
2.25
3.20
2.90
1.36
1.30
1.57
1.5
1.0
2.40
1.85
1.50
1.85
 	 2:0(2:0)  
312	04/12
17:00	Ankaragucu
Sivasspor	
-0.25
+0.25
1.65
2.10
 
 	
2.5
1.95
1.75
1.95
3.30
3.45
1.26
1.28
1.75
1.5
1.0
2.10
2.05
1.65
1.68
 	 1:1(1:0)  
313	04/12
19:00	Kasimpasa
Galatasaray	
+0.75
-0.75
1.67
2.07
 
 	
2.5
1.85
1.85
4.05
3.50
1.75
1.95
1.25
1.19
1.0
1.5
2.20
1.85
1.60
1.85
 	 0:3(0:2)  
314	05/12
14:00	Besiktas
Bursaspor	
-0.25
+0.25
1.68
2.05
 
 	
2.25
1.75
 	
1.95
 	
2.00
3.25
3.40
1.27
1.29
1.72
1.5
1.0
2.15
2.05
1.62
1.68
 	 1:0(0:0)  
315	05/12
16:00	Konyaspor
Genclerbirligi	
0
0
1.72
2.00
  	
2.25
1.90
 	
1.80
 	
2.40
3.05
2.80
1.38
1.33
1.50
1.5
1.5
2.65
2.90
1.42
1.36
 	 2:1(1:1)  
316	05/12
19:00	Antalyaspor
Istanbul BB	
-0.25
+0.25
1.85
1.85
 
 	
2.25
1.85
 	
1.85
 	
2.20
3.20
3.00
1.34
1.30
1.60
1.5
1.0
2.45
2.00
1.48
1.72
 	 1:0(1:0)  
317	05/12
19:00	Fenerbahce
Kardemir Karabukspor	
-1.25
+1.25
1.72
2.00
 
 	
3.0
1.85
1.85
1.30
4.90
7.75
1.05
1.14
3.20
1.5
1.5
1.38
4.00
2.80
1.20
 	 2:1(2:0)  
318	06/12
20:00	Kayserispor
Eskisehirspor	
-0.75
+0.75
1.83
1.87
 
 	
2.25
1.85
 	
1.85
 	
1.60
3.45
5.30
1.12
1.26
2.20
1.5
1.0
1.90
2.80
1.80
1.38
 	 2:2(1:1)  
741	10/12
20:00	Eskisehirspor
Besiktas	
+0.25
-0.25
2.10
1.65
 
 	
2.25
1.85
 	
1.85
 	
3.50
3.15
2.00
1.72
1.31
1.25
1.0
1.5
2.25
2.25
1.57
1.57
 	 2:0(0:0) 
350	11/12
13:30	Kardemir Karabukspor
Antalyaspor	
-0.25
+0.25
1.65
2.10
 
 	
2.5
1.85
1.85
1.95
3.40
3.40
1.27
1.27
1.75
1.5
1.0
2.01
1.90
1.71
1.80
 	 2:0(0:0)  
351	11/12
17:00	Bucaspor
Vestel Manisaspor	
+0.25
-0.25
1.72
2.00
 
 	
2.25
1.90
 	
1.80
 	
2.85
3.10
2.35
1.52
1.32
1.37
1.0
1.5
1.90
2.55
1.80
1.45
 	 1:1(0:0)  
352	11/12
19:00	Galatasaray
Genclerbirligi	
-1.25
+1.25
2.00
1.72
 
 	
2.5
1.85
1.85
1.42
4.00
6.80
1.07
1.20
2.65
1.5
1.0
1.62
3.20
2.15
1.30
 	 0:2(0:2)  
353	12/12
14:00	Sivasspor 
Konyaspor	
-0.25
+0.25
1.65
2.10
 
 	
2.5
1.95
1.75
1.95
3.30
3.45
1.26
1.28
1.75
1.5
1.0
2.10
2.05
1.65
1.68
 	 1:0(0:0)  
354	12/12
16:00	Istanbul BB
Trabzonspor	
+0.75
-0.75
1.65
2.10
 
 	
2.25
1.80
 	
1.90
 	
4.15
3.35
1.78
1.92
1.27
1.19
1.0
1.5
2.40
2.10
1.50
1.65
 	 1:3(1:1)  
355	12/12
17:00	Gaziantepspor
Kayserispor	
0
0
1.92
1.78
  	
2.25
2.00
 	
1.72
 	
2.70
3.05
2.50
1.47
1.33
1.40
1.5
1.5
2.95
2.70
1.35
1.40
 	 2:0(0:0)  
356	12/12
19:00	Ankaragucu
Fenerbahce	
+0.75
-0.75
1.68
2.05
 
 	
2.75
1.90
 	
1.80
 	
3.90
3.60
1.75
1.95
1.24
1.21
1.0
1.5
1.95
1.75
1.75
1.95
 	 2:1(0:0)  
357	13/12
20:00	Bursaspor
Kasimpasa	
–1.5
+1.5
1.95
1.75
  	
2.75
1.85
 	
1.85
 	
1.30
4.70
8.30
1.04
1.15
3.20
 
 	 2:1(1:1)
181	17/12
20:00	Trabzonspor
Kardemir Karabukspor	
–1.5
+1.5
1.90
1.80
  	
2.75
1.78
 	
1.92
 	
1.27
4.70
10.00
1.02
1.15
3.40
2.0
1.0
1.70
3.40
2.03
1.27
 	 3:0(0:0)  
182	18/12
14:00	Kayserispor
Bucaspor	
-1.25
+1.25
1.95
1.75
 
 	
2.25
1.75
 	
1.95
 	
1.40
3.90
7.75
1.05
1.21
2.70
1.5
1.0
1.62
3.55
2.15
1.25
 	 2:0(0:0)  
183	18/12
16:00	Genclerbirligi
Bursaspor	
+0.25
-0.25
2.03
1.70
 
 	
2.25
1.85
 	
1.85
 	
3.40
3.15
2.05
1.68
1.31
1.27
1.0
1.5
2.10
2.30
1.65
1.55
 	 1:5(1:3)  
184	18/12
17:00	Antalyaspor
Ankaragucu	
-0.75
+0.75
2.05
1.68
 
 	
2.25
1.90
 	
1.80
 	
1.75
3.20
4.55
1.16
1.30
1.95
1.5
1.0
2.00
2.40
1.72
1.50
 	 2:2(1:0)  
185	18/12
19:00	Fenerbahce
Sivasspor	
–1.5
+1.5
1.90
1.80
  	
2.75
1.78
 	
1.92
 	
1.27
4.70
10.00
1.02
1.15
3.40
2.0
1.0
1.70
3.40
2.03
1.27
 	 1:0(0:0)  
186	19/12
14:00	Vestel Manisaspor
Istanbul BB	
0
0
1.75
1.95
  	
2.25
1.90
 	
1.80
 	
2.45
3.05
2.75
1.37
1.33
1.48
1.5
1.5
2.65
2.90
1.42
1.36
 	 1:0(0:0)  
187	19/12
16:00	Konyaspor
Galatasaray	
+0.25
-0.25
2.05
1.68
 
 	
2.5
1.95
1.75
3.45
3.30
1.95
1.75
1.28
1.26
1.0
1.5
2.05
2.10
1.68
1.65
 	 0:1(0:0)  
188	19/12
17:00	Kasimpasa
Eskisehirspor	
-0.25
+0.25
2.00
1.72
 
 	
2.25
1.85
 	
1.85
 	
2.35
3.15
2.80
1.38
1.31
1.52
1.5
1.0
2.50
1.85
1.47
1.85
 	 0:2(0:1)  
189	19/12
19:00	Besiktas
Gaziantepspor	
-0.75
+0.75
1.75
1.95
 
 	
2.5
1.95
1.75
1.57
3.60
5.30
1.12
1.24
2.25
1.5
1.0
1.78
2.70
1.92
1.40
 	 1:1(0:0)    
120	30/01
14:00	Ankaragucu
Vestel Manisaspor	
-0.25
+0.25
1.95
1.75
 
 	
2.5
1.95
1.75
2.30
3.00
2.95
1.35
1.34
1.55
 	 1:3(1:1)  
122	30/01
17:00	Gaziantepspor
Genclerbirligi	
–1.0
+1.0
2.10
1.65
  	
2.25
1.90
 	
1.80
 	
1.70
3.40
4.40
1.17
1.27
2.03
 	 1:1(1:0)  
123	30/01
19:00	Fenerbahce
Trabzonspor	
-0.25
+0.25
1.75
1.95
 
 	
2.5
1.85
1.85
1.95
3.30
3.40
1.27
1.28
1.75
 	 2:0(2:0)  
201	04/02
20:00	Bursaspor
Sivasspor	
-1.25
+1.25
1.85
1.85
 
 	
2.5
1.90
1.80
1.35
4.35
7.50
1.05
1.17
2.95
 	 2:1(1:0)  
202	05/02
14:00	Kasimpasa
Istanbul BB	
+0.25
-0.25
1.85
1.85
 
 	
2.5
1.95
1.75
3.10
3.15
2.15
1.62
1.31
1.30
 	 1:3(1:1)  
203	05/02
16:00	Besiktas
Kardemir Karabukspor	
–1.5
+1.5
1.80
1.90
  	
2.75
1.80
 	
1.90
 	
1.30
5.00
7.20
1.06
1.13
3.20
 	 1:1(0:0)  
204	05/02
17:00	Kayserispor
Ankaragucu	
-0.75
+0.75
1.85
1.85
 
 	
2.5
1.90
1.80
1.65
3.50
4.60
1.16
1.26
2.10
 	 2:1(0:1)  
205	05/02
19:00	Vestel Manisaspor
Fenerbahce	
0
0
2.55
1.45
  	
2.5
1.80
1.90
3.55
3.35
1.90
1.80
1.27
1.25
 	 1:3(0:0)  
206	06/02
14:00	Konyaspor
Gaziantepspor	
0
0
1.90
1.80
  	
2.25
2.00
 	
1.72
 	
2.65
3.00
2.50
1.47
1.34
1.42
 	 0:2(0:0)  
207	06/02
16:00	Trabzonspor
Antalyaspor	
–1.5
+1.5
2.00
1.72
  	
2.5
1.80
1.90
1.35
4.80
6.40
1.08
1.15
2.95
 	 0:0(0:0)  
208	06/02
17:00	Genclerbirligi
Bucaspor	
0
0
1.40
2.70
  	
2.25
1.85
 	
1.85
 	
1.80
3.30
4.00
1.20
1.28
1.90
 	 1:0(0:0)  
209	06/02
19:00	Galatasaray
Eskisehirspor	
-0.75
+0.75
2.00
1.72
 
 	
2.25
1.85
 	
1.85
 	
1.75
3.40
4.10
1.19
1.27
1.95
 	 4:2(3:0)  
304	12/02
14:00	Bucaspor
Konyaspor	
-0.25
+0.25
1.72
2.00
 
 	
2.25
2.00
 	
1.72
 	
2.00
3.20
3.50
1.26
1.30
1.72
 	 3:2(1:0)  
305	12/02
16:00	Sivasspor 
Trabzonspor	
0
0
2.95
1.35
  	
2.5
2.00
1.72
3.80
3.40
1.85
1.85
1.27
1.22
 	 2:3(0:1)  
306	12/02
17:00	Istanbul BB
Genclerbirligi	
0
0
1.34
3.00
  	
2.25
1.85
 	
1.85
 	
1.80
3.40
4.00
1.20
1.27
1.90
 	 0:1(0:0)  
307	12/02
19:00	Gaziantepspor
Galatasaray	
0
0
1.80
1.90
  	
2.5
2.10
1.65
2.60
3.00
2.65
1.42
1.34
1.43
 	 1:0(1:0)  
308	13/02
13:30	Kardemir Karabukspor
Kasimpasa	
-0.75
+0.75
1.72
2.00
 
 	
2.75
2.00
 	
1.72
 	
1.57
3.85
4.90
1.14
1.22
2.25
 	 1:3(1:2)  
309	13/02
16:00	Eskisehirspor
Bursaspor	
+0.25
-0.25
1.80
1.90
 
 	
2.25
1.95
 	
1.75
 	
3.05
3.05
2.25
1.57
1.33
1.33
 	 1:1(0:1)  
310	13/02
17:00	Antalyaspor
Vestel Manisaspor	
-0.25
+0.25
1.85
1.85
 
 	
2.5
2.00
1.72
2.15
3.15
3.15
1.31
1.31
1.62
 	 1:4(1:3)  
311	13/02
19:00	Ankaragucu
Besiktas	
0
0
3.20
1.30
  	
2.5
1.95
1.75
4.15
3.50
1.75
1.95
1.26
1.19
 	 1:0(1:0)  
312	14/02
20:00	Fenerbahce
Kayserispor	
–1.0
+1.0
1.95
1.75
  	
2.5
1.80
1.90
1.50
3.90
5.70
1.10
1.21
2.40
 	 2:0(1:0)  
211	18/02
20:00	Eskisehirspor
Sivasspor	
–1.0
+1.0
2.55
1.45
  	
2.25
1.95
 	
1.75
 	
1.90
3.30
3.70
1.23
1.28
1.80
1.5
1.0
1.95
2.30
1.75
1.55
 	 2:1(1:1)  
212	19/02
14:00	Kasimpasa
Ankaragucu	
+0.25
-0.25
1.72
2.00
 
 	
2.5
1.95
1.75
2.75
3.10
2.40
1.50
1.32
1.40
 
 	 2:1(0:0)  
213	19/02
16:00	Bursaspor
Gaziantepspor	
0
0
1.25
3.55
  	
2.25
1.95
 	
1.75
 	
1.70
3.40
4.60
1.16
1.27
2.03
 
 	 1:4(1:2)  
215	19/02
19:00	Galatasaray
Bucaspor	
–1.0
+1.0
1.72
2.00
  	
2.75
2.00
 	
1.72
 	
1.40
4.30
6.55
1.08
1.18
2.73
 
 	 1:0(0:0)  
216	20/02
14:00	Kayserispor
Antalyaspor	
-0.75
+0.75
1.95
1.75
 
 	
2.5
2.00
1.72
1.70
3.40
4.60
1.16
1.27
2.03
 
 	 2:0(0:0)  
217	20/02
17:00	Konyaspor
Istanbul BB	
0
0
1.90
1.80
  	
2.5
2.00
1.72
2.60
3.10
2.55
1.45
1.32
1.44
 
 	 0:0(0:0)  
218	20/02
19:00	Besiktas
Fenerbahce	
0
0
1.75
1.95
  	
2.5
1.85
1.85
2.50
3.10
2.65
1.42
1.32
1.47
 
 	 2:4(1:1)  
219	21/02
20:00	Vestel Manisaspor
Trabzonspor	
0
0
2.95
1.35
  	
2.75
2.00
 	
1.72
 	
3.80
3.35
1.85
1.85
1.28
1.22
 
 	 1:2(1:0)
230	25/02
20:00	Bucaspor
Bursaspor	
+0.25
-0.25
2.10
1.65
 
 	
2.0
1.74
1.97
3.55
3.10
2.00
1.72
1.32
1.25
1.0
1.5
2.45
2.40
1.48
1.50
 	 0:2(0:0)  
231	26/02
14:00	Ankaragucu
Genclerbirligi	
-0.25
+0.25
1.90
1.80
 
 	
2.25
1.85
 	
1.85
 	
2.30
3.00
3.00
1.34
1.34
1.55
 
 	 2:4(0:0)  
232	26/02
16:00	Istanbul BB
Galatasaray	
0
0
1.95
1.76
  	
2.25
1.90
 	
1.80
 	
2.70
3.00
2.50
1.47
1.34
1.41
 
 	 3:1(0:1)  
233	26/02
17:00	Gaziantepspor
Eskisehirspor	
0
0
1.42
2.65
  	
2.25
1.96
 	
1.75
 	
2.00
3.10
3.60
1.24
1.32
1.72
 
 	 2:1(2:0)  
234	26/02
19:00	Fenerbahce
Kasimpasa	
-1.75
+1.75
1.85
1.85
 
 	
2.75
1.72
 	
2.00
 	
1.23
6.00
8.40
1.03
1.09
3.70
 
 	 2:0(1:0)  
235	27/02
14:00	Kardemir Karabukspor
Konyaspor	
0
0
1.25
3.55
  	
2.5
1.96
1.75
1.70
3.45
4.50
1.16
1.27
2.03
 
 	 2:1(2:1)  
236	27/02
17:00	Sivasspor 
Vestel Manisaspor	
0
0
1.65
2.10
  	
2.5
1.85
1.85
2.30
3.20
2.85
1.37
1.30
1.55
 
 	 4:2(1:0)  
237	27/02
19:00	Trabzonspor
Kayserispor	
-0.75
+0.75
1.72
2.00
 
 	
2.5
1.80
1.90
1.55
3.85
5.10
1.13
1.22
2.30
 
 	 3:3(1:1)  
238	28/02
20:00	Antalyaspor
Besiktas	
+0.25
-0.25
1.90
1.80
 
 	
2.5
2.00
1.72
3.30
3.10
2.10
1.65
1.32
1.28
 
 	 0:2(0:0)  
223	04/03
20:00	Kayserispor
Vestel Manisaspor	
-0.75
+0.75
1.80
1.90
 
 	
2.5
1.85
1.85
1.60
3.80
4.70
1.15
1.22
2.20
1.5
1.0
1.87
2.50
1.83
1.47
 	 1:2(0:1)  
224	05/03
14:00	Konyaspor
Ankaragucu	
-0.25
+0.25
1.90
1.80
 
 	
2.25
1.90
 	
1.80
 	
2.25
3.05
3.05
1.33
1.33
1.57
 
 	 0:2(0:2)  
225	05/03
16:00	Gaziantepspor
Sivasspor	
-0.75
+0.75
2.00
1.72
 
 	
2.5
2.00
1.72
1.75
3.50
4.10
1.20
1.24
1.96
 
 	 3:1(2:1)  
226	05/03
19:00	Galatasaray
Kardemir Karabukspor	
-0.75
+0.75
1.72
2.00
 
 	
2.5
1.75
1.95
1.55
3.90
5.00
1.13
1.22
2.30
 
 	 0:0(0:0)  
228	06/03
16:00	Bursaspor
Istanbul BB	
-0.75
+0.75
1.75
1.95
 
 	
2.5
1.95
1.75
1.60
3.50
5.30
1.12
1.24
2.20
 
 	 1:1(1:0)  
229	06/03
17:00	Eskisehirspor
Bucaspor	
0
0
1.27
3.40
  	
2.25
1.95
 	
1.75
 	
1.75
3.30
4.45
1.17
1.28
1.96
 
 	 1:0(0:0)  
230	06/03
19:00	Besiktas
Trabzonspor	
-0.25
+0.25
1.85
1.85
 
 	
2.75
2.00
 	
1.72
 	
2.15
3.20
3.10
1.32
1.30
1.62
 
 	 1:2(0:0)  
231	07/03
20:00	Genclerbirligi
Fenerbahce	
+0.75
-0.75
1.85
1.85
 
 	
2.5
1.80
1.90
5.00
3.40
1.65
2.10
1.27
1.13
 
 	 2:4(2:2)  
211	11/03
20:00	Vestel Manisaspor
Besiktas	
+0.25
-0.25
1.90
1.80
 
 	
2.5
1.72
2.00
3.15
3.25
2.10
1.65
1.30
1.31
1.0
1.5
1.85
1.96
1.85
1.75
 	 0:0(0:0)  
212	12/03
14:00	Kardemir Karabukspor
Bursaspor	
+0.25
-0.25
1.72
2.00
 
 	
2.25
1.90
 	
1.80
 	
2.85
3.05
2.35
1.53
1.33
1.37
 
 	 1:1(1:1)  
213	12/03
16:00	Istanbul BB
Eskisehirspor	
-0.25
+0.25
2.00
1.72
 
 	
2.25
1.95
 	
1.75
 	
2.35
3.00
2.90
1.36
1.34
1.53
 
 	 0:2(0:2)  
214	12/03
19:00	Trabzonspor
Kasimpasa	
–1.5
+1.5
1.80
1.90
  	
2.75
1.72
 	
2.00
 	
1.30
5.00
7.70
1.05
1.13
3.20
 
 	 1:0(1:0)  
215	13/03
13:30	Antalyaspor
Genclerbirligi	
-0.25
+0.25
1.80
1.90
 
 	
2.25
1.90
 	
1.80
 	
2.10
3.10
3.30
1.28
1.32
1.65
 
 	 0:0(0:0)  
216	13/03
15:00	Ankaragucu
Galatasaray	
+0.25
-0.25
1.72
2.00
 
 	
2.5
2.00
1.72
2.85
3.05
2.35
1.53
1.33
1.37
 
 	 3:2(0:1)  
219	13/03
19:00	Fenerbahce
Konyaspor	
-1.75
+1.75
1.75
1.95
 
 	
3.0
1.85
1.85
1.20
6.50
9.00
1.03
1.08
4.00
 
 	 2:0(1:0)  
201	18/03
21:00	Galatasaray
Fenerbahce	
+0.25
-0.25
1.65
2.11
 
 	
2.5
1.95
1.75
2.60
3.10
2.40
1.45
1.28
1.39
1.0
1.5
1.90
2.10
1.80
1.65
 	 1:2(1:0)  
202	19/03
14:00	Kasimpasa
Vestel Manisaspor	
+0.25
-0.25
1.72
2.00
 
 	
2.75
1.95
 	
1.75
 	
2.65
3.15
2.45
1.49
1.31
1.42
 
 	 1:0(0:0)  
203	19/03
15:00	Gaziantepspor
Istanbul BB	
-0.75
+0.75
2.00
1.72
 
 	
2.25
1.85
 	
1.85
 	
1.75
3.35
4.30
1.18
1.28
1.96
 
 	 4:1(2:0)  
204	19/03
16:00	Konyaspor
Antalyaspor	
0
0
1.85
1.85
  	
2.25
2.00
 	
1.72
 	
2.60
3.00
2.60
1.44
1.34
1.44
 
 	 0:0(0:0)  
205	19/03
19:00	Besiktas
Kayserispor	
-0.75
+0.75
1.95
1.75
 
 	
2.25
1.80
 	
1.90
 	
1.70
3.45
4.50
1.16
1.27
2.03
 
 	 4:2(0:1)  
206	20/03
14:00	Eskisehirspor
Kardemir Karabukspor	
0
0
1.50
2.40
  	
2.25
2.00
 	
1.72
 	
2.10
3.10
3.30
1.28
1.32
1.65
 
 	 1:0(1:0)  
207	20/03
19:00	Bucaspor
Sivasspor	
0
0
1.72
2.00
  	
2.25
1.95
 	
1.75
 	
2.45
3.00
2.75
1.40
1.34
1.49
 
 	 0:4(0:1)  
208	20/03
19:00	Genclerbirligi
Trabzonspor	
0
0
3.10
1.32
  	
2.5
2.00
1.72
4.00
3.40
1.80
1.90
1.27
1.20
 
 	 1:2(1:0)  
209	21/03
20:00	Bursaspor
Ankaragucu	
–1.0
+1.0
2.00
1.72
  	
2.5
1.95
1.75
1.55
3.80
5.20
1.13
1.22
2.30
 
 	 0:0(0:0)  
346	02/04
14:00	Kardemir Karabukspor
Gaziantepspor	
0
0
1.90
1.80
  	
2.5
2.00
1.72
2.65
3.00
2.55
1.45
1.34
1.42
 	 3:2(1:1)  
347	02/04
16:00	Sivasspor 
Besiktas	
+0.25
-0.25
1.76
1.95
 
 	
2.25
1.75
 	
1.96
 	
2.90
3.10
2.30
1.55
1.32
1.36
 	 1:0(0:0)  
348	02/04
17:00	Ankaragucu
Eskisehirspor	
0
0
1.75
1.96
  	
2.25
1.90
 	
1.80
 	
2.50
3.00
2.70
1.41
1.34
1.47
 	 2:2(1:1)  
349	02/04
19:00	Trabzonspor
Konyaspor	
-1.75
+1.75
2.00
1.72
 
 	
2.75
1.96
 	
1.75
 	
1.28
5.20
8.00
1.05
1.13
3.35
 	 1:0(1:0)  
350	03/04
14:00	Vestel Manisaspor
Genclerbirligi	
0
0
1.47
2.50
  	
2.25
1.85
 	
1.85
 	
2.05
3.15
3.40
1.27
1.31
1.68
 	 0:3(0:1)  
351	03/04
16:00	Kayserispor
Kasimpasa	
–1.0
+1.0
1.75
1.96
  	
2.5
1.85
1.85
1.45
4.15
5.85
1.10
1.19
2.55
 	 1:3(0:1)  
352	03/04
17:00	Istanbul BB
Bucaspor	
0
0
1.32
3.10
  	
2.25
1.90
 	
1.80
 	
1.80
3.30
4.10
1.19
1.28
1.90
 	 2:1(0:0)  
353	03/04
19:00	Fenerbahce
Bursaspor	
-0.75
+0.75
1.75
1.96
 
 	
2.25
1.72
 	
2.00
 	
1.60
3.70
4.85
1.14
1.23
2.20
 	 0:0(0:0)  
354	04/04
20:00	Antalyaspor
Galatasaray	
+0.25
-0.25
1.72
2.00
 
 	
2.25
1.96
 	
1.75
 	
2.85
3.00
2.40
1.50
1.34
1.37
 	 3:0(1:0) 
274	08/04
20:00	Bursaspor
Antalyaspor	
-0.75
+0.75
1.92
1.78
 
 	
2.25
1.92
 	
1.78
 	
1.65
3.40
4.90
1.14
1.27
2.10
1.5
1.0
1.98
3.10
1.74
1.32
 	 2:3(1:0)  
275	09/04
14:00	Bucaspor
Kardemir Karabukspor	
-0.25
+0.25
2.00
1.72
 
 	
2.5
1.96
1.75
2.40
3.10
2.75
1.40
1.32
1.50
 
 	 2:1(2:1)  
276	09/04
16:00	Konyaspor
Vestel Manisaspor	
0
0
1.76
1.95
  	
2.5
2.00
1.72
2.50
3.10
2.65
1.42
1.32
1.47
 
 	 0:0(0:0)  
277	09/04
19:00	Eskisehirspor
Fenerbahce	
0
0
3.10
1.32
  	
2.5
1.96
1.75
4.00
3.40
1.80
1.90
1.27
1.20
 
 	 1:3(1:2)  
278	10/04
14:00	Gaziantepspor
Ankaragucu	
-0.75
+0.75
1.90
1.80
 
 	
2.25
1.80
 	
1.90
 	
1.67
3.55
4.55
1.16
1.25
2.08
 
 	 3:2(0:0)  
279	10/04
14:00	Istanbul BB
Sivasspor	
0
0
1.72
2.00
  	
2.25
1.85
 	
1.85
 	
2.45
3.05
2.75
1.40
1.33
1.49
 
 	 1:2(0:1)  
282	11/04
20:00	Kasimpasa
Besiktas	
0
0
2.65
1.42
  	
2.5
1.85
1.85
3.50
3.30
1.95
1.76
1.28
1.26
 
 	 0:1(0:1) 
305	15/04
20:00	Besiktas
Genclerbirligi	
–1.0
+1.0
1.95
1.75
  	
2.5
1.80
1.90
1.52
3.80
5.55
1.11
1.22
2.35
1.5
1.0
1.67
2.55
2.07
1.45
 	 2:2(1:0)  
306	16/04
14:00	Ankaragucu
Bucaspor	
0
0
1.38
2.80
  	
2.5
1.90
1.80
1.90
3.30
3.70
1.23
1.28
1.80
 
 	 5:3(1:2)  
307	16/04
16:00	Kardemir Karabukspor
Istanbul BB	
0
0
1.48
2.47
  	
2.75
2.00
 	
1.72
 	
2.05
3.25
3.25
1.30
1.30
1.67
 
 	 0:2(0:1)  
308	16/04
19:00	Fenerbahce
Gaziantepspor	
–1.0
+1.0
1.85
1.85
  	
2.5
1.80
1.90
1.45
4.05
6.10
1.09
1.20
2.55
 
 	 1:0(0:0)  
309	17/04
14:00	Sivasspor 
Kasimpasa	
-0.75
+0.75
1.96
1.75
 
 	
2.5
1.95
1.76
1.75
3.50
4.10
1.20
1.26
1.96
 
 	 1:1(0:0)  
310	17/04
15:00	Kayserispor
Konyaspor	
–1.0
+1.0
1.87
1.83
  	
2.5
2.00
1.72
1.50
3.85
5.70
1.10
1.22
2.40
 
 	 1:3(0:0)  
311	17/04
17:00	Antalyaspor
Eskisehirspor	
0
0
1.76
1.95
  	
2.25
1.90
 	
1.80
 	
2.50
3.05
2.65
1.42
1.33
1.47
 
 	 2:2(1:1)  
312	17/04
19:00	Trabzonspor
Bursaspor	
–1.0
+1.0
1.90
1.80
  	
2.25
1.75
 	
1.96
 	
1.50
3.95
5.50
1.11
1.21
2.40
 
 	 1:0(1:0)  
313	18/04
20:00	Vestel Manisaspor
Galatasaray	
0
0
1.80
1.90
  	
2.25
1.85
 	
1.85
 	
2.55
3.00
2.65
1.42
1.34
1.45
 
 	 2:3(0:2) 
253	22/04
20:00	Eskisehirspor
Trabzonspor	
+0.75
-0.75
1.75
1.96
 
 	
2.25
1.85
 	
1.85
 	
4.15
3.45
1.75
1.96
1.27
1.19
1.0
1.5
2.60
1.90
1.44
1.80
 	 0:0(0:0)  
254	23/04
15:00	Kardemir Karabukspor
Sivasspor	
-0.25
+0.25
2.00
1.72
 
 	
2.25
1.75
 	
1.96
 	
2.40
3.05
2.80
1.38
1.33
1.50
 
 	 2:1(1:0)  
255	23/04
17:00	Bursaspor
Vestel Manisaspor	
–1.0
+1.0
1.96
1.75
  	
2.5
1.96
1.75
1.55
3.85
5.10
1.13
1.22
2.30
 
 	 2:1(2:1)  
256	23/04
20:00	Galatasaray
Kayserispor	
-0.75
+0.75
2.00
1.72
 
 	
2.5
1.85
1.85
1.70
3.60
4.20
1.18
1.24
2.03
 
 	 1:1(1:1)  
258	24/04
16:00	Gaziantepspor
Antalyaspor	
-0.75
+0.75
1.96
1.75
 
 	
2.5
1.96
1.75
1.75
3.50
4.10
1.19
1.26
1.96
 
 	 2:1(0:0)  
260	24/04
19:00	Bucaspor
Fenerbahce	
+1.25
-1.25
1.90
1.80
 
 	
2.75
1.80
 	
1.90
 	
7.10
4.50
1.35
2.95
1.16
1.07
 
 	 3:5(2:1)  
261	25/04
20:00	Konyaspor
Besiktas	
+0.75
-0.75
1.75
1.96
 
 	
2.5
1.96
1.75
4.15
3.45
1.75
1.96
1.27
1.19
 
 	 1:1(1:0) 
276	29/04
20:00	Sivasspor 
Genclerbirligi	
-0.25
+0.25
1.65
2.10
 
 	
2.5
1.95
1.75
1.95
3.30
3.45
1.26
1.28
1.75
1.5
1.0
2.10
2.05
1.65
1.68
 	 1:1(1:0)  
277	30/04
15:00	Antalyaspor
Bucaspor	
-0.25
+0.25
1.65
2.10
 
 	
2.5
1.65
2.10
1.90
3.50
3.45
1.27
1.26
1.80
 
 	 3:3(1:1)  
278	30/04
15:00	Kasimpasa
Konyaspor	
-0.25
+0.25
1.90
1.80
 
 	
2.5
1.80
1.90
2.30
3.15
2.85
1.37
1.31
1.55
 
 	 2:2(1:0)  
279	30/04
19:00	Besiktas
Galatasaray	
0
0
1.42
2.65
  	
2.5
1.85
1.85
1.95
3.30
3.50
1.26
1.28
1.76
 
 	 2:0(0:0)  
281	01/05
19:00	Fenerbahce
Istanbul BB	
-1.75
+1.75
1.96
1.75
 
 	
2.75
1.72
 	
2.00
 	
1.30
5.00
7.70
1.05
1.13
3.20
 
 	 2:0(2:0)  
282	01/05
19:00	Kayserispor
Bursaspor	
0
0
2.00
1.72
  	
2.25
1.72
 	
2.00
 	
2.75
3.10
2.40
1.50
1.32
1.40
 
 	 1:0(0:0)  
283	01/05
19:00	Trabzonspor
Gaziantepspor	
–1.0
+1.0
1.80
1.90
  	
2.25
1.72
 	
2.00
 	
1.47
4.00
5.80
1.10
1.20
2.50
 
 	 3:0(3:0)  
284	02/05
20:00	Ankaragucu
Kardemir Karabukspor	
-0.25
+0.25
1.76
1.95
 
 	
2.75
1.90
 	
1.80
 	
2.10
3.30
3.10
1.32
1.28
1.65
 
 	 0:0(0:0)  
187	13/05
20:00	Antalyaspor
Kardemir Karabukspor	
-0.25
+0.25
1.65
2.10
 
 	
2.75
2.00
 	
1.72
 	
1.95
3.35
3.40
1.27
1.27
1.75
1.5
1.0
2.00
1.85
1.72
1.85
 	 1:2(1:0)  
188	14/05
16:00	Vestel Manisaspor
Bucaspor	
-0.25
+0.25
1.60
2.20
 
 	
2.75
1.72
 	
2.00
 	
1.80
3.50
3.80
1.22
1.26
1.90
 
 	 4:2(1:1)  
189	14/05
16:00	Konyaspor
Sivasspor	
0
0
1.78
1.93
  	
2.5
1.75
1.96
2.50
3.15
2.60
1.44
1.31
1.47
 
 	 1:1(0:0)  
190	14/05
20:00	Genclerbirligi
Galatasaray	
0
0
1.98
1.74
  	
2.75
1.80
 	
1.90
 	
2.60
3.30
2.40
1.50
1.28
1.44
 
 	 2:3(1:1)  
191	15/05
16:00	Kasimpasa
Bursaspor	
+0.75
-0.75
2.00
1.72
 
 	
2.5
1.72
2.00
4.85
3.95
1.55
2.30
1.21
1.14
 
 	 0:3(0:1)  
192	15/05
16:00	Kayserispor
Gaziantepspor	
-0.25
+0.25
1.85
1.85
 
 	
2.5
2.00
1.72
2.20
3.20
3.00
1.34
1.30
1.60
 
 	 1:2(0:0)  
193	15/05
20:00	Trabzonspor
Istanbul BB	
–1.5
+1.5
1.65
2.10
  	
3.0
1.75
1.96
1.20
6.00
10.00
1.02
1.09
4.00
 
 	 3:1(3:0)  
194	15/05
20:00	Fenerbahce
Ankaragucu	
-1.75
+1.75
1.96
1.75
 
 	
3.0
1.65
2.10
1.20
6.00
10.00
1.02
1.09
4.00
 
 	 6:0(2:0)  
195	16/05
20:00	Besiktas
Eskisehirspor	
-0.75
+0.75
1.96
1.75
 
 	
2.5
1.72
2.00
1.75
3.50
4.10
1.19
1.26
1.96
 
 	 3:1(1:1)  
179	20/05
20:00	Istanbul BB
Vestel Manisaspor	
-0.25
+0.25
1.80
1.90
 
 	
3.0
1.72
2.00
2.00
3.70
3.00
1.34
1.23
1.72
 	 0:0(0:0)  
180	20/05
20:00	Galatasaray
Konyaspor	
-1.25
+1.25
1.65
2.10
 
 	
3.25
1.72
 	
2.00
 	
1.30
5.55
6.60
1.08
1.11
3.20
 	 2:0(2:0)  
181	21/05
16:00	Bucaspor
Kayserispor	
0
0
1.78
1.93
  	
3.0
1.80
1.90
2.50
3.15
2.60
1.44
1.31
1.47
 	 3:3(1:2)  
182	21/05
16:00	Ankaragucu
Antalyaspor	
-0.25
+0.25
1.90
1.80
 
 	
3.0
1.72
2.00
2.20
3.20
3.00
1.34
1.30
1.60
 	 2:3(0:3)  
183	21/05
20:00	Bursaspor
Genclerbirligi	
-0.75
+0.75
1.72
2.00
 
 	
3.0
1.90
1.80
1.60
3.55
5.10
1.13
1.25
2.20
 	 1:0(1:0)  
185	22/05
15:00	Eskisehirspor
Kasimpasa	
-0.75
+0.75
1.76
1.95
 
 	
3.0
1.85
1.85
1.55
3.80
5.10
1.13
1.22
2.30
 	 4:0(1:0)  
186	22/05
20:00	Kardemir Karabukspor
Trabzonspor	
+1.75
-1.75
1.72
2.00
 
 	
3.0
1.75
1.96
8.00
5.50
1.25
3.55
1.11
1.05
 	 0:4(0:1)  
187	22/05
20:00	Sivasspor 
Fenerbahce	
+2.0
–2.0
1.65
2.10
  	
3.0
1.80
1.90
8.00
7.00
1.20
4.00
1.07
1.05
 	 3:4(1:2)  
158	28/11
17:00	 Bucaspor
Antalyaspor	
+0.25
-0.25
1.75
1.95
 
 	
2.5
1.95
1.75
2.80
3.20
2.30
1.55
1.30
1.38
1.5
1.5
2.65
2.35
1.42
1.52
 	 1:0(0:0)
190	21/01
20:00	 Besiktas JK
Bucaspor	
–1.5
+1.5
1.75
1.95
2.75
1.80
 	
1.90
 	
1.24
4.90
10.90
1.01
1.14
3.60
2.0
1.0
1.72
4.40
2.00
1.17
 	 5:1(3:0) 
286	22/01
14:00	 Manisaspor
Kardemir DC Karabukspor	
0
0
1.55
2.30
  	
2.5
1.90
1.80
2.15
3.05
3.10
1.31
1.32
1.62
 	 4:2(1:1)  
287	22/01
16:00	 Trabzonspor
MKE Ankaragucu	
–1.5
+1.5
1.80
1.90

2.5
1.60
2.20
1.20
5.00
12.00
1.01
1.12
4.00
 	 1:1(1:0)  
288	22/01
17:00	 Genclerbirligi
Eskisehirspor	
0
0
1.60
2.20
  	
2.5
2.20
1.60
2.25
3.00
2.95
1.34
1.33
1.57
 	 0:1(0:0)  
289	22/01
19:00	 Antalyaspor
Fenerbahce	
0
0
2.50
1.45
  	
2.5
1.85
1.85
3.50
3.15
1.95
1.75
1.31
1.25
 	 0:1(0:1)
127	23/01
14:00	 Kasimpasa
Gaziantepspor	
+0.25
-0.25
1.85
1.85
 
 	
2.25
1.85
 	
1.85
 	
3.25
3.10
2.10
1.65
1.31
1.29
 	 0:1(0:1)  
128	23/01
16:00	 Konyaspor
Bursaspor	
0
0
2.85
1.37
  	
2.5
2.00
1.72
4.10
3.45
1.75
1.95
1.26
1.19
 	 0:0(0:0)  
129	23/01
19:00	 Galatasaray SK
Sivasspor	
–1.0
+1.0
1.85
1.85
  	
2.5
1.80
1.90
1.45
3.95
6.00
1.09
1.20
2.55
 	 1:0(0:0)  
92	24/01
20:00	 Kayserispor
Istanbul Basaksehir	
-0.25
+0.25
1.57
2.25
 
 	
2.25
1.95
 	
1.75
 	
1.85
3.25
3.85
1.22
1.29
1.85
1.5
1.0
2.25
2.40
1.57
1.50
 	 3:2(2:0)  
267	29/01
13:30	 Kardemir DC Karabukspor
Kayserispor	 	
-0.25
+0.25
1.72
2.00
2.5
1.95
1.75
3.15
3.20
2.10
1.65
1.30
1.31
 	 0:0(0:0)  
268	29/01
14:00	 Sivasspor
Antalyaspor	 
-0.25
+0.25
1.72
2.00	
2.25
1.85
 	
1.85
 	
2.20
3.10
3.00
1.34
1.32
1.60
 	 1:1(1:1)  
269	29/01
17:00	 Bucaspor
Kasimpasa	
-0.25
+0.25
1.72
2.00 	
2.25
1.90
 	
1.80
 	
2.10
3.30
3.10
1.32
1.24
1.65
 	 4:0(3:0)  
270	29/01
19:00	 Bursaspor
Galatasaray SK	
-0.25
+0.25
1.72
2.00
 
 	
2.5
2.00
1.72
1.95
3.25
3.50
1.26
1.29
1.75
 	 2:0(2:0) 
90	31/01
20:00	 Eskisehirspor
Konyaspor	
-0.75
+0.75
1.92
1.78
 
 	
2.25
1.92
 	
1.78
 	
1.65
3.40
4.90
1.14
1.27
2.10
1.5
1.0
1.98
3.00
1.74
1.34
 	 1:0(0:0)
288	19/02
19:00	 Estoril-Praia
Oliveirense	
-0.25
+0.25
1.72
2.00
 
 	
2.25
1.95
 	
1.75
 	
2.00
3.20
3.50
1.26
1.30
1.72
 	 2:0(1:0)
184	06/03
14:00	 Kasimpasa
Antalyaspor	
0
0
1.90
1.80
  	
2.25
1.90
 	
1.80
 	
2.70
2.85
2.65
1.42
1.37
1.41
 	 2:3(0:0)  
113	13/03
15:30	 Bucaspor
Gaziantepspor	
+0.25
-0.25
1.90
1.80
 
 	
2.25
2.00
 	
1.72
 	
3.30
3.10
2.10
1.65
1.32
1.28
 	 2:1(2:1)  
114	13/03
17:30	 Sivasspor
Kayserispor	
+0.25
-0.25
1.72
2.00
 
 	
2.25
1.90
 	
1.80
 	
2.85
3.00
2.40
1.50
1.34
1.37
 	 1:0(1:0)  
172	10/04
17:00	 Genclerbirligi
Kayserispor	
-0.25
+0.25
1.80
1.90
 
 	
2.25
1.90
 	
1.80
 	
2.20
3.05
3.15
1.31
1.33
1.60
 	 4:1(1:0)  
173	10/04
19:00	 Galatasaray SK
Trabzonspor	
0
0
2.55
1.45
  	
2.5
2.00
1.72
3.30
3.30
2.00
1.72
1.28
1.28
 	 0:1(0:0)  
171	24/04
14:00	 Genclerbirligi
Kasimpasa	
-0.75
+0.75
2.10
1.65
 
 	
2.5
1.85
1.85
1.80
3.45
3.90
1.22
1.27
1.90
 	 1:1(0:1)  
172	24/04
16:00	 Gaziantepspor
Antalyaspor	
-0.75
+0.75
1.96
1.75
 
 	
2.5
1.96
1.75
1.75
3.50
4.10
1.19
1.26
1.96
 	 2:1(0:0)  
173	24/04
17:00	 Istanbul Basaksehir
MKE Ankaragucu	
-0.25
+0.25
1.85
1.85
 
 	
2.5
1.96
1.75
2.20
3.15
3.05
1.33
1.31
1.60
 	 1:4(0:2)  
174	24/04
19:00	 Bucaspor
Fenerbahce	
+1.5
–1.5
1.80
1.90
  	
2.75
1.75
 	
1.96
 	
6.90
5.30
1.30
3.20
1.12
1.07
 	 3:5(2:1)  
184	01/05
15:00	 Manisaspor
Eskisehirspor	
0
0
1.85
1.85
  	
2.5
1.76
1.95
2.60
3.00
2.60
1.44
1.34
1.44
 	 3:1(0:0)  
259	06/05
20:00	 Eskisehirspor
Kayserispor	
0
0
1.55
2.30
2.5
1.95
1.75
2.15
3.05
3.10
1.31
1.32
1.62
 	 1:2(1:1)  
283	07/05
15:00	 Istanbul Basaksehir
Antalyaspor	
0
0
2.20
1.60
2.5
1.70
2.03
3.00
3.10
2.25
1.57
1.32
1.34
 	 1:1(0:1)  
284	07/05
20:00	 Gaziantepspor
Manisaspor	
–1.0
+1.0
1.80
1.90
2.5
1.65
2.10
1.47
3.90
6.20
1.08
1.21
2.50
 	 1:0(0:0) 
143	08/05
16:00	 Genclerbirligi
Konyaspor	
0
0
1.38
2.80
2.5
1.76
1.95
1.90
3.30
3.70
1.23
1.28
1.80
 	 2:1(1:0)  
144	08/05
20:00	 Sivasspor
MKE Ankaragucu	
0
0
1.45
2.55
2.5
1.72
2.00
2.00
3.30
3.30
1.28
1.28
1.72
 	 1:1(0:0)  
145	08/05
20:00	 Bucaspor
Trabzonspor	
+1.5
–1.5
1.96
1.75
3.0
1.90
1.80
7.70
5.00
1.30
3.20
1.13
1.05
 	 1:2(0:1)  
146	08/05
20:00	 Kardemir DC Karabukspor
Fenerbahce	
+1.5
–1.5
1.76
1.95
3.0
1.80
1.90
7.70
5.00
1.30
3.20
1.13
1.05
 	 0:1(0:0)  
147	09/05
20:00	 Galatasaray SK
Kasimpasa	
–1.0
+1.0
1.80
1.90
2.5
1.72
2.00
1.47
4.10
5.70
1.10
1.19
2.50
 	 3:1(1:1) 