554	04/10
22:15	 Academica
Rio Ave	
0
0
1.99
1.76
  	
2.0
1.87
1.87
2.82
3.10
2.55
1.48
1.34
1.40
1.5
1.5
3.20
2.90
1.32
1.38
 	 0:1(0:0)  
555	05/10
18:00	 Belenenses
Olhanense	
-0.25
+0.25
1.75
2.01
 
 	
2.25
1.90
 	
1.84
 	
2.05
3.30
3.65
1.26
1.30
1.72
1.5
1.5
2.25
3.33
1.60
1.30
 	 2:0(1:0)  
556	05/10
22:15	 Sporting Lisbon
Vitoria de Setubal	
–1.5
+1.5
1.93
1.82
  	
2.75
1.86
 	
1.88
 	
1.30
5.00
10.00
1.04
1.15
3.33
1.5
1.5
1.44
5.60
2.65
1.12
 	 4:0(1:0)  
557	06/10
18:00	 Gil Vicente
Pacos de Ferreira	
+0.25
-0.25
1.84
1.90
 
 	
2.25
1.82
 	
1.92
 	
3.15
3.25
2.25
1.60
1.31
1.32
1.5
1.5
3.00
2.36
1.36
1.55
 	 2:1(0:0)  
558	06/10
18:15	 Nacional
Sporting de Braga	
0
0
2.55
1.47
  	
2.5
1.97
1.78
3.55
3.33
2.05
1.72
1.30
1.27
1.5
1.5
3.15
2.10
1.33
1.68
 	 3:0(2:0)  
559	06/10
20:15	 Arouca
Porto	
+1.75
-1.75
1.82
1.92
 
 	
2.75
1.87
 	
1.87
 	
15.00
5.50
1.22
4.25
1.12
1.01
1.5
2.5
7.95
2.25
1.06
1.60
 	 1:3(0:1)  
560	06/10
22:15	 Estoril-Praia
Benfica	
+0.75
-0.75
1.92
1.83
 
 	
2.5
1.84
1.90
4.80
3.75
1.68
2.11
1.25
1.16
1.5
1.5
3.80
1.78
1.24
1.97
 	 1:2(0:1)  
561	07/10
22:15	 Vitoria de Guimaraes
Maritimo	
-0.25
+0.25
1.84
1.90
 
 	
2.25
1.90
 	
1.85
 	
2.20
3.20
3.40
1.30
1.32
1.63
1.5
1.0
2.35
2.05
1.57
1.72
 	 1:0(0:0)  
573	25/10
22:15	 Sporting de Braga
Academica	
-1.25
+1.25
1.90
1.85
 
 	
2.5
1.87
1.87
1.38
4.50
8.50
1.06
1.20
3.00
2.0
1.0
2.05
3.60
1.72
1.27
 	 0:1(0:1)  
574	26/10
18:00	 Olhanense
Arouca	
0
0
1.80
1.95
  	
2.0
1.80
1.95
2.60
3.10
2.80
1.40
1.35
1.47
1.5
1.5
2.90
3.05
1.38
1.35
 	 1:0(0:0)  
575	26/10
20:00	 Rio Ave
Gil Vicente	
-0.75
+0.75
1.95
1.80
 
 	
2.25
1.83
 	
1.92
 	
1.70
3.55
5.00
1.15
1.27
2.08
1.5
1.5
1.92
4.00
1.83
1.22
 	 0:1(0:0)  
576	26/10
22:15	 Vitoria de Setubal
Belenenses	
0
0
1.80
1.95
  	
2.25
1.80
 	
1.95
 	
2.55
3.20
2.75
1.45
1.32
1.50
1.0
1.0
1.65
1.72
2.15
2.05
 	 0:0(0:0)  
577	27/10
19:15	 Benfica
Nacional	
–1.5
+1.5
1.90
1.84
  	
3.0
1.84
1.90
1.30
5.30
9.00
1.04
1.14
3.40
2.5
1.5
2.20
5.00
1.62
1.15
 	 2:0(1:0)  
578	27/10
21:45	 Porto
Sporting Lisbon	
–1.0
+1.0
1.90
1.84
  	
2.75
1.98
 	
1.77
 	
1.55
4.00
6.00
1.12
1.23
2.40
1.5
1.5
1.65
4.00
2.16
1.22
 	 3:1(1:0)  
579	27/10
22:15	 Maritimo
Estoril-Praia	
0
0
1.93
1.82
  	
2.25
1.80
 	
1.95
 	
2.65
3.30
2.60
1.47
1.31
1.45
1.5
1.5
2.60
2.40
1.46
1.53
 	 1:3(1:1)  
580	28/10
22:15	 Pacos de Ferreira
Vitoria de Guimaraes	
-0.25
+0.25
1.84
1.90
 
 	
2.25
1.90
 	
1.85
 	
2.20
3.20
3.40
1.30
1.32
1.63
1.5
1.0
2.35
2.05
1.57
1.72
 	 1:3(1:1)  
663	01/11
22:30	 Academica
Benfica	
+1.25
-1.25
1.76
2.00
 
 	
2.5
1.87
1.87
8.00
4.25
1.44
2.70
1.20
1.08
1.5
1.5
5.00
1.60
1.15
2.25
 	 0:3(0:2)  
664	02/11
20:00	 Belenenses
Porto	
+1.25
-1.25
2.00
1.76
 
 	
2.5
1.77
1.98
10.50
5.00
1.32
3.39
1.17
1.04
1.5
1.5
6.25
1.47
1.10
2.57
 	 1:1(1:1)  
665	02/11
22:15	 Sporting Lisbon
Maritimo	
-1.25
+1.25
1.82
1.93
 
 	
2.75
1.95
 	
1.80
 	
1.37
4.65
9.00
1.06
1.19
3.07
1.5
1.5
1.46
5.65
2.60
1.12
 	 3:2(1:2)  
667	03/11
18:00	 Nacional
Olhanense	
-0.75
+0.75
1.76
2.00
 
 	
2.5
1.97
1.78
1.58
3.80
5.80
1.12
1.24
2.30
1.5
1.5
1.80
4.55
1.95
1.18
 	 0:0(0:0)  
668	03/11
18:00	 Estoril-Praia
Vitoria de Setubal	
–1.0
+1.0
2.05
1.72
  	
2.75
1.92
 	
1.83
 	
1.57
3.75
6.00
1.11
1.25
2.31
1.5
1.5
1.65
4.00
2.15
1.22
 	 0:2(0:0)  
669	03/11
19:45	 Gil Vicente
Vitoria de Guimaraes	
0
0
1.93
1.81
  	
2.25
1.90
 	
1.84
 	
2.75
3.15
2.60
1.47
1.34
1.42
1.5
1.5
2.80
2.70
1.40
1.43
 	 1:0(1:0)  
670	03/11
21:45	 Sporting de Braga
Rio Ave	
-0.75
+0.75
1.87
1.87
 
 	
2.25
1.80
 	
1.95
 	
1.66
3.60
5.30
1.14
1.26
2.14
1.5
1.5
1.87
4.55
1.87
1.18
 	 0:1(0:0)  
817	23/11
20:15	 Benfica
Sporting de Braga	
–1.0
+1.0
1.93
1.82
  	
2.5
1.81
1.94
1.55
4.00
5.75
1.13
1.22
2.40
1.5
1.5
1.65
4.25
2.16
1.20
 	 1:0(0:0)  
818	23/11
22:15	 Porto
Nacional	
-1.75
+1.75
1.90
1.84
 
 	
3.0
1.87
1.87
1.22
6.00
12.00
1.01
1.11
4.05
2.5
1.5
2.05
5.65
1.72
1.12
 	 1:1(0:0)  
819	24/11
17:00	 Rio Ave
Estoril-Praia	
0
0
1.84
1.90
  	
2.25
2.00
 	
1.76
 	
2.65
3.15
2.70
1.43
1.33
1.44
1.5
1.5
2.90
3.00
1.38
1.36
 	 0:2(0:0)  
820	24/11
18:00	 Vitoria de Setubal
Arouca	
-0.25
+0.25
1.95
1.80
 
 	
2.25
1.92
 	
1.83
 	
2.30
3.15
3.15
1.33
1.33
1.58
1.5
1.5
2.50
3.10
1.48
1.33
 	 1:0(1:0)  
821	24/11
18:00	 Maritimo
Gil Vicente	
-0.25
+0.25
1.76
2.00
 
 	
2.25
1.82
 	
1.93
 	
2.05
3.30
3.60
1.26
1.30
1.72
1.5
1.5
2.15
3.40
1.65
1.29
 	 3:2(2:2)  
822	24/11
19:00	 Pacos de Ferreira
Belenenses	
-0.25
+0.25
1.90
1.84
 
 	
2.25
1.80
 	
1.95
 	
2.25
3.25
3.15
1.32
1.31
1.60
1.5
1.5
2.36
3.00
1.55
1.36
 	 1:0(1:0)  
823	24/11
21:15	 Vitoria de Guimaraes
Sporting Lisbon	
+0.75
-0.75
1.74
2.03
 
 	
2.25
1.80
 	
1.95
 	
4.50
3.50
1.78
1.97
1.27
1.18
1.5
1.5
4.00
1.95
1.22
1.80
 	 0:1(0:0)  
824	25/11
22:15	 Olhanense
Academica	
0
0
2.01
1.75
  	
2.0
1.80
1.95
2.85
3.15
2.50
1.50
1.34
1.39
1.5
1.5
3.20
2.82
1.32
1.40
 	 0:1(0:1)  
641	29/11
22:15	 Sporting de Braga
Olhanense	
-1.75
+1.75
1.90
1.84
 
 	
2.75
2.00
 	
1.80
 	
1.27
5.00
13.00
1.01
1.16
3.61
1.5
1.5
1.42
8.00
2.75
1.06
 	 4:1(2:0)  
642	30/11
22:15	 Academica
Porto	
+1.25
-1.25
1.90
1.85
 
 	
2.5
1.90
1.85
9.50
4.50
1.36
3.05
1.20
1.04
1.0
1.5
4.00
1.57
1.22
2.35
 	 1:0(1:0)  
643	01/12
18:00	 Arouca
Maritimo	
0
0
1.92
1.82
  	
2.0
1.76
2.00
2.75
3.20
2.60
1.47
1.33
1.42
1.5
1.5
3.00
2.82
1.36
1.40
 	 1:2(0:0)  
644	01/12
18:00	 Belenenses
Gil Vicente	
-0.25
+0.25
1.76
2.00
 
 	
2.0
1.74
2.03
2.00
3.20
3.90
1.23
1.32
1.76
1.5
1.5
2.20
4.00
1.63
1.22
 	 0:0(0:0)  
645	01/12
18:00	 Nacional
Vitoria de Setubal	
-0.75
+0.75
2.05
1.72
 
 	
2.25
1.78
 	
1.97
 	
1.76
3.60
4.50
1.19
1.26
2.00
1.5
1.5
1.95
3.80
1.80
1.24
 	 2:2(2:1)  
646	01/12
19:45	 Rio Ave
Benfica	
+1.0
–1.0
1.75
2.01
  	
2.5
1.97
1.78
6.25
4.00
1.53
2.40
1.22
1.11
1.5
1.5
4.82
1.70
1.16
2.08
 	 1:3(0:1)  
647	01/12
21:45	 Sporting Lisbon
Pacos de Ferreira	
-1.25
+1.25
1.92
1.82
 
 	
2.75
1.98
 	
1.77
 	
1.40
4.50
8.00
1.06
1.18
2.90
1.5
1.5
1.53
5.00
2.40
1.15
 	 4:0(1:0)  
648	02/12
22:00	 Estoril-Praia
Vitoria de Guimaraes	
0
0
1.33
3.15
  	
2.25
1.93
 	
1.82
 	
1.85
3.35
4.60
1.20
1.32
1.90
1.5
1.5
2.11
4.00
1.68
1.22
 	 0:2(0:1) 
596	06/12
22:15	 Benfica
Arouca	
–2.0
+2.0
1.85
1.95
  	
3.0
1.77
2.05
1.13
9.00
19.00
 	
1.07
6.11
1.5
1.0
1.23
6.00
4.00
1.12
 	 2:2(1:1)  
597	07/12
18:00	 Pacos de Ferreira
Estoril-Praia	
0
0
2.01
1.75
  	
2.25
1.85
 	
1.90
 	
2.85
3.20
2.50
1.51
1.33
1.40
1.5
1.5
2.82
2.51
1.40
1.49
 	 0:3(0:1)  
598	07/12
20:00	 Vitoria de Guimaraes
Belenenses	
-0.25
+0.25
1.64
2.18
 
 	
2.25
1.95
 	
1.80
 	
1.90
3.35
4.25
1.22
1.30
1.85
1.5
1.5
2.12
3.80
1.67
1.24
 	 0:0(0:0)  
599	07/12
22:15	 Porto
Sporting de Braga	
-0.75
+0.75
1.76
2.00
 
 	
2.5
1.90
1.85
1.55
4.00
6.00
1.12
1.23
2.40
1.5
1.0
1.70
2.80
2.10
1.40
 	 2:0(0:0)  
600	08/12
18:00	 Maritimo
Nacional	
0
0
1.87
1.87
  	
2.5
1.98
1.77
2.65
3.25
2.65
1.45
1.32
1.45
1.5
1.5
2.45
2.45
1.51
1.51
 	 2:2(1:1)  
601	08/12
18:00	 Olhanense
Rio Ave	
+0.25
-0.25
1.95
1.80
 
 	
2.0
1.74
2.03
3.50
3.25
2.10
1.70
1.30
1.27
1.0
1.0
2.21
1.58
1.62
2.30
 	 0:1(0:0)  
602	08/12
19:45	 Gil Vicente
Sporting Lisbon	
+1.0
–1.0
1.80
1.95
  	
2.5
1.95
1.80
6.20
3.80
1.57
2.36
1.25
1.11
1.0
1.5
2.75
1.72
1.42
2.05
 	 0:2(0:1)  
603	09/12
22:15	 Vitoria de Setubal
Academica	
0
0
1.92
1.82
  	
2.25
2.00
 	
1.76
 	
2.75
3.20
2.60
1.48
1.35
1.44
1.0
1.0
1.87
1.85
1.87
1.90
 	 1:0(0:0)  
577	13/12
22:15	 Academica
Maritimo	
0
0
1.80
1.95
  	
2.25
1.95
 	
1.80
 	
2.65
3.00
2.80
1.41
1.36
1.45
1.0
1.0
1.75
1.85
2.00
1.90
 	 1:1(1:0)  
578	14/12
20:00	 Sporting de Braga
Vitoria de Setubal	
–1.5
+1.5
1.90
1.84
  	
2.75
1.92
 	
1.83
 	
1.29
5.00
11.00
1.03
1.15
3.40
1.5
1.5
1.40
6.00
2.85
1.11
 	 2:0(1:0)  
579	14/12
22:15	 Sporting Lisbon
Belenenses	
-1.25
+1.25
1.76
2.00
 
 	
2.5
1.77
1.98
1.32
5.00
10.40
1.03
1.16
3.30
1.5
1.5
1.47
6.25
2.57
1.10
 	 3:0(1:0)  
580	15/12
18:15	 Arouca
Vitoria de Guimaraes	
+0.25
-0.25
1.87
1.87
 
 	
2.25
2.05
 	
1.75
 	
3.30
3.20
2.25
1.62
1.34
1.32
1.0
1.0
2.15
1.65
1.65
2.15
 	 0:2(0:2)  
581	15/12
20:15	 Olhanense
Benfica	
+1.75
-1.75
1.87
1.87
 
 	
3.0
1.95
1.80
12.00
6.00
1.22
4.00
1.11
1.01
1.5
2.5
6.25
2.05
1.10
1.75
 	 2:3(2:2)  
582	15/12
22:15	 Rio Ave
Porto	
+1.0
–1.0
1.90
1.85
  	
2.25
1.78
 	
1.93
 	
7.00
3.85
1.50
2.50
1.24
1.08
1.0
1.5
3.30
1.72
1.30
2.05
 	 1:3(1:1)  
583	16/12
21:00	 Nacional
Pacos de Ferreira	
-0.25
+0.25
1.72
2.05
 
 	
2.5
1.98
1.77
2.05
3.30
3.60
1.26
1.31
1.72
1.5
1.5
2.10
3.00
1.68
1.36
 	 2:1(1:0)  
584	16/12
22:15	 Estoril-Praia
Gil Vicente	
-0.75
+0.75
1.75
2.08
 
 	
2.5
2.00
1.76
1.58
3.80
6.00
1.12
1.25
2.33
1.5
1.5
1.76
4.25
2.00
1.20
 	 2:0(1:0)  
441	19/12
22:00	 Maritimo
Sporting de Braga	
+0.25
-0.25
2.25
1.65
 
 	
2.5
1.90
1.85
4.30
3.30
1.90
1.87
1.32
1.21
1.0
1.5
2.05
1.95
1.72
1.80
 	 2:2(2:1)  
442	20/12
21:00	 Porto
Olhanense	
-2.75
+2.75
1.95
1.80
 
 	
3.5
1.82
1.92
1.10
9.00
23.00
 	
1.05
6.47
2.5
1.5
1.53
10.00
2.40
1.04
 	 4:0(1:0)  
443	20/12
23:00	 Vitoria de Setubal
Benfica	
+1.5
–1.5
1.85
1.90
  	
2.75
1.80
 	
1.95
 	
9.50
5.15
1.30
3.33
1.14
1.04
1.5
1.5
5.00
1.40
1.15
2.82
 	 0:2(0:0)  
444	21/12
18:00	 Pacos de Ferreira
Rio Ave	
-0.25
+0.25
1.84
1.90
 
 	
2.25
1.90
 	
1.85
 	
2.20
3.20
3.40
1.30
1.32
1.63
1.5
1.0
2.35
2.05
1.57
1.72
 	 0:0(0:0)  
445	21/12
20:15	 Vitoria de Guimaraes
Academica	
-0.25
+0.25
1.65
2.20
 
 	
2.25
1.95
 	
1.80
 	
1.90
3.30
4.20
1.22
1.32
1.85
1.5
1.0
2.15
2.40
1.65
1.53
 	 3:0(1:0)  
446	21/12
22:15	 Sporting Lisbon
Nacional	
-1.25
+1.25
1.95
1.80
 
 	
2.75
1.80
 	
1.95
 	
1.42
4.30
7.50
1.07
1.19
2.73
2.0
1.0
1.85
2.75
1.90
1.42
 	 0:0(0:0)  
447	22/12
18:15	 Gil Vicente
Arouca	
-0.25
+0.25
2.00
1.76
 
 	
2.25
1.87
 	
1.87
 	
2.36
3.15
3.05
1.35
1.33
1.55
1.5
1.5
2.45
3.00
1.51
1.36
 	 0:3(0:1)  
448	22/12
21:15	 Belenenses
Estoril-Praia	
+0.25
-0.25
1.76
2.00
 
 	
2.25
1.87
 	
1.87
 	
3.05
3.15
2.36
1.55
1.33
1.35
1.5
1.5
3.00
2.45
1.36
1.51
 	 0:0(0:0) 
509	10/01
22:00	 Sporting de Braga
Vitoria de Guimaraes	
-0.75
+0.75
1.87
1.87
 
 	
2.25
1.80
 	
1.95
 	
1.67
3.60
5.30
1.14
1.27
2.14
1.5
1.5
1.87
4.55
1.87
1.18
 	 3:0(1:0)  
510	11/01
20:00	 Rio Ave
Maritimo	
-0.25
+0.25
1.87
1.87
 
 	
2.25
1.80
 	
1.95
 	
2.20
3.30
3.30
1.32
1.32
1.65
1.5
1.0
2.25
1.95
1.60
1.80
 	 1:1(0:0)  
511	11/01
22:15	 Estoril-Praia
Sporting Lisbon	
+0.25
-0.25
1.90
1.85
 
 	
2.5
1.95
1.80
3.35
3.30
2.15
1.66
1.31
1.30
1.0
1.5
1.87
2.15
1.87
1.65
 	 0:0(0:0)  
512	12/01
18:00	 Academica
Pacos de Ferreira	
0
0
1.80
1.95
  	
2.0
1.80
1.95
2.60
3.10
2.80
1.42
1.35
1.47
1.0
1.0
1.85
1.95
1.90
1.80
 	 4:2(2:2)  
513	12/01
18:00	 Arouca
Belenenses	
0
0
1.75
2.00
  	
2.0
1.80
1.95
2.55
3.10
2.90
1.40
1.36
1.50
1.0
1.0
1.85
2.00
1.95
1.75
 	 2:0(1:0)  
514	12/01
18:00	 Benfica
Porto	
-0.25
+0.25
1.98
1.77
 
 	
2.5
1.98
1.77
2.30
3.33
3.00
1.36
1.30
1.58
1.5
1.5
2.25
2.82
1.60
1.40
 	 2:0(1:0)  
515	12/01
18:00	 Olhanense
Vitoria de Setubal	
0
0
2.00
1.75
  	
2.0
1.76
2.00
2.90
3.10
2.50
1.50
1.34
1.38
1.0
1.0
1.95
1.75
1.80
2.00
 	 2:1(1:1)  
516	12/01
21:15	 Nacional
Gil Vicente	
-0.75
+0.75
1.90
1.85
 
 	
2.5
1.95
1.80
1.72
3.60
4.90
1.16
1.27
2.10
1.5
1.0
1.85
2.40
1.90
1.53
 	 2:0(1:0) 
475	17/01
22:00	 Olhanense
Vitoria de Guimaraes	
+0.25
-0.25
2.15
1.70
 
 	
2.0
1.75
2.00
4.00
3.30
1.95
1.81
1.31
1.23
1.0
1.5
2.50
2.30
1.50
1.57
 	 0:1(0:1)  
476	18/01
22:15	 Arouca
Sporting Lisbon	
+1.0
–1.0
1.92
1.82
  	
2.25
1.76
 	
2.00
 	
7.50
4.00
1.47
2.61
1.23
1.07
1.5
1.5
5.40
1.70
1.13
2.08
 	 1:2(1:1)  
477	19/01
18:00	 Academica
Gil Vicente	
-0.25
+0.25
1.76
2.00
 
 	
2.0
1.74
2.03
2.05
3.20
3.75
1.25
1.32
1.72
1.5
1.5
2.30
3.80
1.58
1.24
 	 1:0(0:0)  
478	19/01
18:00	 Rio Ave
Belenenses	
-0.25
+0.25
1.76
2.00
 
 	
2.0
1.80
1.95
2.05
3.20
3.75
1.25
1.32
1.72
1.5
1.5
2.30
3.80
1.58
1.24
 	 1:0(0:0)  
479	19/01
19:00	 Benfica
Maritimo	
-1.75
+1.75
1.88
1.86
 
 	
3.0
1.90
1.85
1.22
6.00
13.00
1.01
1.12
4.11
2.5
1.5
2.05
6.25
1.75
1.10
 	 2:0(2:0)  
480	19/01
19:00	 Sporting de Braga
Pacos de Ferreira	
-1.25
+1.25
1.95
1.80
 
 	
2.5
1.85
1.89
1.40
4.50
7.50
1.08
1.18
2.82
1.5
1.5
1.60
5.00
2.25
1.15
 	 1:1(1:0)  
481	19/01
21:15	 Porto
Vitoria de Setubal	
-2.25
+2.25
1.85
1.90
 
 	
3.25
1.90
 	
1.85
 	
1.11
9.00
21.00
 	
1.05
6.30
1.5
1.0
1.20
6.25
4.25
1.10
 	 3:0(2:0)  
482	20/01
22:00	 Nacional
Estoril-Praia	
+0.25
-0.25
1.72
2.05
 
 	
2.25
1.90
 	
1.85
 	
2.90
3.20
2.45
1.53
1.33
1.40
1.5
1.5
2.85
2.55
1.40
1.48
 	 2:2(1:2) 
570	31/01
22:00	 Estoril-Praia
Arouca	
–1.0
+1.0
1.82
1.92
  	
2.5
1.98
1.77
1.47
4.00
7.40
1.07
1.22
2.57
1.5
1.5
1.70
5.40
2.08
1.13
 	 1:1(1:0)  
571	01/02
19:15	 Maritimo
Porto	
+1.25
-1.25
1.87
1.87
 
 	
2.5
1.90
1.85
9.00
4.50
1.38
3.00
1.20
1.06
1.0
1.5
3.80
1.57
1.25
2.30
 	 1:0(1:0)  
572	01/02
20:00	 Vitoria de Setubal
Rio Ave	
+0.25
-0.25
1.70
2.10
 
 	
2.0
1.85
1.90
3.00
3.10
2.45
1.53
1.35
1.37
1.0
1.0
2.10
1.85
1.70
1.90
 	 2:0(2:0)  
573	01/02
21:15	 Gil Vicente
Benfica	
+1.75
-1.75
1.80
1.95
 
 	
2.75
1.87
 	
1.87
 	
12.00
5.50
1.25
3.80
1.13
1.02
1.0
2.5
5.00
2.20
1.15
1.62
 	 1:1(0:0)  
574	02/02
18:15	 Belenenses
Sporting de Braga	
+0.75
-0.75
1.72
2.05
 
 	
2.25
1.85
 	
1.90
 	
4.50
3.50
1.80
2.00
1.30
1.20
1.0
1.5
2.50
2.00
1.50
1.75
 	 2:1(0:0)  
575	02/02
20:15	 Sporting Lisbon
Academica	
-1.25
+1.25
1.80
2.00
 
 	
2.5
1.80
1.95
1.35
4.80
8.50
1.05
1.17
3.10
1.5
1.5
1.50
6.50
2.50
1.10
 	 0:0(0:0)  
576	03/02
22:00	 Vitoria de Guimaraes
Nacional	
-0.25
+0.25
1.75
2.01
 
 	
2.25
1.90
 	
1.84
 	
2.05
3.30
3.65
1.26
1.30
1.72
1.5
1.5
2.25
3.33
1.60
1.30
 	 1:2(1:1)  
747	08/02
20:00	 Nacional
Belenenses	
-0.25
+0.25
1.70
2.15
 
 	
2.25
1.87
 	
1.87
 	
1.95
3.35
4.00
1.25
1.32
1.85
1.5
1.0
2.10
2.20
1.70
1.62
 	 2:0(1:0)  
748	08/02
22:00	 Vitoria de Setubal
Vitoria de Guimaraes	
0
0
2.00
1.80
  	
2.0
1.80
1.95
2.90
3.10
2.60
1.50
1.37
1.40
1.0
1.0
2.10
1.85
1.70
1.90
 	 3:2(1:0)  
749	09/02
18:00	 Olhanense
Maritimo	
+0.25
-0.25
2.01
1.75
 
 	
2.25
1.90
 	
1.84
 	
3.65
3.30
2.05
1.72
1.30
1.26
1.5
1.5
3.33
2.25
1.30
1.60
 	 1:1(0:1)  
750	09/02
18:00	 Rio Ave
Arouca	
0
0
1.33
3.15
  	
2.0
1.75
2.01
1.85
3.35
4.60
1.20
1.32
1.90
1.5
1.5
2.18
4.25
1.64
1.20
 	 1:1(1:0)  
751	09/02
20:00	 Benfica
Sporting Lisbon	
-0.75
+0.75
1.75
2.08
 
 	
2.5
1.95
1.80
1.58
3.85
6.00
1.12
1.25
2.35
1.5
1.5
1.76
4.25
2.00
1.20
 	 2:0(1:0)  
752	09/02
20:45	 Porto
Pacos de Ferreira	
-1.75
+1.75
1.76
2.00
 
 	
3.0
1.95
1.80
1.18
6.50
17.00
1.01
1.10
4.70
2.5
1.0
1.90
5.50
1.85
1.13
 	 3:0(1:0)  
753	09/02
22:45	 Sporting de Braga
Gil Vicente	
–1.5
+1.5
1.87
1.87
  	
2.75
1.92
 	
1.83
 	
1.29
5.00
11.00
1.03
1.15
3.44
1.5
1.5
1.44
5.95
2.66
1.11
 	 4:1(2:0)  
754	10/02
22:00	 Academica
Estoril-Praia	
+0.25
-0.25
2.05
1.72
 
 	
2.0
1.75
2.01
4.05
3.25
1.95
1.80
1.31
1.22
1.5
1.5
4.05
2.30
1.22
1.58
 	 0:1(0:1)  
680	15/02
20:00	 Belenenses
Academica	
-0.25
+0.25
2.00
1.80
 
 	
2.0
1.95
1.80
2.35
3.00
3.35
1.32
1.38
1.58
1.0
1.0
1.75
2.20
2.00
1.62
 	 0:0(0:0)  
681	15/02
22:15	 Sporting Lisbon
Olhanense	
–2.0
+2.0
1.85
1.90
  	
2.75
1.82
 	
1.92
 	
1.17
6.25
19.00
1.01
1.10
5.00
2.5
1.5
2.08
10.00
1.70
1.05
 	 1:0(1:0)  
682	16/02
18:00	 Arouca
Nacional	
+0.25
-0.25
1.76
2.00
 
 	
2.25
1.87
 	
1.87
 	
3.05
3.15
2.36
1.55
1.33
1.35
1.5
1.5
3.00
2.45
1.36
1.51
 	 1:1(1:1)  
683	16/02
18:00	 Vitoria de Guimaraes
Rio Ave	
-0.25
+0.25
1.92
1.82
 
 	
2.0
1.85
1.90
2.25
3.10
3.30
1.32
1.34
1.60
1.5
1.5
2.60
3.55
1.46
1.27
 	 1:0(1:0)  
684	16/02
18:00	 Maritimo
Vitoria de Setubal	
-0.75
+0.75
2.18
1.64
 
 	
2.25
1.77
 	
1.98
 	
1.90
3.45
4.00
1.22
1.28
1.84
1.5
1.5
2.05
3.60
1.72
1.26
 	 1:0(0:0)  
685	16/02
19:00	 Pacos de Ferreira
Benfica	
+1.25
-1.25
1.80
1.95
 
 	
2.5
1.85
1.89
8.00
4.35
1.40
2.85
1.19
1.06
1.5
1.5
5.00
1.60
1.15
2.25
 	 0:2(0:0)  
686	16/02
21:15	 Gil Vicente
Porto	
+1.75
-1.75
1.76
2.00
 
 	
2.75
1.85
 	
1.90
 	
12.00
5.70
1.24
4.00
1.12
1.02
1.5
1.5
6.50
1.32
1.10
3.20
 	 1:2(0:1)  
687	17/02
22:00	 Estoril-Praia
Sporting de Braga	
0
0
1.85
1.90
  	
2.25
1.85
 	
1.90
 	
2.65
3.20
2.70
1.45
1.34
1.46
1.5
1.5
2.60
2.75
1.47
1.43
 	 2:1(2:0)  
492	21/02
22:00	 Academica
Nacional	
0
0
1.80
1.95
  	
2.25
2.05
 	
1.75
 	
2.60
3.10
2.80
1.38
1.35
1.50
1.0
1.0
1.75
1.95
2.00
1.80
 	 0:0(0:0)  
493	22/02
20:00	 Sporting de Braga
Arouca	
-1.25
+1.25
1.95
1.80
 
 	
2.5
1.90
1.85
1.40
4.30
8.50
1.06
1.20
2.86
1.5
1.0
1.57
3.80
2.30
1.25
 	 2:2(0:0)  
494	22/02
22:15	 Rio Ave
Sporting Lisbon	
+0.75
-0.75
1.90
1.90
 
 	
2.25
2.00
 	
1.75
 	
5.40
3.55
1.66
2.14
1.27
1.13
1.5
1.5
5.00
2.01
1.15
1.75
 	 1:2(0:0)  
495	23/02
18:00	 Olhanense
Gil Vicente	
0
0
2.05
1.75
  	
2.0
1.80
1.95
2.90
3.10
2.50
1.50
1.35
1.38
1.0
1.0
2.00
1.80
1.76
1.95
 	 2:1(0:0)  
496	23/02
18:00	 Vitoria de Setubal
Pacos de Ferreira	
0
0
1.87
1.87
  	
2.25
1.90
 	
1.85
 	
2.65
3.25
2.65
1.46
1.33
1.46
1.0
1.0
1.75
1.75
2.00
2.00
 	 4:0(0:0)  
497	23/02
19:00	 Maritimo
Belenenses	
-0.25
+0.25
1.72
2.10
 
 	
2.25
1.95
 	
1.80
 	
2.00
3.25
3.90
1.25
1.32
1.80
1.5
1.0
2.20
2.30
1.62
1.57
 	 2:0(2:0)  
498	23/02
21:15	 Porto
Estoril-Praia	
-1.25
+1.25
2.00
1.76
 
 	
2.5
1.85
1.89
1.42
4.30
8.00
1.07
1.21
2.80
1.5
1.5
1.60
5.00
2.25
1.15
 	 0:1(0:0)  
499	24/02
22:15	 Benfica
Vitoria de Guimaraes	
-1.75
+1.75
1.95
1.85
 
 	
2.75
2.00
 	
1.80
 	
1.23
5.65
14.00
1.02
1.12
4.05
1.5
1.5
1.40
8.00
2.85
1.06
 	 1:0(1:0)  
663	01/03
20:00	 Estoril-Praia
Olhanense	
–1.5
+1.5
2.00
1.80
  	
2.5
1.95
1.80
1.29
5.00
12.00
1.03
1.17
3.53
3.5
1.0
5.50
5.00
1.13
1.16
 	 4:0(2:0)  
664	01/03
22:15	 Sporting Lisbon
Sporting de Braga	
-0.75
+0.75
2.10
1.70
 
 	
2.5
1.88
1.86
1.85
3.45
4.25
1.22
1.29
1.90
1.5
1.5
1.90
3.33
1.84
1.30
 	 2:1(0:1)  
665	02/03
18:00	 Pacos de Ferreira
Maritimo	
0
0
1.80
1.95
  	
2.25
1.76
 	
2.00
 	
2.50
3.40
2.70
1.44
1.30
1.50
1.5
1.5
2.40
2.60
1.53
1.46
 	 3:1(0:1)  
666	02/03
18:00	 Gil Vicente
Vitoria de Setubal	
0
0
1.75
2.05
  	
2.25
1.90
 	
1.90
 	
2.50
3.30
2.90
1.42
1.35
1.55
1.0
1.0
1.70
1.85
2.15
1.95
 	 1:0(0:0)  
667	02/03
18:00	 Nacional
Rio Ave	
-0.25
+0.25
1.75
2.10
 
 	
2.25
1.81
 	
1.95
 	
2.05
3.40
3.70
1.28
1.32
1.80
1.5
1.0
2.15
2.05
1.65
1.75
 	 1:1(0:0)  
668	02/03
19:00	 Belenenses
Benfica	
+1.5
–1.5
1.80
2.00
  	
2.5
1.90
1.85
10.50
5.00
1.32
3.30
1.16
1.04
1.5
1.5
6.25
1.50
1.10
2.50
 	 0:1(0:1)  
669	02/03
21:15	 Vitoria de Guimaraes
Porto	
+1.0
–1.0
2.00
1.76
  	
2.5
1.98
1.77
7.50
4.00
1.47
2.60
1.22
1.07
1.5
1.5
5.40
1.70
1.13
2.08
 	 2:2(1:2)  
670	03/03
22:00	 Arouca
Academica	
-0.25
+0.25
2.05
1.75
 
 	
2.0
1.80
1.80
2.45
3.05
3.05
1.36
1.36
1.52
1.0
1.0
1.90
2.15
1.85
1.65
 	 0:3(0:1)  
558	07/03
22:00	 Rio Ave
Academica	
-0.75
+0.75
2.20
1.67
 
 	
2.0
2.10
1.70
1.95
3.15
4.50
1.20
1.36
1.85
1.5
1.5
2.60
5.00
1.47
1.16
 	 0:0(0:0)  
559	08/03
22:15	 Sporting de Braga
Nacional	
-0.75
+0.75
1.80
1.95
 
 	
2.5
1.87
1.87
1.65
3.75
5.30
1.15
1.26
2.20
1.5
1.0
1.80
2.30
1.95
1.57
 	 2:1(2:1)  
560	09/03
18:00	 Pacos de Ferreira
Gil Vicente	
-0.75
+0.75
1.95
1.80
 
 	
2.25
1.83
 	
1.92
 	
1.70
3.55
5.00
1.15
1.27
2.08
1.5
1.5
1.92
4.00
1.83
1.22
 	 0:2(0:1)  
561	09/03
18:00	 Olhanense
Belenenses	
0
0
1.92
1.88
  	
2.0
1.95
1.80
2.80
3.00
2.70
1.45
1.37
1.42
1.0
1.0
2.05
2.00
1.75
1.80
 	 0:0(0:0)  
562	09/03
19:00	 Benfica
Estoril-Praia	
-1.25
+1.25
2.00
1.76
 
 	
2.5
1.90
1.85
1.42
4.30
8.00
1.07
1.22
2.80
1.5
1.0
1.65
3.60
2.20
1.27
 	 2:0(2:0)  
563	09/03
19:00	 Vitoria de Setubal
Sporting Lisbon	
+0.75
-0.75
2.08
1.75
 
 	
2.5
2.00
1.76
6.00
3.80
1.60
2.30
1.26
1.13
1.5
1.5
4.25
1.76
1.20
2.00
 	 2:2(0:1)  
564	09/03
21:15	 Porto
Arouca	
-1.75
+1.75
1.75
2.00
 
 	
3.0
1.95
1.80
1.18
6.50
17.00
1.01
1.10
4.70
2.5
1.0
2.00
5.50
1.75
1.13
 	 4:1(2:1)  
565	10/03
22:00	 Maritimo
Vitoria de Guimaraes	
-0.25
+0.25
2.05
1.72
 
 	
2.25
1.85
 	
1.90
 	
2.45
3.20
2.90
1.40
1.33
1.53
1.5
1.5
2.51
2.82
1.49
1.40
 	 2:1(1:0)  
570	14/03
22:00	 Academica
Sporting de Braga	
+0.25
-0.25
1.95
1.85
 
 	
2.0
1.85
1.95
3.55
3.15
2.20
1.67
1.36
1.30
1.0
1.0
2.25
1.67
1.65
2.20
 	 1:1(1:1)  
571	15/03
18:00	 Gil Vicente
Rio Ave	
+0.25
-0.25
1.82
1.93
 
 	
2.0
1.85
1.90
3.30
3.10
2.25
1.60
1.34
1.32
1.5
1.5
3.55
2.60
1.27
1.46
 	 1:2(0:1)  
572	15/03
20:00	 Estoril-Praia
Maritimo	
-0.75
+0.75
1.95
1.80
 
 	
2.5
1.89
1.85
1.72
3.55
4.85
1.16
1.27
2.05
1.5
1.5
1.82
3.80
1.93
1.24
 	 1:0(1:0)  
573	15/03
22:15	 Vitoria de Guimaraes
Pacos de Ferreira	
-0.25
+0.25
1.63
2.20
 
 	
2.25
1.90
 	
1.85
 	
1.95
3.35
4.00
1.23
1.31
1.82
1.5
1.5
2.16
3.70
1.65
1.25
 	 1:2(1:1)  
574	16/03
18:00	 Arouca
Olhanense	
-0.25
+0.25
1.72
2.05
 
 	
2.0
1.75
2.01
1.95
3.25
4.05
1.22
1.31
1.80
1.5
1.5
2.30
4.05
1.58
1.22
 	 2:0(1:0)  
575	16/03
18:00	 Belenenses
Vitoria de Setubal	
-0.25
+0.25
2.10
1.70
 
 	
2.0
1.85
1.90
2.45
3.10
3.00
1.37
1.35
1.53
1.0
1.0
1.85
2.10
1.90
1.70
 	 1:3(0:1)  
576	16/03
21:15	 Sporting Lisbon
Porto	
+0.25
-0.25
1.80
1.95
 
 	
2.25
1.80
 	
1.95
 	
3.10
3.30
2.30
1.60
1.32
1.36
1.0
1.5
1.85
2.30
1.90
1.57
 	 1:0(0:0)  
577	17/03
22:00	 Nacional
Benfica	
+1.0
–1.0
1.85
1.95
  	
2.5
1.90
1.85
6.50
4.00
1.55
2.50
1.25
1.12
1.0
1.5
2.80
1.70
1.40
2.10
 	 2:4(1:3)  
522	21/03
22:00	 Rio Ave
Sporting de Braga	
+0.25
-0.25
1.90
1.85
 
 	
2.0
1.80
1.95
3.50
3.20
2.20
1.67
1.35
1.30
1.0
1.0
2.40
1.67
1.53
2.15
 	 1:1(0:0)  
523	22/03
19:00	 Vitoria de Guimaraes
Gil Vicente	
-0.75
+0.75
1.92
1.83
 
 	
2.25
1.88
 	
1.86
 	
1.68
3.50
5.50
1.14
1.29
2.14
1.5
1.5
1.95
4.55
1.80
1.18
 	 0:0(0:0)  
524	22/03
21:00	 Maritimo
Sporting Lisbon	
+0.75
-0.75
1.72
2.12
 
 	
2.25
1.80
 	
2.00
 	
4.40
3.50
1.85
1.95
1.30
1.22
1.0
1.5
2.35
2.00
1.60
1.80
 	 1:3(1:2)  
525	23/03
17:00	 Olhanense
Nacional	
+0.75
-0.75
1.85
1.90
 
 	
2.25
1.95
 	
1.80
 	
5.00
3.50
1.72
2.10
1.28
1.15
1.0
1.5
2.80
2.00
1.40
1.75
 	 1:1(1:1)  
526	23/03
18:00	 Pacos de Ferreira
Arouca	
-0.25
+0.25
1.72
2.10
 
 	
2.25
1.91
 	
1.85
 	
2.00
3.30
3.85
1.25
1.32
1.80
1.5
1.0
2.20
2.25
1.65
1.62
 	 3:1(1:0)  
527	23/03
20:00	 Benfica
Academica	
-1.75
+1.75
1.78
1.97
 
 	
2.75
1.87
 	
1.87
 	
1.17
6.25
19.00
1.01
1.10
5.00
2.5
1.5
2.08
10.20
1.70
1.03
 	 3:0(2:0)  
528	23/03
21:15	 Porto
Belenenses	
–2.0
+2.0
1.90
1.85
  	
3.0
1.95
1.80
1.16
7.00
19.00
1.01
1.10
5.20
2.5
1.0
1.95
6.50
1.80
1.10
 	 1:0(0:0)  
529	24/03
22:00	 Vitoria de Setubal
Estoril-Praia	
+0.75
-0.75
1.75
2.05
 
 	
2.25
1.95
 	
1.80
 	
4.70
3.40
1.80
2.00
1.33
1.20
1.0
1.5
2.65
2.10
1.48
1.75
 	 1:1(1:0)  
571	28/03
22:00	 Belenenses
Pacos de Ferreira	
0
0
1.80
2.00
  	
2.25
2.00
 	
1.75
 	
2.60
3.15
2.85
1.42
1.36
1.50
1.0
1.0
1.85
1.87
1.90
1.87
 	 1:1(0:0)  
572	29/03
22:15	 Sporting Lisbon
Vitoria de Guimaraes	
-1.25
+1.25
2.05
1.75
 
 	
2.5
1.95
1.80
1.40
4.50
8.00
1.07
1.19
2.88
1.5
1.0
1.65
3.60
2.20
1.27
 	 1:0(0:0)  
573	30/03
18:00	 Academica
Olhanense	
-0.75
+0.75
1.75
2.05
 
 	
2.0
1.80
1.95
1.58
3.55
7.00
1.09
1.29
2.36
1.5
1.5
2.00
5.95
1.76
1.11
 	 2:1(1:0)  
574	30/03
18:00	 Arouca
Vitoria de Setubal	
-0.25
+0.25
1.95
1.80
 
 	
2.0
1.77
1.98
2.30
3.10
3.30
1.32
1.34
1.58
1.5
1.5
2.57
3.55
1.47
1.27
 	 1:0(0:0)  
575	30/03
18:00	 Gil Vicente
Maritimo	
0
0
2.05
1.75
  	
2.25
1.95
 	
1.85
 	
3.00
3.20
2.45
1.55
1.35
1.40
1.0
1.0
1.90
1.70
1.85
2.15
 	 1:1(0:1)  
576	30/03
18:00	 Estoril-Praia
Rio Ave	
-0.75
+0.75
1.95
1.85
 
 	
2.25
2.00
 	
1.75
 	
1.72
3.50
5.30
1.15
1.30
2.11
1.5
1.0
2.00
3.10
1.75
1.35
 	 0:1(0:0)  
577	30/03
19:00	 Sporting de Braga
Benfica	
+0.75
-0.75
1.72
2.12
 
 	
2.25
1.85
 	
1.95
 	
4.40
3.50
1.85
1.95
1.30
1.22
1.0
1.5
2.35
2.00
1.60
1.80
 	 0:1(0:1)  
578	30/03
21:15	 Nacional
Porto	
+1.0
–1.0
1.75
2.05
  	
2.5
1.92
1.88
6.00
3.85
1.60
2.35
1.26
1.13
1.5
1.5
4.00
1.77
1.25
2.05
 	 2:1(1:0)  
598	04/04
22:00	 Vitoria de Guimaraes
Estoril-Praia	
0
0
2.10
1.75
  	
2.25
2.05
 	
1.77
 	
3.00
3.10
2.50
1.52
1.36
1.38
1.0
1.0
2.00
1.77
1.80
2.05
 	 1:3(1:1)  
599	05/04
20:00	 Olhanense
Sporting de Braga	
+0.75
-0.75
1.87
1.87
 
 	
2.25
1.80
 	
1.95
 	
5.30
3.60
1.66
2.14
1.26
1.14
1.5
1.5
4.55
1.87
1.18
1.87
 	 0:2(0:0)  
600	05/04
22:15	 Pacos de Ferreira
Sporting Lisbon	
+0.75
-0.75
1.80
1.95
 
 	
2.5
1.90
1.85
4.50
3.70
1.75
2.05
1.27
1.20
1.0
1.5
2.25
1.85
1.60
1.90
 	 1:3(0:2)  
601	06/04
18:00	 Gil Vicente
Belenenses	
0
0
1.66
2.14
  	
2.0
1.77
1.98
2.36
3.15
3.05
1.35
1.33
1.55
1.5
1.5
2.60
3.20
1.46
1.32
 	 0:1(0:1)  
602	06/04
18:00	 Maritimo
Arouca	
-0.25
+0.25
1.65
2.20
 
 	
2.25
1.97
 	
1.83
 	
1.95
3.30
4.20
1.24
1.33
1.85
1.5
1.0
2.20
2.40
1.65
1.53
 	 1:0(1:0)  
603	06/04
19:00	 Vitoria de Setubal
Nacional	
+0.25
-0.25
1.75
2.10
 
 	
2.25
2.00
 	
1.80
 	
3.00
3.20
2.45
1.55
1.35
1.39
1.0
1.0
1.97
1.75
1.83
2.10
 	 3:0(2:0)  
604	06/04
21:15	 Porto
Academica	
–1.5
+1.5
1.90
1.85
  	
2.5
1.90
1.85
1.28
5.00
12.00
1.02
1.16
3.53
2.0
1.0
1.95
4.50
1.80
1.18
 	 3:1(3:0)  
605	07/04
22:00	 Benfica
Rio Ave	
–1.5
+1.5
1.80
1.95
  	
2.5
1.87
1.87
1.25
5.50
13.00
1.02
1.14
4.00
2.0
1.0
1.80
6.30
1.95
1.11
 	 4:0(2:0) 
637	11/04
22:00	 Academica
Vitoria de Setubal	
-0.25
+0.25
1.90
1.90
 
 	
2.25
2.04
 	
1.75
 	
2.25
3.25
3.30
1.33
1.34
1.64
1.0
1.0
1.65
2.15
2.15
1.65
 	 1:1(1:1)  
638	12/04
18:00	 Nacional
Maritimo	
-0.25
+0.25
1.85
1.95
 
 	
2.25
1.83
 	
1.97
 	
2.15
3.25
3.45
1.29
1.32
1.67
1.5
1.0
2.20
2.00
1.62
1.75
 	 2:0(1:0)  
639	12/04
20:00	 Belenenses
Vitoria de Guimaraes	
0
0
1.87
1.87
  	
2.0
1.80
1.95
2.70
3.10
2.70
1.45
1.35
1.45
1.0
1.0
1.90
1.90
1.85
1.85
 	 3:1(0:1)  
640	12/04
20:00	 Rio Ave
Olhanense	
-0.75
+0.75
1.80
2.00
 
 	
2.25
2.00
 	
1.75
 	
1.62
3.50
6.50
1.11
1.30
2.28
1.5
1.0
2.00
3.40
1.80
1.30
 	 1:2(1:1)  
641	12/04
22:15	 Sporting Lisbon
Gil Vicente	
-1.75
+1.75
1.95
1.85
 
 	
2.75
2.00
 	
1.80
 	
1.22
5.65
14.00
1.02
1.12
4.05
1.5
1.5
1.40
8.00
2.85
1.06
 	 2:0(1:0)  
642	13/04
19:00	 Arouca
Benfica	
+1.25
-1.25
2.00
1.80
 
 	
2.5
1.90
1.85
11.00
5.00
1.30
3.44
1.16
1.03
1.0
3.5
5.00
5.50
1.16
1.13
 	 0:2(0:1)  
643	13/04
21:15	 Sporting de Braga
Porto	
+0.75
-0.75
1.70
2.10
 
 	
2.25
1.80
 	
1.95
 	
4.30
3.50
1.85
1.95
1.30
1.22
1.0
1.5
2.30
2.00
1.60
1.75
 	 1:3(0:1)  
644	14/04
22:00	 Estoril-Praia
Pacos de Ferreira	
-0.75
+0.75
1.90
1.85
 
 	
2.25
1.83
 	
1.95
 	
1.72
3.60
5.00
1.16
1.28
2.10
1.5
1.0
1.90
2.56
1.85
1.45
 	 1:0(1:0)  
521	17/04
22:00	 Vitoria de Guimaraes
Arouca	
-0.25
+0.25
2.00
1.80
 
 	
2.0
1.85
1.90
2.35
3.10
3.20
1.35
1.35
1.57
1.0
1.0
1.75
2.20
2.00
1.62
 	 2:3(1:2)  
522	19/04
18:00	 Maritimo
Academica	
-0.25
+0.25
1.75
2.00
 
 	
2.25
1.90
 	
1.85
 	
2.05
3.30
3.70
1.26
1.32
1.75
1.5
1.0
2.25
2.20
1.62
1.65
 	 3:1(2:0)  
523	19/04
18:00	 Pacos de Ferreira
Nacional	
-0.25
+0.25
1.95
1.80
 
 	
2.25
1.80
 	
1.95
 	
2.30
3.30
3.10
1.36
1.32
1.60
1.5
1.0
2.30
1.85
1.57
1.90
 	 0:5(0:1)  
524	19/04
19:00	 Gil Vicente
Estoril-Praia	
+0.25
-0.25
2.00
1.62
 
 	
2.25
1.87
 	
1.87
 	
4.20
3.40
1.90
1.90
1.32
1.22
1.0
1.5
2.35
2.10
1.55
1.70
 	 0:0(0:0)  
525	19/04
21:15	 Belenenses
Sporting Lisbon	
+0.75
-0.75
2.00
1.75
 
 	
2.25
1.85
 	
1.90
 	
6.00
3.70
1.60
2.30
1.26
1.12
1.0
1.5
3.05
1.87
1.35
1.87
 	 0:1(0:0)  
526	20/04
20:00	 Benfica
Olhanense	
-2.25
+2.25
1.95
1.85
 
 	
3.25
1.97
 	
1.83
 	
1.14
8.50
17.00
1.01
1.07
5.70
2.5
1.0
1.75
6.00
2.05
1.12
 	 2:0(0:0)  
527	21/04
20:00	 Vitoria de Setubal
Sporting de Braga	
+0.25
-0.25
1.85
1.90
 
 	
2.25
1.85
 	
1.90
 	
3.25
3.30
2.20
1.62
1.30
1.32
1.5
1.5
3.15
2.33
1.33
1.56
 	 1:1(0:1)  
528	21/04
22:00	 Porto
Rio Ave	
-1.75
+1.75
2.00
1.80
 
 	
2.75
2.00
 	
1.80
 	
1.22
5.65
15.00
1.01
1.13
4.10
1.5
1.5
1.40
8.00
2.85
1.06
 	 3:0(0:0)  
600	03/05
20:30	 Nacional
Sporting Lisbon	
+0.25
-0.25
2.10
1.70
 
 	
2.75
1.94
 	
1.80
 	
3.85
3.60
1.90
1.85
1.27
1.24
1.0
1.5
1.80
1.87
1.95
1.87
 	 1:1(0:1)  
601	04/05
20:00	 Academica
Vitoria de Guimaraes	
-0.25
+0.25
1.90
1.90
 
 	
2.0
1.80
2.00
2.25
3.15
3.40
1.31
1.35
1.64
1.0
1.0
1.67
2.25
2.20
1.65
 	 0:0(0:0)  
602	04/05
20:00	 Arouca
Gil Vicente	
-0.25
+0.25
1.90
1.85
 
 	
2.0
1.80
1.95
2.30
2.90
3.50
1.28
1.39
1.60
1.5
1.5
2.57
3.55
1.47
1.27
 	 1:0(1:0)  
603	04/05
20:00	 Benfica
Vitoria de Setubal	
-1.75
+1.75
1.95
1.80
 
 	
3.25
1.85
 	
1.95
 	
1.25
6.00
11.00
1.03
1.12
3.88
2.5
1.0
1.87
2.65
1.87
1.45
 	 1:1(0:0)  
604	04/05
20:00	 Sporting de Braga
Maritimo	
-0.75
+0.75
2.10
1.70
 
 	
2.5
1.80
1.95
1.85
3.50
4.30
1.22
1.30
1.95
1.5
1.0
1.85
1.95
1.90
1.80
 	 1:1(1:0)  
605	04/05
20:00	 Estoril-Praia
Belenenses	
-0.25
+0.25
1.80
2.05
 
 	
2.25
1.94
 	
1.85
 	
2.10
3.30
3.60
1.28
1.33
1.72
1.5
1.0
2.30
2.20
1.62
1.67
 	 1:1(0:1)  
606	04/05
20:00	 Olhanense
Porto	
+1.0
–1.0
1.85
1.90
  	
2.75
1.85
 	
1.90
 	
5.50
4.20
1.55
2.40
1.22
1.13
1.0
2.0
2.30
2.10
1.57
1.70
 	 2:1(1:0)  
607	04/05
20:00	 Rio Ave
Pacos de Ferreira	
+0.25
-0.25
2.10
1.73
 
 	
2.25
2.05
 	
1.75
 	
3.80
3.35
2.00
1.78
1.31
1.25
1.0
1.5
2.55
2.30
1.52
1.62
 	 0:0(0:0)  
565	10/05
18:00	 Belenenses
Arouca	
–1.0
+1.0
1.77
2.05
  	
2.25
1.80
 	
2.00
 	
1.45
4.20
7.50
1.08
1.22
2.70
1.5
1.0
1.67
3.70
2.20
1.28
 	 1:0(0:0)  
566	10/05
18:00	 Vitoria de Guimaraes
Sporting de Braga	
+0.25
-0.25
1.85
1.95
 
 	
2.5
1.90
1.85
3.10
3.40
2.25
1.62
1.30
1.35
1.0
1.5
1.75
2.15
2.00
1.65
 	 1:0(0:0)  
567	10/05
18:00	 Vitoria de Setubal
Olhanense	
0
0
1.90
1.85
  	
2.5
1.85
1.90
2.70
3.40
2.55
1.50
1.31
1.46
1.5
1.5
2.35
2.30
1.57
1.60
 	 3:1(1:1)  
568	10/05
18:00	 Pacos de Ferreira
Academica	
–1.0
+1.0
1.90
1.85
  	
2.25
1.80
 	
1.95
 	
1.53
3.80
6.50
1.10
1.25
2.40
1.5
1.0
1.75
3.20
2.00
1.32
 	 2:4(2:3)  
569	10/05
20:00	 Porto
Benfica	
-0.75
+0.75
1.95
1.85
 
 	
2.5
1.87
1.87
1.70
3.75
4.70
1.17
1.25
2.10
1.5
1.0
1.80
2.35
2.00
1.55
 	 2:1(2:1)  
570	11/05
18:00	 Gil Vicente
Nacional	
+0.25
-0.25
1.75
2.10
 
 	
2.25
1.77
 	
2.05
 	
2.90
3.30
2.45
1.54
1.33
1.41
1.0
1.0
1.75
1.60
2.10
2.35
 	 1:0(1:0)  
571	11/05
18:00	 Maritimo
Rio Ave	
-0.25
+0.25
1.65
2.20
 
 	
2.5
2.00
1.76
1.90
3.45
4.00
1.22
1.30
1.85
1.5
1.0
2.00
2.10
1.75
1.70
 	 1:0(0:0)  
572	11/05
18:00	 Sporting Lisbon
Estoril-Praia	
–1.0
+1.0
1.95
1.80
  	
2.5
1.90
1.85
1.57
4.00
6.00
1.13
1.24
2.40
1.5
1.0
1.72
2.75
2.05
1.42
 	 0:1(0:1)  