363	07/10
18:00	 Vitoria de Setubal
Pacos de Ferreira	
0
0
1.87
1.83
2.5
2.10
1.65
2.65
3.10
2.60
1.43
1.32
1.42
1.0
1.0
1.73
1.70
1.98
2.03
 	 0:0(0:0)  
364	07/10
18:00	 Nacional
Gil Vicente	
–1.0
+1.0
2.40
1.50
2.5
2.00
1.72
1.80
3.35
4.40
1.17
1.28
1.90
1.5
1.0
1.95
2.20
1.76
1.60
 	 0:1(0:0)  
365	07/10
18:30	 Sporting de Braga
Olhanense	
–1.0
+1.0
1.65
2.10
2.5
1.80
1.90
1.37
4.30
8.40
1.04
1.18
2.85
2.0
1.0
2.00
3.35
1.72
1.28
 	 4:4(1:3)  
366	07/10
19:00	 Estoril-Praia
Rio Ave	
0
0
1.60
2.20
2.0
1.70
2.03
2.30
3.00
3.20
1.30
1.34
1.55
1.0
1.0
1.65
2.10
2.10
1.66
 	 1:3(0:2)  
367	07/10
20:30	 Academica
Vitoria de Guimaraes	
0
0
1.50
2.40
2.0
1.65
2.10
2.10
3.20
3.40
1.27
1.30
1.65
1.5
1.0
2.30
2.20
1.55
1.60
 	 1:2(1:0)  
368	07/10
22:45	 Porto
Sporting Lisbon	
–1.0
+1.0
1.80
1.90
2.5
1.96
1.75
1.50
3.75
6.75
1.07
1.23
2.41
1.5
1.0
1.72
3.00
2.00
1.34
 	 2:0(1:0)  
369	08/10
22:15	 Moreirense
Maritimo	
0
0
1.77
1.94
2.0
1.70
2.03
2.55
3.05
2.75
1.39
1.33
1.45
1.0
1.0
1.80
1.90
1.90
1.80
 	 0:1(0:0)  
320	26/10
22:15	 Vitoria de Guimaraes
Vitoria de Setubal	
–1.0
+1.0
2.60
1.44
2.5
2.10
1.65
1.90
3.25
4.05
1.20
1.30
1.80
1.5
1.0
2.00
2.70
1.72
1.41
 	 2:1(0:0)  
322	27/10
18:00	 Olhanense
Moreirense	
0
0
1.55
2.30
2.5
2.10
1.65
2.20
3.15
3.25
1.29
1.31
1.60
1.5
1.0
2.30
1.90
1.55
1.80
 	 2:2(1:1)  
323	27/10
22:30	 Gil Vicente
Benfica	
+1.0
–1.0
2.10
1.65
2.5
1.76
1.95
7.60
4.25
1.40
2.75
1.18
1.05
1.0
2.0
3.05
2.00
1.33
1.72
 	 0:3(0:3)  
324	28/10
18:00	 Rio Ave
Nacional	
0
0
1.65
2.10
2.5
2.10
1.65
2.35
3.05
3.05
1.33
1.33
1.53
1.5
1.0
2.30
1.85
1.55
1.85
 	 2:1(0:1)  
325	28/10
20:00	 Maritimo
Sporting de Braga	
0
0
2.25
1.57
2.0
1.62
2.15
3.25
3.10
2.22
1.59
1.32
1.29
1.0
1.5
2.10
2.30
1.65
1.55
 	 0:2(0:0)  
326	28/10
22:15	 Estoril-Praia
Porto	
+1.5
–1.5
1.75
1.96
2.5
1.80
1.90
9.40
4.50
1.33
3.05
1.16
1.03
1.0
2.0
4.00
1.95
1.20
1.76
 	 1:2(1:0)  
327	29/10
22:15	 Sporting Lisbon
Academica	
–1.0
+1.0
1.85
1.85
2.5
2.10
1.65
1.50
3.85
6.50
1.08
1.22
2.42
1.5
1.0
1.75
3.55
1.96
1.25
 	 0:0(0:0)  
255	02/11
22:15	 Porto
Maritimo	
–2.0
+2.0
2.10
1.65
3.0
2.05
1.68
1.17
6.50
14.00
1.01
1.08
4.45
2.5
1.0
2.05
5.50
1.68
1.11
 	 5:0(2:0)  
256	03/11
20:30	 Sporting de Braga
Gil Vicente	
–1.0
+1.0
1.72
2.00
2.5
1.85
1.85
1.40
4.20
7.80
1.05
1.19
2.75
1.5
1.0
1.60
3.55
2.20
1.25
 	 3:1(1:0)  
257	03/11
22:30	 Benfica
Vitoria de Guimaraes	
–1.5
+1.5
1.70
2.02
3.0
1.96
1.75
1.20
6.20
12.00
1.01
1.09
4.05
2.5
1.0
2.10
4.00
1.65
1.20
 	 3:0(1:0)  
258	04/11
18:00	 Pacos de Ferreira
Olhanense	
–1.0
+1.0
2.75
1.40
2.5
2.03
1.70
1.90
3.30
3.95
1.21
1.28
1.80
1.5
1.0
2.25
1.72
1.57
2.00 
 	 0:0(0:0)  
259	04/11
18:00	 Moreirense
Rio Ave	
0
0
1.70
2.03
2.5
2.05
1.68
2.45
3.00
2.95
1.35
1.33
1.50
1.5
1.0
2.25
1.72
1.57
2.00 
 	 0:1(0:0)  
260	04/11
18:30	 Nacional
Beira-Mar	
–1.0
+1.0
2.25
1.57
2.5
1.96
1.75
1.70
3.45
4.95
1.21
1.27
2.03
1.5
1.0
2.25
1.72
1.57
2.00 
 	 2:4(0:2)  
261	04/11
20:00	 Academica
Estoril-Praia	
0
0
1.50
2.40
2.5
2.20
1.60
2.10
3.10
3.55
1.25
1.32
1.65
1.5
1.0
2.25
1.72
1.57
2.00 
 	 0:2(0:0)  
262	04/11
22:15	 Vitoria de Setubal
Sporting Lisbon	
+1.0
–1.0
1.69
2.05
2.5
2.15
1.63
5.90
3.50
1.60
2.20
1.26
1.09
1.5
1.0
2.25
1.72
1.57
2.00 
 	 2:1(1:1)  
331	09/11
22:15	 Gil Vicente
Pacos de Ferreira	
0
0
1.72
2.00
2.5
2.15
1.62
2.45
3.10
2.85
1.37
1.32
1.49
1.5
1.0
2.45
1.80
1.49
1.90
 	 0:1(0:0)  
332	10/11
22:30	 Vitoria de Guimaraes
Nacional	
0
0
1.68
2.06
2.5
1.96
1.75
2.37
3.15
2.90
1.36
1.31
1.51
1.5
1.0
2.25
1.72
1.57
2.00
 	 1:3(1:0)  
333	11/11
18:00	 Estoril-Praia
Moreirense	
0
0
1.47
2.50
2.5
2.07
1.67
2.05
3.20
3.55
1.25
1.30
1.69
1.5
1.0
2.25
1.72
1.57
2.00
 	 2:0(1:0)  
334	11/11
18:00	 Olhanense
Beira-Mar	
0
0
1.40
2.75
2.5
1.95
1.76
1.95
3.30
3.80
1.22
1.30
1.76
1.5
1.0
2.25
1.72
1.57
2.00 
 	 1:0(1:0)  
335	11/11
20:00	 Porto
Academica	
–2.0
+2.0
1.80
1.90
3.0
1.90
1.80
1.16
6.65
14.55
1.01
1.07
4.57
1.5
1.0
2.25
1.72
1.57
2.00
 	 2:1(0:0)  
336	11/11
21:30	 Rio Ave
Benfica	
+1.0
–1.0
1.90
1.80
2.5
1.70
2.03
6.70
3.90
1.48
2.47
1.21
1.07
1.5
1.0
2.25
1.72
1.57
2.00
 	 0:1(0:1)  
337	11/11
22:15	 Sporting Lisbon
Sporting de Braga	
0
0
1.67
2.07
2.5
2.02
1.71
2.35
3.15
2.95
1.35
1.32
1.53
1.5
1.0
2.25
1.72
1.57
2.00
 	 1:0(1:0)  
338	12/11
22:15	 Maritimo
Vitoria de Setubal	
–1.0
+1.0
2.30
1.55
2.5
2.07
1.67
1.75
3.40
4.65
1.15
1.27
1.96
1.5
1.0
2.25
1.72
1.57
2.00
 	 1:1(0:1)  
293	23/11
22:15	 Beira-Mar
Vitoria de Guimaraes	
0
0
1.76
1.95
2.5
2.15
1.62
2.50
3.10
2.80
1.38
1.32
1.47
1.5
1.0
2.45
1.80
1.49
1.90
 	 2:2(1:1)  
294	24/11
22:30	 Benfica
Olhanense	
–2.0
+2.0
1.96
1.75
3.0
1.93
1.78
1.15
6.70
16.00
1.01
1.07
4.70
2.5
1.0
2.00
4.70
1.72
1.15
 	 2:0(1:0)  
295	25/11
18:00	 Nacional
Estoril-Praia	
–1.0
+1.0
2.55
1.45
2.5
1.90
1.80
1.85
3.35
4.15
1.19
1.28
1.85
1.5
1.0
1.92
2.20
1.78
1.60
 	 1:0(0:0)  
297	25/11
20:00	 Academica
Gil Vicente	
0
0
1.47
2.50
2.0
1.65
2.10
2.10
3.10
3.55
1.25
1.32
1.65
1.5
1.0
2.30
2.20
1.55
1.60
 	 2:2(0:0)  
298	25/11
22:15	 Sporting de Braga
Porto	
0
0
2.55
1.45
2.5
2.00
1.72
3.55
3.25
2.03
1.70
1.29
1.25
1.0
1.5
2.07
2.10
1.67
1.66
 	 0:2(0:0)  
299	26/11
22:15	 Moreirense
Sporting Lisbon	
+1.0
–1.0
1.42
2.65
2.5
2.20
1.60
4.10
3.20
1.90
1.80
1.30
1.19
2.20
3.15
3.25
1.30
1.32
1.60 
 	 2:2(2:0)  
300	27/11
22:15	 Pacos de Ferreira
Maritimo	
0
0
1.55
2.30
2.5
2.20
1.60
2.20
3.15
3.25
1.30
1.32
1.60
2.20
3.15
3.25
1.30
1.32
1.60
 	 2:2(1:1)  
296	07/12
22:15	 Estoril-Praia
Vitoria de Setubal	
0
0
1.45
2.55
2.5
2.10
1.65
2.05
3.15
3.60
1.24
1.31
1.68
1.5
1.0
2.20
2.10
1.60
1.66
 	 3:0(1:0)  
297	08/12
22:30	 Porto
Moreirense	
–2.5
+2.5
2.15
1.62
3.5
2.05
1.68
1.08
8.55
25.00
1.01
1.03
6.45
2.5
1.0
1.65
6.50
2.10
1.08
 	 1:0(0:0)  
299	09/12
18:00	 Maritimo
Nacional	
0
0
1.72
2.00
2.5
2.00
1.72
2.45
3.10
2.85
1.37
1.32
1.50
3.80
3.30
1.95
1.75
1.29
1.22 
 	 2:0(0:0)  
300	09/12
18:00	 Rio Ave
Pacos de Ferreira	
0
0
1.57
2.25
2.5
2.20
1.60
2.25
3.10
3.20
1.30
1.32
1.57
3.80
3.30
1.95
1.75
1.29
1.22
 	 0:0(0:0)  
301	09/12
22:15	 Vitoria de Guimaraes
Olhanense	
0
0
1.53
2.35
2.5
2.03
1.70
2.15
3.15
3.35
1.28
1.32
1.62
3.80
3.30
1.95
1.75
1.29
1.22 
 	 2:0(1:0)  
302	10/12
20:15	 Academica
Sporting de Braga	
+1.0
–1.0
1.42
2.65
2.5
2.05
1.68
4.00
3.20
1.93
1.78
1.30
1.20
3.80
3.30
1.95
1.75
1.29
1.22 
 	 1:4(0:2)  
303	10/12
22:15	 Sporting Lisbon
Benfica	
0
0
2.75
1.40
2.5
2.10
1.65
3.80
3.30
1.95
1.75
1.29
1.22
3.80
3.30
1.95
1.75
1.29
1.22
 	 1:3(1:0)  
331	15/12
18:00	 Beira-Mar
Rio Ave	
0
0
1.90
1.80
2.5
2.15
1.62
2.70
3.05
2.60
1.43
1.33
1.41
1.5
1.5
2.60
2.50
1.44
1.47
 	 3:1(2:0)  
332	15/12
18:00	 Olhanense
Gil Vicente	
0
0
1.52
2.35
2.0
1.80
1.90
2.15
3.10
3.40
1.27
1.32
1.62
1.5
1.0
2.40
2.20
1.50
1.60
 	 2:2(0:1)  
333	15/12
20:00	 Nacional
Sporting Lisbon	
0
0
1.85
1.85
2.5
1.96
1.75
2.65
3.05
2.65
1.42
1.33
1.42
1.5
1.5
2.30
2.30
1.55
1.55
 	 1:1(1:0)  
334	15/12
22:30	 Benfica
Maritimo	
–2.0
+2.0
2.10
1.65
3.0
2.03
1.70
1.19
5.70
15.00
1.01
1.10
4.15
2.5
1.0
2.10
5.70
1.66
1.10
 	 4:1(1:1)  
335	16/12
18:00	 Moreirense
Academica	
0
0
1.65
2.10
2.0
1.62
2.15
2.35
3.10
3.00
1.34
1.32
1.53
1.5
1.0
2.35
1.97
1.52
1.74
 	 2:2(2:1)  
336	16/12
20:00	 Sporting de Braga
Estoril-Praia	
–1.0
+1.0
1.70
2.03
2.5
1.73
1.99
1.42
4.10
7.50
1.06
1.19
2.65
1.5
1.0
1.55
2.75
2.30
1.40
 	 3:0(1:0)  
337	16/12
22:15	 Pacos de Ferreira
Vitoria de Guimaraes	
0
0
1.48
2.48
2.0
1.62
2.16
2.07
3.25
3.45
1.26
1.29
1.67
1.5
1.0
2.30
2.20
1.55
1.60
 	 2:1(1:0)  
281	05/01
18:00	 Gil Vicente
Vitoria de Guimaraes	
0
0
1.63
2.13
2.5
2.10
1.65
2.30
3.15
3.05
1.33
1.31
1.55
1.5
1.0
2.30
1.85
1.55
1.85
 	 0:0(0:0)  
282	05/01
18:00	 Rio Ave
Olhanense	
–1.0
+1.0
2.35
1.53
2.5
2.15
1.62
1.75
3.35
4.75
1.15
1.28
1.96
1.5
1.0
2.03
2.40
1.70
1.50
 	 0:1(0:0)  
283	05/01
20:00	 Academica
Vitoria de Setubal	
–1.0
+1.0
2.70
1.40
2.5
2.05
1.68
1.90
3.25
4.05
1.20
1.29
1.80
1.5
1.0
2.03
2.30
1.70
1.55
 	 4:2(3:0)  
284	05/01
20:00	 Sporting Lisbon
Pacos de Ferreira	
–1.0
+1.0
2.30
1.55
2.5
2.03
1.70
1.72
3.45
4.75
1.15
1.26
2.00
1.5
1.0
1.90
2.20
1.80
1.60
 	 0:1(0:1)  
285	05/01
22:30	 Porto
Nacional	
–2.0
+2.0
1.70
2.03
3.0
1.72
2.00
1.13
7.35
16.50
1.01
1.06
5.00
2.5
1.0
1.85
4.05
1.85
1.20
 	 1:0(1:0)  
286	06/01
18:00	 Maritimo
Beira-Mar	
0
0
1.40
2.75
2.5
2.00
1.72
1.95
3.25
3.85
1.22
1.29
1.76
1.5
1.0
2.00
2.15
1.72
1.63
 	 1:1(0:0)  
287	06/01
20:00	 Sporting de Braga
Moreirense	
–1.5
+1.5
1.90
1.80
3.0
2.05
1.68
1.28
5.00
10.00
1.02
1.13
3.35
2.0
1.0
1.70
3.55
2.02
1.25
 	 1:0(0:0)  
288	06/01
22:15	 Estoril-Praia
Benfica	
+1.5
–1.5
1.69
2.05
2.5
1.68
2.05
8.50
4.70
1.33
3.05
1.15
1.04
1.0
2.0
2.85
1.85
1.37
1.85
 	 1:3(0:1) 
368	12/01
20:00	 Vitoria de Guimaraes
Maritimo	
0
0
1.70
2.03
2.5
2.10
1.65
2.40
3.15
2.90
1.36
1.31
1.51
1.5
1.0
2.40
1.80
1.50
1.90
 	 1:1(0:1)  
369	12/01
22:30	 Nacional
Sporting de Braga	
0
0
2.65
1.43
2.5
1.80
1.90
3.70
3.20
2.00
1.72
1.30
1.23
1.0
1.5
1.90
1.90
1.80
1.80
 	 3:2(0:1)  
370	13/01
18:00	 Gil Vicente
Rio Ave	
0
0
1.75
1.96
2.0
1.62
2.15
2.50
3.05
2.80
1.38
1.33
1.47
1.5
1.0
2.55
1.85
1.45
1.85
 	 0:1(0:1)  
371	13/01
18:00	 Pacos de Ferreira
Academica	
0
0
1.40
2.75
2.5
2.00
1.72
1.95
3.30
3.80
1.22
1.29
1.76
1.5
1.0
2.05
2.15
1.68
1.63
 	 1:0(0:0)  
372	13/01
18:00	 Vitoria de Setubal
Moreirense	
0
0
1.58
2.23
2.5
2.10
1.65
2.25
3.15
3.15
1.31
1.31
1.57
1.5
1.0
2.25
1.95
1.57
1.76
 	 5:0(2:0)  
373	13/01
20:00	 Olhanense
Sporting Lisbon	
+1.0
–1.0
1.40
2.75
2.5
2.15
1.62
3.90
3.30
1.92
1.79
1.29
1.21
1.0
1.5
2.25
2.15
1.57
1.63
 	 0:2(0:1)  
374	13/01
22:15	 Benfica
Porto	
0
0
1.65
2.10
2.5
1.95
1.76
2.30
3.20
3.00
1.34
1.30
1.55
1.5
1.0
2.20
1.75
1.60
1.96
 	 2:2(2:2)  
375	14/01
22:15	 Beira-Mar
Estoril-Praia	
0
0
1.72
2.00
2.5
2.10
1.65
2.45
3.10
2.85
1.37
1.32
1.49
1.5
1.0
2.35
1.75
1.52
1.96
 	 0:1(0:1)  
319	18/01
22:00	 Sporting Lisbon
Beira-Mar	
–1.5
+1.5
2.15
1.62
2.5
1.95
1.76
1.38
4.30
8.10
1.04
1.18
2.80
1.5
1.0
1.63
4.00
2.15
1.20
 	 1:0(0:0)  
320	19/01
22:15	 Porto
Pacos de Ferreira	
–2.0
+2.0
1.95
1.76
3.0
1.80
1.90
1.18
6.50
12.00
 	
1.08
4.30
2.5
1.0
2.00
4.20
1.72
1.19
 	 2:0(0:0)  
321	20/01
18:00	 Estoril-Praia
Gil Vicente	
–1.0
+1.0
2.70
1.41
2.5
2.10
1.65
1.96
3.25
3.80
1.22
1.30
1.75
10.00
5.00
1.28
3.35
1.13
1.02
 	 1:2(1:1)  
322	20/01
18:00	 Maritimo
Olhanense	
–1.0
+1.0
2.60
1.44
2.5
2.15
1.63
1.90
3.30
4.00
1.20
1.28
1.80
10.00
5.00
1.28
3.35
1.13
1.02 
 	 1:0(1:0)  
323	20/01
20:00	 Sporting de Braga
Vitoria de Setubal	
–1.5
+1.5
1.90
1.80
3.0
1.95
1.76
1.30
5.00
9.00
1.03
1.13
3.20
10.00
5.00
1.28
3.35
1.13
1.02 
 	 4:1(2:0)  
324	20/01
22:15	 Rio Ave
Vitoria de Guimaraes	
–1.0
+1.0
2.65
1.42
2.5
2.20
1.60
1.90
3.25
4.05
1.20
1.30
1.80
10.00
5.00
1.28
3.35
1.13
1.02 
 	 1:3(0:0)  
325	21/01
18:00	 Academica
Nacional	
0
0
1.77
1.94
2.5
1.90
1.80
2.50
3.15
2.75
1.40
1.31
1.47
10.00
5.00
1.28
3.35
1.13
1.02 
 	 2:1(0:1)  
326	21/01
22:00	 Moreirense
Benfica	
+1.5
–1.5
1.90
1.80
3.0
1.90
1.80
10.00
5.00
1.28
3.35
1.13
1.02
10.00
5.00
1.28
3.35
1.13
1.02
 	 0:2(0:0)  
317	25/01
22:00	 Academica
Beira-Mar	
0
0
1.41
2.70
2.5
2.10
1.65
2.00
3.20
3.75
1.23
1.30
1.72
1.5
1.0
2.15
2.25
1.63
1.57
 	 3:1(3:0)  
318	26/01
22:15	 Sporting de Braga
Benfica	
0
0
2.65
1.42
2.5
1.90
1.80
3.70
3.35
1.95
1.76
1.28
1.23
1.0
1.5
2.00
2.00
1.72
1.72
 	 1:2(0:2)  
319	27/01
18:00	 Maritimo
Rio Ave	
0
0
1.72
2.00
2.5
2.20
1.60
2.45
3.10
2.85
1.37
1.32
1.50
 1.14
7.00
15.50
1.01
1.06
4.90
 	 1:1(1:1)  
320	27/01
18:00	 Moreirense
Pacos de Ferreira	
0
0
2.60
1.44
2.5
2.20
1.60
3.70
3.15
2.02
1.70
1.32
1.23
 1.14
7.00
15.50
1.01
1.06
4.90
 	 0:5(0:2)  
321	27/01
18:00	 Vitoria de Setubal
Nacional	
0
0
2.30
1.55
2.5
1.90
1.80
3.30
3.10
2.20
1.60
1.32
1.28
 1.14
7.00
15.50
1.01
1.06
4.90
 	 0:2(0:0)  
322	27/01
20:00	 Sporting Lisbon
Vitoria de Guimaraes	
–1.0
+1.0
1.80
1.90
2.5
2.00
1.72
1.45
3.80
7.80
1.05
1.22
2.55
 1.14
7.00
15.50
1.01
1.06
4.90
 	 1:1(0:0)  
323	27/01
22:15	 Estoril-Praia
Olhanense	
–1.0
+1.0
2.65
1.42
2.5
2.15
1.63
1.90
3.25
4.05
1.20
1.30
1.80
 1.14
7.00
15.50
1.01
1.06
4.90
 	 3:3(2:1)  
324	28/01
22:00	 Porto
Gil Vicente	
–2.0
+2.0
1.75
1.96
3.0
1.70
2.03
1.14
7.00
15.50
1.01
1.06
4.90
1.14
7.00
15.50
1.01
1.06
4.90
 	 5:0(2:0) 
383	02/02
20:00	 Rio Ave
Sporting Lisbon	
0
0
2.10
1.65
2.5
2.10
1.65
3.05
3.05
2.35
1.53
1.33
1.33
1.0
1.5
1.85
2.30
1.85
1.55
 	 2:1(1:1)  
384	02/02
22:30	 Vitoria de Guimaraes
Porto	
+1.5
–1.5
1.76
1.95
2.5
1.74
1.97
9.60
4.55
1.32
3.10
1.16
1.02
1.0
2.0
4.00
1.80
1.20
1.90
 	 0:4(0:2)  
385	03/02
18:00	 Gil Vicente
Maritimo	
0
0
1.80
1.90
2.0
1.62
2.15
2.60
3.10
2.70
1.41
1.32
1.44
1.5
1.0
2.55
1.80
1.45
1.90
 	 4:2(2:0)  
386	03/02
18:00	 Nacional
Moreirense	
–1.0
+1.0
2.03
1.70
2.5
1.80
1.90
1.60
3.65
5.50
1.11
1.24
2.19
1.5
1.0
1.68
2.45
2.05
1.49
 	 1:2(0:1)  
387	03/02
18:00	 Olhanense
Academica	
0
0
1.76
1.95
2.5
2.05
1.68
2.50
3.10
2.80
1.38
1.32
1.47
1.5
1.0
2.40
1.72
1.50
2.00
 	 0:0(0:0)  
388	03/02
20:00	 Beira-Mar
Sporting de Braga	
+1.0
–1.0
1.62
2.15
2.5
2.00
1.72
5.00
3.50
1.68
2.06
1.26
1.13
1.0
1.5
2.55
1.85
1.45
1.85
 	 3:3(2:2)  
389	03/02
22:15	 Benfica
Vitoria de Setubal	
–2.5
+2.5
2.00
1.72
3.5
1.95
1.76
1.09
9.00
19.00
 	
1.03
6.10
2.5
1.0
1.65
5.70
2.10
1.10
 	 3:0(1:0)  
390	04/02
22:00	 Pacos de Ferreira
Estoril-Praia	
0
0
1.43
2.65
2.5
2.05
1.68
2.00
3.20
3.75
1.23
1.30
1.72
1.5
1.0
2.10
2.00
1.65
1.72
 	 1:0(0:0)  
398	09/02
22:15	 Estoril-Praia
Vitoria de Guimaraes	
0
0
1.42
2.65
2.5
2.00
1.72
2.00
3.20
3.75
1.23
1.30
1.72
1.5
1.0
2.05
2.10
1.68
1.66
 	 2:0(1:0)  
399	10/02
18:00	 Academica
Rio Ave	
0
0
1.78
1.93
2.5
2.05
1.68
2.55
3.05
2.75
1.39
1.33
1.45
1.5
1.0
2.30
1.70
1.55
2.03
 	 1:2(0:1)  
400	10/02
18:00	 Moreirense
Beira-Mar	
0
0
1.68
2.06
2.5
2.00
1.72
2.40
3.10
2.95
1.35
1.32
1.51
1.5
1.0
2.25
1.75
1.57
1.96
 	 3:0(1:0)  
401	10/02
18:00	 Vitoria de Setubal
Gil Vicente	
0
0
1.72
2.00
2.5
1.96
1.75
2.45
3.10
2.85
1.37
1.32
1.49
1.5
1.0
2.25
1.70
1.57
2.03
 	 1:0(1:0)  
402	10/02
18:00	 Sporting Lisbon
Maritimo	
–1.0
+1.0
2.05
1.69
2.5
2.10
1.65
1.60
3.60
5.60
1.11
1.24
2.19
1.5
1.0
1.85
2.95
1.85
1.35
 	 0:1(0:1)  
403	10/02
20:00	 Nacional
Benfica	
+1.0
–1.0
2.10
1.65
3.0
1.96
1.75
7.00
4.30
1.42
2.65
1.18
1.07
1.0
2.0
2.40
1.82
1.50
1.88
 	 2:2(1:2)  
404	10/02
22:15	 Porto
Olhanense	
–2.5
+2.5
1.96
1.75
3.5
2.00
1.72
1.07
10.00
21.00
 	
1.02
6.80
2.5
1.0
1.53
6.50
2.35
1.08
 	 1:1(0:1)  
405	11/02
22:00	 Sporting de Braga
Pacos de Ferreira	
–1.0
+1.0
1.95
1.76
2.5
1.75
1.96
1.55
3.75
5.90
1.10
1.23
2.30
 1.55
3.75
5.90
1.10
1.23
2.30
 	 2:3(0:2) 
288	15/02
22:30	 Beira-Mar
Porto	
+1.5
–1.5
1.96
1.75
3.0
1.97
1.74
10.00
5.50
1.25
3.55
1.11
1.02
1.0
2.0
3.55
1.62
1.25
2.15
 	 0:2(0:1)  
289	16/02
22:15	 Gil Vicente
Sporting Lisbon	
0
0
2.55
1.45
2.5
2.10
1.65
3.60
3.15
2.05
1.68
1.31
1.24
1.0
1.5
2.15
2.20
1.63
1.60
 	 2:3(1:2)  
290	17/02
18:00	 Pacos de Ferreira
Nacional	
0
0
1.43
2.60
2.5
1.95
1.76
2.00
3.20
3.75
1.23
1.30
1.72
 3.45
3.25
2.07
1.67
1.30
1.27
 	 1:1(1:0)  
292	17/02
18:00	 Olhanense
Vitoria de Setubal	
–1.0
+1.0
2.60
1.44
2.5
2.00
1.72
1.90
3.30
4.00
1.20
1.28
1.80
 3.45
3.25
2.07
1.67
1.30
1.27
 	 0:1(0:0)  
293	17/02
20:00	 Vitoria de Guimaraes
Moreirense	
–1.0
+1.0
2.60
1.44
2.5
2.00
1.72
1.90
3.30
4.00
1.20
1.28
1.80
 3.45
3.25
2.07
1.67
1.30
1.27
 	 1:0(1:0)  
294	17/02
22:15	 Benfica
Academica	
–2.0
+2.0
1.90
1.80
3.0
1.80
1.90
1.16
6.75
13.50
1.01
1.07
4.60
 3.45
3.25
2.07
1.67
1.30
1.27
 	 1:0(0:0)  
295	18/02
22:00	 Rio Ave
Sporting de Braga	
0
0
2.50
1.48
2.5
1.75
1.96
3.45
3.25
2.07
1.67
1.30
1.27
 3.45
3.25
2.07
1.67
1.30
1.27
 	 1:1(1:1)  
290	22/02
22:00	 Estoril-Praia
Sporting Lisbon	
0
0
2.05
1.68
2.5
2.00
1.72
3.00
3.05
2.40
1.51
1.33
1.34
1.0
1.5
1.75
2.20
1.96
1.60
 	 3:1(2:1)  
291	23/02
18:00	 Vitoria de Setubal
Beira-Mar	
0
0
1.67
2.07
2.5
2.15
1.62
2.40
3.05
3.00
1.34
1.33
1.51
1.5
1.0
2.30
1.85
1.55
1.85
 	 1:0(1:0)  
292	23/02
20:00	 Sporting de Braga
Vitoria de Guimaraes	
–1.0
+1.0
1.75
1.96
2.5
1.75
1.96
1.45
4.10
6.80
1.07
1.19
2.55
2.0
1.0
2.05
3.05
1.68
1.33
 	 3:2(1:0)  
293	23/02
22:15	 Porto
Rio Ave	
–2.0
+2.0
2.10
1.65
3.0
1.95
1.76
1.20
6.00
12.00
1.01
1.09
4.00
2.5
1.0
2.15
4.50
1.63
1.16
 	 2:1(1:1)  
294	24/02
18:00	 Nacional
Olhanense	
–1.0
+1.0
2.30
1.55
2.5
2.01
1.71
1.75
3.40
4.65
1.15
1.27
1.96
 1.25
5.50
10.00
1.02
1.11
3.55
 	 3:1(1:0)  
295	24/02
18:00	 Moreirense
Gil Vicente	
0
0
1.60
2.20
2.5
2.07
1.67
2.30
3.05
3.15
1.31
1.32
1.55
 1.25
5.50
10.00
1.02
1.11
3.55
 	 0:0(0:0)  
296	24/02
21:15	 Benfica
Pacos de Ferreira	
–1.5
+1.5
1.75
1.96
2.5
1.67
2.07
1.25
5.50
10.00
1.02
1.11
3.55
 1.25
5.50
10.00
1.02
1.11
3.55
 	 3:0(1:0) 
361	02/03
19:00	 Pacos de Ferreira
Vitoria de Setubal	
–1.0
+1.0
2.00
1.72
2.5
2.01
1.72
1.57
3.70
5.70
1.10
1.23
2.25
1.5
1.0
1.78
2.70
1.92
1.41
 	 2:0(1:0)  
362	02/03
21:45	 Sporting Lisbon
Porto	
+1.0
–1.0
1.68
2.05
2.5
1.85
1.85
5.30
3.60
1.63
2.14
1.25
1.12
1.0
1.5
2.35
1.73
1.52
1.99
 	 0:0(0:0)  
363	03/03
18:00	 Gil Vicente
Nacional	
0
0
2.10
1.65
2.5
1.90
1.80
3.00
3.10
2.35
1.53
1.32
1.34
1.0
1.5
1.70
2.20
2.03
1.60
 	 1:2(1:0)  
364	03/03
18:00	 Maritimo
Moreirense	
–1.0
+1.0
2.40
1.50
2.5
2.10
1.65
1.80
3.30
4.50
1.16
1.29
1.90
1.5
1.0
2.00
2.50
1.72
1.47
 	 1:1(0:0)  
365	03/03
18:00	 Rio Ave
Estoril-Praia	
0
0
1.50
2.40
2.5
2.07
1.67
2.10
3.15
3.50
1.26
1.31
1.66
1.5
1.0
2.20
2.10
1.60
1.65
 	 0:2(0:0)  
366	03/03
21:30	 Beira-Mar
Benfica	
+1.5
–1.5
1.96
1.75
3.0
2.03
1.70
11.00
5.70
1.23
3.75
1.10
1.01
1.0
2.0
4.50
1.63
1.16
2.15
 	 0:1(0:1)  
367	04/03
20:15	 Vitoria de Guimaraes
Academica	
0
0
1.63
2.15
2.5
2.15
1.62
2.35
3.05
3.05
1.33
1.33
1.53
1.5
1.0
2.35
1.90
1.52
1.80
 	 2:0(2:0)  
368	04/03
22:30	 Olhanense
Sporting de Braga	
+1.0
–1.0
1.72
2.00
2.5
1.75
1.96
5.30
3.75
1.60
2.20
1.23
1.12
1.0
1.5
2.25
1.67
1.57
2.07
 	 0:1(0:1)  
337	08/03
22:00	 Porto
Estoril-Praia	
–1.5
+1.5
1.75
1.96
3.0
2.10
1.65
1.25
5.40
11.00
1.01
1.12
3.55
2.0
1.0
1.65
5.00
2.10
1.14
 	 2:0(2:0)  
338	09/03
20:00	 Sporting de Braga
Maritimo	
–1.0
+1.0
1.85
1.85
2.5
1.71
2.02
1.53
3.85
6.00
1.09
1.22
2.34
2.0
1.0
2.15
2.40
1.63
1.50
 	 2:0(1:0)  
339	09/03
22:15	 Academica
Sporting Lisbon	
0
0
2.20
1.60
2.5
2.01
1.72
3.10
3.10
2.30
1.55
1.32
1.32
1.0
1.5
1.80
2.20
1.90
1.60
 	 1:1(1:0)  
341	10/03
18:00	 Nacional
Rio Ave	
0
0
1.47
2.50
2.5
1.80
1.90
2.10
3.15
3.50
1.26
1.31
1.65
 2.50
3.05
2.85
1.37
1.33
1.47
 	 1:1(1:0)  
342	10/03
20:00	 Pacos de Ferreira
Beira-Mar	
–1.0
+1.0
1.95
1.76
2.5
2.05
1.68
1.55
3.65
6.20
1.09
1.24
2.30
 2.50
3.05
2.85
1.37
1.33
1.47
 	 1:1(0:1)  
343	10/03
22:15	 Benfica
Gil Vicente	
–2.0
+2.0
1.85
1.85
3.0
1.80
1.90
1.18
6.40
13.00
1.01
1.08
4.35
 2.50
3.05
2.85
1.37
1.33
1.47
 	 5:0(3:0)  
344	11/03
22:00	 Vitoria de Setubal
Vitoria de Guimaraes	
0
0
1.73
2.00
2.5
2.15
1.63
2.50
3.05
2.85
1.37
1.33
1.47
 2.50
3.05
2.85
1.37
1.33
1.47
 	 2:3(0:1)  
299	15/03
22:00	 Gil Vicente
Sporting de Braga	
+1.0
–1.0
1.69
2.05
2.5
1.90
1.80
5.40
3.60
1.62
2.16
1.25
1.12
1.0
1.5
2.55
1.75
1.45
1.96
 	 1:3(0:1)  
300	16/03
19:00	 Olhanense
Pacos de Ferreira	
0
0
2.35
1.53
2.0
1.65
2.10
3.30
3.10
2.20
1.60
1.32
1.29
1.0
1.5
2.10
2.25
1.66
1.57
 	 1:2(1:2)  
301	16/03
21:15	 Sporting Lisbon
Vitoria de Setubal	
–1.0
+1.0
1.73
1.98
2.5
1.96
1.75
1.43
4.15
7.10
1.06
1.19
2.60
1.5
1.0
1.67
3.50
2.07
1.26
 	 2:1(2:1)  
302	17/03
18:00	 Beira-Mar
Nacional	
0
0
2.10
1.65
2.5
2.03
1.70
3.05
3.05
2.35
1.53
1.33
1.33
1.0
1.5
1.80
2.20
1.90
1.60
 	 2:2(1:0)  
303	17/03
18:00	 Estoril-Praia
Academica	
–1.0
+1.0
2.70
1.41
2.5
2.15
1.62
1.90
3.20
4.15
1.19
1.30
1.80
1.5
1.0
2.05
2.30
1.68
1.55
 	 2:0(2:0)  
304	17/03
18:00	 Rio Ave
Moreirense	
–1.0
+1.0
2.35
1.53
2.5
2.15
1.62
1.75
3.35
4.75
1.15
1.28
1.96
1.5
1.0
2.00
2.45
1.72
1.49
 	 0:1(0:0)  
305	17/03
20:00	 Maritimo
Porto	
+1.0
–1.0
2.10
1.65
2.5
1.90
1.80
7.60
4.25
1.40
2.75
1.18
1.05
1.0
1.5
3.90
1.60
1.21
2.19
 	 1:1(1:1)  
306	17/03
22:30	 Vitoria de Guimaraes
Benfica	
+1.5
–1.5
1.75
1.96
2.5
1.70
2.03
8.70
4.80
1.32
3.10
1.15
1.04
1.0
2.0
3.55
1.85
1.25
1.85
 	 0:4(0:1) 
20	29/03
22:00	 Pacos de Ferreira
Gil Vicente	
–1.0
+1.0
2.25
1.58
2.5
2.00
1.72
1.70
3.45
4.95
1.14
1.26
2.03
1.5
1.0
1.87
2.30
1.83
1.55
 	 3:2(2:1)  
321	30/03
18:00	 Beira-Mar
Olhanense	
0
0
1.57
2.24
2.0
1.62
2.16
2.25
3.10
3.20
1.30
1.32
1.57
1.5
1.0
2.25
2.00
1.57
1.72
 	 0:1(0:0)  
322	30/03
18:00	 Moreirense
Estoril-Praia	
0
0
1.96
1.75
2.0
1.62
2.16
2.80
3.00
2.55
1.45
1.34
1.38
1.0
1.5
1.85
2.50
1.85
1.47
 	 1:1(1:0)  
323	30/03
18:00	 Vitoria de Setubal
Maritimo	
0
0
2.00
1.72
2.5
2.15
1.62
2.90
3.05
2.45
1.49
1.33
1.36
1.0
1.5
1.80
2.35
1.90
1.52
 	 2:4(0:3)  
324	30/03
20:15	 Academica
Porto	
+1.5
–1.5
1.72
2.00
2.5
1.76
1.95
9.00
4.85
1.31
3.15
1.14
1.03
1.0
2.0
3.65
1.90
1.24
1.80
 	 0:3(0:1)  
325	30/03
22:30	 Benfica
Rio Ave	
–2.0
+2.0
2.00
1.72
3.0
2.00
1.72
1.17
6.60
13.00
 	
1.07
4.40
2.5
1.0
2.10
4.50
1.66
1.16
 	 6:1(3:0)  
326	01/04
20:15	 Nacional
Vitoria de Guimaraes	
–1.0
+1.0
2.45
1.49
2.5
1.80
1.90
1.85
3.35
4.15
1.19
1.28
1.85
 1.76
3.45
4.50
1.16
1.27
1.95
 	 2:1(1:1)  
327	01/04
22:30	 Sporting de Braga
Sporting Lisbon	
–1.0
+1.0
2.25
1.57
2.5
1.85
1.85
1.76
3.45
4.50
1.16
1.27
1.95
1.76
3.45
4.50
1.16
1.27
1.95 
 	 2:3(2:2)  
355	05/04
22:00	 Maritimo
Pacos de Ferreira	
0
0
1.67
2.07
2.5
2.05
1.68
2.40
3.10
2.95
1.35
1.32
1.51
1.5
1.0
2.25
1.80
1.57
1.90
 	 1:1(1:1)  
356	06/04
22:30	 Sporting Lisbon
Moreirense	
–1.0
+1.0
1.85
1.85
2.5
1.90
1.80
1.53
3.85
6.00
1.09
1.22
2.34
1.5
1.0
1.70
2.70
2.03
1.41
 	 3:2(1:0)  
357	07/04
18:00	 Estoril-Praia
Nacional	
0
0
1.53
2.35
2.5
1.90
1.80
2.17
3.15
3.30
1.29
1.32
1.62
 1.43
4.20
7.00
1.06
1.19
2.65
 	 4:0(3:0)  
359	07/04
19:00	 Rio Ave
Vitoria de Setubal	
–1.0
+1.0
2.30
1.55
2.5
2.05
1.68
1.75
3.35
4.75
1.15
1.28
1.96
 1.43
4.20
7.00
1.06
1.19
2.65
 	 2:1(2:1)  
360	07/04
20:00	 Vitoria de Guimaraes
Beira-Mar	
0
0
1.52
2.35
2.5
2.10
1.65
2.15
3.10
3.40
1.27
1.32
1.62
 1.43
4.20
7.00
1.06
1.19
2.65
 	 2:1(1:1)  
361	07/04
22:15	 Olhanense
Benfica	
+1.5
–1.5
1.95
1.75
3.0
2.00
1.72
10.00
5.50
1.25
3.55
1.11
1.01
 1.43
4.20
7.00
1.06
1.19
2.65
 	 0:2(0:0)  
362	08/04
22:00	 Porto
Sporting de Braga	
–1.0
+1.0
1.72
2.00
2.5
1.68
2.05
1.43
4.20
7.00
1.06
1.19
2.65
1.43
4.20
7.00
1.06
1.19
2.65 
 	 3:1(1:1)  
342	19/04
22:00	 Sporting de Braga
Academica	
–1.5
+1.5
2.15
1.62
2.5
1.70
2.03
1.38
4.35
8.00
1.04
1.18
2.80
2.0
1.0
2.00
2.85
1.72
1.37
 	 1:0(1:0)  
343	20/04
20:15	 Pacos de Ferreira
Rio Ave	
0
0
1.47
2.50
2.5
1.95
1.76
2.07
3.20
3.50
1.26
1.30
1.67
1.5
1.0
2.10
2.00
1.65
1.72
 	 2:1(0:0)  
344	20/04
22:30	 Moreirense
Porto	
+1.5
–1.5
2.00
1.72
2.5
1.70
2.03
10.00
5.60
1.25
3.55
1.11
1.02
1.0
2.0
4.70
1.75
1.15
1.96
 	 0:3(0:1)  
345	21/04
18:00	 Beira-Mar
Gil Vicente	
0
0
1.58
2.25
2.5
1.95
1.76
2.25
3.10
3.20
1.30
1.32
1.57
1.5
1.0
2.20
1.80
1.60
1.90
 	 1:0(0:0)  
346	21/04
18:00	 Nacional
Maritimo	
0
0
1.60
2.20
2.5
1.75
1.96
2.25
3.15
3.15
1.31
1.31
1.57
1.5
1.0
2.05
1.65
1.69
2.10
 	 2:1(0:0)  
347	21/04
18:00	 Vitoria de Setubal
Estoril-Praia	
0
0
2.35
1.53
2.5
1.95
1.76
3.35
3.15
2.15
1.62
1.31
1.28
1.0
1.5
1.90
2.15
1.80
1.63
 	 1:0(0:0)  
348	21/04
22:15	 Benfica
Sporting Lisbon	
–1.0
+1.0
1.70
2.03
2.5
1.75
1.96
1.40
4.30
7.50
1.06
1.18
2.75
2.0
1.0
2.02
2.85
1.71
1.37
 	 2:0(1:0)  
349	22/04
22:00	 Olhanense
Vitoria de Guimaraes	
0
0
1.72
2.00
2.5
2.10
1.65
2.45
3.10
2.85
1.37
1.32
1.50
 2.45
3.10
2.85
1.37
1.32
1.50
 	 1:2(0:2) 
325	26/04
22:00	 Estoril-Praia
Sporting de Braga	
0
0
2.30
1.55
2.5
1.90
1.80
3.25
3.15
2.20
1.60
1.31
1.29
1.0
1.5
1.80
2.15
1.90
1.63
 	 2:1(0:1)  
326	27/04
22:30	 Porto
Vitoria de Setubal	
–2.5
+2.5
1.85
1.85
3.5
2.05
1.69
1.10
8.50
18.00
 	
1.04
5.80
2.5
1.0
1.70
5.50
2.03
1.11
 	 2:0(0:0)  
327	28/04
18:00	 Vitoria de Guimaraes
Pacos de Ferreira	
0
0
2.25
1.57
2.5
2.00
1.72
3.20
3.10
2.25
1.57
1.32
1.30
1.0
1.5
1.85
2.20
1.85
1.60
 	 2:2(0:0)  
328	28/04
18:00	 Gil Vicente
Olhanense	
0
0
1.57
2.25
2.5
2.00
1.72
2.25
3.10
3.20
1.30
1.32
1.57
1.5
1.0
2.25
1.85
1.57
1.85
 	 2:0(1:0)  
329	28/04
18:00	 Rio Ave
Beira-Mar	
0
0
1.45
2.55
2.5
1.95
1.76
2.05
3.15
3.65
1.24
1.31
1.69
1.5
1.0
2.00
1.95
1.72
1.76
 	 2:1(0:1)  
330	28/04
20:00	 Sporting Lisbon
Nacional	
–1.0
+1.0
2.20
1.60
2.5
1.80
1.90
1.72
3.45
4.75
1.15
1.26
2.00
1.5
1.0
1.75
2.30
1.96
1.55
 	 2:1(1:0)  
331	28/04
22:15	 Academica
Moreirense	
0
0
1.47
2.50
2.5
2.00
1.72
2.05
3.20
3.55
1.25
1.30
1.68
1.5
1.0
2.10
2.05
1.65
1.68
 	 1:0(1:0)  
332	29/04
22:00	 Maritimo
Benfica	
+1.0
–1.0
2.03
1.70
2.5
1.75
1.96
6.95
4.20
1.43
2.65
1.19
1.07
 6.95
4.20
1.43
2.65
1.19
1.07
 	 1:2(1:1)  
275	03/05
22:00	 Moreirense
Sporting de Braga	
+1.0
–1.0
1.57
2.25
2.5
1.75
1.96
4.55
3.45
1.75
1.96
1.26
1.16
1.0
1.5
2.15
1.75
1.63
1.96
 	 2:3(0:2)  
276	04/05
22:30	 Nacional
Porto	
+1.5
–1.5
1.76
1.95
2.5
1.67
2.07
9.00
5.00
1.30
3.20
1.14
1.03
1.0
2.0
3.40
1.80
1.27
1.90
 	 1:3(1:3)  
277	05/05
18:00	 Beira-Mar
Maritimo	
0
0
1.71
2.01
2.5
2.10
1.65
2.45
3.05
2.90
1.36
1.33
1.50
 1.20
6.00
12.50
1.01
1.09
4.05
 	 4:2(2:2)  
278	05/05
18:00	 Olhanense
Rio Ave	
0
0
1.73
2.00
2.5
2.10
1.66
2.50
3.05
2.85
1.37
1.33
1.47
 1.20
6.00
12.50
1.01
1.09
4.05
 	 1:0(1:0)  
280	05/05
20:00	 Vitoria de Guimaraes
Gil Vicente	
0
0
1.48
2.50
2.5
2.03
1.70
2.10
3.15
3.50
1.26
1.31
1.65
 1.20
6.00
12.50
1.01
1.09
4.05
 	 3:1(1:1)  
281	05/05
22:15	 Pacos de Ferreira
Sporting Lisbon	
0
0
1.74
1.98
2.5
2.10
1.65
2.50
3.05
2.85
1.37
1.33
1.47
1.5
1.0
2.30
1.76
1.55
1.95
 	 1:0(0:0)  
282	06/05
22:00	 Benfica
Estoril-Praia	
–2.0
+2.0
2.10
1.65
3.5
2.35
1.52
1.20
6.00
12.50
1.01
1.09
4.05
 1.20
6.00
12.50
1.01
1.09
4.05
 	 1:1(0:0)  
315	11/05
20:15	 Academica
Pacos de Ferreira	
+0.25
-0.25
1.90
1.80 	
2.25
1.96
 	
1.75
 	
3.40
3.10
2.15
1.62
1.32
1.27
1.0
1.5
2.20
2.25
1.60
1.57
 	 1:1(0:0)  
316	11/05
20:15	 Estoril-Praia
Beira-Mar	
-0.75
+0.75
1.95
1.76 	
2.5
1.85
1.85
1.76
3.40
4.60
1.16
1.27
1.95
1.5
1.0
1.80
2.30
1.90
1.55
 	 2:1(1:1)  
317	11/05
20:15	 Maritimo
Vitoria de Guimaraes	
-0.25
+0.25
1.75
1.96 	
2.5
1.90
1.80
2.05
3.20
3.55
1.25
1.30
1.68
1.5
1.0
2.05
1.90
1.68
1.80
 	 1:0(1:0)  
318	11/05
20:15	 Moreirense
Vitoria de Setubal	
-0.75
+0.75
2.20
1.60 	
2.5
1.90
1.80
1.90
3.30
3.95
1.21
1.28
1.80
1.5
1.0
1.95
2.15
1.76
1.62
 	 2:1(1:1)  
319	11/05
20:15	 Rio Ave
Gil Vicente	
-0.25
+0.25
1.85
1.85 	
2.25
1.75
 	
1.96
 	
2.25
3.10
3.00
1.33
1.31
1.55
1.5
1.0
2.25
1.80
1.57
1.90
 	 2:1(1:0)  
320	11/05
20:15	 Sporting de Braga
Nacional	
-1.25
+1.25
1.80
1.90 	
3.0
1.90
1.80
1.42
4.25
7.10
1.06
1.18
2.65
2.0
1.0
1.85
2.45
1.85
1.49
 	 1:3(1:0)  
321	11/05
20:15	 Sporting Lisbon
Olhanense	
–1.0
+1.0
1.75
1.96  	
2.5
1.96
1.75
1.45
4.00
7.10
1.06
1.20
2.55
1.5
1.0
1.67
3.00
2.07
1.34
 	 1:0(0:0)  
322	11/05
22:30	 Porto
Benfica	
-0.25
+0.25
1.70
2.03 	
2.75
1.92
 	
1.78
 	
2.00
3.25
3.65
1.24
1.29
1.72
1.5
1.0
1.90
1.75
1.81
1.96
 	 2:1(1:1)  
205	19/05
20:30	 Benfica
Moreirense	
-2.25
+2.25
1.90
1.80 	
3.5
1.85
1.85
1.12
7.50
18.00
 	
1.05
5.30
2.5
1.0
1.55
3.45
2.30
1.26
 	 3:1(0:1)  
206	19/05
20:30	 Nacional
Academica	
-0.75
+0.75
2.25
1.57 	
2.75
1.96
 	
1.75
 	
1.96
3.30
3.75
1.23
1.29
1.75
1.5
1.0
1.85
1.80
1.85
1.90
 	 2:1(1:0)  
207	19/05
20:30	 Gil Vicente
Estoril-Praia	
+0.25
-0.25
1.62
2.15 	
2.5
1.90
1.80
2.70
3.15
2.55
1.45
1.31
1.41
1.0
1.5
1.60
2.25
2.19
1.57
 	 1:3(1:0)  
208	19/05
20:30	 Pacos de Ferreira
Porto	
+1.75
-1.75
1.75
1.96 	
2.75
1.75
 	
1.96
 	
12.00
5.60
1.23
3.75
1.11
1.01
1.0
2.0
3.50
1.60
1.26
2.20
 	 0:2(0:1)  
209	19/05
20:30	 Beira-Mar
Sporting Lisbon	
+0.25
-0.25
1.72
2.00 	
2.5
1.85
1.85
2.95
3.15
2.35
1.52
1.31
1.35
1.0
1.5
1.65
2.15
2.10
1.63
 	 1:4(0:3)  
210	19/05
20:30	 Olhanense
Maritimo	
-0.75
+0.75
1.96
1.75 	
2.5
1.95
1.76
1.75
3.40
4.65
1.15
1.27
1.96
1.5
1.0
1.85
2.20
1.85
1.60
 	 0:0(0:0)  
211	19/05
20:30	 Vitoria de Guimaraes
Rio Ave	
0
0
1.75
1.96  	
2.75
1.96
 	
1.75
 	
2.50
3.10
2.80
1.38
1.32
1.47
1.5
1.0
2.15
1.50
1.63
2.40
 	 0:1(0:0)  
212	19/05
20:30	 Vitoria de Setubal
Sporting de Braga	
+0.75
-0.75
1.65
2.10 	
2.75
1.96
 	
1.75
 	
4.00
3.30
1.90
1.80
1.29
1.20
1.0
1.5
2.00
1.75
1.72
1.96
 	 0:1(0:1)  
258	25/11
18:00	 Vitoria de Setubal
Rio Ave	
0
0
2.03
1.70
2.0
1.70
2.03
2.95
3.00
2.45
1.49
1.34
1.35
1.0
1.0
1.90
1.72
1.80
2.00
 	 3:5(1:4)  
219	09/12
18:00	 Gil Vicente
SC Beira-Mar	
0
0
1.46
2.50
  	
2.0
1.70
2.03
2.10
3.05
3.60
1.24
1.33
1.65
1.5
1.0
2.35
2.25
1.52
1.57
 	 1:2(0:1)
199	23/01
22:15	 Vitoria de Setubal
Porto	
+1.5
–1.5
1.90
1.80
3.0
1.90
1.80
11.00
5.70
1.22
3.80
1.10
1.01
1.0
2.5
4.50
2.00
1.16
1.72
 	 0:3(0:1) 
237	17/02
18:00	 Maritimo
Estoril-Praia	
0
0
1.57
2.25
2.5
2.07
1.67
2.25
3.10
3.20
1.30
1.32
1.57
1.5
1.0
2.25
1.85
1.57
1.85
 	 2:1(2:0) 
158	25/02
22:00	 Academica Coimbra
Maritimo	
0
0
1.67
2.07
2.5
2.10
1.65
2.40
3.05
3.00
1.34
1.33
1.51
1.5
1.0
2.30
1.80
1.55
1.90
 	 2:3(1:2)
258	10/03
18:00	 Moreirense
Olhanense	
0
0
1.50
2.40
2.0
1.70
2.03
2.15
3.10
3.40
1.27
1.32
1.62
1.5
1.0
2.30
2.20
1.55
1.60
 	 1:1(1:0)
270	07/04
18:00	 Gil Vicente
Academica Coimbra	
0
0
1.67
2.07
2.0
1.70
2.03
2.40
3.05
3.00
1.34
1.33
1.51
1.5
1.0
2.45
1.95
1.49
1.76
 	 2:1(0:1)
198	05/05
18:00	 Vitoria de Setubal
Academica Coimbra	
0
0
1.71
2.01
2.5
2.10
1.65
2.45
3.05
2.90
1.36
1.33
1.49
1.5
1.0
2.30
1.80
1.55
1.90
 	 0:1(0: