467	21/04
17:00	 Sion
Young Boys	
-0.25
+0.25
2.00
1.72
 
 	
2.25
1.80 	
1.90 	
2.45
3.10
3.00
1.35
1.33
1.50 
1.5 
2.75 
1.40
2.75 
1.40.
1.40
 	 0:0(0:0) 
410	03/11
20:45	 Basel
Young Boys	
-0.25
+0.25
1.55
2.29
 
 	
2.75
1.80
 	
1.90
 	
1.85
3.55
3.85
1.18
1.21
1.85
1.5
0.5
1.65
1.30
2.10
3.20
 	 2:0(2:0)  
411	03/11
20:45	 Grasshopper
FC Lausanne-Sport	
-0.75
+0.75
1.75
1.96
 
 	
2.5
1.80
1.90
1.60
3.90
4.15
1.16
1.18
2.20
1.5
0.5
1.65
1.65
2.10
2.10
 	 1:1(1:1)  
412	04/11
14:45	 Luzern
Servette	
-0.75
+0.75
1.80
1.90
 
 	
2.5
1.80
1.90
1.65
3.70
4.95
1.11
1.20
2.11
 
 	 1:1(0:0)  
413	04/11
14:45	 Thun
Zurich	
0
0
1.80
1.90
  	
2.5
1.95
1.76
2.55
3.20
2.65
1.37
1.26
1.45
 
 	 1:4(0:2)  
414	04/11
17:00	 St. Gallen
Sion	
-0.25
+0.25
1.90
1.80
 
 	
2.25
1.75
 	
1.96
 	
2.30
3.10
3.10
1.28
1.28
1.54
 
 	 0:3(0:1)  
431	17/11
20:45	 FC Lausanne-Sport
Thun	
0
0
2.00
1.72
  	
2.25
1.90
 	
1.80
 	
2.70
3.30
2.45
1.49
1.25
1.36
 
 	 3:0(2:0)  
432	17/11
20:45	 Zurich
Luzern	
-0.25
+0.25
1.55
2.29
 
 	
2.5
1.80
1.90
1.80
3.60
4.05
1.17
1.21
1.90
1.5
1.0
1.85
2.10
1.85
1.65
 	 0:2(0:1)  
433	18/11
14:45	 Servette
Sion	
+0.25
-0.25
1.80
1.90
 
 	
2.5
1.95
1.76
3.15
3.25
2.20
1.60
1.25
1.27
 
 	 0:2(0:1)  
434	18/11
14:45	 Young Boys
St. Gallen	
-0.75
+0.75
1.85
1.85
 
 	
2.25
1.55
 	
2.30
 	
1.65
3.70
4.90
1.11
1.20
2.11
 
 	 0:0(0:0)  
435	18/11
17:00	 Basel
Grasshopper	
-0.75
+0.75
1.85
1.85
 
 	
2.75
1.80
 	
1.90
 	
1.65
3.70
4.90
1.11
1.20
2.11
 
 	 4:0(1:0)
394	24/11
20:45	 Zurich
Servette	
–1.0
+1.0
1.85
1.85
  	
2.75
1.80
 	
1.90
 	
1.47
4.20
6.25
1.06
1.15
2.55
1.5
1.0
1.57
2.80
2.25
1.38
 	 0:2(0:0)  
395	24/11
20:45	 Sion
Grasshopper	
-0.25
+0.25
2.00
1.72
 
 	
2.25
1.75
 	
1.96
 	
2.35
3.20
2.90
1.32
1.26
1.52
1.5
1.5
2.10
2.70
1.65
1.40
 	 1:1(1:1)  
396	25/11
14:45	 St. Gallen
Luzern	
-0.25
+0.25
1.75
1.96
 
 	
2.25
1.75
 	
1.96
 	
2.05
3.20
3.55
1.21
1.26
1.68
 
 	 1:1(0:1)  
397	25/11
14:45	 FC Lausanne-Sport
Young Boys	
+0.25
-0.25
2.20
1.60
 
 	
2.25
1.75
 	
1.96
 	
3.80
3.45
1.90
1.80
1.23
1.19
 
 	 2:1(1:0)  
398	25/11
17:00	 Thun
Basel	
+0.25
-0.25
2.30
1.55
 
 	
2.75
1.75
 	
1.96
 	
4.20
3.70
1.75
1.96
1.20
1.15
 
 	 3:2(1:2) 
1033	01/12
20:45	 Basel
St. Gallen	
–1.0
+1.0
1.95
1.76
  	
2.75
1.75
 	
1.96
 	
1.55
3.90
5.50
1.08
1.18
2.35
1.5
1.0
1.55
2.20
2.30
1.60
 	 1:0(0:0)  
1034	01/12
20:45	 Luzern
FC Lausanne-Sport	
-0.75
+0.75
1.77
1.94
 
 	
2.5
1.75
1.96
1.60
3.80
5.30
1.09
1.19
2.20
1.5
1.0
1.80
2.30
1.90
1.55
 	 0:0(0:0)  
1035	02/12
14:45	 Servette
Thun	
0
0
1.90
1.80
  	
2.5
1.95
1.76
2.65
3.30
2.50
1.47
1.25
1.37
 
 	 0:0(0:0)  
1036	02/12
14:45	 Young Boys
Sion	
-0.25
+0.25
1.75
1.96
 
 	
2.5
1.80
1.90
2.00
3.40
3.50
1.22
1.23
1.72
 
 	 3:1(1:1)  
1037	02/12
17:00	 Grasshopper
Zurich	
-0.25
+0.25
2.00
1.72
 
 	
2.5
1.90
1.80
2.35
3.30
2.85
1.33
1.25
1.52
 
 	 1:0(1:0) 
428	09/02
20:45	 Young Boys
Luzern	
-0.25
+0.25
1.80
1.90
 
 	
2.5
1.80
1.90
2.10
3.25
3.40
1.23
1.25
1.65
1.5
1.0
2.00
1.75
1.72
1.96
 	 3:2(2:0)  
429	09/02
20:45	 Servette
Grasshopper	
+0.25
-0.25
1.85
1.85
 
 	
2.25
1.95
 	
1.76
 	
3.20
3.20
2.20
1.60
1.26
1.26
1.5
1.5
2.85
2.45
1.37
1.49
 	 0:1(0:0)  
430	10/02
14:45	 St. Gallen
Thun	
-0.25
+0.25
1.60
2.20
 
 	
2.25
1.72
 	
2.00
 	
1.85
3.45
4.00
1.17
1.23
1.85
 
 	 cancelled  
431	10/02
14:45	 Zurich
FC Lausanne-Sport	
-0.75
+0.75
1.85
1.85
 
 	
2.5
1.95
1.76
1.65
3.55
5.20
1.10
1.21
2.11
 
 	 2:0(1:0)  
432	10/02
17:00	 Basel
Sion	
–1.0
+1.0
1.95
1.76
  	
2.75
1.75
 	
1.96
 	
1.55
3.85
5.70
1.08
1.18
2.35
 
 	 3:0(1:0)  
359	16/02
20:45	 Grasshopper
Young Boys	
0
0
1.75
1.96
  	
2.5
1.95
1.76
2.45
3.30
2.70
1.36
1.25
1.49
1.5
1.5
2.40
2.55
1.50
1.45
 	 2:0(1:0)  
360	16/02
20:45	 Sion
St. Gallen	
-0.25
+0.25
1.80
1.90
 
 	
2.25
1.85
 	
1.85
 	
2.20
3.10
3.30
1.25
1.28
1.60
1.5
1.0
2.35
2.00
1.52
1.72
 	 1:0(0:0)  
361	17/02
14:45	 FC Lausanne-Sport
Basel	
+0.75
-0.75
1.85
1.85
 
 	
2.5
1.80
1.90
5.20
3.75
1.60
2.20
1.19
1.10
1.0
1.5
2.50
1.65
1.47
2.11
 	 1:2(0:2)  
362	17/02
14:45	 Luzern
Zurich	
-0.25
+0.25
1.90
1.80
 
 	
2.25
1.90
 	
1.80
 	
2.20
3.20
3.20
1.26
1.26
1.60
1.5
1.5
2.45
3.30
1.49
1.29
 	 1:1(1:0)  
363	17/02
17:00	 Thun
Servette	
-0.25
+0.25
1.65
2.11
 
 	
2.25
1.75
 	
1.96
 	
1.90
3.30
3.95
1.17
1.25
1.80
1.5
1.0
2.00
2.30
1.72
1.55
 	 1:1(0:1)  
371	23/02
20:45	 Servette
FC Lausanne-Sport	
-0.25
+0.25
1.95
1.76
 
 	
2.25
1.95
 	
1.76
 	
2.30
3.20
3.20
1.35
1.35
1.60
1.0
1.0
1.65
2.00
2.20
1.75
 	 1:0(0:0)  
372	23/02
20:45	 Zurich
Young Boys	
-0.25
+0.25
1.95
1.76
 
 	
2.5
1.85
1.90
2.30
3.40
3.05
1.38
1.32
1.62
1.5
1.0
2.20
1.65
1.65
2.20
 	 4:0(1:0)  
373	24/02
14:45	 St. Gallen
Luzern	
-0.25
+0.25
1.80
1.90
 
 	
2.25
1.90
 	
1.80
 	
2.15
3.15
3.40
1.26
1.35
1.65
1.5
1.5
2.20
3.05
1.60
1.33
 	 4:0(2:0)  
374	24/02
14:45	 Thun
Sion	
0
0
1.87
1.87
  	
2.25
1.87
 	
1.83
 	
2.65
3.20
2.65
1.45
1.33
1.45
1.0
1.0
1.75
1.75
2.05
2.05
 	 4:0(3:0)  
375	24/02
17:00	 Basel
Grasshopper	
-0.75
+0.75
1.75
1.96
 
 	
3.0
1.95
1.80
1.60
4.00
5.30
1.14
1.23
2.30
1.5
1.0
1.57
2.05
2.30
1.75
 	 0:0(0:0)  
392	02/03
20:45	 Zurich
Sion	
-0.25
+0.25
1.70
2.03
 
 	
2.25
1.90
 	
1.80
 	
1.95
3.40
3.80
1.25
1.27
1.85
1.5
1.0
2.00
2.00
1.75
1.75
 	 3:1(2:0)  
393	02/03
20:45	 Luzern
Thun	
-0.25
+0.25
1.87
1.83
 
 	
2.25
1.80
 	
1.90
 	
2.20
3.30
3.30
1.32
1.32
1.65
1.5
1.0
2.25
1.95
1.60
1.80
 	 0:0(0:0)  
394	03/03
14:45	 Young Boys
St. Gallen	
-0.25
+0.25
1.70
2.03
 
 	
2.5
1.85
1.90
1.95
3.50
3.70
1.25
1.28
1.80
1.5
1.0
1.95
1.90
1.80
1.85
 	 2:0(0:0)  
395	03/03
14:45	 Servette
Basel	
+0.75
-0.75
2.00
1.72
 
 	
2.5
1.90
1.85
5.50
3.75
1.60
2.25
1.25
1.13
1.0
1.5
2.65
1.75
1.45
2.00
 	 1:2(1:1)  
396	03/03
17:00	 FC Lausanne-Sport
Grasshopper	
+0.25
-0.25
1.80
1.90
 
 	
2.25
1.95
 	
1.76
 	
3.30
3.05
2.30
1.60
1.36
1.32
1.0
1.0
2.05
1.60
1.72
2.25
 	 0:0(0:0)
419	09/03
20:45	 Grasshopper
St. Gallen	
-0.25
+0.25
1.75
1.96
 
 	
2.25
1.90
 	
1.80
 	
2.05
3.30
3.70
1.26
1.32
1.75
1.5
1.0
2.25
2.20
1.62
1.65
 	 3:1(1:1)  
420	09/03
20:45	 Luzern
Servette	
-0.25
+0.25
1.62
2.16
 
 	
2.25
1.90
 	
1.80
 	
1.85
3.40
4.20
1.22
1.30
1.90
1.5
1.0
2.10
2.50
1.70
1.50
 	 1:1(1:1)  
421	10/03
14:45	 Thun
Zurich	
0
0
2.00
1.75
  	
2.25
1.87
 	
1.83
 	
2.85
3.20
2.50
1.52
1.33
1.40
1.0
1.0
1.80
1.70
1.95
2.10
 	 0:4(0:1)  
422	10/03
14:45	 Sion
FC Lausanne-Sport	
-0.75
+0.75
1.85
1.85
 
 	
2.25
1.85
 	
1.85
 	
1.65
3.60
5.20
1.13
1.27
2.20
1.5
1.0
1.90
2.80
1.85
1.40
 	 0:1(0:1)  
423	10/03
17:00	 Basel
Young Boys	
-0.75
+0.75
1.80
1.90
 
 	
2.75
1.85
 	
1.85
 	
1.65
3.80
4.70
1.15
1.25
2.20
1.5
1.0
1.65
2.10
2.15
1.70
 	 3:0(1:0)  
398	16/03
20:45	 St. Gallen
FC Lausanne-Sport	
-0.75
+0.75
1.95
1.76
 
 	
2.25
1.90
 	
1.80
 	
1.75
3.50
4.70
1.17
1.28
2.05
1.5
1.0
2.05
2.65
1.75
1.45
 	 3:1(3:1)  
399	16/03
20:45	 Servette
Zurich	
+0.25
-0.25
2.00
1.72
 
 	
2.25
1.80
 	
1.90
 	
3.60
3.40
2.05
1.75
1.32
1.28
1.0
1.5
2.05
2.15
1.75
1.65
 	 1:2(0:0)  
400	17/03
14:45	 Young Boys
Sion	
-0.25
+0.25
1.65
2.11
 
 	
2.5
1.90
1.85
1.90
3.50
4.10
1.23
1.30
1.90
1.5
1.0
1.95
2.05
1.80
1.72
 	 0:0(0:0)  
401	17/03
14:45	 Basel
Thun	
-1.25
+1.25
1.80
1.90
 
 	
2.75
1.75
 	
1.96
 	
1.36
4.80
8.20
1.06
1.17
3.05
2.0
1.0
1.80
2.90
2.00
1.40
 	 1:0(0:0)  
402	17/03
17:00	 Grasshopper
Luzern	
-0.75
+0.75
1.95
1.76
 
 	
2.25
1.75
 	
1.96
 	
1.75
3.60
4.70
1.18
1.28
2.05
1.5
1.0
1.90
2.40
1.85
1.53
 	 0:0(0:0) 
458	30/03
18:45	 Sion
Servette	
-0.75
+0.75
2.05
1.68
 
 	
2.25
1.95
 	
1.76
 	
1.80
3.50
4.50
1.20
1.30
2.00
1.5
1.0
2.10
2.65
1.70
1.45
 	 1:1(0:0)  
459	30/03
20:45	 Thun
Grasshopper	
0
0
1.95
1.85
  	
2.25
1.90
 	
1.80
 	
2.75
3.15
2.60
1.47
1.35
1.42
1.0
1.0
1.80
1.75
1.95
2.00
 	 1:0(1:0)  
460	30/03
20:45	 Zurich
St. Gallen	
-0.25
+0.25
1.70
2.03
 
 	
2.25
1.75
 	
1.96
 	
1.95
3.40
3.90
1.25
1.30
1.85
1.5
1.0
2.05
2.10
1.72
1.70
 	 1:3(0:0)  
461	01/04
14:45	 FC Lausanne-Sport
Young Boys	
0
0
2.05
1.75
  	
2.25
1.80
 	
1.95
 	
2.90
3.10
2.50
1.50
1.34
1.38
1.0
1.0
1.80
1.65
2.00
2.20
 	 0:0(0:0)  
462	01/04
14:45	 Luzern
Basel	
+0.25
-0.25
2.15
1.63
 
 	
2.5
1.95
1.80
4.00
3.50
1.90
1.90
1.30
1.23
1.0
1.5
2.10
2.00
1.70
1.75
 	 0:4(0:1) 
416	06/04
20:45	 Zurich
Grasshopper	
-0.25
+0.25
2.05
1.72
 
 	
2.25
1.87
 	
1.87
 	
2.45
3.20
2.90
1.40
1.33
1.53
1.0
1.0
1.65
1.85
2.15
1.90
 	 2:4(1:2)  
417	06/04
20:45	 Sion
Luzern	
-0.25
+0.25
1.85
1.85
 
 	
2.25
1.92
 	
1.78
 	
2.15
3.30
3.40
1.30
1.32
1.67
1.5
1.0
2.35
2.10
1.57
1.70
 	 2:1(1:0)  
418	07/04
14:45	 FC Lausanne-Sport
Thun	
0
0
1.75
2.00
  	
2.0
1.85
1.90
2.50
3.15
2.85
1.40
1.33
1.50
1.0
1.0
1.90
2.05
1.85
1.72
 	 2:4(2:2)  
419	07/04
14:45	 Young Boys
Servette	
–1.0
+1.0
2.00
1.80
  	
2.5
1.87
1.87
1.57
3.90
6.00
1.12
1.25
2.40
1.5
1.0
1.72
2.65
2.05
1.45
 	 0:2(0:0)  
420	07/04
17:00	 St. Gallen
Basel	
+0.25
-0.25
2.00
1.72
 
 	
2.5
1.87
1.87
3.40
3.40
2.10
1.72
1.30
1.32
1.0
1.5
1.80
2.05
1.95
1.72
 	 1:1(0:0) 
390	13/04
20:45	 Luzern
FC Lausanne-Sport	
-0.75
+0.75
2.00
1.72
 
 	
2.0
1.75
1.96
1.75
3.25
5.10
1.13
1.32
2.00
1.5
1.0
2.00
2.50
1.72
1.47
 	 1:0(0:0)  
391	13/04
20:45	 Servette
St. Gallen	
+0.25
-0.25
1.85
1.85
 
 	
2.25
1.90
 	
1.80
 	
3.45
3.05
2.20
1.65
1.37
1.28
1.5
1.5
3.10
2.25
1.32
1.57
 	 1:3(0:2)  
392	14/04
14:45	 Basel
Zurich	
-0.75
+0.75
1.87
1.83
 
 	
2.75
1.95
 	
1.76
 	
1.70
3.70
4.80
1.16
1.27
2.10
1.5
1.0
1.72
2.15
2.05
1.65
 	 3:1(0:1)  
393	14/04
14:45	 Young Boys
Thun	
-0.25
+0.25
1.62
2.16
 
 	
2.25
1.77
 	
1.94
 	
1.90
3.40
4.10
1.22
1.32
1.90
1.5
1.0
2.05
2.25
1.72
1.60
 	 1:2(1:1)  
394	14/04
17:00	 Grasshopper
Sion	
-0.75
+0.75
1.95
1.76
 
 	
2.25
1.90
 	
1.80
 	
1.75
3.50
4.70
1.17
1.28
2.05
1.5
1.0
2.05
2.65
1.75
1.45
 	 1:1(1:0)  
463	20/04
20:45	 Zurich
Servette	
-0.75
+0.75
1.75
1.96
 
 	
2.5
1.85
1.90
1.60
3.90
5.50
1.13
1.25
2.30
1.5
1.0
1.72
2.50
2.05
1.50
 	 4:0(1:0)  
464	20/04
20:45	 FC Lausanne-Sport
St. Gallen	
+0.25
-0.25
1.80
1.95
 
 	
2.25
1.90
 	
1.85
 	
3.10
3.10
2.35
1.55
1.35
1.32
1.5
1.5
2.95
2.35
1.35
1.52
 	 1:3(1:1)  
465	21/04
14:45	 Thun
Basel	
+0.25
-0.25
2.05
1.75
 
 	
2.5
1.85
1.90
3.60
3.50
2.00
1.80
1.30
1.27
1.0
1.5
1.87
1.95
1.87
1.80
 	 2:2(0:1)  
466	21/04
14:45	 Luzern
Grasshopper	
0
0
1.95
1.85
  	
2.25
1.85
 	
1.85
 	
2.75
3.25
2.60
1.50
1.35
1.45
1.0
1.0
1.75
1.70
2.00
2.10
 	 1:1(1:1)  
390	27/04
20:45	 Servette
Sion	
0
0
2.00
1.75
  	
2.0
1.75
2.00
2.90
3.05
2.50
1.50
1.35
1.38
1.0
1.0
1.95
1.75
1.80
2.00
 	 cancelled  
391	27/04
20:45	 Grasshopper
Thun	
-0.75
+0.75
2.10
1.66
 
 	
2.25
1.88
 	
1.82
 	
1.85
3.40
4.30
1.20
1.30
1.90
1.5
1.0
2.10
2.40
1.70
1.53
 	 0:2(0:1)  
392	28/04
14:45	 Young Boys
FC Lausanne-Sport	
–1.0
+1.0
1.90
1.85
  	
2.25
1.80
 	
1.90
 	
1.53
3.80
6.50
1.10
1.25
2.40
1.5
1.0
1.75
3.20
2.00
1.32
 	 3:1(1:0)  
393	28/04
14:45	 Basel
Luzern	
–1.0
+1.0
1.85
1.85
  	
2.75
1.87
 	
1.83
 	
1.50
4.25
5.85
1.11
1.20
2.45
1.5
1.0
1.50
2.40
2.40
1.50
 	 0:3(0:2)  
394	28/04
17:00	 St. Gallen
Zurich	
-0.25
+0.25
1.85
1.85
 
 	
2.5
1.87
1.87
2.15
3.35
3.40
1.32
1.32
1.70
1.5
1.0
2.05
1.80
1.72
1.95
 	 1:2(0:1)
315	03/05
20:45	 FC Lausanne-Sport
Zurich	
+0.75
-0.75
1.75
2.00
 
 	
2.5
1.95
1.80
4.40
3.60
1.80
2.00
1.28
1.20
1.0
1.5
2.25
1.90
1.60
1.85
 	 1:1(1:0)  
316	04/05
20:45	 St. Gallen
Young Boys	
-0.25
+0.25
1.85
1.85
 
 	
2.25
1.75
 	
1.96
 	
2.15
3.30
3.40
1.30
1.32
1.67
1.5
1.0
2.20
1.95
1.62
1.80
 	 3:1(0:1)  
317	04/05
20:45	 Grasshopper
Servette	
–1.0
+1.0
1.80
1.95
  	
2.25
1.75
 	
1.96
 	
1.47
4.15
6.95
1.07
1.23
2.65
1.5
1.5
1.67
4.40
2.10
1.17
 	 2:0(0:0)  
318	05/05
14:45	 Sion
Basel	
+0.25
-0.25
2.15
1.63
 
 	
2.5
1.80
1.95
3.90
3.50
1.90
1.85
1.28
1.23
1.0
1.5
1.90
1.87
1.85
1.87
 	 0:1(0:1)  
319	05/05
17:00	 Thun
Luzern	
-0.25
+0.25
1.72
2.00
 
 	
2.5
1.87
1.87
2.00
3.50
3.60
1.28
1.30
1.80
1.5
1.0
2.00
1.90
1.75
1.85
 	 1:1(0:0) 
191	07/05
20:45	 Young Boys
Grasshopper	
0
0
1.80
1.95
  	
2.25
1.75
 	
2.00
 	
2.55
3.30
2.75
1.45
1.32
1.50
 	 4:0(1:0)  
192	08/05
20:45	 FC Lausanne-Sport
Sion	
+0.25
-0.25
1.75
1.96
 
 	
2.25
1.97
 	
1.74
 	
3.00
3.20
2.35
1.55
1.32
1.36
 	 1:3(1:2)  
193	08/05
20:45	 Luzern
St. Gallen	
0
0
1.80
1.95
  	
2.25
1.75
 	
1.96
 	
2.50
3.30
2.75
1.42
1.32
1.50
 	 2:0(1:0)  
194	08/05
21:30	 Zurich
Basel	
+0.25
-0.25
1.80
1.90
 
 	
2.5
1.80
1.95
3.00
3.50
2.25
1.62
1.30
1.37
 	 3:1(0:1)  
195	09/05
20:45	 Servette
Thun	
0
0
2.00
1.75
  	
2.25
1.87
 	
1.83
 	
2.85
3.20
2.50
1.52
1.33
1.40
 	 2:0(0:0)  
346	11/05
20:45	 St. Gallen
Sion	
-0.25
+0.25
1.72
2.00
 
 	
2.25
1.80
 	
1.90
 	
2.00
3.40
3.80
1.27
1.32
1.80
1.5
1.0
2.10
2.10
1.70
1.70
 	 5:0(3:0)  
347	11/05
20:45	 Luzern
Young Boys	
0
0
1.72
2.05
  	
2.5
1.95
1.80
2.40
3.30
2.85
1.40
1.30
1.53
1.5
1.0
2.30
1.72
1.58
2.05
 	 3:1(1:1)  
348	12/05
14:45	 Basel
Servette	
-1.75
+1.75
1.95
1.76
 
 	
3.0
1.90
1.85
1.25
5.70
12.00
1.03
1.13
3.90
2.5
1.0
2.10
3.50
1.70
1.28
 	 2:0(2:0)  
349	12/05
14:45	 Thun
FC Lausanne-Sport	
-0.75
+0.75
1.87
1.83
 
 	
2.5
1.80
1.95
1.70
3.75
5.00
1.17
1.27
2.15
1.5
1.0
1.75
2.25
2.00
1.60
 	 2:0(0:0)  
350	12/05
17:00	 Grasshopper
Zurich	
0
0
1.80
1.95
  	
2.5
1.95
1.80
2.55
3.25
2.75
1.42
1.33
1.47
1.5
1.5
2.30
2.40
1.55
1.50
 	 0:1(0:0)  
213	16/05
20:45	 Basel
FC Lausanne-Sport	
–2.0
+2.0
1.90
1.85
  	
3.25
1.95
 	
1.80
 	
1.18
7.00
15.00
1.01
1.10
4.80
2.5
1.0
1.80
4.00
1.95
1.22
 	 2:0(1:0)  
214	16/05
20:45	 Sion
Grasshopper	
+0.25
-0.25
1.90
1.80
 
 	
2.25
1.75
 	
1.96
 	
3.40
3.20
2.15
1.65
1.33
1.27
1.0
1.5
1.96
2.10
1.75
1.65
 	 0:4(0:2)  
215	17/05
21:30	 Thun
St. Gallen	
0
0
1.87
1.87
  	
2.25
1.75
 	
1.96
 	
2.65
3.20
2.65
1.45
1.33
1.45
1.0
1.0
1.75
1.75
2.00
2.00
 	 3:0(2:0)  
216	18/05
20:45	 Zurich
Luzern	
-0.75
+0.75
1.95
1.76
 
 	
2.5
1.85
1.90
1.75
3.70
4.50
1.20
1.27
2.05
1.5
1.0
1.80
2.15
1.95
1.65
 	 4:1(1:0)  
217	18/05
20:45	 Servette
Young Boys	
0
0
1.87
1.87
  	
2.5
1.90
1.85
2.65
3.20
2.65
1.45
1.33
1.45
1.0
1.0
1.62
1.62
2.25
2.25
 	 0:1(0:1)  
236	25/05
18:45	 FC Lausanne-Sport
Luzern	
0
0
1.87
1.87
  	
2.5
1.90
1.85
2.65
3.20
2.65
1.45
1.33
1.45
1.0
1.0
1.62
1.62
2.25
2.25
 	 3:0(1:0)  
237	25/05
18:45	 Sion
Thun	
+0.75
-0.75
1.80
1.95
 
 	
2.5
1.87
1.87
4.50
3.70
1.75
2.05
1.27
1.20
1.0
1.5
2.20
1.85
1.62
1.90
 	 0:1(0:0)  
238	26/05
14:45	 St. Gallen
Servette	
-0.75
+0.75
1.75
1.96
 
 	
2.75
1.95
 	
1.76
 	
1.62
3.80
5.50
1.14
1.25
2.25
1.5
1.0
1.65
2.30
2.15
1.57
 	 4:1(2:0)  
239	26/05
14:45	 Young Boys
Zurich	
0
0
1.90
1.85
  	
2.5
1.85
1.90
2.65
3.40
2.55
1.50
1.30
1.47
1.0
1.0
1.60
1.57
2.25
2.35
 	 2:4(1:2)  
240	26/05
17:15	 Grasshopper
Basel	
+0.25
-0.25
1.75
1.96
 
 	
2.5
1.85
1.90
2.90
3.40
2.40
1.57
1.32
1.42
1.0
1.5
1.62
2.20
2.20
1.62
 	 1:0(0:0)  
138	29/05
21:30	 Zurich
Thun	
-0.75
+0.75
2.00
1.72
 
 	
2.75
1.90
 	
1.80
 	
1.80
3.60
4.20
1.20
1.27
1.95
1.5
1.0
1.80
1.95
1.95
1.80
 	 2:0(0:0)  
139	29/05
21:30	 St. Gallen
Grasshopper	
-0.25
+0.25
1.90
1.85
 
 	
2.5
1.80
1.95
2.20
3.50
3.10
1.35
1.30
1.65
1.5
1.0
2.05
1.70
1.72
2.10
 	 1:2(1:1)  
140	29/05
21:30	 FC Lausanne-Sport
Servette	
-0.25
+0.25
2.00
1.75
 
 	
2.5
1.95
1.80
2.35
3.30
3.00
1.37
1.32
1.57
1.5
1.0
2.30
1.75
1.60
2.05
 	 3:0(3:0)  
518	29/05
21:30	 Young Boys
Basel	
+1.0
–1.0
1.95
1.80
  	
3.0
1.87
1.87
6.00
4.50
1.50
2.60
1.20
1.13
1.0
2.0
2.15
1.87
1.65
1.87
 	 0:1(0:0)  
693	29/05
21:30	 Luzern
Sion	
–1.0
+1.0
2.00
1.75
  	
2.75
1.85
 	
1.90
 	
1.60
4.00
5.30
1.14
1.23
2.30
1.5
1.0
1.62
2.20
2.20
1.65
 	 2:0(1:0) 
177	01/06
21:30	 Grasshopper
FC Lausanne-Sport	
–1.5
+1.5
1.90
1.85
  	
3.0
1.87
1.87
1.32
5.20
9.00
1.05
1.15
3.30
2.0
1.0
1.65
2.90
2.15
1.38
 	 4:1(1:0)  
178	01/06
21:30	 Thun
Young Boys	
-0.25
+0.25
1.80
1.95
 
 	
2.75
1.95
 	
1.80
 	
2.10
3.40
3.40
1.30
1.30
1.70
1.5
1.0
1.95
1.72
1.80
2.05
 	 2:2(0:1)  
179	01/06
21:30	 Basel
St. Gallen	
–1.0
+1.0
1.90
1.85
  	
3.25
1.95
 	
1.80
 	
1.57
4.20
5.20
1.14
1.22
2.35
2.0
1.0
1.80
1.80
1.95
1.95
 	 1:0(1:0)  
180	01/06
21:30	 Servette
Luzern	
0
0
1.87
1.87
  	
2.75
1.95
 	
1.80
 	
2.60
3.30
2.60
1.46
1.30
1.36
1.5
1.5
2.25
2.25
1.62
1.62
 	 3:4(3:1)  
652	01/06
21:30	 Sion
Zurich	
+0.75
-0.75
1.90
1.85
 
 	
2.75
1.95
 	
1.80
 	
5.30
3.70
1.65
2.15
1.25
1.12
1.5
1.5
3.55
1.60
1.25
2.20
 	 4:2(0:0) 