1060	11/09
21:30	 Borussia Monchengladbach
Hamburg	
–1.0
+1.0
2.10
1.72
2.5
1.75
2.05
1.67
4.00
5.00
1.18
1.25
2.22
1.5
1.0
1.70
2.35
2.15
1.60
 	 0:3(0:2)  
1058	12/09
16:30	 Bayern Munich
FC Augsburg	
–2.5
+2.5
2.10
1.72
3.5
2.10
1.72
1.13
8.50
20.00
1.01
1.07
6.00
2.5
1.0
1.72
6.50
2.15
1.11
 	 2:1(0:1)  
1059	12/09
16:30	 Bayer Leverkusen
SV Darmstadt 1998	
–1.5
+1.5
1.75
2.10
3.0
2.15
1.70
1.25
6.00
12.00
1.03
1.13
4.00
2.0
1.0
1.65
5.50
2.20
1.16
 	 0:1(0:1)  
1061	12/09
16:30	 Hannover 96
Borussia Dortmund	
+1.0
–1.0
2.10
1.72
3.0
1.97
1.83
7.50
4.50
1.44
2.81
1.21
1.09
1.0
2.0
2.50
1.87
1.53
1.93
 	 2:4(1:2)  
1062	12/09
16:30	 Hertha
VfB Stuttgart	
0
0
1.80
2.00
2.5
1.83
2.00
2.50
3.35
2.85
1.44
1.33
1.55
1.5
1.0
2.25
1.60
1.65
2.35
 	 2:1(2:1)  
1063	12/09
16:30	 Ingolstadt 04
Wolfsburg	
+1.0
–1.0
1.53
2.50
2.5
1.75
2.05
4.00
3.70
1.87
1.95
1.28
1.25
1.0
1.5
2.00
1.83
1.80
2.00
 	 0:0(0:0)  
1057	12/09
19:30	 Eintracht Frankfurt
Cologne	
0
0
1.65
2.25
2.5
1.87
1.93
2.30
3.40
3.10
1.37
1.32
1.65
1.5
1.0
2.20
1.75
1.67
2.05
 	 6:2(4:1)  
1064	13/09
16:30	 Hoffenheim
Werder Bremen	
–1.0
+1.0
2.60
1.50
3.0
1.85
1.95
1.97
3.70
3.65
1.30
1.28
1.85
1.5
1.0
1.70
1.62
2.15
2.30
 	 1:3(0:1)  
1065	13/09
18:30	 Schalke 04
Mainz 05	
–1.0
+1.0
2.45
1.55
2.5
1.75
2.05
1.85
3.70
4.20
1.23
1.28
1.97
1.5
1.0
1.80
2.00
2.00
1.80
 	 2:1(1:1)  
1067	19/09
16:30	 Wolfsburg
Hertha	
–1.5
+1.5
2.05
1.77
3.0
2.00
1.80
1.37
5.00
8.00
1.08
1.16
3.20
2.0
1.0
1.80
3.10
2.05
1.37
 	 2:0(0:0)  
1069	19/09
16:30	 SV Darmstadt 1998
Bayern Munich	
+2.0
–2.0
2.10
1.72
3.5
2.15
1.70
18.00
8.00
1.14
6.50
1.07
1.01
1.0
2.5
5.50
1.75
1.14
2.05
 	 0:3(0:1)  
1072	20/09
16:30	 VfB Stuttgart
Schalke 04	
0
0
1.90
1.90
3.0
2.05
1.77
2.60
3.50
2.60
1.50
1.32
1.50
1.5
1.5
2.10
2.10
1.72
1.72
 	 0:1(0:0)  
4108	22/09
21:00	 Bayern Munich
Wolfsburg	
–2.0
+2.0
2.05
1.75
3.0
1.77
2.05
1.25
6.50
11.00
1.05
1.12
4.09
2.5
1.0
1.95
4.00
1.85
1.23
 	 5:1(0:1)  
4109	22/09
21:00	 Hertha
Cologne	
0
0
1.77
2.05
2.5
2.05
1.77
2.50
3.30
2.90
1.42
1.35
1.55
1.0
1.0
1.62
1.80
2.30
2.00
 	 2:0(1:0)  
4110	22/09
21:00	 SV Darmstadt 1998
Werder Bremen	
0
0
2.05
1.80
2.5
1.97
1.83
2.85
3.35
2.50
1.55
1.33
1.44
1.0
1.0
1.72
1.60
2.10
2.35
 	 2:1(1:1)  
4122	22/09
21:00	 Ingolstadt 04
Hamburg	
0
0
1.67
2.20
2.5
2.20
1.67
2.40
3.20
3.10
1.37
1.35
1.60
1.0
1.0
1.65
2.00
2.25
1.80
 	 0:1(0:0)  
4151	23/09
21:00	 Bayer Leverkusen
Mainz 05	
–1.0
+1.0
1.72
2.10
3.0
1.90
1.90
1.45
4.70
6.70
1.11
1.19
2.75
2.0
1.0
1.85
2.45
1.95
1.57
 	 1:0(0:0)  
4123	23/09
21:00	 Borussia Monchengladbach
FC Augsburg	
0
0
1.55
2.45
2.5
2.00
1.80
2.15
3.40
3.40
1.32
1.33
1.70
1.5
1.0
2.20
1.97
1.67
1.83
 	 4:2(4:0)  
4124	23/09
21:00	 Hannover 96
VfB Stuttgart	
0
0
2.10
1.75
3.0
2.15
1.70
2.85
3.50
2.40
1.60
1.30
1.44
1.5
1.5
2.30
2.05
1.62
1.75
 	 1:3(1:2)  
4125	23/09
21:00	 Hoffenheim
Borussia Dortmund	
+1.5
–1.5
1.83
1.97
3.5
2.00
1.80
9.00
5.00
1.35
3.22
1.17
1.06
1.0
2.5
2.15
2.05
1.70
1.77
 	 1:1(1:0)  
4126	23/09
21:00	 Schalke 04
Eintracht Frankfurt	
–1.0
+1.0
2.25
1.62
3.0
1.85
1.95
1.80
4.00
4.10
1.25
1.25
2.05
2.0
1.0
2.20
1.75
1.67
2.05
 	 2:0(0:0)  
4754	25/09
21:30	 Cologne
Ingolstadt 04	
–1.0
+1.0
2.55
1.53
2.5
2.10
1.72
1.85
3.45
4.50
1.22
1.32
1.97
1.5
1.0
2.05
2.60
1.77
1.50
 	 1:1(1:1)  
4757	26/09
16:30	 FC Augsburg
Hoffenheim	
0
0
1.53
2.50
2.5
1.75
2.05
2.15
3.45
3.40
1.32
1.32
1.75
1.5
1.0
1.97
1.75
1.83
2.05
 	 1:3(1:1)  
4758	26/09
16:30	 Werder Bremen
Bayer Leverkusen	
+1.0
–1.0
1.48
2.65
2.5
1.72
2.10
3.70
3.70
1.95
1.87
1.28
1.28
1.0
1.5
1.85
1.85
1.95
1.95
 	 0:3(0:1)  
4759	26/09
16:30	 Wolfsburg
Hannover 96	
–1.0
+1.0
1.80
2.00
3.0
2.00
1.80
1.47
4.70
6.50
1.12
1.20
2.73
2.0
1.0
1.97
2.45
1.83
1.57
 	 1:1(1:0)  
4760	26/09
16:30	 Mainz 05
Bayern Munich	
+1.5
–1.5
2.10
1.75
3.0
1.90
1.90
13.00
6.40
1.22
4.29
1.12
1.02
1.0
2.5
4.00
2.10
1.23
1.72
 	 0:3(0:0)  
4761	26/09
16:30	 VfB Stuttgart
Borussia Monchengladbach	
0
0
1.53
2.50
2.5
1.75
2.05
2.15
3.45
3.40
1.32
1.32
1.75
1.5
1.0
1.97
1.75
1.83
2.05
 	 1:3(1:2)  
4763	26/09
19:30	 Hamburg
Schalke 04	
0
0
2.20
1.67
2.5
1.77
2.05
3.00
3.50
2.30
1.62
1.32
1.40
1.0
1.5
1.65
2.10
2.25
1.72
 	 0:1(0:0)  
4794	27/09
18:30	 Borussia Dortmund
SV Darmstadt 1998	
–2.0
+2.0
1.72
2.10
3.5
2.00
1.80
1.15
8.00
17.00
1.01
1.07
6.00
2.5
1.0
1.70
4.70
2.15
1.20
 	 2:2(0:1)  
7547	02/10
21:30	 SV Darmstadt 1998
Mainz 05	
0
0
2.20
1.67
2.5
2.05
1.77
3.05
3.30
2.35
1.60
1.35
1.38
1.0
1.5
1.87
2.40
1.93
1.57
 	 2:3(1:2)  
7548	03/10
16:30	 Borussia Monchengladbach
Wolfsburg	
0
0
1.95
1.85
2.5
1.77
2.05
2.75
3.35
2.55
1.53
1.33
1.46
1.5
1.5
2.35
2.25
1.60
1.65
 	 2:0(0:0)  
7549	03/10
16:30	 Hannover 96
Werder Bremen	
0
0
1.87
1.93
2.5
1.75
2.05
2.55
3.50
2.65
1.50
1.32
1.53
1.5
1.5
2.25
2.30
1.65
1.62
 	 1:0(0:0)  
7563	03/10
16:30	 Hertha
Hamburg	
0
0
1.53
2.50
2.5
2.10
1.72
2.15
3.30
3.50
1.32
1.35
1.72
1.5
1.0
2.30
2.10
1.62
1.72
 	 3:0(1:0)  
7564	03/10
16:30	 Ingolstadt 04
Eintracht Frankfurt	
0
0
1.80
2.05
2.5
2.00
1.80
2.50
3.30
2.85
1.44
1.33
1.55
1.0
1.0
1.60
1.75
2.35
2.10
 	 2:0(0:0)  
7565	03/10
16:30	 Hoffenheim
VfB Stuttgart	
0
0
1.85
1.95
3.0
1.77
2.05
2.50
3.75
2.60
1.53
1.27
1.55
1.5
1.5
1.90
1.95
1.90
1.85
 	 2:2(1:0)  
7566	04/10
16:30	 Schalke 04
Cologne	
–1.0
+1.0
2.25
1.65
2.5
1.72
2.10
1.75
3.80
4.60
1.20
1.27
2.10
1.5
1.0
1.72
2.10
2.10
1.75
 	 0:3(0:1)  
7567	04/10
18:30	 Bayern Munich
Borussia Dortmund	
–1.0
+1.0
1.80
2.00
3.0
1.83
1.97
1.50
4.60
6.00
1.13
1.20
2.60
2.0
1.0
1.87
2.15
1.93
1.70
 	 5:1(2:1)  
7568	04/10
18:30	 Bayer Leverkusen
FC Augsburg	
–1.5
+1.5
2.05
1.77
3.0
2.00
1.80
1.37
5.00
8.50
1.08
1.18
3.15
2.0
1.0
1.77
3.05
2.05
1.38
 	 1:1(1:1)  
7579	16/10
21:30	 Mainz 05
Borussia Dortmund	
+1.5
–1.5
1.75
2.05
3.0
1.80
2.00
7.00
5.00
1.40
3.05
1.16
1.10
1.0
2.0
2.50
1.70
1.53
2.15
 	 0:2(0:1)  
7581	17/10
16:30	 Werder Bremen
Bayern Munich	
+2.0
–2.0
1.85
1.95
3.5
2.00
1.80
13.00
7.00
1.20
4.55
1.10
1.02
1.0
2.5
3.50
1.80
1.30
2.00
 	 0:1(0:1)  
7582	17/10
16:30	 Wolfsburg
Hoffenheim	
–1.0
+1.0
2.10
1.75
3.0
1.90
1.90
1.62
4.10
5.20
1.16
1.24
2.30
2.0
1.0
2.10
1.95
1.75
1.85
 	 4:2(2:1)  
7584	17/10
16:30	 Schalke 04
Hertha	
–1.0
+1.0
2.10
1.72
2.5
1.75
2.05
1.67
3.90
5.00
1.17
1.27
2.25
1.5
1.0
1.70
2.35
2.15
1.60
 	 2:1(1:0)  
7585	17/10
19:30	 Eintracht Frankfurt
Borussia Monchengladbach	
0
0
1.75
2.10
2.5
1.70
2.15
2.40
3.55
2.85
1.44
1.30
1.60
1.5
1.5
2.10
2.35
1.75
1.60
 	 1:5(1:1)  
7586	18/10
16:30	 Cologne
Hannover 96	
–1.0
+1.0
2.50
1.53
2.5
1.95
1.85
1.85
3.55
4.30
1.22
1.30
1.97
1.5
1.0
1.95
2.35
1.87
1.60
 	 0:1(0:1)  
7587	18/10
18:30	 VfB Stuttgart
Ingolstadt 04	
–1.0
+1.0
2.25
1.65
2.5
1.72
2.10
1.75
3.80
4.50
1.20
1.27
2.10
1.5
1.0
1.72
2.15
2.10
1.70
 	 1:0(0:0)  
5852	23/10
21:30	 Hoffenheim
Hamburg	
–1.0
+1.0
2.70
1.47
2.5
1.80
2.00
1.95
3.60
3.90
1.27
1.30
1.87
1.5
1.0
1.90
1.95
1.90
1.85
 	 0:1(0:0)  
5853	24/10
16:30	 Bayern Munich
Cologne	
–2.5
+2.5
2.00
1.80
3.5
1.97
1.83
1.12
9.00
20.00
 	
1.06
7.50
3.0
1.0
2.05
6.00
1.77
1.13
 	 4:0(2:0)  
5854	24/10
16:30	 Bayer Leverkusen
VfB Stuttgart	
–1.0
+1.0
1.90
1.90
3.0
1.77
2.05
1.55
4.50
5.50
1.15
1.21
2.48
2.0
1.0
1.87
1.95
1.93
1.85
 	 4:3(0:0)  
5855	24/10
16:30	 Hannover 96
Eintracht Frankfurt	
0
0
1.80
2.00
2.5
1.72
2.10
2.45
3.55
2.75
1.45
1.30
1.57
1.5
1.5
2.15
2.30
1.70
1.62
 	 1:2(0:0)  
5856	24/10
16:30	 SV Darmstadt 1998
Wolfsburg	
+1.0
–1.0
1.55
2.45
2.5
1.95
1.85
4.50
3.60
1.80
2.00
1.30
1.22
1.0
1.5
2.40
1.93
1.57
1.87
 	 0:1(0:0)  
5857	24/10
16:30	 Mainz 05
Werder Bremen	
0
0
1.48
2.65
3.0
2.00
1.80
2.00
3.70
3.55
1.30
1.28
1.83
1.5
1.0
1.80
1.67
2.00
2.20
 	 1:3(0:3)  
5858	24/10
19:30	 Ingolstadt 04
Hertha	
0
0
1.70
2.15
2.0
1.72
2.15
2.40
3.25
3.05
1.40
1.35
1.60
1.0
1.0
1.72
2.05
2.10
1.77
 	 0:1(0:1)  
5859	25/10
16:30	 Borussia Dortmund
FC Augsburg	
–2.0
+2.0
1.80
2.00
3.5
1.95
1.85
1.18
7.50
14.00
1.02
1.09
4.88
2.5
1.0
1.72
3.80
2.15
1.27
 	 5:1(3:0)  
5860	25/10
18:30	 Borussia Monchengladbach
Schalke 04	
0
0
1.53
2.50
2.5
1.72
2.10
2.10
3.60
3.35
1.33
1.30
1.75
1.5
1.0
1.93
1.72
1.87
2.10
 	 3:1(1:1)  
5861	30/10
21:30	 Eintracht Frankfurt
Bayern Munich	
+2.0
–2.0
1.85
1.95
3.5
2.00
1.80
13.00
7.00
1.20
4.55
1.10
1.02
1.0
2.5
3.45
1.80
1.32
2.00
 	 0:0(0:0)  
5842	31/10
16:30	 FC Augsburg
Mainz 05	
0
0
1.67
2.20
2.5
2.00
1.80
2.35
3.35
3.05
1.40
1.33
1.60
1.5
1.0
2.35
1.83
1.60
1.97
 	 3:3(1:2)  
5843	31/10
16:30	 Werder Bremen
Borussia Dortmund	
+1.5
–1.5
1.90
1.90
3.5
2.10
1.75
8.50
5.50
1.33
3.34
1.15
1.07
1.0
2.5
2.50
2.05
1.53
1.77
 	 1:3(1:2)  
5844	31/10
16:30	 Hertha
Borussia Monchengladbach	
0
0
1.90
1.90
2.5
1.97
1.83
2.65
3.35
2.65
1.48
1.33
1.48
1.0
1.0
1.65
1.65
2.25
2.25
 	 1:4(0:2)  
5845	31/10
16:30	 Cologne
Hoffenheim	
0
0
1.57
2.40
2.5
1.70
2.15
2.15
3.60
3.25
1.35
1.30
1.72
1.5
1.0
1.95
1.67
1.85
2.20
 	 0:0(0:0)  
5862	31/10
16:30	 Schalke 04
Ingolstadt 04	
–1.0
+1.0
2.10
1.72
2.5
1.83
1.97
1.66
3.80
5.30
1.16
1.26
2.20
1.5
1.0
1.75
2.50
2.10
1.53
 	 1:1(0:1)  
5863	31/10
19:30	 Wolfsburg
Bayer Leverkusen	
0
0
1.72
2.10
2.5
1.75
2.10
2.35
3.55
2.90
1.42
1.30
1.60
1.5
1.0
2.10
1.60
1.72
2.35
 	 2:1(1:1)  
5864	01/11
16:30	 VfB Stuttgart
SV Darmstadt 1998	
–1.0
+1.0
2.25
1.65
2.5
1.75
2.10
1.72
3.80
4.80
1.18
1.27
2.12
1.5
1.0
1.75
2.15
2.10
1.70
 	 2:0(0:0)  
5865	01/11
18:30	 Hamburg
Hannover 96	
–1.0
+1.0
2.65
1.48
2.5
2.00
1.80
1.95
3.45
4.00
1.25
1.31
1.85
1.5
1.0
2.05
2.35
1.77
1.60
 	 1:2(1:0)  
8726	06/11
21:30	 Hannover 96
Hertha	
0
0
1.87
1.93
2.5
2.15
1.70
2.65
3.20
2.75
1.46
1.35
1.50
1.0
1.0
1.75
1.80
2.05
2.00
 	 1:3(0:1)  
8722	07/11
16:30	 Bayern Munich
VfB Stuttgart	
–2.5
+2.5
1.80
2.00
4.0
1.90
1.90
1.10
11.00
20.00
1.01
1.04
7.10
3.5
1.0
2.10
3.80
1.75
1.27
 	 4:0(4:0)  
8723	07/11
16:30	 Bayer Leverkusen
Cologne	
–1.0
+1.0
1.80
2.00
2.5
1.75
2.05
1.50
4.30
6.50
1.12
1.22
2.60
2.0
1.0
2.15
2.85
1.72
1.42
 	 1:2(1:1)  
8724	07/11
16:30	 Borussia Monchengladbach
Ingolstadt 04	
–1.0
+1.0
2.10
1.75
2.5
1.85
1.95
1.65
4.00
5.30
1.17
1.26
2.28
1.5
1.0
1.75
2.60
2.05
1.50
 	 0:0(0:0)  
8725	07/11
16:30	 Mainz 05
Wolfsburg	
0
0
2.40
1.57
3.0
2.10
1.75
3.20
3.50
2.15
1.70
1.30
1.35
1.0
1.5
1.62
1.90
2.30
1.90
 	 2:0(1:0)  
8727	07/11
16:30	 Hoffenheim
Eintracht Frankfurt	
0
0
1.57
2.40
3.0
2.15
1.70
2.15
3.50
3.30
1.35
1.32
1.70
1.5
1.0
1.95
1.65
1.85
2.25
 	 0:0(0:0)  
8728	07/11
19:30	 SV Darmstadt 1998
Hamburg	
0
0
1.87
1.93
2.0
1.80
2.05
2.70
3.15
2.75
1.45
1.36
1.47
1.0
1.0
1.93
1.97
1.87
1.83
 	 1:1(0:1)  
8729	08/11
16:30	 Borussia Dortmund
Schalke 04	
–1.5
+1.5
1.80
2.00
3.5
1.93
1.87
1.33
5.50
8.50
1.07
1.15
3.35
2.5
1.0
1.90
2.35
1.90
1.60
 	 3:2(2:1)  
8721	08/11
18:30	 FC Augsburg
Werder Bremen	
0
0
1.60
2.35
2.5
1.75
2.05
2.20
3.40
3.30
1.35
1.32
1.67
1.5
1.0
2.00
1.70
1.80
2.15
 	 1:2(0:0)  
8712	20/11
21:30	 Hamburg
Borussia Dortmund	
+1.5
–1.5
1.85
1.95
3.0
1.95
1.85
9.00
5.00
1.35
3.20
1.17
1.06
1.0
2.0
3.15
1.70
1.36
2.15
 	 3:1(2:0)  
8713	21/11
16:30	 Eintracht Frankfurt
Bayer Leverkusen	
+1.0
–1.0
1.60
2.35
3.0
2.00
1.80
4.30
3.80
1.80
2.00
1.27
1.22
1.0
1.5
1.85
1.70
1.95
2.15
 	 1:3(1:2)  
8714	21/11
16:30	 Borussia Monchengladbach
Hannover 96	
–1.0
+1.0
1.80
2.00
2.5
1.72
2.10
1.48
4.30
7.00
1.10
1.22
2.65
2.0
1.0
2.10
2.80
1.72
1.44
 	 2:1(1:0)  
8715	21/11
16:30	 Wolfsburg
Werder Bremen	
–1.0
+1.0
1.77
2.05
3.0
1.85
1.95
1.47
4.60
6.50
1.11
1.20
2.69
2.0
1.0
1.85
2.25
1.95
1.65
 	 6:0(2:0)  
8716	21/11
16:30	 Cologne
Mainz 05	
0
0
1.53
2.50
2.5
1.80
2.00
2.10
3.50
3.45
1.32
1.30
1.75
1.5
1.0
2.00
1.83
1.80
1.97
 	 0:0(0:0)  
8717	21/11
16:30	 VfB Stuttgart
FC Augsburg	
–1.0
+1.0
2.25
1.62
3.0
1.85
1.95
1.80
4.00
4.00
1.25
1.25
2.05
2.0
1.0
2.20
1.75
1.67
2.05
 	 0:4(0:3)  
8718	21/11
19:30	 Schalke 04
Bayern Munich	
+1.5
–1.5
2.10
1.75
3.0
1.77
2.05
10.00
6.00
1.27
4.30
1.12
1.05
1.0
2.5
3.45
2.00
1.32
1.80
 	 1:3(1:1)  
8719	22/11
16:30	 Hertha
Hoffenheim	
0
0
1.57
2.45
2.5
1.90
1.90
2.15
3.45
3.35
1.33
1.32
1.70
1.5
1.0
2.15
1.87
1.72
1.93
 	 1:0(1:0)  
8720	22/11
18:30	 Ingolstadt 04
SV Darmstadt 1998	
0
0
1.46
2.75
2.0
1.72
2.10
2.05
3.25
3.90
1.27
1.35
1.77
1.5
1.0
2.35
2.50
1.60
1.53
 	 3:1(0:1)  
9415	27/11
21:30	 SV Darmstadt 1998
Cologne	
0
0
2.25
1.65
2.0
1.67
2.20
3.15
3.30
2.35
1.62
1.35
1.37
1.0
1.0
2.10
1.67
1.75
2.20
 	 0:0(0:0)  
9416	28/11
16:30	 Bayern Munich
Hertha	
–2.5
+2.5
1.77
2.05
3.5
1.85
1.97
1.08
13.00
23.00
1.01
1.03
8.30
3.0
1.0
1.77
8.00
2.05
1.08
 	 2:0(2:0)  
9417	28/11
16:30	 Werder Bremen
Hamburg	
0
0
1.67
2.20
2.5
1.87
1.93
2.30
3.45
3.05
1.40
1.32
1.62
1.5
1.0
2.20
1.75
1.67
2.10
 	 1:3(0:2)  
9418	28/11
16:30	 Hannover 96
Ingolstadt 04	
0
0
1.83
1.97
2.0
1.72
2.10
2.60
3.25
2.80
1.45
1.35
1.50
1.0
1.0
1.85
1.95
1.95
1.85
 	 4:0(3:0)  
9419	28/11
16:30	 Mainz 05
Eintracht Frankfurt	
0
0
1.60
2.35
2.5
1.70
2.15
2.20
3.45
3.25
1.35
1.32
1.70
1.5
1.0
1.95
1.65
1.85
2.25
 	 2:1(2:0)  
9420	28/11
16:30	 Hoffenheim
Borussia Monchengladbach	
0
0
2.30
1.62
2.5
1.75
2.05
3.20
3.40
2.25
1.67
1.32
1.36
1.0
1.5
1.67
2.05
2.20
1.77
 	 3:3(2:1)  
9423	29/11
16:30	 Borussia Dortmund
VfB Stuttgart	
–2.0
+2.0
1.83
2.00
4.0
1.95
1.85
1.20
7.50
13.00
1.03
1.10
4.76
3.0
1.0
1.93
2.40
1.87
1.57
 	 4:1(2:1)  
9421	29/11
18:30	 FC Augsburg
Wolfsburg	
0
0
2.30
1.62
2.5
1.75
2.05
3.15
3.55
2.20
1.70
1.30
1.36
1.0
1.5
1.67
2.05
2.20
1.77
 	 0:0(0:0)  
9422	29/11
18:30	 Bayer Leverkusen
Schalke 04	
–1.0
+1.0
2.10
1.75
3.0
2.15
1.70
1.62
4.00
5.40
1.15
1.25
2.30
2.0
1.0
2.25
2.25
1.65
1.65
 	 1:1(0:0)  
9424	04/12
21:30	 Schalke 04
Hannover 96	
–1.0
+1.0
1.87
1.93
2.5
1.75
2.05
1.55
4.00
6.30
1.12
1.24
2.45
2.0
1.0
2.20
2.75
1.67
1.46
 	 3:1(0:0)  
9425	05/12
16:30	 Borussia Monchengladbach
Bayern Munich	
+1.5
–1.5
1.97
1.83
3.0
1.77
2.05
10.00
5.50
1.30
3.55
1.15
1.05
1.0
2.5
3.05
2.10
1.38
1.75
 	 3:1(0:0)  
9426	05/12
16:30	 Hamburg
Mainz 05	
0
0
1.60
2.35
2.5
2.00
1.80
2.25
3.35
3.25
1.35
1.33
1.65
1.5
1.0
2.25
1.93
1.65
1.87
 	 1:3(0:1)  
9427	05/12
16:30	 Hertha
Bayer Leverkusen	
+1.0
–1.0
1.46
2.70
2.5
1.93
1.87
4.00
3.50
1.95
1.85
1.32
1.27
1.0
1.5
2.10
2.00
1.72
1.80
 	 2:1(1:1)  
9429	05/12
16:30	 Cologne
FC Augsburg	
0
0
1.48
2.65
2.5
1.95
1.85
2.05
3.45
3.60
1.30
1.32
1.80
1.5
1.0
2.10
2.05
1.75
1.77
 	 0:1(0:0)  
9430	05/12
19:30	 Wolfsburg
Borussia Dortmund	
+1.0
–1.0
1.55
2.45
3.0
1.97
1.83
4.00
3.80
1.85
1.95
1.27
1.27
1.0
1.5
1.75
1.70
2.05
2.15
 	 1:2(0:1)  
9431	06/12
16:30	 VfB Stuttgart
Werder Bremen	
–1.0
+1.0
2.60
1.50
3.0
1.95
1.85
1.95
3.70
3.70
1.30
1.30
1.85
1.5
1.0
1.75
1.67
2.10
2.20
 	 1:1(1:0)  
9432	06/12
18:30	 Eintracht Frankfurt
SV Darmstadt 1998	
–1.0
+1.0
2.55
1.53
2.5
1.97
1.83
1.85
3.55
4.30
1.22
1.30
1.95
1.5
1.0
1.97
2.35
1.83
1.60
 	 0:1(0:1)  
5454	11/12
21:30	 Mainz 05
VfB Stuttgart	
0
0
1.50
2.60
3.0
2.00
1.80
2.05
3.70
3.45
1.32
1.28
1.80
1.5
1.0
1.80
1.65
2.00
2.25
 	 0:0(0:0)  
5448	12/12
16:30	 Bayern Munich
Ingolstadt 04	
–2.5
+2.5
2.05
1.77
3.5
2.15
1.70
1.10
10.00
25.00
 	
1.05
7.14
2.5
1.0
1.70
7.00
2.15
1.10
 	 2:0(0:0)  
5451	12/12
16:30	 Werder Bremen
Cologne	
0
0
1.80
2.00
2.5
1.95
1.85
2.50
3.35
2.80
1.45
1.33
1.53
1.0
1.0
1.60
1.70
2.35
2.15
 	 1:1(1:0)  
5452	12/12
16:30	 Wolfsburg
Hamburg	
–1.0
+1.0
1.90
1.90
3.0
2.10
1.75
1.55
4.40
5.50
1.15
1.21
2.45
2.0
1.0
2.10
2.35
1.75
1.60
 	 1:1(0:1)  
5453	12/12
16:30	 SV Darmstadt 1998
Hertha	
0
0
2.15
1.72
2.0
1.85
1.95
3.05
3.15
2.45
1.55
1.36
1.40
1.0
1.0
2.20
1.85
1.67
1.95
 	 0:4(0:2)  
5455	12/12
16:30	 Hoffenheim
Hannover 96	
–1.0
+1.0
2.45
1.55
2.5
1.87
1.93
1.85
3.60
4.30
1.23
1.30
1.97
1.5
1.0
1.90
2.20
1.90
1.67
 	 1:0(1:0)  
5449	12/12
19:30	 Bayer Leverkusen
Borussia Monchengladbach	
0
0
1.48
2.65
3.0
2.00
1.80
2.00
3.70
3.55
1.30
1.28
1.83
1.5
1.0
1.80
1.67
2.00
2.20
 	 5:0(1:0)  
5447	13/12
16:30	 FC Augsburg
Schalke 04	
0
0
1.90
1.90
2.5
1.77
2.05
2.65
3.35
2.65
1.50
1.33
1.50
1.5
1.5
2.30
2.30
1.62
1.62
 	 2:1(1:0)  
5450	13/12
18:30	 Borussia Dortmund
Eintracht Frankfurt	
–2.5
+2.5
2.05
1.77
4.0
2.10
1.75
1.17
8.50
14.00
1.03
1.08
5.30
3.0
1.0
1.85
3.30
1.95
1.33
 	 4:1(1:1)  
5438	18/12
21:30	 Schalke 04
Hoffenheim	
–1.0
+1.0
2.15
1.70
2.5
1.70
2.15
1.67
4.00
5.00
1.18
1.25
2.22
1.5
1.0
1.70
2.15
2.15
1.70
 	 1:0(1:0)  
5439	19/12
16:30	 Eintracht Frankfurt
Werder Bremen	
0
0
1.57
2.40
3.0
2.10
1.75
2.15
3.55
3.30
1.35
1.30
1.72
1.5
1.0
1.90
1.62
1.90
2.30
 	 2:1(1:1)  
5441	19/12
16:30	 Hamburg
FC Augsburg	
0
0
1.65
2.25
2.5
2.05
1.77
2.30
3.30
3.15
1.36
1.33
1.65
1.5
1.0
2.35
1.90
1.60
1.90
 	 0:1(0:0)  
5442	19/12
16:30	 Hannover 96
Bayern Munich	
+2.0
–2.0
2.10
1.72
3.5
2.10
1.72
21.00
8.00
1.14
5.79
1.08
1.01
1.0
2.5
5.50
1.75
1.15
2.10
 	 0:1(0:1)  
5446	19/12
16:30	 Ingolstadt 04
Bayer Leverkusen	
+1.0
–1.0
1.60
2.35
2.5
2.00
1.83
4.70
3.60
1.77
2.05
1.30
1.20
1.0
1.5
2.55
1.93
1.50
1.87
 	 0:1(0:0)  
5444	19/12
16:30	 Cologne
Borussia Dortmund	
+1.5
–1.5
1.70
2.15
3.0
1.85
1.95
7.30
4.80
1.42
2.90
1.19
1.10
1.0
2.0
2.45
1.77
1.55
2.05
 	 2:1(0:1)  
5445	19/12
19:30	 VfB Stuttgart
Wolfsburg	
0
0
2.35
1.60
3.0
1.97
1.83
3.15
3.70
2.15
1.72
1.28
1.36
1.5
1.5
2.35
1.85
1.60
1.95
 	 3:1(2:1)  
5443	20/12
16:30	 Hertha
Mainz 05	
0
0
1.50
2.60
2.5
2.10
1.72
2.10
3.35
3.60
1.30
1.33
1.75
1.5
1.0
2.20
2.15
1.65
1.70
 	 2:0(1:0)  
5440	20/12
18:30	 Borussia Monchengladbach
SV Darmstadt 1998	
–1.0
+1.0
1.77
2.05
2.5
1.80
2.00
1.45
4.40
7.50
1.09
1.22
2.77
2.0
1.0
2.15
3.20
1.70
1.35
 	 3:2(1:1)  
1574	22/01
21:30	 Hamburg
Bayern Munich	
+2.0
–2.0
1.80
2.00
3.0
1.80
2.00
15.00
7.00
1.20
4.75
1.11
1.02
1.0
2.5
4.50
1.93
1.20
1.87
 	 1:2(0:1)  
1576	23/01
16:30	 Hannover 96
SV Darmstadt 1998	
0
0
1.57
2.40
2.5
2.20
1.67
2.20
3.30
3.40
1.32
1.34
1.67
1.0
1.0
1.57
2.10
2.40
1.75
 	 1:2(1:1)  
1577	23/01
16:30	 Hertha
FC Augsburg	
0
0
1.53
2.50
2.5
2.20
1.67
2.15
3.35
3.50
1.31
1.33
1.70
1.5
1.0
2.35
2.15
1.60
1.70
 	 0:0(0:0)  
1579	23/01
16:30	 Ingolstadt 04
Mainz 05	
0
0
1.70
2.15
2.0
1.77
2.05
2.40
3.20
3.10
1.38
1.36
1.57
1.0
1.0
1.75
2.10
2.10
1.75
 	 1:0(1:0)  
1575	23/01
16:30	 Cologne
VfB Stuttgart	
0
0
1.60
2.35
2.5
1.90
1.90
2.25
3.40
3.20
1.35
1.32
1.67
1.5
1.0
2.15
1.75
1.70
2.10
 	 1:3(1:1)  
1578	23/01
16:30	 Hoffenheim
Bayer Leverkusen	
+1.0
–1.0
1.65
2.25
2.5
1.72
2.15
4.70
4.00
1.70
2.15
1.25
1.19
1.0
1.5
2.05
1.70
1.77
2.15
 	 1:1(1:0)  
1580	23/01
19:30	 Borussia Monchengladbach
Borussia Dortmund	
+1.0
–1.0
1.75
2.10
3.5
2.10
1.72
4.70
4.30
1.65
2.25
1.22
1.19
1.0
2.0
1.67
1.87
2.20
1.93
 	 1:3(0:1)  
1581	24/01
16:30	 Eintracht Frankfurt
Wolfsburg	
0
0
2.70
1.47
2.5
1.72
2.10
3.60
3.60
2.00
1.83
1.30
1.30
1.0
1.5
1.70
1.87
2.15
1.93
 	 3:2(0:1)  
1582	24/01
18:30	 Schalke 04
Werder Bremen	
–1.0
+1.0
2.10
1.72
3.0
2.00
1.80
1.62
4.00
5.40
1.15
1.25
2.30
2.0
1.0
2.15
2.00
1.72
1.80
 	 1:3(1:1)  
1565	29/01
21:30	 Mainz 05
Borussia Monchengladbach	
0
0
2.10
1.75
2.5
1.80
2.00
2.90
3.45
2.40
1.60
1.32
1.42
1.0
1.5
1.62
2.20
2.30
1.67
 	 1:0(1:0)  
1566	30/01
16:30	 FC Augsburg
Eintracht Frankfurt	
0
0
1.53
2.50
2.5
1.87
1.93
2.15
3.35
3.50
1.32
1.33
1.72
1.5
1.0
2.05
1.90
1.75
1.90
 	 0:0(0:0)  
1567	30/01
16:30	 Bayer Leverkusen
Hannover 96	
–1.5
+1.5
1.77
2.05
3.0
1.83
1.97
1.28
5.50
11.00
1.04
1.14
3.90
2.5
1.0
2.10
3.60
1.75
1.28
 	 3:0(1:0)  
1569	30/01
16:30	 Borussia Dortmund
Ingolstadt 04	
–2.0
+2.0
1.95
1.85
3.5
2.15
1.70
1.18
7.00
17.00
1.01
1.10
5.00
2.5
1.0
1.87
4.30
1.93
1.23
 	 2:0(0:0)  
1570	30/01
16:30	 Werder Bremen
Hertha	
0
0
2.05
1.80
2.5
1.90
1.90
2.80
3.40
2.50
1.55
1.32
1.44
1.0
1.5
1.67
2.35
2.20
1.60
 	 3:3(0:2)  
1568	30/01
16:30	 SV Darmstadt 1998
Schalke 04	
0
0
2.55
1.50
2.5
2.10
1.75
3.55
3.40
2.10
1.75
1.32
1.30
1.0
1.5
2.10
2.20
1.72
1.65
 	 0:2(0:1)  
1571	30/01
19:30	 VfB Stuttgart
Hamburg	
0
0
1.50
2.60
2.5
1.80
2.00
2.05
3.55
3.55
1.30
1.30
1.80
1.5
1.0
1.97
1.87
1.83
1.93
 	 2:1(0:0)  
1572	31/01
16:30	 Wolfsburg
Cologne	
–1.0
+1.0
2.05
1.77
2.5
1.85
1.95
1.60
4.00
5.60
1.14
1.24
2.33
1.5
1.0
1.75
2.70
2.10
1.47
 	 1:1(0:0)  
1573	31/01
18:30	 Bayern Munich
Hoffenheim	
–2.5
+2.5
1.80
2.00
3.5
1.72
2.10
1.10
10.00
25.00
1.01
1.05
7.14
3.0
1.0
1.75
5.00
2.10
1.17
 	 2:0(1:0)  
6464	05/02
21:30	 Borussia Monchengladbach
Werder Bremen	
–1.0
+1.0
2.15
1.70
3.0
1.72
2.15
1.67
4.30
4.50
1.20
1.23
2.25
2.0
1.0
1.93
1.67
1.87
2.20
 	 5:1(2:0)  
6465	06/02
16:30	 Eintracht Frankfurt
VfB Stuttgart	
0
0
1.93
1.87
3.0
1.83
1.97
2.60
3.65
2.55
1.52
1.29
1.50
1.5
1.5
1.95
1.93
1.85
1.87
 	 2:4(0:2)  
6466	06/02
16:30	 Hannover 96
Mainz 05	
0
0
1.95
1.87
2.5
1.93
1.87
2.70
3.35
2.60
1.50
1.33
1.47
1.0
1.5
1.60
2.40
2.35
1.57
 	 0:1(0:1)  
6467	06/02
16:30	 Hertha
Borussia Dortmund	
+1.0
–1.0
1.87
1.93
2.5
1.72
2.10
6.00
4.30
1.55
2.50
1.23
1.14
1.0
2.0
2.50
2.15
1.53
1.70
 	 0:0(0:0)  
6468	06/02
16:30	 Ingolstadt 04
FC Augsburg	
0
0
1.72
2.10
2.0
1.87
1.93
2.50
3.10
3.05
1.40
1.38
1.55
1.0
1.0
1.87
2.15
1.93
1.70
 	 2:1(0:1)  
6469	06/02
16:30	 Schalke 04
Wolfsburg	
0
0
1.72
2.10
2.5
1.85
1.95
2.40
3.35
3.00
1.40
1.33
1.58
1.5
1.0
2.20
1.62
1.67
2.30
 	 3:0(2:0)  
6470	06/02
19:30	 Bayer Leverkusen
Bayern Munich	
+1.0
–1.0
1.75
2.10
2.5
1.77
2.05
5.50
4.00
1.62
2.35
1.25
1.15
1.0
1.5
2.35
1.70
1.57
2.15
 	 0:0(0:0)  
6471	07/02
16:30	 Hamburg
Cologne	
0
0
1.77
2.05
2.0
1.70
2.20
2.55
3.15
2.90
1.42
1.36
1.53
1.0
1.0
1.72
1.90
2.10
1.90
 	 1:1(0:1)  
6472	07/02
18:30	 Hoffenheim
SV Darmstadt 1998	
–1.0
+1.0
2.95
1.40
2.5
2.10
1.72
1.95
3.45
4.00
1.25
1.31
1.85
1.5
1.0
2.15
2.30
1.72
1.62
 	 0:2(0:1)  
6456	12/02
21:30	 Mainz 05
Schalke 04	
0
0
1.93
1.87
2.5
1.80
2.00
2.70
3.40
2.60
1.53
1.32
1.47
1.5
1.5
2.30
2.25
1.62
1.65
 	 2:1(1:0)  
6457	13/02
16:30	 Borussia Dortmund
Hannover 96	
–2.5
+2.5
1.95
1.85
3.5
1.85
1.97
1.13
9.50
19.00
1.01
1.07
6.30
3.0
1.0
1.90
5.00
1.90
1.18
 	 1:0(0:0)  
6458	13/02
16:30	 Werder Bremen
Hoffenheim	
0
0
1.62
2.25
3.0
2.10
1.72
2.25
3.50
3.10
1.37
1.30
1.65
1.5
1.5
1.97
2.35
1.83
1.60
 	 1:1(1:1)  
6459	13/02
16:30	 Wolfsburg
Ingolstadt 04	
–1.0
+1.0
2.00
1.80
2.5
1.87
1.93
1.57
4.00
6.00
1.13
1.24
2.40
1.5
1.0
1.70
2.75
2.15
1.46
 	 2:0(2:0)  
6473	13/02
16:30	 SV Darmstadt 1998
Bayer Leverkusen	
+1.0
–1.0
1.65
2.20
2.5
1.80
2.00
5.00
3.90
1.67
2.20
1.25
1.17
1.0
1.5
2.30
1.75
1.62
2.10
 	 1:2(1:0)  
6474	13/02
16:30	 VfB Stuttgart
Hertha	
0
0
1.53
2.50
2.5
1.77
2.05
2.10
3.50
3.45
1.32
1.32
1.75
1.5
1.0
1.95
1.70
1.85
2.15
 	 2:0(0:0)  
6475	13/02
19:30	 Cologne
Eintracht Frankfurt	
0
0
1.48
2.65
2.5
1.80
2.00
2.05
3.50
3.60
1.30
1.32
1.80
1.5
1.0
1.97
1.80
1.83
2.00
 	 3:1(1:1)  
6476	14/02
16:30	 Hamburg
Borussia Monchengladbach	
0
0
2.15
1.70
2.5
1.77
2.05
2.95
3.45
2.35
1.60
1.32
1.40
1.5
1.5
2.40
2.10
1.57
1.75
 	 3:2(2:1)  
6477	14/02
18:30	 FC Augsburg
Bayern Munich	
+1.5
–1.5
2.10
1.72
3.0
1.97
1.83
12.00
6.00
1.25
4.00
1.13
1.03
1.0
2.5
4.50
2.10
1.20
1.72
 	 1:3(0:1)  
7204	19/02
21:30	 Eintracht Frankfurt
Hamburg	
0
0
1.67
2.20
2.5
1.77
2.05
2.30
3.50
3.00
1.39
1.30
1.62
1.5
1.0
2.05
1.60
1.75
2.35
 	 0:0(0:0)  
7205	20/02
16:30	 Bayern Munich
SV Darmstadt 1998	
–3.0
+3.0
1.97
1.83
3.5
1.83
2.00
1.06
13.00
35.00
 	
1.03
9.50
3.5
1.0
2.15
11.00
1.72
1.04
 	 3:1(0:1)  
7206	20/02
16:30	 Borussia Monchengladbach
Cologne	
0
0
1.57
2.40
2.5
1.72
2.10
2.15
3.55
3.30
1.35
1.30
1.72
1.5
1.0
1.95
1.62
1.85
2.30
 	 1:0(1:0)  
7207	20/02
16:30	 Hertha
Wolfsburg	
0
0
1.87
1.95
2.5
2.10
1.75
2.60
3.35
2.70
1.47
1.33
1.50
1.0
1.0
1.70
1.75
2.15
2.10
 	 1:1(0:0)  
7208	20/02
16:30	 Ingolstadt 04
Werder Bremen	
0
0
1.50
2.60
2.5
2.05
1.77
2.10
3.40
3.55
1.30
1.32
1.74
1.5
1.0
2.20
2.05
1.67
1.77
 	 2:0(1:0)  
7209	20/02
16:30	 Hoffenheim
Mainz 05	
0
0
1.80
2.00
2.5
1.90
1.90
2.50
3.35
2.80
1.44
1.33
1.53
1.5
1.0
2.30
1.62
1.62
2.30
 	 3:2(1:1)  
7210	21/02
16:30	 Bayer Leverkusen
Borussia Dortmund	
0
0
2.40
1.57
2.5
1.80
2.00
3.35
3.45
2.15
1.70
1.32
1.33
1.0
1.5
1.70
2.00
2.15
1.80
 	 0:1(0:0)  
7211	21/02
18:30	 Hannover 96
FC Augsburg	
0
0
1.87
1.95
2.5
2.05
1.80
2.60
3.30
2.75
1.46
1.35
1.50
1.0
1.0
1.65
1.67
2.25
2.20
 	 0:1(0:1)  
7212	21/02
18:30	 Schalke 04
VfB Stuttgart	
0
0
1.57
2.40
3.0
1.93
1.87
2.10
3.70
3.25
1.35
1.28
1.75
1.5
1.5
1.80
2.30
2.00
1.62
 	 1:1(1:0)  
7192	26/02
21:30	 Cologne
Hertha	
0
0
1.48
2.65
2.0
1.72
2.15
2.10
3.25
3.70
1.28
1.35
1.75
1.5
1.0
2.35
2.35
1.60
1.60
 	 0:1(0:1)  
7193	27/02
16:30	 Werder Bremen
SV Darmstadt 1998	
0
0
1.45
2.75
2.5
1.90
1.90
2.00
3.50
3.75
1.27
1.30
1.80
1.5
1.0
2.00
1.95
1.80
1.85
 	 2:2(1:1)  
7194	27/02
16:30	 Wolfsburg
Bayern Munich	
+1.0
–1.0
2.00
1.80
3.0
2.00
1.80
6.00
4.50
1.50
2.57
1.20
1.12
1.0
2.0
2.40
1.97
1.57
1.85
 	 0:2(0:0)  
7195	27/02
16:30	 Hamburg
Ingolstadt 04	
0
0
1.67
2.20
2.0
1.72
2.15
2.35
3.25
3.15
1.37
1.35
1.60
1.0
1.0
1.67
2.05
2.20
1.77
 	 1:1(1:0)  
7196	27/02
16:30	 VfB Stuttgart
Hannover 96	
–1.0
+1.0
1.97
1.83
3.0
2.05
1.75
1.57
4.30
5.50
1.15
1.22
2.41
2.0
1.0
2.10
2.20
1.72
1.67
 	 1:2(1:1)  
7197	28/02
16:30	 FC Augsburg
Borussia Monchengladbach	
0
0
2.05
1.75
2.5
1.75
2.10
2.85
3.40
2.45
1.55
1.32
1.42
1.5
1.5
2.30
2.10
1.62
1.72
 	 2:2(0:1)  
7213	28/02
18:30	 Borussia Dortmund
Hoffenheim	
–2.0
+2.0
1.80
2.00
3.5
1.83
1.97
1.18
8.00
13.00
1.03
1.08
4.95
3.0
1.0
2.10
3.30
1.75
1.33
 	 3:1(0:1)  
7214	28/02
18:30	 Mainz 05
Bayer Leverkusen	
0
0
2.60
1.50
2.5
1.90
1.90
3.50
3.45
2.10
1.74
1.31
1.31
1.0
1.5
1.87
2.05
1.93
1.77
 	 3:1(2:0)  
7215	28/02
20:30	 Eintracht Frankfurt
Schalke 04	
0
0
2.45
1.55
3.0
2.05
1.75
3.35
3.50
2.15
1.71
1.31
1.33
1.0
1.5
1.60
1.87
2.35
1.93
 	 0:0(0:0)  
1960	01/03
21:00	 Hannover 96
Wolfsburg	
+1.0
–1.0
1.44
2.80
2.5
1.87
1.93
4.00
3.60
1.90
1.89
1.29
1.24
1.0
1.5
2.00
1.93
1.80
1.87
 	 0:4(0:1)  
1961	01/03
21:00	 Ingolstadt 04
Cologne	
0
0
1.77
2.05
2.0
1.90
1.90
2.50
3.20
2.90
1.42
1.35
1.53
1.0
1.0
1.95
2.20
1.85
1.67
 	 1:1(1:0)  
1962	02/03
21:00	 Bayern Munich
Mainz 05	
–2.0
+2.0
1.72
2.10
3.5
1.97
1.83
1.13
10.00
17.00
1.02
1.06
6.29
3.0
1.0
2.15
4.50
1.70
1.20
 	 1:2(0:1)  
1963	02/03
21:00	 Bayer Leverkusen
Werder Bremen	
–1.0
+1.0
1.83
1.97
3.0
1.80
2.00
1.50
4.60
6.00
1.13
1.20
2.60
2.0
1.0
1.85
2.05
1.95
1.77
 	 1:4(0:1)  
1964	02/03
21:00	 Borussia Monchengladbach
VfB Stuttgart	
0
0
1.53
2.50
3.5
2.00
1.80
2.05
3.90
3.25
1.35
1.27
1.80
2.0
1.5
2.15
2.00
1.70
1.80
 	 4:0(1:0)  
1965	02/03
21:00	 Hertha
Eintracht Frankfurt	
–1.0
+1.0
2.50
1.53
2.5
2.05
1.77
1.80
3.50
4.70
1.19
1.30
2.00
1.5
1.0
1.95
2.50
1.85
1.53
 	 2:0(0:0)  
1966	02/03
21:00	 SV Darmstadt 1998
Borussia Dortmund	
+1.0
–1.0
2.20
1.67
3.0
2.10
1.75
7.50
4.70
1.42
2.89
1.19
1.09
1.0
2.0
2.80
1.90
1.44
1.90
 	 0:2(0:1)  
1967	02/03
21:00	 Hoffenheim
FC Augsburg	
0
0
1.62
2.25
2.5
1.72
2.10
2.25
3.50
3.10
1.37
1.32
1.67
1.5
1.0
2.00
1.60
1.80
2.35
 	 2:1(1:1)  
1968	02/03
21:00	 Schalke 04
Hamburg	
–1.0
+1.0
2.65
1.48
2.5
1.87
1.93
1.85
3.70
4.30
1.23
1.29
1.95
1.5
1.0
1.90
2.10
1.90
1.72
 	 3:2(1:1)  
2628	05/03
16:30	 Eintracht Frankfurt
Ingolstadt 04	
0
0
1.67
2.20
2.5
2.15
1.70
2.35
3.25
3.15
1.37
1.35
1.60
1.0
1.0
1.60
1.93
2.35
1.87
 	 1:1(0:1)  
2629	05/03
16:30	 FC Augsburg
Bayer Leverkusen	
0
0
2.65
1.48
2.5
1.93
1.87
3.70
3.40
2.05
1.80
1.32
1.30
1.0
1.5
1.93
2.05
1.87
1.75
 	 3:3(2:0)  
2630	05/03
16:30	 Werder Bremen
Hannover 96	
–1.0
+1.0
2.35
1.60
2.5
1.75
2.05
1.73
3.80
4.70
1.20
1.27
2.15
1.5
1.0
1.75
2.05
2.10
1.77
 	 4:1(2:1)  
2631	05/03
16:30	 Wolfsburg
Borussia Monchengladbach	
0
0
1.57
2.40
3.0
2.00
1.80
2.15
3.50
3.30
1.35
1.31
1.75
1.5
1.5
1.85
2.35
1.95
1.60
 	 2:1(2:1)  
2632	05/03
16:30	 Cologne
Schalke 04	
0
0
1.67
2.20
2.5
2.10
1.75
2.35
3.30
3.10
1.37
1.35
1.60
1.0
1.0
1.57
1.87
2.40
1.93
 	 1:3(1:2)  
2633	05/03
16:30	 VfB Stuttgart
Hoffenheim	
–1.0
+1.0
2.25
1.65
3.0
1.87
1.93
1.72
4.00
4.50
1.20
1.24
2.12
2.0
1.0
2.10
1.77
1.72
2.05
 	 5:1(2:0)  
2634	05/03
19:30	 Borussia Dortmund
Bayern Munich	
0
0
2.55
1.50
2.5
1.75
2.10
3.50
3.60
2.05
1.77
1.30
1.32
1.0
1.5
1.70
1.93
2.15
1.87
 	 0:0(0:0)  
2635	06/03
16:30	 Mainz 05
SV Darmstadt 1998	
–1.0
+1.0
2.80
1.44
2.5
2.20
1.67
1.87
3.40
4.50
1.22
1.32
1.95
1.5
1.0
2.10
2.55
1.72
1.50
 	 0:0(0:0)  
2636	06/03
18:30	 Hamburg
Hertha	
0
0
1.97
1.83
2.0
1.75
2.10
2.80
3.20
2.60
1.50
1.36
1.44
1.0
1.0
1.90
1.83
1.90
2.00
 	 2:0(0:0)  
5114	11/03
21:30	 Hertha
Schalke 04	
0
0
1.80
2.00
2.5
2.10
1.75
2.55
3.25
2.90
1.43
1.36
1.53
1.0
1.0
1.65
1.77
2.25
2.05
 	 2:0(1:0)  
5112	12/03
16:30	 Borussia Monchengladbach
Eintracht Frankfurt	
–1.0
+1.0
1.90
1.90
3.0
1.72
2.15
1.55
4.50
5.50
1.16
1.20
2.50
2.0
1.0
1.80
1.87
2.00
1.93
 	 3:0(1:0)  
5113	12/03
16:30	 Hannover 96
Cologne	
0
0
2.55
1.53
2.0
1.70
2.20
3.60
3.25
2.15
1.72
1.35
1.30
1.0
1.5
2.20
2.35
1.67
1.60
 	 0:2(0:1)  
5115	12/03
16:30	 SV Darmstadt 1998
FC Augsburg	
0
0
1.95
1.85
2.5
2.10
1.72
2.75
3.15
2.65
1.48
1.36
1.45
1.0
1.0
1.75
1.70
2.10
2.15
 	 2:2(2:0)  
5116	12/03
16:30	 Ingolstadt 04
VfB Stuttgart	
0
0
2.30
1.62
2.5
1.97
1.85
3.20
3.40
2.25
1.65
1.33
1.35
1.0
1.5
1.80
2.20
2.00
1.65
 	 3:3(1:1)  
5117	12/03
16:30	 Hoffenheim
Wolfsburg	
0
0
2.55
1.53
3.0
1.90
1.90
3.40
3.70
2.05
1.80
1.28
1.32
1.5
1.5
2.30
1.77
1.62
2.05
 	 1:0(1:0)  
5109	12/03
19:30	 Bayern Munich
Werder Bremen	
–2.5
+2.5
1.85
1.97
3.5
1.75
2.10
1.10
10.00
20.00
 	
1.04
7.00
3.0
1.0
1.77
5.00
2.05
1.18
 	 5:0(2:0)  
5110	13/03
16:30	 Bayer Leverkusen
Hamburg	
–1.0
+1.0
2.10
1.72
2.5
1.75
2.10
1.62
4.00
5.00
1.17
1.25
2.30
1.5
1.0
1.67
2.25
2.20
1.65
 	 1:0(1:0)  
5111	13/03
18:30	 Borussia Dortmund
Mainz 05	
–1.5
+1.5
1.85
1.95
3.0
1.93
1.87
1.30
5.50
10.00
1.05
1.15
3.55
2.5
1.0
2.20
3.45
1.67
1.32
 	 2:0(1:0)  
5118	18/03
21:30	 Schalke 04
Borussia Monchengladbach	
0
0
1.65
2.25
3.0
1.80
2.00
2.25
3.60
3.05
1.40
1.30
1.67
1.5
1.5
1.80
2.10
2.05
1.75
 	 2:1(0:0)  
5119	19/03
16:30	 Werder Bremen
Mainz 05	
0
0
1.70
2.15
3.0
2.05
1.75
2.35
3.50
2.95
1.42
1.32
1.60
1.5
1.5
1.97
2.25
1.83
1.65
 	 1:1(1:1)  
5120	19/03
16:30	 Wolfsburg
SV Darmstadt 1998	
–1.0
+1.0
1.80
2.00
2.5
1.83
1.97
1.47
4.30
7.30
1.10
1.22
2.70
2.0
1.0
2.20
3.05
1.67
1.38
 	 1:1(0:0)  
5121	19/03
16:30	 Hamburg
Hoffenheim	
0
0
1.60
2.35
2.5
1.90
1.90
2.20
3.45
3.25
1.35
1.32
1.70
1.5
1.0
2.15
1.83
1.70
1.97
 	 1:3(1:2)  
5122	19/03
16:30	 Hertha
Ingolstadt 04	
0
0
1.42
2.85
2.0
1.83
1.97
2.00
3.30
4.00
1.25
1.35
1.83
1.0
1.0
1.60
2.75
2.35
1.46
 	 2:1(0:0)  
5123	19/03
16:30	 Cologne
Bayern Munich	
+1.5
–1.5
1.97
1.83
3.0
2.10
1.72
12.00
5.50
1.27
3.77
1.15
1.03
1.0
2.0
4.30
1.70
1.22
2.15
 	 0:1(0:1)  
5124	19/03
19:30	 Eintracht Frankfurt
Hannover 96	
–1.0
+1.0
2.60
1.50
2.5
1.80
2.00
1.83
3.70
4.30
1.22
1.28
1.97
1.5
1.0
1.85
2.00
1.97
1.80
 	 1:0(1:0)  
5125	20/03
16:30	 VfB Stuttgart
Bayer Leverkusen	
0
0
1.93
1.87
3.0
1.80
2.00
2.65
3.60
2.55
1.53
1.30
1.50
1.5
1.5
1.95
1.90
1.87
1.90
 	 0:2(0:1)  
5126	20/03
18:30	 FC Augsburg
Borussia Dortmund	
+1.0
–1.0
2.05
1.77
3.0
2.15
1.70
7.00
4.50
1.46
2.75
1.21
1.10
1.0
2.0
2.75
2.00
1.46
1.80
 	 1:3(1:1)  
3267	01/04
21:30	 Bayer Leverkusen
Wolfsburg	
0
0
1.51
2.80
2.5
1.84
2.10
2.05
3.70
3.80
1.32
1.33
1.87
1.5
1.0
1.97
1.90
1.93
2.00
 	 3:0(1:0)  
3268	02/04
16:30	 Bayern Munich
Eintracht Frankfurt	
–2.5
+2.5
1.77
2.05
3.5
1.72
2.10
1.09
12.00
25.00
 	
1.04
8.00
3.0
1.0
1.72
5.50
2.15
1.15
 	 1:0(1:0)  
3269	02/04
16:30	 Hannover 96
Hamburg	
0
0
2.20
1.67
2.5
2.15
1.70
3.10
3.30
2.35
1.62
1.33
1.38
1.0
1.0
1.95
1.62
1.85
2.30
 	 0:3(0:0)  
3270	02/04
16:30	 SV Darmstadt 1998
VfB Stuttgart	
0
0
2.20
1.67
2.5
1.75
2.05
3.10
3.45
2.30
1.63
1.31
1.37
1.0
1.5
1.62
2.10
2.30
1.75
 	 2:2(1:2)  
3271	02/04
16:30	 Ingolstadt 04
Schalke 04	
0
0
1.93
1.87
2.5
2.10
1.72
2.75
3.30
2.60
1.50
1.34
1.45
1.0
1.0
1.75
1.72
2.10
2.10
 	 3:0(2:0)  
3272	02/04
16:30	 Mainz 05
FC Augsburg	
0
0
1.48
2.65
2.5
2.00
1.80
2.05
3.40
3.70
1.28
1.32
1.77
1.5
1.0
2.15
2.05
1.70
1.77
 	 4:2(2:2)  
3273	02/04
19:30	 Borussia Dortmund
Werder Bremen	
–2.0
+2.0
1.95
1.85
3.5
1.90
1.90
1.20
7.50
13.00
1.03
1.10
4.75
2.5
1.0
1.75
3.10
2.10
1.37
 	 3:2(0:0)  
3274	03/04
16:30	 Borussia Monchengladbach
Hertha	
–1.0
+1.0
2.60
1.50
2.5
1.87
1.93
1.80
3.60
4.60
1.20
1.29
2.00
1.5
1.0
1.87
2.15
1.93
1.72
 	 5:0(1:0)  
3275	03/04
18:30	 Hoffenheim
Cologne	
0
0
1.72
2.10
2.5
1.85
1.95
2.40
3.40
2.95
1.42
1.32
1.60
1.5
1.0
2.20
1.65
1.67
2.25
 	 1:1(0:0)  
3258	08/04
21:30	 Hertha
Hannover 96	
–1.0
+1.0
2.00
1.80
2.5
1.93
1.87
1.57
4.00
6.00
1.13
1.24
2.40
1.5
1.0
1.75
2.95
2.10
1.40
 	 2:2(1:1)  
3259	09/04
16:30	 Eintracht Frankfurt
Hoffenheim	
0
0
1.75
2.10
2.5
1.72
2.15
2.40
3.50
2.85
1.44
1.32
1.60
1.5
1.5
2.05
2.25
1.77
1.62
 	 0:2(0:0)  
3260	09/04
16:30	 Werder Bremen
FC Augsburg	
0
0
1.60
2.35
2.5
1.80
2.00
2.20
3.50
3.25
1.35
1.32
1.70
1.5
1.0
2.05
1.70
1.77
2.15
 	 1:2(1:0)  
3261	09/04
16:30	 Hamburg
SV Darmstadt 1998	
0
0
1.53
2.55
2.0
1.77
2.05
2.15
3.25
3.60
1.30
1.35
1.72
1.0
1.0
1.62
2.35
2.30
1.60
 	 1:2(0:1)  
3262	09/04
16:30	 Ingolstadt 04
Borussia Monchengladbach	
0
0
2.20
1.70
2.5
2.10
1.72
3.05
3.25
2.40
1.57
1.34
1.38
1.0
1.0
1.87
1.60
1.93
2.35
 	 1:0(0:0)  
3263	09/04
16:30	 VfB Stuttgart
Bayern Munich	
+1.0
–1.0
2.05
1.77
3.0
1.77
2.05
7.00
4.70
1.45
2.80
1.20
1.11
1.0
2.0
2.10
1.77
1.75
2.05
 	 1:3(0:1)  
3264	09/04
19:30	 Wolfsburg
Mainz 05	
–1.0
+1.0
2.75
1.45
2.5
1.80
2.05
1.90
3.70
3.90
1.27
1.28
1.93
1.5
1.0
1.87
1.90
1.93
1.90
 	 1:1(0:0)  
3265	10/04
16:30	 Schalke 04
Borussia Dortmund	
+1.0
–1.0
1.60
2.35
2.5
1.75
2.10
4.50
4.00
1.75
2.10
1.26
1.22
1.0
1.5
2.05
1.75
1.77
2.10
 	 2:2(0:0)  
3266	10/04
18:30	 Cologne
Bayer Leverkusen	
0
0
2.10
1.72
2.5
2.05
1.77
3.00
3.35
2.40
1.57
1.33
1.40
1.0
1.0
1.77
1.57
2.05
2.40
 	 0:2(0:2)  
446	15/04
21:30	 Hannover 96
Borussia Monchengladbach	
+1.0
–1.0
1.82
2.12
3.0
1.98
1.94
5.20
4.40
1.66
2.40
1.26
1.21
1.0
2.0
2.01
2.11
1.90
1.81
 	 2:0(0:0)  
447	16/04
16:30	 FC Augsburg
VfB Stuttgart	
0
0
1.72
2.10
3.0
1.85
1.95
2.35
3.60
2.85
1.44
1.30
1.62
1.5
1.5
1.87
2.05
1.93
1.75
 	 1:0(1:0)  
448	16/04
16:30	 Bayer Leverkusen
Eintracht Frankfurt	
–1.5
+1.5
2.20
1.67
3.0
2.15
1.70
1.42
4.70
7.50
1.10
1.20
2.85
2.0
1.0
1.95
3.00
1.85
1.40
 	 3:0(0:0)  
449	16/04
16:30	 Werder Bremen
Wolfsburg	
0
0
1.80
2.00
3.0
2.00
1.83
2.45
3.55
2.75
1.46
1.30
1.55
1.5
1.5
2.00
2.10
1.80
1.72
 	 3:2(1:1)  
450	16/04
16:30	 SV Darmstadt 1998
Ingolstadt 04	
0
0
1.80
2.00
2.0
1.72
2.10
2.60
3.15
2.90
1.42
1.37
1.53
1.0
1.0
1.77
1.90
2.05
1.90
 	 2:0(0:0)  
451	16/04
16:30	 Hoffenheim
Hertha	
0
0
1.80
2.00
2.5
2.00
1.80
2.55
3.25
2.85
1.44
1.35
1.53
1.0
1.0
1.60
1.70
2.35
2.15
 	 2:1(1:1)  
452	16/04
19:30	 Bayern Munich
Schalke 04	
–2.0
+2.0
1.80
2.00
3.5
2.00
1.80
1.17
7.50
15.00
1.01
1.08
5.50
2.5
1.0
1.75
4.30
2.10
1.23
 	 3:0(0:0)  
453	17/04
16:30	 Borussia Dortmund
Hamburg	
–1.5
+1.5
1.90
1.90
3.0
1.77
2.05
1.32
5.50
8.50
1.07
1.15
3.50
2.5
1.0
2.15
2.75
1.72
1.46
 	 3:0(2:0)  
454	17/04
18:30	 Mainz 05
Cologne	
0
0
1.48
2.65
2.5
2.00
1.80
2.10
3.35
3.60
1.30
1.33
1.74
1.5
1.0
2.15
2.00
1.70
1.80
 	 2:3(1:0)  
437	22/04
21:30	 Hamburg
Werder Bremen	
0
0
1.65
2.25
2.5
1.75
2.10
2.25
3.50
3.10
1.38
1.30
1.65
1.5
1.0
2.05
1.60
1.77
2.35
 	 2:1(2:0)  
438	23/04
16:30	 Wolfsburg
FC Augsburg	
–1.0
+1.0
2.55
1.53
3.0
2.10
1.72
1.80
3.80
4.30
1.22
1.27
2.00
1.5
1.0
1.75
1.85
2.10
1.95
 	 0:2(0:1)  
439	23/04
16:30	 Hertha
Bayern Munich	
+1.5
–1.5
1.87
1.95
3.0
1.97
1.83
8.50
5.50
1.33
3.34
1.15
1.07
1.0
2.0
3.30
1.70
1.33
2.15
 	 0:2(0:0)  
440	23/04
16:30	 Ingolstadt 04
Hannover 96	
–1.0
+1.0
2.40
1.57
2.5
1.95
1.85
1.75
3.75
4.70
1.20
1.27
2.15
1.5
1.0
1.87
2.45
1.93
1.57
 	 2:2(2:0)  
441	23/04
16:30	 Cologne
SV Darmstadt 1998	
–1.0
+1.0
2.90
1.42
2.5
2.15
1.70
1.90
3.40
4.30
1.23
1.33
1.90
1.5
1.0
2.15
2.45
1.70
1.57
 	 4:1(2:1)  
442	23/04
16:30	 VfB Stuttgart
Borussia Dortmund	
+1.0
–1.0
1.90
1.90
3.0
1.80
2.05
5.50
4.50
1.55
2.48
1.21
1.15
1.0
2.0
1.95
1.87
1.85
1.93
 	 0:3(0:2)  
443	23/04
19:30	 Schalke 04
Bayer Leverkusen	
0
0
1.97
1.83
2.5
1.80
2.00
2.70
3.45
2.55
1.53
1.32
1.47
1.5
1.5
2.35
2.25
1.60
1.65
 	 2:3(2:0)  
444	24/04
16:30	 Borussia Monchengladbach
Hoffenheim	
–1.0
+1.0
2.05
1.77
3.0
1.72
2.10
1.60
4.30
5.00
1.17
1.22
2.35
2.0
1.0
1.87
1.75
1.93
2.05
 	 3:1(2:0)  
445	24/04
18:30	 Eintracht Frankfurt
Mainz 05	
0
0
1.97
1.83
2.5
1.80
2.00
2.75
3.40
2.55
1.52
1.32
1.46
1.5
1.5
2.30
2.20
1.62
1.65
 	 2:1(1:1)  
6654	29/04
21:30	 FC Augsburg
Cologne	
0
0
1.83
2.00
2.5
1.93
1.87
2.60
3.35
2.75
1.46
1.34
1.51
1.5
1.0
2.40
1.65
1.57
2.25
 	 0:0(0:0)  
6655	30/04
16:30	 Bayern Munich
Borussia Monchengladbach	
–1.0
+1.0
1.77
2.20
3.0
1.77
2.20
1.49
5.10
6.50
1.15
1.21
2.86
2.0
1.0
1.76
2.14
2.18
1.79
 	 1:1(1:0)  
6656	30/04
16:30	 Borussia Dortmund
Wolfsburg	
–1.5
+1.5
1.93
1.87
3.0
1.72
2.10
1.34
5.50
8.50
1.08
1.16
3.34
2.5
1.0
2.10
2.60
1.72
1.50
 	 5:1(2:0)  
6657	30/04
16:30	 Hannover 96
Schalke 04	
+1.0
–1.0
1.53
2.50
3.0
1.95
1.85
4.00
3.90
1.83
2.05
1.27
1.25
1.0
1.5
1.72
1.67
2.10
2.20
 	 1:3(1:2)  
6658	30/04
16:30	 SV Darmstadt 1998
Eintracht Frankfurt	
0
0
1.77
2.05
2.5
2.00
1.80
2.50
3.35
2.85
1.44
1.33
1.55
1.0
1.0
1.60
1.75
2.35
2.10
 	 1:2(1:0)  
6659	30/04
16:30	 Mainz 05
Hamburg	
–1.0
+1.0
2.40
1.57
2.5
1.80
2.00
1.75
3.80
4.70
1.20
1.27
2.10
1.5
1.0
1.77
2.10
2.05
1.72
 	 0:0(0:0)  
6660	30/04
16:30	 Hoffenheim
Ingolstadt 04	
–1.0
+1.0
2.55
1.50
2.5
2.00
1.83
1.80
3.60
4.60
1.20
1.29
2.00
1.5
1.0
1.95
2.35
1.85
1.60
 	 2:1(1:1)  
6661	30/04
19:30	 Bayer Leverkusen
Hertha	
–1.0
+1.0
2.06
1.87
2.5
1.86
2.07
1.60
4.25
6.20
1.16
1.27
2.52
1.5
1.0
1.71
2.65
2.26
1.53
 	 2:1(2:1)  
6662	02/05
21:15	 Werder Bremen
VfB Stuttgart	
0
0
1.53
2.50
3.5
2.10
1.75
2.05
3.80
3.35
1.33
1.27
1.78
2.0
1.5
2.25
2.05
1.65
1.75
 	 6:2(3:1)  
2625	07/05
16:30	 Eintracht Frankfurt
Borussia Dortmund	
+1.5
–1.5
1.70
2.15
3.5
2.05
1.77
7.00
5.00
1.44
2.90
1.19
1.12
1.0
2.5
2.00
2.20
1.80
1.67
 	 1:0(1:0)  
2626	07/05
16:30	 Borussia Monchengladbach
Bayer Leverkusen	
–1.0
+1.0
2.35
1.60
3.0
1.75
2.10
1.75
4.20
4.20
1.24
1.24
2.10
2.0
1.0
2.00
1.62
1.80
2.30
 	 2:1(1:1)  
2627	07/05
16:30	 Hamburg
Wolfsburg	
0
0
1.87
1.93
2.5
1.77
2.05
2.60
3.40
2.65
1.48
1.32
1.50
1.5
1.5
2.20
2.25
1.65
1.65
 	 0:1(0:0)  
2628	07/05
16:30	 Hannover 96
Hoffenheim	
0
0
2.05
1.77
3.0
1.75
2.10
2.75
3.80
2.35
1.60
1.28
1.45
1.5
1.5
1.95
1.80
1.85
2.00
 	 1:0(1:0)  
2629	07/05
16:30	 Hertha
SV Darmstadt 1998	
–1.0
+1.0
2.65
1.48
2.5
1.97
1.83
1.85
3.60
4.35
1.22
1.30
1.97
1.5
1.0
1.97
2.25
1.83
1.65
 	 1:2(1:1)  
2630	07/05
16:30	 Ingolstadt 04
Bayern Munich	
+1.5
–1.5
2.15
1.72
3.0
2.15
1.70
15.00
6.00
1.23
4.29
1.14
1.02
1.0
2.5
5.50
2.20
1.14
1.67
 	 1:2(1:2)  
2631	07/05
16:30	 Cologne
Werder Bremen	
0
0
2.15
1.70
3.0
1.75
2.10
2.90
3.70
2.30
1.65
1.28
1.42
1.5
1.5
2.00
1.77
1.80
2.05
 	 0:0(0:0)  
2632	07/05
16:30	 Schalke 04
FC Augsburg	
–1.0
+1.0
2.15
1.70
3.0
1.87
1.93
1.67
4.10
4.80
1.19
1.24
2.21
2.0
1.0
2.10
1.83
1.75
1.97
 	 1:1(0:0)  
2633	07/05
16:30	 VfB Stuttgart
Mainz 05	
0
0
1.62
2.30
3.5
2.00
1.80
2.15
3.80
3.10
1.37
1.27
1.71
1.5
1.5
1.65
1.95
2.25
1.85
 	 1:3(1:1)  
4116	14/05
16:30	 FC Augsburg
Hamburg	
0
0
1.47
2.70
3.0
1.97
1.83
1.97
3.70
3.65
1.30
1.28
1.85
1.5
1.0
1.77
1.62
2.05
2.30
 	 1:3(1:1)  
4117	14/05
16:30	 Bayern Munich
Hannover 96	
–3.0
+3.0
2.00
1.80
4.0
1.80
2.00
1.10
13.00
19.00
1.01
1.04
7.72
3.5
1.0
1.93
4.50
1.87
1.20
 	 3:1(2:0)  
4118	14/05
16:30	 Bayer Leverkusen
Ingolstadt 04	
–1.0
+1.0
2.15
1.70
3.0
1.77
2.05
1.67
4.30
4.50
1.20
1.22
2.20
2.0
1.0
1.97
1.72
1.83
2.10
 	 3:2(2:1)  
4119	14/05
16:30	 Borussia Dortmund
Cologne	
–2.0
+2.0
2.05
1.77
3.5
1.77
2.05
1.25
6.50
10.00
1.05
1.11
3.94
2.5
1.0
1.72
2.45
2.10
1.57
 	 2:2(1:2)  
4120	14/05
16:30	 Werder Bremen
Eintracht Frankfurt	
–1.0
+1.0
2.80
1.44
3.0
2.05
1.75
1.90
3.70
4.00
1.26
1.29
1.90
1.5
1.0
1.77
1.72
2.05
2.10
 	 1:0(0:0)  
4121	14/05
16:30	 Wolfsburg
VfB Stuttgart	
0
0
1.55
2.45
3.5
1.75
2.05
2.10
4.00
3.10
1.38
1.25
1.75
2.0
1.5
1.87
1.80
1.93
2.00
 	 3:1(2:0)  
4122	14/05
16:30	 SV Darmstadt 1998
Borussia Monchengladbach	
+1.0
–1.0
1.48
2.65
3.5
2.10
1.75
3.80
3.90
1.87
1.93
1.27
1.27
1.5
2.0
2.20
2.10
1.67
1.75
 	 0:2(0:1)  
4123	14/05
16:30	 Mainz 05
Hertha	
0
0
1.45
2.75
2.5
1.87
1.93
2.00
3.50
3.80
1.27
1.32
1.83
1.5
1.0
1.97
1.90
1.83
1.90
 	 0:0(0:0)  
4124	14/05
16:30	 Hoffenheim
Schalke 04	
+1.0
–1.0
1.48
2.65
3.5
1.93
1.87
3.50
4.10
1.90
1.89
1.23
1.30
1.5
2.0
2.05
1.95
1.77
1.85
 	 1:4(1:2)  