343	30/10
20:00	 Auxerre
Nice	
-0.75
+0.75
2.05
1.70
 
 	
2.0
1.85
1.85
1.75
3.20
5.10
1.13
1.33
2.00
1.5
1.0
2.00
2.73
1.72
1.40
 	 2:0(1:0)  
344	30/10
20:00	 Brest
Saint-Etienne	
-0.25
+0.25
1.95
1.80
 
 	
2.0
1.85
1.85
2.40
2.90
3.15
1.32
1.38
1.52
1.5
1.5
2.55
2.85
1.45
1.37
 	 2:0(0:0)  
345	30/10
20:00	 Caen
Nancy	
-0.25
+0.25
1.85
1.85
 
 	
2.25
1.95
 	
1.80
 	
2.20
2.95
3.50
1.25
1.38
1.65
1.5
1.0
2.25
2.30
1.57
1.55
 	 2:3(1:2)  
346	30/10
20:00	 Lorient
Arles	
–1.0
+1.0
1.75
1.96
  	
2.25
1.87
 	
1.87
 	
1.45
3.85
7.80
1.05
1.25
2.55
1.5
1.0
1.70
2.85
2.03
1.37
 	 2:0(0:0)  
347	30/10
20:00	 Lyon
Sochaux	
-1.25
+1.25
1.90
1.80
 
 	
2.5
1.85
1.85
1.37
4.35
8.10
1.05
1.20
2.85
1.5
1.0
1.50
3.40
2.40
1.27
 	 2:1(1:0)  
348	30/10
20:00	 Toulouse
Lens	
-0.75
+0.75
2.00
1.72
 
 	
2.25
2.00
 	
1.75
 	
1.75
3.30
4.75
1.15
1.30
2.00
1.5
1.0
1.90
2.73
1.80
1.40
 	 1:1(1:1)  
349	31/10
18:00	 Marseille
Rennes	
-0.75
+0.75
1.80
1.95
 
 	
2.25
1.80
 	
1.95
 	
1.60
3.55
5.85
1.10
1.28
2.25
1.5
1.0
1.72
2.55
2.00
1.45
 	 cancelled  
350	31/10
18:00	 Monaco
Bordeaux	
0
0
1.80
1.90
  	
2.0
1.85
1.85
2.70
2.90
2.75
1.40
1.38
1.42
1.5
1.5
2.70
2.75
1.41
1.40
 	 cancelled  
351	31/10
18:00	 Valenciennes
Lille	
+0.25
-0.25
1.85
1.90
 
 	
2.25
1.95
 	
1.80
 	
3.25
2.95
2.30
1.57
1.38
1.30
1.5
1.5
3.10
2.40
1.32
1.50
 	 1:1(0:0)  
352	31/10
22:00	 Montpellier
Paris Saint-Germain	
0
0
1.80
1.90
  	
2.0
1.80
1.90
2.65
2.95
2.75
1.40
1.38
1.42
1.5
1.5
2.70
2.75
1.41
1.40
 	 1:1(1:1)  
145	01/12
20:00	 Marseille
Rennes	
–1.0
+1.0
1.80
1.90
  	
2.25
1.77
 	
1.95
 	
1.47
3.85
7.25
1.06
1.25
2.55
1.5
1.0
1.60
2.95
2.20
1.35
 	 0:0(0:0)  
146	01/12
20:00	 Valenciennes
Saint-Etienne	
-0.25
+0.25
1.85
1.85
 
 	
2.25
2.00
 	
1.75
 	
2.20
2.90
3.55
1.25
1.39
1.63
1.5
1.5
2.30
2.95
1.55
1.35
 	 1:1(0:1)  
336	06/11
20:00	 Sochaux
Auxerre	
-0.25
+0.25
1.95
1.80
 
 	
2.25
1.95
 	
1.80
 	
2.30
2.90
3.35
1.28
1.39
1.57
1.5
1.0
2.40
2.03
1.50
1.70
 	 1:1(0:1)  
337	06/11
20:00	 Arles
Caen	
+0.25
-0.25
1.85
1.90
 
 	
2.0
1.85
1.85
3.25
2.95
2.30
1.57
1.38
1.30
1.5
1.5
3.05
2.55
1.33
1.45
 	 3:2(2:1)  
338	06/11
20:00	 Bordeaux
Valenciennes	
-0.75
+0.75
2.05
1.70
 
 	
2.25
2.00
 	
1.75
 	
1.75
3.25
5.00
1.14
1.33
2.00
1.5
1.0
2.00
2.65
1.72
1.42
 	 1:1(0:1)  
339	06/11
20:00	 Saint-Etienne
Lorient	
-0.25
+0.25
1.72
2.00
 
 	
2.25
1.95
 	
1.80
 	
1.95
3.10
4.05
1.20
1.35
1.80
1.5
1.0
2.15
2.30
1.63
1.55
 	 1:2(0:1)  
340	06/11
22:00	 Rennes
Lyon	
0
0
1.95
1.76
  	
2.25
1.95
 	
1.80
 	
2.85
2.95
2.55
1.45
1.37
1.38
1.5
1.5
2.85
2.55
1.37
1.45
 	 1:1(1:0)  
341	07/11
18:00	 Nice
Toulouse	
0
0
1.80
1.90
  	
2.0
1.80
1.90
2.60
2.90
2.85
1.37
1.38
1.45
1.5
1.5
2.75
2.85
1.40
1.37
 	 2:0(1:0)  
342	07/11
18:00	 Nancy
Monaco	
-0.25
+0.25
1.80
1.95
 
 	
2.25
2.00
 	
1.75
 	
2.15
2.95
3.65
1.25
1.38
1.65
1.5
1.0
2.30
2.10
1.55
1.65
 	 0:4(0:0)  
343	07/11
18:00	 Lille
Brest	
-0.75
+0.75
1.85
1.90
 
 	
2.25
1.95
 	
1.80
 	
1.60
3.50
5.85
1.10
1.28
2.25
1.5
1.0
1.85
2.85
1.85
1.37
 	 3:1(1:0)  
344	07/11
18:00	 Lens
Montpellier	
-0.25
+0.25
1.95
1.80
 
 	
2.25
2.00
 	
1.75
 	
2.30
2.95
3.25
1.30
1.38
1.57
1.5
1.5
2.40
3.10
1.50
1.32
 	 2:0(2:0)  
345	07/11
22:00	 Paris Saint-Germain
Marseille	
-0.25
+0.25
2.00
1.75
 
 	
2.25
1.87
 	
1.87
 	
2.45
3.00
2.95
1.35
1.37
1.50
1.5
1.5
2.45
2.65
1.48
1.42
 	 2:1(2:1) 
316	13/11
20:00	 Bordeaux
Nancy	
-0.75
+0.75
1.80
1.90
 
 	
2.25
1.80
 	
1.90
 	
1.60
3.55
5.85
1.10
1.28
2.25
1.5
1.0
1.80
2.65
1.90
1.42
 	 2:1(1:0)  
317	13/11
20:00	 Brest
Sochaux	
-0.25
+0.25
1.65
2.15
 
 	
2.0
1.80
1.90
1.95
3.00
4.25
1.18
1.38
1.80
1.5
1.0
2.30
2.25
1.55
1.57
 	 1:1(1:1)  
318	13/11
20:00	 Montpellier
Toulouse	
-0.25
+0.25
1.85
1.85
 
 	
2.0
1.75
1.96
2.20
2.90
3.55
1.25
1.38
1.63
1.5
1.0
2.40
2.20
1.50
1.60
 	 1:0(1:0)  
319	13/11
20:00	 Monaco
Arles	
–1.0
+1.0
1.90
1.80
  	
2.25
1.80
 	
1.90
 	
1.50
3.75
6.85
1.07
1.25
2.45
1.5
1.0
1.70
2.85
2.03
1.37
 	 0:0(0:0)  
320	13/11
20:00	 Marseille
Lens	
-1.25
+1.25
1.90
1.80
 
 	
2.5
1.85
1.85
1.35
4.40
9.00
1.03
1.19
2.95
1.5
1.0
1.47
3.40
2.50
1.27
 	 1:1(1:0)  
321	13/11
22:00	 Caen
Lille	
+0.25
-0.25
1.95
1.76
 
 	
2.25
1.85
 	
1.85
 	
3.65
3.05
2.10
1.67
1.38
1.25
1.5
1.5
3.55
2.25
1.25
1.57
 	 2:5(1:3)  
322	14/11
18:00	 Auxerre
Rennes	
-0.25
+0.25
1.95
1.80
 
 	
2.0
1.85
1.85
2.35
2.95
3.20
1.30
1.38
1.55
1.5
1.5
2.40
3.10
1.50
1.32
 	 2:1(0:0)  
323	14/11
18:00	 Lorient
Paris Saint-Germain	
0
0
1.90
1.80
  	
2.25
1.95
 	
1.80
 	
2.85
2.95
2.55
1.45
1.38
1.38
1.5
1.5
2.95
2.55
1.35
1.45
 	 1:1(1:0)  
324	14/11
22:00	 Lyon
Nice	
-1.25
+1.25
1.85
1.85
 
 	
2.5
1.95
1.76
1.32
4.50
10.00
1.02
1.17
3.10
1.5
1.0
1.52
3.40
2.35
1.27
 	 1:0(1:0) 
309	20/11
20:00	 Toulouse
Marseille	
+0.25
-0.25
1.85
1.90
 
 	
2.0
1.85
1.85
3.25
2.95
2.30
1.57
1.38
1.30
1.5
1.5
3.20
2.40
1.30
1.50
 	 0:1(0:0)  
310	20/11
20:00	 Sochaux
Lorient	
0
0
1.72
2.00
  	
2.25
1.95
 	
1.80
 	
2.45
2.90
3.05
1.33
1.38
1.50
1.5
1.5
2.55
3.05
1.45
1.33
 	 2:0(1:0)  
311	20/11
20:00	 Saint-Etienne
Auxerre	
-0.25
+0.25
1.85
1.85
 
 	
2.25
2.00
 	
1.75
 	
2.20
2.90
3.55
1.25
1.39
1.63
1.5
1.0
2.30
2.07
1.55
1.67
 	 1:1(0:1)  
312	20/11
20:00	 Rennes
Brest	
-0.75
+0.75
2.05
1.70
 
 	
2.0
1.85
1.85
1.80
3.20
4.75
1.15
1.33
1.90
1.5
1.0
2.00
2.65
1.72
1.42
 	 2:1(1:0)  
313	20/11
20:00	 Paris Saint-Germain
Caen	
–1.0
+1.0
1.75
1.96
  	
2.5
1.80
1.90
1.45
4.00
7.25
1.06
1.22
2.55
1.5
1.0
1.55
2.95
2.30
1.35
 	 2:1(1:0)  
314	20/11
20:00	 Nancy
Valenciennes	
-0.25
+0.25
1.80
1.95
 
 	
2.25
2.00
 	
1.75
 	
2.15
2.95
3.65
1.25
1.38
1.65
1.5
1.0
2.30
2.10
1.55
1.65
 	 2:0(1:0)  
315	20/11
22:00	 Nice
Montpellier	
0
0
1.90
1.80
  	
2.0
1.90
1.80
2.75
2.95
2.65
1.42
1.38
1.40
1.5
1.5
2.73
2.73
1.40
1.40
 	 0:1(0:0)  
316	21/11
18:00	 Lille
Monaco	
–1.0
+1.0
1.85
1.85
  	
2.25
1.85
 	
1.85
 	
1.50
3.70
7.10
1.07
1.26
2.45
1.5
1.0
1.67
2.95
2.07
1.35
 	 2:1(1:0)  
317	21/11
18:00	 Arles
Bordeaux	
+0.75
-0.75
1.85
1.85
 
 	
2.25
1.87
 	
1.87
 	
5.35
3.40
1.67
2.10
1.30
1.12
1.0
1.5
2.75
1.85
1.40
1.85
 	 2:4(1:2)  
318	21/11
22:00	 Lens
Lyon	
+0.25
-0.25
2.05
1.70
 
 	
2.25
1.90
 	
1.85
 	
3.95
3.05
2.00
1.75
1.37
1.21
1.0
1.5
2.20
2.10
1.60
1.65
 	 1:3(1:0)  
306	27/11
20:00	 Valenciennes
Arles	
–1.0
+1.0
1.85
1.85
  	
2.25
1.85
 	
1.85
 	
1.47
3.85
7.25
1.06
1.25
2.50
1.5
1.0
1.70
3.05
2.03
1.33
 	 3:0(1:0)  
308	27/11
20:00	 Nancy
Saint-Etienne	
-0.25
+0.25
1.85
1.85
 
 	
2.25
1.90
 	
1.85
 	
2.20
3.00
3.45
1.27
1.37
1.63
1.5
1.5
2.30
3.05
1.55
1.33
 	 1:1(0:0)  
309	27/11
20:00	 Lorient
Rennes	
-0.25
+0.25
2.00
1.75
 
 	
2.0
1.80
1.90
2.40
2.90
3.15
1.31
1.38
1.50
1.5
1.5
2.55
2.95
1.45
1.35
 	 2:0(0:0)  
310	27/11
20:00	 Monaco
Nice	
-0.25
+0.25
1.80
1.90
 
 	
2.0
1.85
1.85
2.10
3.00
3.75
1.23
1.37
1.67
1.5
1.0
2.40
2.30
1.50
1.55
 	 1:1(0:0)  
311	27/11
20:00	 Marseille
Montpellier	
–1.0
+1.0
2.00
1.72
  	
2.25
1.80
 	
1.95
 	
1.55
3.75
6.00
1.09
1.25
2.30
1.5
1.0
1.67
2.85
2.07
1.37
 	 4:0(2:0)  
312	27/11
22:00	 Bordeaux
Lille	
0
0
1.75
1.96
  	
2.25
1.80
 	
1.90
 	
2.55
2.90
2.95
1.35
1.37
1.45
1.5
1.5
2.50
3.05
1.47
1.33
 	 1:1(0:1)  
313	28/11
18:00	 Auxerre
Toulouse	
-0.25
+0.25
1.67
2.10
 
 	
2.0
1.90
1.80
1.95
3.00
4.30
1.18
1.37
1.80
1.5
1.0
2.10
2.30
1.65
1.55
 	 1:2(0:2)  
314	28/11
18:00	 Caen
Sochaux	
-0.25
+0.25
1.80
1.95
 
 	
2.25
1.80
 	
1.90
 	
2.10
3.10
3.55
1.25
1.37
1.67
1.5
1.0
2.20
2.10
1.60
1.65
 	 0:3(0:1)  
315	28/11
22:00	 Lyon
Paris Saint-Germain	
-0.25
+0.25
1.63
2.20
 
 	
2.25
1.85
 	
1.90
 	
1.90
3.20
4.15
1.19
1.33
1.85
1.5
1.0
2.03
2.25
1.70
1.57
 	 2:2(0:0)  
289	04/12
20:00	 Arles
Nancy	
+0.25
-0.25
1.87
1.87
 
 	
2.25
1.85
 	
1.90
 	
3.45
3.00
2.20
1.63
1.38
1.27
1.5
1.5
3.20
2.25
1.30
1.57
 	 1:1(1:1)  
290	04/12
20:00	 Sochaux
Valenciennes	
-0.25
+0.25
1.75
1.96
 
 	
2.25
1.90
 	
1.85
 	
2.05
3.10
3.75
1.23
1.35
1.70
1.5
1.0
2.10
2.07
1.65
1.67
 	 2:1(1:0)  
291	04/12
20:00	 Rennes
Monaco	
-0.75
+0.75
1.95
1.76
 
 	
2.25
1.95
 	
1.80
 	
1.72
3.25
5.30
1.12
1.32
2.00
1.5
1.0
1.95
2.73
1.76
1.40
 	 1:0(0:0)  
292	04/12
20:00	 Toulouse
Caen	
-0.75
+0.75
1.87
1.87
 
 	
2.25
1.95
 	
1.80
 	
1.67
3.30
5.55
1.11
1.30
2.12
1.5
1.0
1.90
2.73
1.80
1.40
 	 1:0(0:0)  
293	05/12
16:00	 Lille
Lorient	
–1.0
+1.0
1.85
1.85
  	
2.25
1.80
 	
1.90
 	
1.47
3.75
7.50
1.06
1.25
2.50
1.5
1.0
1.60
2.85
2.20
1.37
 	 6:3(2:2)  
294	04/12
20:00	 Lens
Auxerre	
-0.25
+0.25
2.00
1.75
 
 	
2.0
1.75
1.96
2.35
2.95
3.20
1.31
1.38
1.55
1.5
1.5
2.55
2.95
1.45
1.35
 	 1:1(1:0)  
295	04/12
22:00	 Montpellier
Lyon	
0
0
2.00
1.72
  	
2.25
2.00
 	
1.75
 	
3.00
3.00
2.45
1.50
1.37
1.34
1.5
1.5
3.10
2.40
1.32
1.50
 	 1:2(0:1)  
296	05/12
18:00	 Nice
Marseille	
+0.25
-0.25
2.20
1.60
 
 	
2.25
1.90
 	
1.85
 	
4.25
3.30
1.85
1.90
1.32
1.18
1.0
1.5
2.25
2.00
1.57
1.72
 	 1:0(0:0)  
297	05/12
18:00	 Paris Saint-Germain
Brest	
–1.0
+1.0
1.95
1.76
  	
2.25
1.90
 	
1.85
 	
1.55
3.65
6.30
1.09
1.26
2.35
1.5
1.0
1.75
2.85
1.96
1.37
 	 3:1(1:0)  
298	05/12
22:00	 Saint-Etienne
Bordeaux	
0
0
1.75
2.00
  	
2.25
2.00
 	
1.75
 	
2.55
2.95
2.90
1.37
1.38
1.45
1.5
1.5
2.60
2.85
1.44
1.37
 	 2:2(0:1) 
335	11/12
20:00	 Brest
Montpellier	
-0.25
+0.25
2.00
1.75
 
 	
2.0
1.85
1.85
2.35
2.95
3.20
1.30
1.38
1.55
1.5
1.5
2.50
2.95
1.47
1.35
 	 0:0(0:0)  
336	11/12
20:00	 Arles
Lille	
+1.25
-1.25
1.76
1.95
 
 	
2.5
1.75
1.96
7.95
4.25
1.40
2.75
1.20
1.06
1.0
1.5
2.85
1.55
1.37
2.30
 	 0:1(0:0)  
337	11/12
20:00	 Valenciennes
Paris Saint-Germain	
+0.25
-0.25
1.80
1.90
 
 	
2.25
1.90
 	
1.85
 	
3.20
3.00
2.30
1.57
1.38
1.30
1.5
1.5
2.95
2.40
1.35
1.50
 	 1:2(0:0)  
338	11/12
20:00	 Nancy
Sochaux	
-0.25
+0.25
1.75
2.00
 
 	
2.25
1.95
 	
1.80
 	
2.05
3.00
3.85
1.22
1.37
1.70
1.5
1.0
2.20
2.15
1.60
1.63
 	 1:0(0:0)  
339	11/12
20:00	 Lorient
Lens	
-0.25
+0.25
1.80
1.95
 
 	
2.25
1.95
 	
1.80
 	
2.05
3.00
3.95
1.22
1.37
1.70
1.5
1.0
2.25
2.30
1.57
1.55
 	 3:0(0:0)  
340	11/12
20:00	 Caen
Nice	
-0.25
+0.25
1.75
2.00
 
 	
2.0
1.72
2.00
2.05
3.00
3.90
1.22
1.37
1.70
1.5
1.0
2.20
2.20
1.60
1.60
 	 0:0(0:0)  
341	11/12
22:00	 Auxerre
Marseille	
+0.25
-0.25
2.00
1.75
 
 	
2.0
1.72
2.00
3.75
3.00
2.10
1.67
1.38
1.23
1.5
1.5
3.40
2.20
1.27
1.60
 	 1:1(1:1)  
342	12/12
18:00	 Monaco
Saint-Etienne	
-0.25
+0.25
1.90
1.85
 
 	
2.0
1.80
1.90
2.30
2.95
3.35
1.28
1.38
1.57
1.5
1.5
2.40
3.35
1.50
1.28
 	 0:2(0:1)  
343	12/12
18:00	 Lyon
Toulouse	
–1.0
+1.0
1.90
1.80
  	
2.25
1.80
 	
1.95
 	
1.50
3.75
7.00
1.07
1.25
2.45
1.5
1.0
1.65
2.85
2.10
1.37
 	 2:0(2:0)  
344	12/12
22:00	 Bordeaux
Rennes	
-0.25
+0.25
1.70
2.05
 
 	
2.25
2.00
 	
1.75
 	
2.00
3.10
3.95
1.22
1.35
1.75
1.5
1.0
2.10
2.15
1.65
1.63
 	 0:0(0:0) 
273	19/12
18:00	 Lens
Caen	
-0.25
+0.25
1.70
2.05
 
 	
2.25
1.95
 	
1.80
 	
2.00
3.10
3.95
1.21
1.35
1.75
1.5
1.0
2.15
2.10
1.63
1.65
 	 cancelled  
274	18/12
20:00	 Montpellier
Auxerre	
-0.25
+0.25
1.67
2.12
 
 	
2.0
1.85
1.85
2.00
3.00
4.10
1.21
1.37
1.75
1.5
1.0
2.25
2.25
1.57
1.57
 	 1:1(0:0)  
275	18/12
20:00	 Nice
Brest	
-0.25
+0.25
1.95
1.80
 
 	
2.0
1.85
1.85
2.30
2.90
3.35
1.28
1.38
1.57
1.5
1.5
2.50
2.95
1.47
1.35
 	 1:1(1:1)  
276	18/12
20:00	 Rennes
Valenciennes	
-0.75
+0.75
2.05
1.70
 
 	
2.25
1.95
 	
1.80
 	
1.78
3.20
4.90
1.15
1.32
1.95
1.5
1.0
2.00
2.55
1.72
1.45
 	 1:0(0:0)  
277	18/12
20:00	 Saint-Etienne
Arles	
-1.25
+1.25
1.95
1.80
 
 	
2.25
1.75
 	
2.00
 	
1.32
4.55
9.70
1.03
1.17
3.10
1.5
1.0
1.45
3.55
2.55
1.25
 	 2:0(0:0)  
278	18/12
20:00	 Toulouse
Lorient	
-0.25
+0.25
1.80
1.95
 
 	
2.0
1.75
1.96
2.10
3.00
3.70
1.24
1.37
1.67
1.5
1.0
2.25
2.30
1.57
1.55
 	 3:0(1:0)  
279	18/12
22:00	 Paris Saint-Germain
Monaco	
–1.0
+1.0
1.85
1.85
  	
2.25
1.80
 	
1.95
 	
1.45
4.00
7.25
1.06
1.22
2.55
1.5
1.0
1.60
3.10
2.20
1.32
 	 2:2(1:1)  
280	19/12
18:00	 Lille
Nancy	
-1.25
+1.25
1.95
1.80
 
 	
2.5
1.75
1.96
1.40
4.20
8.00
1.05
1.20
2.75
1.5
1.0
1.45
3.20
2.55
1.30
 	 cancelled  
281	19/12
18:00	 Sochaux
Bordeaux	
0
0
1.80
1.90
  	
2.25
1.87
 	
1.87
 	
2.60
2.90
2.85
1.38
1.38
1.45
1.5
1.5
2.65
2.75
1.42
1.40
 	 1:1(1:1)  
282	19/12
21:45	 Marseille
Lyon	
-0.25
+0.25
1.75
2.00
 
 	
2.5
1.95
1.80
2.10
3.10
3.60
1.25
1.35
1.67
1.5
1.5
2.15
2.73
1.63
1.40
 	 1:1(0:1) 
103	21/12
22:00	 Lorient
Montpellier	
-0.25
+0.25
1.75
2.00
 
 	
2.0
1.75
1.96
2.05
3.05
3.85
1.23
1.37
1.70
1.5
1.0
2.35
2.10
1.52
1.65
 	 0:0(0:0)  
104	22/12
20:00	 Arles
Nice	
+0.25
-0.25
1.80
1.95
 
 	
2.0
1.77
1.94
3.35
3.00
2.25
1.60
1.37
1.28
1.5
1.5
2.95
2.50
1.35
1.47
 	 0:0(0:0)  
105	22/12
20:00	 Brest
Marseille	
+0.25
-0.25
2.05
1.70
 
 	
2.25
2.00
 	
1.75
 	
3.85
3.00
2.05
1.70
1.37
1.22
1.0
1.5
2.20
2.20
1.60
1.60
 	 0:0(0:0)  
106	22/12
20:00	 Caen
Rennes	
0
0
2.00
1.72
  	
2.0
1.80
1.90
3.05
2.95
2.45
1.50
1.38
1.33
1.5
1.5
2.95
2.50
1.35
1.47
 	 1:0(1:0)  
107	22/12
20:00	 Lille
Saint-Etienne	
-1.25
+1.25
1.95
1.80
 
 	
2.5
1.80
1.90
1.40
4.15
8.00
1.05
1.21
2.75
1.5
1.0
1.50
3.10
2.40
1.32
 	 1:1(0:0)  
108	22/12
20:00	 Lyon
Auxerre	
–1.0
+1.0
1.85
1.85
  	
2.25
1.75
 	
2.00
 	
1.47
3.85
7.25
1.06
1.25
2.55
1.5
1.0
1.65
2.95
2.10
1.35
 	 1:1(1:0)  
109	22/12
20:00	 Monaco
Sochaux	
-0.25
+0.25
1.80
1.95
 
 	
2.0
1.85
1.85
2.10
3.00
3.75
1.23
1.37
1.67
1.5
1.0
2.35
2.15
1.52
1.63
 	 2:1(1:0)  
110	22/12
20:00	 Nancy
Paris Saint-Germain	
+0.25
-0.25
1.95
1.80
 
 	
2.25
1.90
 	
1.85
 	
3.55
3.00
2.15
1.65
1.38
1.25
1.5
1.5
2.95
2.20
1.35
1.60
 	 2:0(0:0)  
111	22/12
20:00	 Valenciennes
Toulouse	
-0.25
+0.25
1.95
1.80
 
 	
2.0
1.85
1.85
2.30
3.00
3.20
1.30
1.37
1.57
1.5
1.5
2.50
3.05
1.47
1.33
 	 2:1(2:1)  
112	22/12
22:00	 Bordeaux
Lens	
–1.0
+1.0
1.97
1.74
  	
2.25
1.90
 	
1.85
 	
1.52
3.75
6.45
1.08
1.25
2.40
1.5
1.0
1.75
3.10
1.96
1.32
 	 2:2(0:2) 
258	15/01
22:00	 Auxerre
Monaco	
-0.25
+0.25
1.65
2.15
 
 	
2.0
1.85
1.85
1.90
3.20
4.25
1.19
1.33
1.85
1.5
1.0
2.20
2.40
1.60
1.50
 	 1:1(1:0)  
260	15/01
22:00	 Lens
Saint-Etienne	
-0.25
+0.25
2.00
1.72
 
 	
2.25
1.95
 	
1.80
 	
2.40
3.05
3.05
1.33
1.35
1.52
1.5
1.5
2.50
3.10
1.47
1.32
 	 2:1(0:0)  
261	15/01
22:00	 Lyon
Lorient	
–1.0
+1.0
1.75
1.96
  	
2.5
1.75
1.96
1.40
4.30
7.85
1.05
1.20
2.75
1.5
1.0
1.55
3.10
2.30
1.32
 	 3:0(1:0)  
262	15/01
22:00	 Montpellier
Valenciennes	
-0.25
+0.25
1.65
2.11
 
 	
2.0
1.85
1.85
1.90
3.20
4.25
1.19
1.33
1.85
1.5
1.0
2.20
2.40
1.60
1.50
 	 2:1(0:0)  
263	15/01
22:00	 Nice
Lille	
+0.25
-0.25
2.30
1.55
 
 	
2.25
1.90
 	
1.85
 	
4.75
3.25
1.80
1.95
1.33
1.15
1.0
1.5
2.15
2.10
1.63
1.65
 	 0:2(0:1)  
264	15/01
22:00	 Paris Saint-Germain
Sochaux	
–1.0
+1.0
1.75
1.96
  	
2.5
1.75
1.96
1.42
4.15
7.85
1.05
1.22
2.65
1.5
1.0
1.52
3.10
2.35
1.32
 	 2:1(2:1)  
265	15/01
22:00	 Rennes
Arles	
-1.25
+1.25
1.85
1.90
 
 	
2.25
1.80
 	
1.95
 	
1.33
4.65
9.50
1.03
1.17
3.05
1.5
1.0
1.52
3.40
2.35
1.27
 	 4:0(2:0)  
266	15/01
22:00	 Toulouse
Nancy	
-0.25
+0.25
1.55
2.30
 
 	
2.0
1.72
2.00
1.85
3.20
4.55
1.16
1.33
1.90
1.5
1.0
2.10
2.40
1.65
1.50
 	 1:0(1:0)  
267	16/01
22:00	 Marseille
Bordeaux	
-0.75
+0.75
1.90
1.80
 
 	
2.25
1.90
 	
1.85
 	
1.70
3.40
5.10
1.13
1.30
2.03
1.5
1.0
1.85
2.40
1.85
1.50
 	 2:1(2:0) 
246	29/01
20:00	 Arles
Paris Saint-Germain	
+1.0
–1.0
2.00
1.72
  	
2.5
1.80
1.90
7.80
4.25
1.40
2.73
1.20
1.05
1.0
1.5
3.05
1.45
1.33
2.55
 	 1:2(0:1)  
247	29/01
20:00	 Caen
Auxerre	
0
0
1.72
2.00
  	
2.0
1.75
1.96
2.50
2.95
3.00
1.35
1.38
1.47
1.5
1.5
2.55
3.05
1.45
1.33
 	 2:0(0:0)  
248	29/01
20:00	 Lorient
Brest	
-0.75
+0.75
1.95
1.76
 
 	
2.25
2.00
 	
1.72
 	
1.80
3.25
4.75
1.15
1.32
1.95
1.5
1.0
2.03
2.55
1.70
1.45
 	 2:0(0:0)  
249	29/01
20:00	 Saint-Etienne
Toulouse	
-0.25
+0.25
1.85
1.85
 
 	
2.0
1.85
1.85
2.15
2.95
3.65
1.25
1.40
1.65
1.5
1.0
2.40
2.25
1.50
1.57
 	 2:1(2:0)  
250	29/01
20:00	 Sochaux
Rennes	
0
0
1.90
1.80
  	
2.0
1.80
1.90
2.85
2.90
2.65
1.42
1.38
1.37
1.5
1.5
2.65
2.85
1.42
1.37
 	 5:1(2:0)  
252	29/01
22:00	 Lille
Lens	
-1.25
+1.25
1.75
1.96
 
 	
2.75
1.80
 	
1.90
 	
1.30
4.85
9.40
1.03
1.16
3.20
2.0
1.0
1.75
3.05
1.96
1.33
 	 1:0(0:0)  
253	30/01
18:00	 Bordeaux
Nice	
-0.75
+0.75
1.80
1.95
 
 	
2.0
1.72
2.00
1.60
3.55
5.85
1.10
1.28
2.25
1.5
1.0
1.92
3.05
1.78
1.33
 	 2:0(1:0)  
254	30/01
18:00	 Nancy
Montpellier	
-0.25
+0.25
1.87
1.87
 
 	
2.0
1.80
1.90
2.20
2.95
3.50
1.27
1.40
1.63
1.5
1.0
2.40
2.25
1.50
1.57
 	 1:2(1:1)  
255	30/01
22:00	 Monaco
Marseille	
+0.25
-0.25
1.90
1.80
 
 	
2.25
1.95
 	
1.76
 	
3.55
3.10
2.10
1.67
1.35
1.25
1.0
1.5
2.10
2.25
1.65
1.57
 	 0:0(0:0)  
261	05/02
20:00	 Brest
Nancy	
-0.25
+0.25
1.75
2.00
 
 	
2.0
1.80
1.90
2.10
3.00
3.75
1.23
1.37
1.67
1.5
1.0
2.35
2.15
1.52
1.63
 	 2:1(1:0)  
262	05/02
20:00	 Caen
Lorient	
0
0
1.70
2.03
  	
2.25
2.00
 	
1.75
 	
2.50
2.95
2.95
1.35
1.38
1.47
1.5
1.5
2.50
3.10
1.47
1.32
 	 0:2(0:1)  
263	05/02
20:00	 Lens
Valenciennes	
-0.25
+0.25
1.85
1.85
 
 	
2.25
1.90
 	
1.85
 	
2.20
3.00
3.55
1.25
1.37
1.60
1.5
1.0
2.30
2.15
1.55
1.63
 	 1:1(1:1)  
264	05/02
20:00	 Marseille
Arles	
-1.75
+1.75
1.80
1.90
 
 	
2.75
1.85
 	
1.85
 	
1.12
7.25
20.00
 	
1.06
5.30
2.5
1.0
1.95
4.75
1.76
1.15
 	 1:0(0:0)  
265	05/02
20:00	 Montpellier
Saint-Etienne	
-0.25
+0.25
1.75
2.00
 
 	
2.0
1.80
1.90
2.05
3.05
3.85
1.22
1.37
1.70
1.5
1.0
2.30
2.25
1.55
1.57
 	 1:2(0:2)  
266	05/02
20:00	 Nice
Sochaux	
-0.25
+0.25
2.00
1.75
 
 	
2.25
2.00
 	
1.75
 	
2.35
2.95
3.25
1.30
1.38
1.55
1.5
1.0
2.35
2.20
1.52
1.60
 	 1:0(1:0)  
267	05/02
22:00	 Rennes
Paris Saint-Germain	
0
0
1.90
1.80
  	
2.25
2.00
 	
1.75
 	
2.85
2.95
2.60
1.45
1.38
1.38
1.5
1.5
2.65
2.65
1.42
1.42
 	 1:0(1:0)  
268	06/02
18:00	 Auxerre
Lille	
+0.25
-0.25
1.80
1.90
 
 	
2.25
1.90
 	
1.80
 	
3.40
3.05
2.20
1.60
1.35
1.27
1.5
1.5
3.05
2.30
1.33
1.55
 	 1:1(0:1)  
269	06/02
18:00	 Toulouse
Monaco	
-0.25
+0.25
1.67
2.12
 
 	
2.0
1.85
1.85
1.90
3.10
4.35
1.18
1.35
1.85
1.5
1.0
2.10
2.55
1.65
1.45
 	 2:0(0:0)  
270	06/02
22:00	 Lyon
Bordeaux	
-0.75
+0.75
1.85
1.90
 
 	
2.25
1.80
 	
1.95
 	
1.65
3.45
5.55
1.11
1.30
2.15
1.5
1.0
1.80
2.40
1.90
1.50
 	 0:0(0:0)
274	12/02
20:00	 Arles
Montpellier	
+0.75
-0.75
1.70
2.05
 
 	
2.0
1.72
2.00
4.75
3.35
1.75
2.00
1.30
1.15
1.0
1.5
2.55
2.00
1.45
1.72
 	 0:0(0:0)  
275	12/02
20:00	 Bordeaux
Caen	
–1.0
+1.0
1.90
1.80
  	
2.25
1.85
 	
1.90
 	
1.50
3.75
6.90
1.07
1.25
2.45
1.5
1.0
1.72
2.85
2.00
1.37
 	 1:2(0:1)  
276	12/02
20:00	 Monaco
Lorient	
-0.25
+0.25
1.70
2.05
 
 	
2.0
1.80
1.90
2.00
3.00
4.10
1.20
1.37
1.75
1.5
1.0
2.35
2.25
1.52
1.57
 	 3:1(1:1)  
277	12/02
20:00	 Nancy
Auxerre	
-0.25
+0.25
1.87
1.87
 
 	
2.25
2.00
 	
1.72
 	
2.20
2.90
3.60
1.25
1.39
1.60
1.5
1.0
2.40
2.10
1.50
1.65
 	 3:1(2:0)  
278	12/02
20:00	 Paris Saint-Germain
Lens	
–1.0
+1.0
1.80
1.90
  	
2.5
1.85
1.85
1.42
4.20
7.25
1.06
1.20
2.65
1.5
1.0
1.55
3.40
2.30
1.27
 	 0:0(0:0)  
279	12/02
20:00	 Sochaux
Marseille	
+0.25
-0.25
1.95
1.80
 
 	
2.25
1.80
 	
1.95
 	
3.55
3.05
2.15
1.65
1.38
1.25
1.5
1.5
3.35
2.15
1.28
1.63
 	 1:2(1:1)  
280	12/02
22:00	 Saint-Etienne
Lyon	
+0.25
-0.25
1.85
1.85
 
 	
2.25
1.90
 	
1.85
 	
3.45
3.00
2.20
1.63
1.38
1.27
1.5
1.5
3.20
2.20
1.30
1.60
 	 1:4(1:2)  
281	13/02
18:00	 Rennes
Nice	
–1.0
+1.0
1.90
1.80
  	
2.25
1.95
 	
1.80
 	
1.50
3.75
6.85
1.07
1.25
2.45
1.5
1.0
1.78
3.10
1.93
1.32
 	 2:0(0:0)  
282	13/02
18:00	 Valenciennes
Brest	
-0.25
+0.25
1.65
2.15
 
 	
2.25
2.00
 	
1.75
 	
1.95
3.05
4.25
1.18
1.37
1.80
1.5
1.0
2.25
2.25
1.57
1.57
 	 3:0(2:0)  
283	13/02
22:00	 Lille
Toulouse	
–1.0
+1.0
1.80
1.90
  	
2.5
1.90
1.80
1.42
4.10
7.80
1.05
1.21
2.65
1.5
1.0
1.60
3.10
2.20
1.32
 	 2:0(1:0) 
184	18/02
21:45	 Lyon
Nancy	
-1.25
+1.25
2.00
1.75
 
 	
2.5
1.85
1.85
1.40
4.20
8.00
1.05
1.20
2.75
1.5
1.0
1.57
3.10
2.25
1.32
 	 4:0(1:0)  
185	19/02
20:00	 Auxerre
Arles	
-1.25
+1.25
1.85
1.85
 
 	
2.25
1.85
 	
1.90
 	
1.35
4.35
9.50
1.03
1.18
3.05
1.5
1.0
1.57
3.70
2.25
1.23
 	 1:1(0:0)  
186	19/02
20:00	 Brest
Monaco	
0
0
1.72
2.00
  	
2.0
1.85
1.85
2.55
2.90
2.95
1.35
1.38
1.47
1.5
1.5
2.65
2.95
1.42
1.35
 	 2:0(1:0)  
187	19/02
20:00	 Caen
Valenciennes	
-0.25
+0.25
1.85
1.90
 
 	
2.0
1.75
1.96
2.20
2.95
3.55
1.25
1.38
1.63
1.5
1.0
2.35
2.20
1.52
1.60
 	 2:2(0:0)  
188	19/02
20:00	 Lens
Sochaux	
-0.25
+0.25
1.65
2.15
 
 	
2.25
1.95
 	
1.80
 	
1.95
3.15
4.10
1.20
1.35
1.80
1.5
1.0
2.15
2.10
1.63
1.65
 	 2:3(1:2)  
189	19/02
20:00	 Marseille
Saint-Etienne	
–1.0
+1.0
1.90
1.80
  	
2.25
1.90
 	
1.85
 	
1.50
3.85
6.85
1.08
1.25
2.45
1.5
1.0
1.75
2.85
1.96
1.37
 	 2:1(0:0)  
190	19/02
22:00	 Lorient
Bordeaux	
-0.25
+0.25
2.00
1.72
 
 	
2.25
2.00
 	
1.72
 	
2.45
3.00
3.00
1.35
1.37
1.52
1.5
1.5
2.55
3.05
1.45
1.33
 	 5:1(3:1)  
191	20/02
18:00	 Montpellier
Lille	
+0.25
-0.25
1.90
1.85
 
 	
2.25
1.95
 	
1.80
 	
3.55
2.95
2.20
1.65
1.38
1.25
1.5
1.5
3.55
2.30
1.25
1.55
 	 1:0(0:0)  
192	20/02
18:00	 Nice
Paris Saint-Germain	
+0.25
-0.25
2.00
1.75
 
 	
2.0
1.75
1.96
3.80
3.00
2.10
1.70
1.37
1.23
1.0
1.5
2.20
2.25
1.60
1.57
 	 0:3(0:2)  
193	20/02
22:00	 Toulouse
Rennes	
-0.25
+0.25
2.03
1.72
 
 	
2.0
1.85
1.85
2.40
2.90
3.20
1.30
1.39
1.52
1.5
1.5
2.65
2.95
1.42
1.35
 	 1:2(0:1)  
268	26/02
20:00	 Arles
Brest	
+0.25
-0.25
1.75
2.00
 
 	
2.0
1.80
1.90
3.10
2.95
2.40
1.52
1.38
1.32
1.5
1.5
2.95
2.50
1.35
1.47
 	 1:1(1:0)  
269	26/02
20:00	 Monaco
Caen	
-0.75
+0.75
2.05
1.70
 
 	
2.25
1.95
 	
1.80
 	
1.80
3.35
4.55
1.16
1.30
1.95
1.5
1.0
2.07
2.35
1.67
1.52
 	 2:2(1:0)  
270	26/02
20:00	 Rennes
Lens	
-0.75
+0.75
1.87
1.87
 
 	
2.25
1.95
 	
1.80
 	
1.67
3.35
5.55
1.11
1.30
2.12
1.5
1.0
1.90
2.73
1.80
1.40
 	 2:0(1:0)  
271	26/02
20:00	 Saint-Etienne
Nice	
-0.75
+0.75
1.95
1.80
 
 	
2.25
1.95
 	
1.80
 	
1.70
3.30
5.35
1.12
1.30
2.05
1.5
1.0
1.90
2.73
1.80
1.40
 	 0:2(0:0)  
272	26/02
20:00	 Sochaux
Montpellier	
-0.25
+0.25
2.05
1.70
 
 	
2.0
1.85
1.85
2.40
2.95
3.10
1.32
1.38
1.52
1.5
1.5
2.50
3.10
1.47
1.32
 	 0:0(0:0)  
273	26/02
20:00	 Valenciennes
Lorient	
-0.25
+0.25
1.90
1.85
 
 	
2.25
1.87
 	
1.87
 	
2.20
3.05
3.40
1.27
1.37
1.63
1.5
1.0
2.30
2.10
1.55
1.65
 	 0:0(0:0)  
274	26/02
22:00	 Bordeaux
Auxerre	
-0.75
+0.75
2.00
1.72
 
 	
2.25
1.95
 	
1.80
 	
1.75
3.30
5.00
1.14
1.30
2.00
1.5
1.0
1.95
2.73
1.76
1.40
 	 3:0(1:0)  
275	27/02
18:00	 Nancy
Marseille	
+0.25
-0.25
2.10
1.67
 
 	
2.25
1.87
 	
1.87
 	
3.95
3.10
2.00
1.75
1.35
1.21
1.0
1.5
2.10
2.10
1.65
1.65
 	 1:2(1:1)  
276	27/02
18:00	 Paris Saint-Germain
Toulouse	
-0.75
+0.75
1.85
1.90
 
 	
2.25
1.80
 	
1.95
 	
1.63
3.55
5.55
1.11
1.28
2.20
1.5
1.0
1.80
2.85
1.90
1.37
 	 2:1(2:0)  
277	27/02
22:00	 Lille
Lyon	
-0.25
+0.25
1.87
1.87
 
 	
2.25
1.75
 	
2.00
 	
2.20
3.25
3.25
1.30
1.33
1.63
1.5
1.0
2.15
1.95
1.63
1.76
 	 1:1(1:1) 
298	05/03
20:00	 Caen
Saint-Etienne	
-0.25
+0.25
2.00
1.75
 
 	
2.25
1.90
 	
1.85
 	
2.35
3.00
3.15
1.32
1.37
1.55
1.5
1.5
2.40
2.95
1.50
1.35
 	 1:0(0:0)  
299	05/03
20:00	 Lorient
Nancy	
-0.75
+0.75
1.85
1.90
 
 	
2.5
1.95
1.76
1.67
3.45
5.30
1.13
1.30
2.12
1.5
1.0
1.85
2.40
1.85
1.50
 	 0:0(0:0)  
300	05/03
20:00	 Montpellier
Rennes	
-0.25
+0.25
2.00
1.75
 
 	
2.0
1.85
1.85
2.40
2.95
3.10
1.32
1.38
1.52
1.5
1.5
2.65
3.05
1.42
1.33
 	 0:1(0:1)  
301	05/03
20:00	 Nice
Lens	
-0.25
+0.25
1.85
1.90
 
 	
2.0
1.90
1.80
2.20
2.95
3.55
1.25
1.38
1.63
1.5
1.0
2.40
2.25
1.50
1.57
 	 0:0(0:0)  
302	05/03
20:00	 Toulouse
Sochaux	
-0.75
+0.75
2.00
1.75
 
 	
2.25
1.95
 	
1.80
 	
1.80
3.15
4.90
1.14
1.35
1.95
1.5
1.0
2.03
2.50
1.70
1.47
 	 0:1(0:0)  
303	05/03
20:00	 Valenciennes
Monaco	
-0.25
+0.25
1.75
2.00
 
 	
2.25
1.95
 	
1.80
 	
2.05
3.10
3.75
1.23
1.35
1.70
1.5
1.0
2.25
2.15
1.57
1.63
 	 0:0(0:0)  
304	05/03
22:00	 Auxerre
Paris Saint-Germain	
+0.25
-0.25
1.85
1.90
 
 	
2.25
1.95
 	
1.78
 	
3.40
2.95
2.25
1.60
1.38
1.27
1.5
1.5
3.40
2.35
1.27
1.52
 	 1:0(0:0)  
305	06/03
18:00	 Brest
Bordeaux	
0
0
1.90
1.80
  	
2.0
1.80
1.90
2.85
2.90
2.65
1.42
1.39
1.38
1.5
1.5
2.95
2.65
1.35
1.42
 	 1:3(0:0)  
306	06/03
18:00	 Lyon
Arles	
-1.75
+1.75
1.85
1.85
 
 	
2.75
1.90
 	
1.85
 	
1.17
6.25
17.00
 	
1.11
4.50
2.5
1.0
2.10
4.55
1.65
1.16
 	 5:0(2:0)  
307	06/03
22:00	 Marseille
Lille	
-0.25
+0.25
1.75
2.00
 
 	
2.25
1.87
 	
1.87
 	
2.05
3.15
3.75
1.23
1.33
1.70
1.5
1.0
2.10
2.07
1.65
1.67
 	 1:2(0:1) 
65	11/03
22:00	 Rennes
Marseille	
0
0
1.75
2.00
  	
2.0
1.80
1.90
2.50
2.95
3.00
1.37
1.38
1.47
1.5
1.5
2.65
2.85
1.42
1.37
 	 0:2(0:1)  
167	12/03
20:00	 Lens
Toulouse	
-0.25
+0.25
2.05
1.70
 
 	
2.0
1.80
1.90
2.45
3.00
3.00
1.35
1.38
1.50
1.5
1.5
2.55
2.95
1.45
1.35
 	 0:1(0:0)  
169	12/03
20:00	 Nice
Auxerre	
-0.25
+0.25
2.00
1.75
 
 	
2.0
1.85
1.85
2.45
2.95
3.05
1.35
1.38
1.52
1.5
1.5
2.65
3.05
1.42
1.33
 	 1:0(0:0)  
170	12/03
20:00	 Saint-Etienne
Brest	
-0.75
+0.75
1.95
1.80
 
 	
2.25
1.95
 	
1.80
 	
1.75
3.35
4.95
1.14
1.30
2.00
1.5
1.0
2.00
2.50
1.72
1.47
 	 2:0(1:0)  
171	12/03
20:00	 Sochaux
Lyon	
+0.25
-0.25
1.95
1.80
 
 	
2.25
1.85
 	
1.90
 	
3.55
3.05
2.15
1.65
1.35
1.25
1.5
1.5
3.20
2.20
1.30
1.60
 	 0:2(0:1)  
172	13/03
18:00	 Bordeaux
Monaco	
-0.75
+0.75
2.00
1.75
 
 	
2.25
1.95
 	
1.80
 	
1.80
3.25
4.75
1.15
1.33
1.95
1.5
1.0
2.00
2.55
1.72
1.45
 	 0:1(0:1)  
173	13/03
18:00	 Lille
Valenciennes	
-1.25
+1.25
2.00
1.75
 
 	
2.25
1.75
 	
2.00
 	
1.42
4.05
8.10
1.05
1.20
2.70
1.5
1.0
1.55
3.40
2.30
1.27
 	 2:1(1:0)  
174	13/03
22:00	 Paris Saint-Germain
Montpellier	
-0.75
+0.75
1.87
1.87
 
 	
2.25
1.90
 	
1.85
 	
1.67
3.45
5.40
1.12
1.30
2.12
1.5
1.0
1.85
2.73
1.85
1.40
 	 2:2(2:0) 
264	19/03
20:00	 Auxerre
Sochaux	
-0.25
+0.25
1.75
2.00
 
 	
2.0
1.72
2.00
2.05
3.10
3.85
1.22
1.37
1.70
1.5
1.0
2.30
2.25
1.55
1.57
 	 2:0(1:0)  
265	19/03
20:00	 Brest
Lille	
+0.25
-0.25
2.25
1.60
 
 	
2.25
1.90
 	
1.85
 	
4.25
3.20
1.90
1.85
1.33
1.18
1.0
1.5
2.40
2.07
1.50
1.67
 	 1:2(1:1)  
266	19/03
20:00	 Lorient
Saint-Etienne	
-0.75
+0.75
2.05
1.70
 
 	
2.25
1.87
 	
1.87
 	
1.85
3.35
4.25
1.18
1.30
1.90
1.5
1.0
2.10
2.40
1.67
1.50
 	 0:0(0:0)  
267	19/03
20:00	 Montpellier
Lens	
-0.75
+0.75
2.00
1.75
 
 	
2.0
1.90
1.80
1.78
3.20
5.00
1.14
1.32
1.95
1.5
1.0
2.10
2.73
1.65
1.40
 	 1:4(0:3)  
268	19/03
20:00	 Toulouse
Nice	
-0.75
+0.75
1.95
1.80
 
 	
2.0
1.95
1.76
1.78
3.10
5.30
1.13
1.35
1.97
1.5
1.0
2.25
2.65
1.57
1.42
 	 1:1(1:0)  
269	19/03
20:00	 Valenciennes
Bordeaux	
0
0
1.75
2.00
  	
2.25
2.00
 	
1.75
 	
2.45
3.05
2.95
1.35
1.35
1.50
1.5
1.5
2.55
2.95
1.45
1.35
 	 2:2(1:0)  
270	19/03
22:00	 Lyon
Rennes	
-0.75
+0.75
1.80
1.95
 
 	
2.25
1.85
 	
1.90
 	
1.63
3.45
5.85
1.10
1.30
2.20
1.5
1.0
1.75
2.65
1.96
1.42
 	 1:1(1:0)  
271	20/03
18:00	 Caen
Arles	
–1.0
+1.0
1.95
1.76
  	
2.25
1.75
 	
2.00
 	
1.57
3.70
5.95
1.10
1.25
2.30
1.5
1.0
1.80
2.75
1.90
1.40
 	 2:0(0:0)  
272	20/03
18:00	 Monaco
Nancy	
-0.25
+0.25
1.70
2.05
 
 	
2.25
2.00
 	
1.75
 	
2.00
3.10
3.95
1.21
1.35
1.75
1.5
1.0
2.30
2.25
1.55
1.57
 	 0:1(0:1)  
273	20/03
22:00	 Marseille
Paris Saint-Germain	
-0.25
+0.25
1.63
2.20
 
 	
2.25
1.80
 	
1.95
 	
1.95
3.15
4.15
1.19
1.35
1.80
1.5
1.0
2.10
2.10
1.65
1.65
 	 2:1(2:1) 
03	02/04
20:00	 Arles
Monaco	
+0.25
-0.25
2.00
1.75
 
 	
2.25
2.00
 	
1.75
 	
3.85
3.10
2.05
1.70
1.37
1.22
1.0
1.5
2.25
2.25
1.57
1.57
 	 0:2(0:1)  
304	02/04
20:00	 Lille
Caen	
–1.5
+1.5
1.90
1.80
  	
2.75
1.87
 	
1.87
 	
1.30
4.90
10.00
1.03
1.15
3.20
2.0
1.0
1.85
3.20
1.85
1.30
 	 3:1(1:0)  
305	02/04
20:00	 Nancy
Bordeaux	
0
0
1.90
1.80
  	
2.25
1.90
 	
1.85
 	
2.75
3.00
2.65
1.42
1.37
1.40
1.5
1.5
2.73
2.63
1.40
1.43
 	 0:0(0:0)  
306	02/04
20:00	 Paris Saint-Germain
Lorient	
-0.75
+0.75
1.95
1.80
 
 	
2.25
1.80
 	
1.95
 	
1.67
3.55
5.30
1.12
1.30
2.10
1.5
1.0
1.80
2.40
1.90
1.50
 	 0:0(0:0)  
307	02/04
20:00	 Rennes
Auxerre	
-0.75
+0.75
1.85
1.90
 
 	
2.0
1.85
1.85
1.65
3.45
5.55
1.11
1.30
2.15
1.5
1.0
1.95
2.85
1.76
1.37
 	 0:0(0:0)  
308	02/04
20:00	 Sochaux
Brest	
-0.25
+0.25
1.67
2.10
 
 	
2.25
1.90
 	
1.85
 	
1.95
3.20
4.10
1.20
1.33
1.80
1.5
1.0
2.15
2.20
1.63
1.60
 	 2:1(1:0)  
309	02/04
22:00	 Toulouse
Montpellier	
-0.25
+0.25
1.80
1.95
 
 	
2.0
1.95
1.76
2.15
2.95
3.70
1.24
1.37
1.65
1.5
1.0
2.40
2.40
1.50
1.50
 	 0:1(0:0)  
310	03/04
18:00	 Nice
Lyon	
+0.75
-0.75
1.75
2.00
 
 	
2.25
1.90
 	
1.85
 	
4.75
3.25
1.80
1.95
1.33
1.15
1.0
1.5
2.50
2.00
1.47
1.72
 	 2:2(0:2)  
311	03/04
18:00	 Saint-Etienne
Valenciennes	
-0.25
+0.25
1.70
2.05
 
 	
2.25
1.95
 	
1.80
 	
2.00
3.10
4.00
1.21
1.35
1.75
1.5
1.0
2.15
2.20
1.63
1.60
 	 1:1(0:0)  
312	03/04
22:00	 Lens
Marseille	
+0.25
-0.25
2.12
1.67
 
 	
2.25
1.87
 	
1.87
 	
3.95
3.15
2.00
1.75
1.33
1.21
1.5
1.5
3.75
2.10
1.23
1.65
 	 0:1(0:0) 
236	09/04
20:00	 Auxerre
Saint-Etienne	
-0.25
+0.25
1.85
1.85
 
 	
2.0
1.90
1.80
2.25
3.00
3.40
1.27
1.37
1.60
1.5
1.0
2.40
2.30
1.50
1.55
 	 2:2(1:1)  
237	09/04
20:00	 Bordeaux
Arles	
-1.75
+1.75
1.95
1.76
 
 	
2.5
1.75
1.96
1.22
5.50
14.00
1.01
1.13
3.85
2.0
1.0
1.75
3.70
1.96
1.23
 	 0:0(0:0)  
238	09/04
20:00	 Caen
Paris Saint-Germain	
+0.25
-0.25
1.95
1.80
 
 	
2.25
1.85
 	
1.90
 	
3.70
3.05
2.10
1.67
1.35
1.24
1.5
1.5
3.20
2.20
1.30
1.60
 	 1:2(0:1)  
239	09/04
20:00	 Lorient
Sochaux	
-0.75
+0.75
1.75
1.96
 
 	
2.5
2.00
1.72
1.60
3.65
5.55
1.11
1.25
2.20
 
 	 1:1(1:1)  
240	09/04
20:00	 Monaco
Lille	
+0.25
-0.25
2.00
1.75
 
 	
2.25
1.90
 	
1.85
 	
3.75
3.20
2.05
1.70
1.33
1.23
1.0
1.5
2.30
2.15
1.55
1.63
 	 1:0(1:0)  
241	09/04
20:00	 Valenciennes
Nancy	
-0.25
+0.25
1.60
2.25
 
 	
2.25
1.95
 	
1.80
 	
1.90
3.20
4.25
1.18
1.33
1.85
1.5
1.0
2.15
2.25
1.63
1.57
 	 1:1(1:0)  
242	09/04
22:00	 Brest
Rennes	
0
0
1.90
1.80
  	
2.0
1.90
1.80
2.80
2.90
2.70
1.42
1.39
1.40
1.5
1.5
2.85
2.75
1.37
1.40
 	 2:0(1:0)  
243	10/04
18:00	 Marseille
Toulouse	
-1.25
+1.25
2.00
1.75
 
 	
2.25
1.80
 	
1.95
 	
1.42
4.10
8.00
1.05
1.20
2.70
1.5
1.0
1.60
3.10
2.20
1.32
 	 2:2(1:1)  
244	10/04
18:00	 Montpellier
Nice	
-0.75
+0.75
1.95
1.80
 
 	
2.0
1.92
1.78
1.75
3.25
5.15
1.13
1.32
2.00
1.5
1.0
2.10
2.73
1.65
1.40
 	 1:1(1:0)  
245	10/04
22:00	 Lyon
Lens	
-1.25
+1.25
1.75
2.00
 
 	
2.5
1.80
1.90
1.32
4.55
10.50
1.02
1.16
3.15
2.0
1.0
1.90
3.10
1.80
1.32
 	 3:0(0:0) 
93	16/04
20:00	 Lens
Brest	
-0.25
+0.25
1.70
2.05
 
 	
2.0
1.80
1.90
2.00
3.05
4.05
1.20
1.37
1.72
1.5
1.0
2.30
2.30
1.55
1.55
 	 1:1(1:0)  
294	16/04
20:00	 Nice
Monaco	
0
0
1.80
1.90
  	
2.0
1.90
1.80
2.65
2.90
2.85
1.38
1.37
1.42
1.5
1.5
2.75
2.95
1.40
1.35
 	 3:2(1:1)  
295	16/04
20:00	 Rennes
Lorient	
-0.25
+0.25
1.85
1.85
 
 	
2.0
1.75
1.96
2.10
3.00
3.75
1.23
1.37
1.67
1.5
1.0
2.40
2.30
1.50
1.55
 	 1:2(1:0)  
296	16/04
20:00	 Saint-Etienne
Nancy	
-0.25
+0.25
1.65
2.15
 
 	
2.25
1.90
 	
1.85
 	
1.95
3.20
4.05
1.20
1.33
1.80
1.5
1.0
2.15
2.20
1.63
1.60
 	 2:1(0:1)  
297	16/04
20:00	 Sochaux
Caen	
-0.25
+0.25
1.65
2.15
 
 	
2.25
1.80
 	
1.95
 	
1.95
3.20
4.00
1.20
1.33
1.80
1.5
1.0
2.10
2.20
1.65
1.60
 	 3:2(1:1)  
298	16/04
20:00	 Toulouse
Auxerre	
-0.25
+0.25
1.57
2.25
 
 	
2.0
1.90
1.80
1.85
3.15
4.55
1.16
1.32
1.90
1.5
1.0
2.25
2.30
1.57
1.55
 	 0:1(0:0)  
299	16/04
22:00	 Lille
Bordeaux	
–1.0
+1.0
1.95
1.76
  	
2.5
1.90
1.80
1.55
3.80
6.10
1.09
1.25
2.35
1.5
1.0
1.70
2.65
2.03
1.42
 	 1:1(0:0)  
300	17/04
18:00	 Arles
Valenciennes	
+0.25
-0.25
2.10
1.67
 
 	
2.25
1.95
 	
1.80
 	
3.85
3.25
1.95
1.80
1.33
1.20
1.0
1.5
2.25
2.20
1.57
1.60
 	 0:1(0:0)  
301	17/04
18:00	 Montpellier
Marseille	
+0.25
-0.25
2.00
1.72
 
 	
2.25
2.00
 	
1.72
 	
3.85
3.10
2.05
1.70
1.35
1.23
1.5
1.5
3.40
2.20
1.27
1.60
 	 1:2(0:0)  
302	17/04
22:00	 Paris Saint-Germain
Lyon	
0
0
1.80
1.90
  	
2.25
1.80
 	
1.95
 	
2.60
3.05
2.75
1.40
1.35
1.45
1.5
1.5
2.55
2.65
1.45
1.42
 	 1:0(0:0)  
137	24/04
18:00	 Auxerre
Lens	
-0.25
+0.25
1.90
1.80
 
 	
2.0
1.85
1.85
2.25
3.00
3.40
1.27
1.37
1.60
1.5
1.0
2.40
2.25
1.50
1.57
 	 1:1(1:0)  
138	24/04
18:00	 Bordeaux
Saint-Etienne	
-0.25
+0.25
1.65
2.15
 
 	
2.25
1.95
 	
1.80
 	
1.90
3.20
4.25
1.18
1.33
1.85
1.5
1.0
2.10
2.20
1.65
1.60
 	 2:0(1:0)  
139	24/04
18:00	 Brest
Paris Saint-Germain	
+0.25
-0.25
1.85
1.85
 
 	
2.25
1.95
 	
1.80
 	
3.35
3.20
2.15
1.65
1.33
1.28
1.5
1.5
3.55
2.25
1.25
1.57
 	 2:2(2:1)  
140	24/04
18:00	 Caen
Toulouse	
0
0
1.72
2.00
  	
2.0
1.80
1.90
2.50
3.00
2.95
1.35
1.38
1.47
1.5
1.5
2.65
2.95
1.42
1.35
 	 1:1(1:1)  
141	24/04
18:00	 Monaco
Rennes	
-0.25
+0.25
2.00
1.72
 
 	
2.0
1.70
2.03
2.40
2.95
3.10
1.32
1.38
1.50
1.5
1.5
2.55
3.05
1.45
1.33
 	 1:0(0:0)  
142	24/04
18:00	 Nancy
Arles	
-1.25
+1.25
1.85
1.85
 
 	
2.5
1.90
1.80
1.37
4.40
8.50
1.05
1.20
2.85
1.5
1.0
1.67
3.10
2.07
1.32
 	 0:0(0:0)  
143	24/04
18:00	 Valenciennes
Sochaux	
-0.25
+0.25
1.67
2.12
 
 	
2.25
1.90
 	
1.85
 	
1.95
3.15
4.05
1.20
1.33
1.80
1.5
1.0
2.20
2.15
1.60
1.63
 	 1:1(1:1)  
144	24/04
22:00	 Lorient
Lille	
+0.25
-0.25
1.80
1.90
 
 	
2.25
1.85
 	
1.85
 	
3.20
3.15
2.25
1.60
1.35
1.30
1.5
1.5
3.35
2.35
1.28
1.52
 	 1:1(0:1) 
260	30/04
20:00	 Lens
Lorient	
-0.25
+0.25
1.95
1.76
 
 	
2.25
2.00
 	
1.72
 	
2.40
3.05
3.05
1.33
1.35
1.52
1.5
1.5
2.55
2.95
1.45
1.35
 	 2:3(2:1)  
261	30/04
20:00	 Lille
Arles	
–2.0
+2.0
1.75
1.96
  	
2.5
1.50
2.40
1.10
7.85
23.00
 	
1.05
5.85
2.5
1.0
1.85
4.40
1.85
1.17
 	 5:0(2:0)  
262	30/04
20:00	 Rennes
Bordeaux	
-0.25
+0.25
2.00
1.72
 
 	
2.0
1.85
1.85
2.40
2.90
3.20
1.30
1.38
1.52
1.5
1.5
2.50
3.20
1.47
1.30
 	 0:0(0:0)  
263	30/04
20:00	 Sochaux
Nancy	
-0.25
+0.25
1.75
2.00
 
 	
2.25
1.80
 	
1.90
 	
2.05
3.10
3.75
1.23
1.35
1.70
1.5
1.5
2.20
3.40
1.60
1.27
 	 1:0(1:0)  
264	30/04
22:00	 Paris Saint-Germain
Valenciennes	
–1.0
+1.0
1.85
1.85
  	
2.5
1.90
1.80
1.47
3.95
6.85
1.07
1.25
2.55
1.5
1.0
1.60
2.95
2.20
1.35
 	 3:1(2:1)  
265	01/05
18:00	 Marseille
Auxerre	
-1.25
+1.25
1.95
1.76
 
 	
2.5
1.95
1.76
1.37
4.35
8.50
1.04
1.19
2.85
1.5
1.0
1.50
3.40
2.40
1.27
 	 1:1(0:0)  
266	01/05
18:00	 Montpellier
Brest	
-0.25
+0.25
1.65
2.15
 
 	
2.0
1.75
1.96
1.95
3.15
4.10
1.20
1.33
1.80
1.5
1.0
2.15
2.40
1.63
1.50
 	 0:0(0:0)  
267	01/05
18:00	 Nice
Caen	
-0.25
+0.25
1.70
2.05
 
 	
2.25
1.95
 	
1.80
 	
2.00
3.10
3.95
1.21
1.35
1.75
1.5
1.0
2.15
2.20
1.63
1.60
 	 0:4(0:2)  
268	01/05
18:00	 Toulouse
Lyon	
+0.25
-0.25
2.10
1.67
 
 	
2.25
1.90
 	
1.80
 	
3.95
3.20
1.95
1.80
1.33
1.21
1.0
1.5
2.25
2.15
1.57
1.63
 	 2:0(1:0)  
269	01/05
22:00	 Saint-Etienne
Monaco	
-0.25
+0.25
1.75
1.96
 
 	
2.25
2.00
 	
1.72
 	
2.10
3.05
3.65
1.25
1.37
1.67
1.5
1.0
2.35
2.20
1.52
1.60
 	 1:1(1:1) 
230	07/05
20:00	 Arles
Saint-Etienne	
+0.25
-0.25
2.20
1.60
 
 	
2.25
1.90
 	
1.80
 	
4.25
3.20
1.90
1.85
1.33
1.18
1.0
1.5
2.40
2.10
1.50
1.65
 	 0:1(0:1)  
231	07/05
20:00	 Auxerre
Montpellier	
-0.25
+0.25
1.85
1.85
 
 	
2.0
1.85
1.85
2.20
3.00
3.45
1.27
1.37
1.63
1.5
1.0
2.35
2.15
1.52
1.63
 	 1:0(0:0)  
232	07/05
20:00	 Bordeaux
Sochaux	
-0.75
+0.75
1.75
1.96
 
 	
2.25
1.80
 	
1.90
 	
1.60
3.55
6.00
1.10
1.27
2.25
1.5
1.0
1.85
2.40
1.85
1.50
 	 0:4(0:4)  
233	07/05
20:00	 Brest
Nice	
-0.25
+0.25
1.55
2.30
 
 	
2.0
1.75
1.96
1.80
3.15
4.90
1.15
1.35
1.90
1.5
1.0
2.10
2.20
1.65
1.60
 	 0:0(0:0)  
234	07/05
20:00	 Caen
Lens	
-0.25
+0.25
1.70
2.05
 
 	
2.25
1.85
 	
1.85
 	
2.00
3.10
3.85
1.22
1.38
1.75
1.5
1.5
2.25
3.55
1.57
1.25
 	 1:1(1:1)  
235	07/05
20:00	 Lorient
Toulouse	
-0.25
+0.25
1.57
2.25
 
 	
2.25
1.90
 	
1.80
 	
1.85
3.10
4.75
1.15
1.35
1.90
1.5
1.0
2.10
2.25
1.65
1.57
 	 0:0(0:0)  
236	07/05
20:00	 Monaco
Paris Saint-Germain	
+0.25
-0.25
1.90
1.80
 
 	
2.25
1.95
 	
1.76
 	
3.55
3.05
2.15
1.65
1.35
1.25
1.5
1.5
3.05
2.30
1.33
1.55
 	 1:1(1:0)  
237	07/05
22:00	 Nancy
Lille	
+0.25
-0.25
2.20
1.60
 
 	
2.25
1.75
 	
1.96
 	
4.05
3.30
1.90
1.85
1.32
1.20
1.0
1.5
2.15
2.00
1.63
1.72
 	 0:1(0:1)  
238	08/05
18:00	 Valenciennes
Rennes	
-0.25
+0.25
1.90
1.80
 
 	
2.0
1.80
1.90
2.30
3.00
3.25
1.30
1.37
1.57
1.5
1.5
2.65
3.05
1.42
1.33
 	 2:0(1:0)  
239	08/05
22:00	 Lyon
Marseille	
-0.25
+0.25
1.85
1.85
 
 	
2.25
1.80
 	
1.90
 	
2.20
3.15
3.25
1.30
1.35
1.60
1.5
1.5
2.10
2.95
1.65
1.35
 	 3:2(1:0) 
117	10/05
22:00	 Paris Saint-Germain
Nancy	
-1.25
+1.25
1.90
1.80
 
 	
2.5
1.75
1.96
1.40
4.20
8.10
1.05
1.20
2.75
1.5
1.0
1.52
3.10
2.35
1.32
 	 2:2(2:1)  
118	10/05
22:00	 Saint-Etienne
Lille	
+0.25
-0.25
2.00
1.72
 
 	
2.25
1.80
 	
1.90
 	
3.75
3.15
2.05
1.70
1.33
1.23
1.5
1.5
3.10
2.10
1.32
1.65
 	 1:2(1:1)  
119	11/05
20:00	 Auxerre
Lyon	
+0.25
-0.25
1.96
1.75
 
 	
2.5
2.10
1.67
3.65
3.10
2.10
1.67
1.35
1.24
1.5
1.5
3.10
2.10
1.32
1.65
 	 4:0(2:0)  
120	11/05
20:00	 Lens
Bordeaux	
0
0
1.80
1.90
  	
2.25
1.85
 	
1.85
 	
2.65
3.00
2.75
1.40
1.35
1.42
1.5
1.5
2.65
2.65
1.42
1.42
 	 1:0(0:0)  
121	11/05
20:00	 Montpellier
Lorient	
-0.25
+0.25
2.00
1.72
 
 	
2.0
1.63
2.14
2.40
3.05
3.05
1.33
1.35
1.52
1.5
1.5
2.40
2.95
1.50
1.35
 	 3:1(1:1)  
122	11/05
20:00	 Nice
Arles	
-1.25
+1.25
1.85
1.85
 
 	
2.5
2.05
1.70
1.35
4.35
9.10
1.03
1.19
2.95
1.5
1.0
1.55
3.20
2.30
1.30
 	 3:2(1:1)  
123	11/05
20:00	 Rennes
Caen	
-0.75
+0.75
2.20
1.60
 
 	
2.0
1.63
2.15
1.95
3.25
3.95
1.21
1.33
1.76
1.5
1.0
2.00
2.40
1.72
1.50
 	 1:1(1:0)  
124	11/05
20:00	 Sochaux
Monaco	
-0.25
+0.25
1.85
1.85
 
 	
2.5
2.10
1.67
2.20
3.10
3.35
1.28
1.35
1.63
1.5
1.0
2.25
2.03
1.57
1.70
 	 3:0(2:0)  
125	11/05
20:00	 Toulouse
Valenciennes	
-0.25
+0.25
1.75
1.96
 
 	
2.0
1.80
1.90
2.05
3.05
3.85
1.22
1.37
1.70
1.5
1.0
2.30
2.20
1.55
1.60
 	 0:0(0:0)  
126	11/05
22:00	 Marseille
Brest	
–1.5
+1.5
1.95
1.76
  	
2.5
1.75
2.00
1.30
4.70
10.50
1.02
1.16
3.20
2.0
1.0
1.80
3.20
1.90
1.30
 	 3:0(1:0)
154	15/05
18:00	 Arles
Toulouse	
+1.0
–1.0
1.57
2.25
  	
2.0
1.70
2.05
5.85
3.30
1.67
2.10
1.32
1.12
1.5
1.5
3.75
1.96
1.23
1.75
 	 1:0(1:0)  
155	15/05
18:00	 Caen
Montpellier	
–1.0
+1.0
2.65
1.42
  	
2.5
2.05
1.70
1.90
3.30
4.05
1.20
1.32
1.85
1.5
1.5
2.07
3.05
1.67
1.33
 	 2:0(1:0)  
156	15/05
18:00	 Monaco
Lens	
–1.0
+1.0
2.50
1.47
  	
2.5
2.05
1.70
1.85
3.35
4.25
1.18
1.30
1.85
1.5
1.0
1.95
2.30
1.76
1.55
 	 1:1(1:0)  
157	15/05
18:00	 Nancy
Nice	
–1.0
+1.0
2.50
1.47
  	
2.5
2.10
1.67
1.80
3.20
4.90
1.15
1.32
1.95
1.5
1.5
2.10
3.40
1.65
1.27
 	 3:0(1:0)  
158	15/05
18:00	 Saint-Etienne
Rennes	
-0.25
+0.25
1.90
1.80
 
 	
2.0
1.72
2.00
2.25
3.00
3.35
1.28
1.37
1.60
1.5
1.5
2.30
3.05
1.55
1.33
 	 1:2(1:2)  
159	15/05
18:00	 Valenciennes
Auxerre	
0
0
1.42
2.65
  	
2.0
1.75
1.96
2.05
3.05
3.85
1.22
1.35
1.70
1.5
1.0
2.30
2.25
1.55
1.57
 	 1:1(0:0)  
160	15/05
22:00	 Lorient
Marseille	
0
0
2.55
1.45
  	
2.5
1.87
1.87
3.75
3.25
2.00
1.75
1.32
1.23
1.5
1.5
2.95
1.95
1.35
1.76
 	 2:2(0:1)  
161	16/05
22:00	 Brest
Lyon	
+1.0
–1.0
1.47
2.50
  	
2.5
2.00
1.75
4.25
3.20
1.90
1.85
1.33
1.18
1.0
1.5
2.10
1.95
1.65
1.76
 	 1:1(0:1)  
314	18/05
20:00	 Bordeaux
Paris Saint-Germain	
0
0
1.85
1.90
  	
2.5
1.95
1.80
2.60
3.10
2.70
1.42
1.35
1.45
 
 	 1:0(1:0)
178	21/05
22:00	 Auxerre
Brest	
0
0
1.55
2.35
  	
2.5
2.10
1.67
2.25
2.90
3.55
1.25
1.40
1.60
1.5
1.5
2.40
3.05
1.50
1.33
 	 0:1(0:0)  
179	21/05
22:00	 Lens
Arles	
–1.0
+1.0
1.80
1.95
  	
2.5
1.80
1.95
1.50
3.85
6.85
1.08
1.27
2.45
1.5
1.0
1.55
2.40
2.30
1.50
 	 0:1(0:1)  
180	21/05
22:00	 Lyon
Caen	
–1.5
+1.5
1.87
1.87
  	
3.0
1.90
1.80
1.25
5.30
11.50
1.01
1.13
3.70
2.0
1.5
1.70
4.40
2.03
1.17
 	 0:0(0:0)  
181	21/05
22:00	 Marseille
Valenciennes	
–1.0
+1.0
1.72
2.00
  	
3.0
2.10
1.65
1.42
4.25
7.25
1.06
1.21
2.65
2.0
1.5
2.00
3.40
1.72
1.27
 	 2:2(2:1)  
182	21/05
22:00	 Montpellier
Monaco	
0
0
2.05
1.70
  	
2.5
2.00
1.75
2.85
3.35
2.35
1.55
1.30
1.37
1.5
1.5
2.65
2.30
1.42
1.55
 	 0:1(0:0)  
183	21/05
22:00	 Nice
Lorient	
0
0
1.67
2.10
  	
2.5
1.95
1.80
2.40
2.95
3.20
1.30
1.37
1.55
1.5
1.5
2.10
3.10
1.65
1.32
 	 2:0(2:0)  
184	21/05
22:00	 Paris Saint-Germain
Lille	
-0.25
+0.25
1.80
1.90
 
 	
2.5
1.90
1.85
2.15
3.10
3.45
1.27
1.35
1.65
1.5
1.5
2.07
2.73
1.67
1.40
 	 2:2(1:1)  
185	21/05
22:00	 Rennes
Nancy	
0
0
1.40
2.75
  	
2.5
2.05
1.70
2.00
3.05
4.05
1.20
1.35
1.75
1.5
1.0
1.95
2.25
1.76
1.57
 	 0:2(0:1)  
186	21/05
22:00	 Sochaux
Saint-Etienne	
–1.0
+1.0
2.30
1.55
  	
2.5
1.85
1.90
1.75
3.55
4.55
1.16
1.30
2.00
1.5
1.5
1.90
2.95
1.80
1.35
 	 2:1(1:1)  
187	21/05
22:00	 Toulouse
Bordeaux	
-0.25
+0.25
1.70
2.05
 
 	
2.5
2.20
1.63
2.00
2.90
4.40
1.18
1.40
1.75
1.5
1.5
2.10
2.85
1.65
1.37
 	 2:0(1:0)  
125	29/05
22:00	 Arles
Sochaux	
+1.0
–1.0
1.50
2.40
  	
2.5
1.67
2.12
4.55
3.40
1.80
1.95
1.30
1.16
1.5
1.5
2.85
1.75
1.37
1.96
 	 1:3(1:1)  
126	29/05
22:00	 Bordeaux
Montpellier	
–1.0
+1.0
2.50
1.47
  	
2.5
1.90
1.85
1.85
3.30
4.25
1.18
1.30
1.90
1.5
1.5
1.85
3.05
1.85
1.33
 	 2:0(2:0)  
127	29/05
22:00	 Brest
Toulouse	
0
0
1.45
2.55
  	
2.0
1.70
2.03
2.10
2.80
4.25
1.18
1.40
1.67
1.5
1.5
2.20
3.10
1.60
1.32
 	 0:2(0:1)  
128	29/05
22:00	 Caen
Marseille	
0
0
1.55
2.35
  	
3.0
2.20
1.60
2.15
3.25
3.40
1.27
1.32
1.65
1.5
1.5
2.00
2.40
1.72
1.50
 	 2:2(2:0)  
129	29/05
22:00	 Lille
Rennes	
–1.0
+1.0
1.80
1.90
  	
2.5
1.60
2.25
1.52
3.80
6.45
1.08
1.25
2.40
1.5
1.5
1.57
3.40
2.25
1.27
 	 3:2(1:1)  
130	29/05
22:00	 Lorient
Auxerre	
-0.25
+0.25
2.00
1.72
 
 	
2.5
2.00
1.75
2.40
2.90
3.20
1.30
1.37
1.50
1.5
1.5
2.30
2.73
1.55
1.40
 	 1:2(1:1)  
131	29/05
22:00	 Monaco
Lyon	
+0.25
-0.25
1.80
1.95
 
 	
2.5
1.80
1.95
2.85
3.25
2.40
1.52
1.32
1.37
1.5
1.5
2.50
2.25
1.47
1.57
 	 0:2(0:0)  
132	29/05
22:00	 Nancy
Lens	
–1.5
+1.5
1.90
1.80
  	
2.5
1.60
2.25
1.27
5.25
10.00
1.03
1.14
3.40
 
 	 4:0(2:0)  
133	29/05
22:00	 Saint-Etienne
Paris Saint-Germain	
+0.75
-0.75
1.65
2.15
 
 	
2.5
1.60
2.20
4.25
3.40
1.85
1.85
1.27
1.18
1.5
1.5
2.85
1.75
1.37
1.96
 	 1:1(0:0)  
134	29/05
22:00	 Valenciennes
Nice	
–1.0
+1.0
2.40
1.50
  	
2.5
2.00
1.75
1.80
3.20
4.90
1.15
1.33
1.95
1.5
1.5
1.90
3.55
1.80
1.25
 	 2:1(0:0)  
159	02/11
20:00	 AS Monaco
Bordeaux	
0
0
1.80
1.90
  	
2.0
1.90
1.80
2.70
2.90
2.75
1.40
1.38
1.42
1.5
1.5
2.70
2.75
1.41
1.40
 	 2:2(0:1) 
110	30/11
21:00	 Stade Brestois 29
Lens	
-0.25
+0.25
1.80
1.95
 
 	
2.0
1.90
1.80
2.10
3.00
3.75
1.25
1.37
1.68
1.5
1.0
2.25
2.30
1.57
1.55
 	 4:1(2:1) 
121	19/01
20:00	 Lille
Nancy	
-1.25
+1.25
1.80
1.90
 
 	
2.75
1.95
 	
1.76
 	
1.30
4.80
9.30
1.04
1.16
3.20
1.5
1.0
1.40
3.20
2.73
1.30
 	 3:0(0:0)  
122	22/01
20:00	 Lens
Caen	
-0.25
+0.25
1.75
1.96
 
 	
2.25
1.95
 	
1.80
 	
2.10
3.05
3.65
1.25
1.37
1.67
1.5
1.0
2.25
2.10
1.57
1.65
 	 2:0(1:0) 
137	27/04
20:00	 Lyon
Montpellier	
-1.25
+1.25
1.85
1.85
 
 	
2.5
1.85
1.85
1.34
4.50
9.50
1.03
1.18
3.15
2.0
1.0
2.00
3.55
1.72
1.25
 	 3:2(1:1)  
138	27/04
20:00	 Marseille
Nice	
-1.25
+1.25
1.75
1.96
 
 	
2.5
1.85
1.85
1.28
4.75
11.50
1.02
1.17
3.45
1.5
1.0
1.50
3.70
2.40
1.23
 	 4:2(1:1)
100	18/05
20:00	 Lille
Sochaux-Montbeliard	
-1.25
+1.25
1.75
2.00
 
 	
3.0
2.10
1.65
1.30
5.00
9.40
1.03
1.15
3.40
2.0
1.0
1.90
2.95
1.80
1.35
 	 1:0(0:0)