310	17/03
18:00	 UD Leiria
Rio Ave	
+0.25
-0.25
1.75
1.95
 
 	
2.25
1.95
 	
1.75
 	
2.85
3.05
2.35
1.52
1.33
1.37
1.0
1.5
1.95
2.65
1.75
1.42
 	 1:0(0:0)  
311	17/03
22:15	 Feirense
Sporting Braga	
+1.0
–1.0
1.75
1.95
  	
2.25
1.75
 	
1.95
 	
5.90
3.45
1.55
2.30
1.26
1.09
 
 	 1:4(0:1)  
312	18/03
18:00	 Academica Coimbra
Pacos de Ferreira	
-0.25
+0.25
1.90
1.80
 
 	
2.25
2.00
 	
1.70
 	
2.25
3.05
3.05
1.33
1.33
1.57
 
 	 0:1(0:1)  
313	18/03
20:00	 Vitoria de Setubal
Maritimo	
+0.25
-0.25
1.90
1.80
 
 	
2.25
1.85
 	
1.85
 	
3.30
3.00
2.15
1.62
1.34
1.28
 
 	 1:1(0:1)  
314	18/03
22:15	 Vitoria Guimaraes
Olhanense	
-0.75
+0.75
1.90
1.80
 
 	
2.0
1.75
1.95
1.70
3.30
4.75
1.15
1.28
2.00
 
 	 2:2(2:0)  
315	19/03
22:45	 Gil Vicente
Sporting Lisbon	
+0.75
-0.75
1.75
1.95
 
 	
2.25
1.85
 	
1.85
 	
4.40
3.30
1.75
1.95
1.28
1.17
 
 	 2:0(1:0)  
965	19/02
20:15	 Vitoria de Setubal
Porto	
+1.5
–1.5
1.90
1.80
  	
2.75
1.80
 	
1.90
 	
10.00
5.00
1.25
3.55
1.13
1.02
 
 	 1:3(0:2)  
1010	19/02
18:00	 Feirense
Olhanense	
-0.25
+0.25
1.98
1.74
 
 	
2.25
2.00
 	
1.72
 	
2.35
3.00
2.90
1.36
1.34
1.52
1.5
1.0
2.65
2.00
1.42
1.72
 	 1:1(1:0)  
1011	19/02
18:00	 Nacional Madeira
Academica Coimbra	
-0.25
+0.25
1.65
2.10
 
 	
2.0
1.74
1.97
2.00
3.10
3.55
1.25
1.32
1.72
1.5
1.0
2.40
2.45
1.50
1.48
 	 4:1(2:0)  
1012	19/02
18:00	 UD Leiria
SC Beira-Mar	
0
0
1.72
2.00
  	
2.0
1.75
1.95
2.40
3.05
2.80
1.38
1.33
1.50
1.0
1.0
1.78
2.01
1.92
1.71
 	 0:0(0:0)  
1013	19/02
22:15	 Sporting Lisbon
Pacos de Ferreira	
-1.25
+1.25
1.95
1.75
 
 	
2.75
1.95
 	
1.75
 	
1.40
4.15
6.80
1.07
1.19
2.70
1.5
1.0
1.55
2.95
2.30
1.35
 	 1:0(1:0)  
1014	20/02
22:15	 Vitoria Guimaraes
Benfica	
+1.0
–1.0
1.75
1.95
  	
2.5
1.95
1.75
5.00
3.85
1.55
2.30
1.22
1.13
 
 	 1:0(1:0)  
162	15/01
18:00	 Nacional Madeira
UD Leiria	
-0.75
+0.75
2.20
1.60
 
 	
2.25
1.95
 	
1.75
 	
1.85
3.20
4.00
1.20
1.30
1.85
1.5
1.0
2.17
2.70
1.61
1.40
 	 2:2(0:1)  
163	15/01
18:00	 Olhanense
SC Beira-Mar	
0
0
1.75
1.95
  	
2.25
2.00
 	
1.72
 	
2.45
3.00
2.75
1.39
1.34
1.48
1.0
1.0
1.78
1.94
1.92
1.77
 	 2:1(0:0)  
156	27/11
22:15	 Pacos de Ferreira
Olhanense	
-0.25
+0.25
1.85
1.85
 
 	
2.25
1.95
 	
1.75
 	
2.20
3.10
3.05
1.33
1.32
1.60
1.5
1.0
2.45
2.03
1.48
1.70
 	 1:1(0:0)
319	01/10
22:30	 Benfica
Pacos de Ferreira	
–2.0
+2.0
1.85
1.85
  	
3.0
1.80
1.90
1.17
5.70
14.00
1.01
1.10
4.40
2.5
1.0
2.00
4.75
1.70
1.15
 	 4:1(2:0)  
320	02/10
18:00	 Feirense
Maritimo	
0
0
2.00
1.70
  	
2.0
1.70
2.00
2.70
3.00
2.50
1.47
1.34
1.40
 2.05
3.10
3.45
1.27
1.32
1.68
 	 2:2(1:1)  
321	02/10
18:00	 Nacional
Olhanense	
-0.25
+0.25
1.75
1.95
 
 	
2.25
2.00
 	
1.70
 	
2.05
3.10
3.45
1.27
1.32
1.68
 2.05
3.10
3.45
1.27
1.32
1.68
 	 1:0(1:0)  
322	02/10
18:00	 Uniao de Leiria
Sporting de Braga	
+0.75
-0.75
1.85
1.85
 
 	
2.25
1.80
 	
1.90
 	
4.70
3.55
1.65
2.10
1.25
1.15
 2.05
3.10
3.45
1.27
1.32
1.68
 	 1:0(1:0)  
323	02/10
20:00	 Vitoria de Guimaraes
Sporting Lisbon	
+0.25
-0.25
2.15
1.62
 
 	
2.5
1.90
1.80
3.80
3.40
1.85
1.85
1.27
1.22
 2.05
3.10
3.45
1.27
1.32
1.68
 	 0:1(0:1)  
324	02/10
22:15	 Academica
Porto	
+1.25
-1.25
1.85
1.85
 
 	
2.75
1.80
 	
1.90
 	
7.00
4.75
1.35
2.95
1.15
1.07
 2.05
3.10
3.45
1.27
1.32
1.68
 	 0:3(0:2)  
325	03/10
22:15	 Gil Vicente
Beira-Mar	
-0.25
+0.25
1.75
1.95
 
 	
2.0
1.70
2.00
2.05
3.10
3.45
1.27
1.32
1.68
 2.05
3.10
3.45
1.27
1.32
1.68
 	 0:0(0:0)  
234	21/10
22:15	 Pacos de Ferreira
Academica	
0
0
1.72
2.00
  	
2.25
1.90
 	
1.80
 	
2.45
3.05
2.80
1.38
1.33
1.48
1.5
1.5
2.65
2.90
1.42
1.36
 	 2:0(2:0)  
235	22/10
20:00	 Olhanense
Vitoria de Guimaraes	
0
0
2.00
1.70
  	
2.0
1.75
1.95
2.85
2.95
2.45
1.49
1.35
1.37
 2.05
3.10
3.45
1.27
1.32
1.68
 	 1:0(0:0)  
236	22/10
22:15	 Beira-Mar
Benfica	
+1.25
-1.25
2.00
1.70
 
 	
2.75
1.90
 	
1.80
 	
8.00
5.00
1.30
3.20
1.13
1.05
 2.05
3.10
3.45
1.27
1.32
1.68
 	 0:1(0:1)  
237	23/10
18:00	 Maritimo
Vitoria de Setubal	
-0.75
+0.75
1.80
1.90
 
 	
2.25
1.85
 	
1.85
 	
1.65
3.50
4.75
1.15
1.26
2.10
 2.05
3.10
3.45
1.27
1.32
1.68
 	 1:0(1:0)  
238	23/10
18:00	 Rio Ave
Uniao de Leiria	
-0.25
+0.25
1.70
2.00
 
 	
2.0
1.80
1.90
2.00
3.05
3.70
1.23
1.33
1.70
 2.05
3.10
3.45
1.27
1.32
1.68
 	 2:0(1:0)  
239	23/10
20:15	 Porto
Nacional	
–2.0
+2.0
1.75
1.95
  	
3.0
1.75
1.95
1.15
6.75
12.00
1.01
1.07
4.75
 2.05
3.10
3.45
1.27
1.32
1.68
 	 5:0(2:0)  
240	23/10
22:15	 Sporting de Braga
Feirense	
-1.25
+1.25
1.85
1.85
 
 	
2.5
1.90
1.80
1.35
4.40
7.70
1.05
1.17
2.95
 2.05
3.10
3.45
1.27
1.32
1.68
 	 3:0(1:0)  
241	24/10
22:15	 Sporting Lisbon
Gil Vicente	
–1.5
+1.5
1.85
1.85
  	
2.75
1.85
 	
1.85
 	
1.30
4.50
9.00
1.03
1.16
3.20
 2.05
3.10
3.45
1.27
1.32
1.68
 	 6:1(1:0) 
222	28/10
22:15	 Porto
Pacos de Ferreira	
–2.0
+2.0
1.65
2.10
  	
3.25
1.85
 	
1.85
 	
1.14
7.50
11.00
1.01
1.06
4.90
2.05
3.10
3.45
1.27
1.32
1.68
 	 3:0(1:0)  
223	29/10
20:15	 Academica
Sporting de Braga	
+0.25
-0.25
2.00
1.70
 
 	
2.25
1.95
 	
1.75
 	
3.60
3.10
2.00
1.70
1.32
1.24
2.05
3.10
3.45
1.27
1.32
1.68
 	 0:0(0:0)  
224	29/10
22:30	 Benfica
Olhanense	
–2.0
+2.0
1.85
1.85
  	
3.0
1.85
1.85
1.20
6.00
10.00
1.02
1.09
4.00
2.05
3.10
3.45
1.27
1.32
1.68
 	 2:1(2:0)  
225	30/10
18:00	 Uniao de Leiria
Vitoria de Setubal	
-0.25
+0.25
1.75
1.95
 
 	
2.25
1.90
 	
1.80
 	
2.10
3.10
3.30
1.28
1.32
1.65
2.05
3.10
3.45
1.27
1.32
1.68
 	 2:0(2:0)  
226	30/10
18:00	 Nacional
Beira-Mar	
-0.25
+0.25
1.75
1.95
 
 	
2.0
1.95
1.75
2.10
2.95
3.50
1.26
1.35
1.65
2.05
3.10
3.45
1.27
1.32
1.68
 	 2:1(2:1)  
227	30/10
20:00	 Vitoria de Guimaraes
Rio Ave	
-0.25
+0.25
1.70
2.00
 
 	
2.25
1.90
 	
1.80
 	
1.95
3.10
3.75
1.23
1.32
1.75
2.05
3.10
3.45
1.27
1.32
1.68
 	 2:1(1:1)  
228	30/10
22:15	 Feirense
Sporting Lisbon	
+1.0
–1.0
1.90
1.80
  	
2.5
1.80
1.90
6.00
3.85
1.47
2.50
1.22
1.09
2.05
3.10
3.45
1.27
1.32
1.68
 	 0:2(0:0)  
229	31/10
22:15	 Gil Vicente
Maritimo	
0
0
2.00
1.70
  	
2.25
1.90
 	
1.80
 	
2.85
3.00
2.40
1.50
1.34
1.37
2.05
3.10
3.45
1.27
1.32
1.68
 	 0:0(0:0)  
237	04/11
22:15	 Pacos de Ferreira
Vitoria de Guimaraes	
0
0
2.00
1.70
  	
2.25
1.90
 	
1.80
 	
2.75
3.10
2.40
1.50
1.32
1.39
1.0
1.0
1.85
1.68
1.85
2.05
 	 1:5(1:1)  
238	05/11
20:15	 Maritimo
Academica	
-0.25
+0.25
1.57
2.25
 
 	
2.25
1.85
 	
1.85
 	
1.80
3.30
4.15
1.19
1.28
1.90
 2.05
3.10
3.45
1.27
1.32
1.68
 	 3:2(2:1)  
239	05/11
22:30	 Olhanense
Porto	
+1.5
–1.5
1.90
1.80
  	
2.75
1.85
 	
1.85
 	
10.00
5.00
1.25
3.55
1.13
1.02
 2.05
3.10
3.45
1.27
1.32
1.68
 	 0:0(0:0)  
243	06/11
20:00	 Sporting de Braga
Benfica	
+0.25
-0.25
2.00
1.70
 
 	
2.5
1.95
1.75
3.40
3.30
2.00
1.70
1.28
1.27
 2.05
3.10
3.45
1.27
1.32
1.68
 	 1:1(1:0)  
244	06/11
22:15	 Sporting Lisbon
Uniao de Leiria	
–1.5
+1.5
1.70
2.00
  	
3.0
1.85
1.85
1.23
5.75
9.00
1.03
1.10
3.70
 2.05
3.10
3.45
1.27
1.32
1.68
 	 3:1(1:1)  
262	25/11
22:15	 Academica
Beira-Mar	
-0.25
+0.25
1.85
1.85
 
 	
2.25
2.00
 	
1.70
 	
2.00
3.10
3.30
1.30
1.32
1.70
2.05
3.10
3.45
1.27
1.32
1.68
 	 0:1(0:1)  
263	26/11
19:00	 Nacional
Maritimo	
0
0
2.00
1.70
  	
2.25
1.95
 	
1.75
 	
2.75
3.10
2.40
1.50
1.32
1.40
2.05
3.10
3.45
1.27
1.32
1.68
 	 2:2(0:1)  
264	26/11
22:15	 Benfica
Sporting Lisbon	
-0.75
+0.75
1.95
1.75
 
 	
2.5
2.00
1.70
1.75
3.45
4.20
1.18
1.27
1.95
2.05
3.10
3.45
1.27
1.32
1.68
 	 1:0(1:0)  
265	27/11
18:00	 Gil Vicente
Uniao de Leiria	
-0.25
+0.25
1.70
2.00
 
 	
2.25
1.95
 	
1.75
 	
2.00
3.20
3.50
1.26
1.30
1.70
2.05
3.10
3.45
1.27
1.32
1.68
 	 2:1(1:0)  
266	27/11
18:00	 Feirense
Rio Ave	
0
0
1.85
1.85
  	
2.0
1.85
1.85
2.65
2.90
2.65
1.42
1.36
1.42
2.05
3.10
3.45
1.27
1.32
1.68
 	 2:0(2:0)  
267	27/11
20:15	 Porto
Sporting de Braga	
-1.25
+1.25
1.90
1.80
 
 	
2.5
1.85
1.85
1.40
4.40
6.40
1.08
1.17
2.70
2.05
3.10
3.45
1.27
1.32
1.68
 	 3:2(1:0)  
269	28/11
22:15	 Vitoria de Guimaraes
Vitoria de Setubal	
-0.75
+0.75
1.70
2.00
 
 	
2.25
1.95
 	
1.75
 	
1.55
3.65
5.50
1.10
1.24
2.30
2.05
3.10
3.45
1.27
1.32
1.68
 	 3:0(0:0)  
901	09/12
22:15	 Sporting de Braga
Pacos de Ferreira	
-1.25
+1.25
1.75
1.95
 
 	
2.5
1.75
1.95
1.30
4.70
9.00
1.03
1.15
3.20
2.05
3.10
3.45
1.27
1.32
1.68
 	 5:2(2:1) 
323	10/12
20:30	 Beira-Mar
Porto	
+1.25
-1.25
1.90
1.80
 
 	
2.75
1.90
 	
1.80
 	
8.50
4.25
1.33
3.05
1.18
1.04
1.0
2.0
3.55
2.05
1.25
1.68
 	 1:2(1:1)  
324	10/12
22:30	 Sporting Lisbon
Nacional	
–1.5
+1.5
1.80
1.90
  	
3.0
1.90
1.80
1.25
5.00
9.60
1.02
1.13
3.55
2.5
1.0
2.15
3.55
1.62
1.25
 	 1:0(1:0)  
325	11/12
18:00	 Rio Ave
Gil Vicente	
-0.25
+0.25
1.70
2.00
 
 	
2.25
2.00
 	
1.70
 	
2.00
3.15
3.55
1.25
1.31
1.70
 2.05
3.10
3.45
1.27
1.32
1.68
 	 2:0(1:0)  
326	11/12
18:00	 Vitoria de Setubal
Feirense	
-0.25
+0.25
1.95
1.75
 
 	
2.25
2.00
 	
1.70
 	
2.35
3.00
2.95
1.35
1.34
1.53
 2.05
3.10
3.45
1.27
1.32
1.68
 	 1:1(1:1)  
327	11/12
20:15	 Uniao de Leiria
Vitoria de Guimaraes	
+0.25
-0.25
1.75
1.95
 
 	
2.0
1.75
1.95
3.00
3.00
2.30
1.55
1.34
1.34
 2.05
3.10
3.45
1.27
1.32
1.68
 	 1:0(1:0)  
328	11/12
22:15	 Maritimo
Benfica	
+0.75
-0.75
1.85
1.85
 
 	
2.5
1.85
1.85
4.70
3.60
1.65
2.10
1.24
1.15
 2.05
3.10
3.45
1.27
1.32
1.68
 	 0:1(0:0)  
329	12/12
22:15	 Olhanense
Academica	
-0.25
+0.25
1.85
1.85
 
 	
2.25
1.95
 	
1.75
 	
2.20
3.05
3.15
1.31
1.33
1.60
 2.05
3.10
3.45
1.27
1.32
1.68
 	 0:2(0:1)  
216	16/12
22:15	 Benfica
Rio Ave	
–2.0
+2.0
1.90
1.80
  	
3.0
1.85
1.85
1.15
7.30
11.00
1.01
1.07
4.75
2.05
3.10
3.45
1.27
1.32
1.68
 	 5:1(3:1)  
217	17/12
20:15	 Vitoria de Guimaraes
Gil Vicente	
-0.75
+0.75
1.95
1.75
 
 	
2.25
1.85
 	
1.85
 	
1.75
3.35
4.40
1.17
1.28
1.95
2.05
3.10
3.45
1.27
1.32
1.68
 	 1:1(1:1)  
218	17/12
22:30	 Porto
Maritimo	
-1.75
+1.75
1.85
1.85
 
 	
3.0
1.90
1.80
1.22
6.00
9.00
1.03
1.09
3.80
2.05
3.10
3.45
1.27
1.32
1.68
 	 2:0(0:0)  
219	18/12
18:00	 Feirense
Uniao de Leiria	
-0.25
+0.25
1.95
1.75
 
 	
2.0
1.80
1.90
2.35
3.00
2.95
1.35
1.34
1.53
2.05
3.10
3.45
1.27
1.32
1.68
 	 2:1(1:0)  
220	18/12
18:00	 Nacional
Vitoria de Setubal	
-0.25
+0.25
1.57
2.25
 
 	
2.25
1.90
 	
1.80
 	
1.80
3.25
4.30
1.18
1.30
1.90
2.05
3.10
3.45
1.27
1.32
1.68
 	 1:1(0:1)  
221	18/12
18:00	 Pacos de Ferreira
Beira-Mar	
-0.25
+0.25
1.90
1.80
 
 	
2.25
2.00
 	
1.70
 	
2.30
3.05
3.00
1.34
1.33
1.55
2.05
3.10
3.45
1.27
1.32
1.68
 	 0:3(0:2)  
222	18/12
21:15	 Academica
Sporting Lisbon	
+0.75
-0.75
1.85
1.85
 
 	
2.25
1.75
 	
1.95
 	
4.70
3.60
1.65
2.10
1.24
1.15
2.05
3.10
3.45
1.27
1.32
1.68
 	 1:1(1:0)  
223	19/12
22:15	 Olhanense
Sporting de Braga	
+0.75
-0.75
1.75
1.95
 
 	
2.25
2.00
 	
1.70
 	
4.55
3.25
1.75
1.95
1.30
1.16
2.05
3.10
3.45
1.27
1.32
1.68
 	 3:4(2:0)  
187	06/01
22:15	 Vitoria de Setubal
Academica	
+0.25
-0.25
1.70
2.00
 
 	
2.0
1.75
1.95
2.90
2.95
2.40
1.50
1.35
1.36
2.05
3.10
3.45
1.27
1.32
1.68
 	 1:1(0:0)  
188	07/01
22:15	 Sporting Lisbon
Porto	
+0.25
-0.25
1.75
1.95
 
 	
2.25
1.80
 	
1.90
 	
2.95
3.10
2.30
1.55
1.32
1.35
2.05
3.10
3.45
1.27
1.32
1.68
 	 0:0(0:0)  
189	08/01
18:00	 Maritimo
Olhanense	
-0.75
+0.75
1.75
1.95
 
 	
2.25
1.95
 	
1.75
 	
1.60
3.55
5.30
1.12
1.25
2.20
2.05
3.10
3.45
1.27
1.32
1.68
 	 2:1(2:1)  
190	08/01
18:00	 Rio Ave
Pacos de Ferreira	
-0.25
+0.25
1.65
2.10
 
 	
2.25
1.85
 	
1.85
 	
1.90
3.20
3.85
1.22
1.30
1.80
2.05
3.10
3.45
1.27
1.32
1.68
 	 1:0(1:0)  
191	08/01
18:00	 Gil Vicente
Nacional	
-0.25
+0.25
1.85
1.85
 
 	
2.25
1.95
 	
1.75
 	
2.20
3.10
3.10
1.32
1.32
1.60
2.05
3.10
3.45
1.27
1.32
1.68
 	 0:3(0:2)  
192	08/01
20:15	 Uniao de Leiria
Benfica	
+1.5
–1.5
1.85
1.85
  	
2.5
1.75
1.95
9.00
4.55
1.30
3.20
1.16
1.03
2.05
3.10
3.45
1.27
1.32
1.68
 	 0:4(0:1)  
193	08/01
22:15	 Vitoria de Guimaraes
Feirense	
-0.75
+0.75
1.85
1.85
 
 	
2.25
1.85
 	
1.85
 	
1.65
3.50
4.75
1.15
1.26
2.10
2.05
3.10
3.45
1.27
1.32
1.68
 	 1:0(0:0)  
194	09/01
22:15	 Beira-Mar
Sporting de Braga	
+0.25
-0.25
2.15
1.62
 
 	
2.25
1.95
 	
1.78
 	
4.15
3.15
1.85
1.85
1.31
1.19
2.05
3.10
3.45
1.27
1.32
1.68
 	 1:2(1:1)  
210	13/01
22:15	 Pacos de Ferreira
Maritimo	
+0.25
-0.25
1.80
1.90
 
 	
2.25
1.80
 	
1.90
 	
2.95
3.15
2.25
1.57
1.31
1.35
2.05
3.10
3.45
1.27
1.32
1.68
 	 1:1(0:0)  
211	14/01
18:00	 Feirense
Gil Vicente	
-0.25
+0.25
1.90
1.80
 
 	
2.25
2.00
 	
1.70
 	
2.25
3.15
2.95
1.35
1.31
1.57
2.05
3.10
3.45
1.27
1.32
1.68
 	 0:0(0:0)  
212	14/01
20:30	 Benfica
Vitoria de Setubal	
-2.25
+2.25
1.85
1.85
 
 	
3.25
1.80
 	
1.90
 	
1.14
7.00
13.00
 	
1.07
4.90
2.05
3.10
3.45
1.27
1.32
1.68
 	 4:1(3:1)  
213	14/01
22:30	 Porto
Rio Ave	
-2.25
+2.25
1.90
1.80
 
 	
3.25
1.85
 	
1.85
 	
1.14
7.00
13.00
 	
1.07
4.90
2.05
3.10
3.45
1.27
1.32
1.68
 	 2:0(1:0)  
216	15/01
20:00	 Academica
Vitoria de Guimaraes	
0
0
1.70
2.00
  	
2.25
1.90
 	
1.80
 	
2.35
3.05
2.90
1.36
1.33
1.53
2.05
3.10
3.45
1.27
1.32
1.68
 	 0:2(0:1)  
217	15/01
22:15	 Sporting de Braga
Sporting Lisbon	
0
0
1.75
1.95
  	
2.25
1.85
 	
1.85
 	
2.45
3.05
2.75
1.40
1.33
1.49
2.05
3.10
3.45
1.27
1.32
1.68
 	 2:1(0:0)
266	20/01
22:15	 Academica
Uniao de Leiria	
-0.25
+0.25
1.65
2.10
 
 	
2.25
1.90
 	
1.80
 	
1.90
3.20
3.90
1.21
1.30
1.80
1.5
1.5
2.25
3.55
1.57
1.25
 	 0:0(0:0)  
267	21/01
22:30	 Beira-Mar
Maritimo	
0
0
1.90
1.80
  	
2.0
1.75
1.95
2.70
2.95
2.55
1.45
1.35
1.40
1.0
1.0
1.95
1.90
1.75
1.80
 	 1:2(0:1)  
268	22/01
18:00	 Nacional
Feirense	
-0.25
+0.25
1.65
2.10
 
 	
2.25
1.95
 	
1.75
 	
1.90
3.20
3.80
1.22
1.30
1.80
 2.05
3.10
3.45
1.27
1.32
1.68
 	 2:0(1:0)  
269	22/01
18:00	 Pacos de Ferreira
Vitoria de Setubal	
-0.25
+0.25
1.65
2.10
 
 	
2.25
1.90
 	
1.80
 	
1.90
3.30
3.70
1.23
1.28
1.80
 2.05
3.10
3.45
1.27
1.32
1.68
 	 2:1(0:0)  
270	22/01
18:15	 Sporting de Braga
Rio Ave	
-1.25
+1.25
1.85
1.85
 
 	
2.75
2.00
 	
1.70
 	
1.35
4.50
7.40
1.05
1.16
2.95
 2.05
3.10
3.45
1.27
1.32
1.68
 	 2:1(2:0)  
271	22/01
20:15	 Porto
Vitoria de Guimaraes	
–1.5
+1.5
1.85
1.85
  	
2.75
1.75
 	
1.95
 	
1.27
5.30
8.00
1.05
1.12
3.40
 2.05
3.10
3.45
1.27
1.32
1.68
 	 3:1(1:0)  
272	22/01
22:15	 Benfica
Gil Vicente	
-2.25
+2.25
2.00
1.70
 
 	
3.25
1.85
 	
1.85
 	
1.14
7.00
12.00
1.01
1.07
4.90
 2.05
3.10
3.45
1.27
1.32
1.68
 	 3:1(1:1)  
273	23/01
22:15	 Olhanense
Sporting Lisbon	
+0.75
-0.75
1.95
1.75
 
 	
2.25
1.75
 	
1.95
 	
4.90
3.70
1.60
2.20
1.23
1.14
 2.05
3.10
3.45
1.27
1.32
1.68
 	 0:0(0:0)  
218	27/01
22:15	 Vitoria de Guimaraes
Nacional	
-0.25
+0.25
1.70
2.00
 
 	
2.5
2.00
1.70
1.95
3.20
3.70
1.23
1.30
1.75
2.05
3.10
3.45
1.27
1.32
1.68
 	 1:0(0:0)  
219	28/01
20:30	 Rio Ave
Academica	
-0.25
+0.25
1.80
1.90
 
 	
2.25
1.90
 	
1.80
 	
2.10
3.00
3.40
1.27
1.34
1.65
2.05
3.10
3.45
1.27
1.32
1.68
 	 0:0(0:0)  
220	28/01
22:30	 Feirense
Benfica	
+1.5
–1.5
1.90
1.80
  	
2.5
1.75
1.95
8.00
5.00
1.30
3.20
1.13
1.05
2.05
3.10
3.45
1.27
1.32
1.68
 	 1:2(0:0)  
222	29/01
18:00	 Vitoria de Setubal
Olhanense	
0
0
1.75
1.95
  	
2.25
1.95
 	
1.75
 	
2.55
3.00
2.65
1.42
1.34
1.45
2.05
3.10
3.45
1.27
1.32
1.68
 	 2:3(2:2)  
223	29/01
19:00	 Sporting Lisbon
Beira-Mar	
–1.5
+1.5
1.90
1.80
  	
2.5
1.95
1.75
1.30
4.60
9.00
1.03
1.16
3.20
2.05
3.10
3.45
1.27
1.32
1.68
 	 2:0(2:0)  
224	29/01
21:15	 Gil Vicente
Porto	
+1.25
-1.25
2.00
1.70
 
 	
2.5
1.75
1.95
8.40
4.70
1.30
3.20
1.15
1.04
2.05
3.10
3.45
1.27
1.32
1.68
 	 3:1(2:0)  
225	30/01
22:15	 Maritimo
Sporting de Braga	
+0.25
-0.25
1.85
1.85
 
 	
2.25
1.90
 	
1.80
 	
3.10
3.10
2.20
1.60
1.32
1.32
2.05
3.10
3.45
1.27
1.32
1.68
 	 1:2(1:0)  
303	11/02
20:30	 Maritimo
Sporting Lisbon	
+0.25
-0.25
1.95
1.75
 
 	
2.25
1.85
 	
1.85
 	
3.25
3.15
2.10
1.65
1.31
1.29
1.0
1.5
2.07
2.30
1.67
1.55
 	 2:0(1:0)  
304	11/02
22:30	 Benfica
Nacional	
–2.0
+2.0
2.00
1.70
  	
3.0
1.70
2.00
1.15
6.80
11.00
1.01
1.07
4.75
 2.05
3.10
3.45
1.27
1.32
1.68
 	 4:1(3:1)  
305	12/02
18:00	 Pacos de Ferreira
Feirense	
-0.25
+0.25
1.70
2.00
 
 	
2.25
1.85
 	
1.85
 	
2.00
3.10
3.55
1.25
1.32
1.70
 2.05
3.10
3.45
1.27
1.32
1.68
 	 3:1(2:1)  
306	12/02
18:00	 Olhanense
Rio Ave	
-0.25
+0.25
1.95
1.75
 
 	
2.0
1.75
1.95
2.35
2.90
3.00
1.34
1.36
1.53
 2.05
3.10
3.45
1.27
1.32
1.68
 	 0:2(0:2)  
307	12/02
20:00	 Beira-Mar
Vitoria de Guimaraes	
0
0
1.95
1.75
  	
2.25
2.00
 	
1.70
 	
2.75
2.95
2.50
1.47
1.35
1.40
 2.05
3.10
3.45
1.27
1.32
1.68
 	 0:1(0:1)  
308	12/02
22:15	 Porto
Uniao de Leiria	
–2.0
+2.0
1.80
1.90
  	
3.25
1.95
 	
1.75
 	
1.15
6.80
11.00
1.01
1.07
4.75
 2.05
3.10
3.45
1.27
1.32
1.68
 	 4:0(0:0)  
303	11/02
20:30	 Maritimo
Sporting Lisbon	
+0.25
-0.25
1.95
1.75
 
 	
2.25
1.85
 	
1.85
 	
3.25
3.15
2.10
1.65
1.31
1.29
1.0
1.5
2.07
2.30
1.67
1.55
 	 2:0(1:0)  
304	11/02
22:30	 Benfica
Nacional	
–2.0
+2.0
2.00
1.70
  	
3.0
1.70
2.00
1.15
6.80
11.00
1.01
1.07
4.75
 2.05
3.10
3.45
1.27
1.32
1.68
 	 4:1(3:1)  
305	12/02
18:00	 Pacos de Ferreira
Feirense	
-0.25
+0.25
1.70
2.00
 
 	
2.25
1.85
 	
1.85
 	
2.00
3.10
3.55
1.25
1.32
1.70
 2.05
3.10
3.45
1.27
1.32
1.68
 	 3:1(2:1)  
306	12/02
18:00	 Olhanense
Rio Ave	
-0.25
+0.25
1.95
1.75
 
 	
2.0
1.75
1.95
2.35
2.90
3.00
1.34
1.36
1.53
 2.05
3.10
3.45
1.27
1.32
1.68
 	 0:2(0:2)  
307	12/02
20:00	 Beira-Mar
Vitoria de Guimaraes	
0
0
1.95
1.75
  	
2.25
2.00
 	
1.70
 	
2.75
2.95
2.50
1.47
1.35
1.40
 2.05
3.10
3.45
1.27
1.32
1.68
 	 0:1(0:1)  
308	12/02
22:15	 Porto
Uniao de Leiria	
–2.0
+2.0
1.80
1.90
  	
3.25
1.95
 	
1.75
 	
1.15
6.80
11.00
1.01
1.07
4.75
 2.05
3.10
3.45
1.27
1.32
1.68
 	 4:0(0:0) 
1	24/02
22:15	 Maritimo
Uniao de Leiria	
–1.0
+1.0
1.90
1.80
  	
2.5
1.95
1.75
1.50
3.80
5.80
1.10
1.22
2.40
1.5
1.0
1.70
3.10
2.00
1.32
 	 1:0(0:0)  
 276	25/02
22:15	 Academica
Benfica	
+1.25
-1.25
1.85
1.85
 
 	
2.5
1.75
1.95
8.10
4.15
1.35
2.95
1.19
1.04
1.0
1.5
3.80
1.55
1.22
2.30
 	 0:0(0:0)  
278	26/02
18:00	 Pacos de Ferreira
Nacional	
-0.25
+0.25
1.90
1.80
 
 	
2.25
1.85
 	
1.85
 	
2.25
3.10
3.00
1.34
1.32
1.57
 2.05
3.10
3.45
1.27
1.32
1.68
 	 0:2(0:0)  
279	26/02
18:00	 Beira-Mar
Vitoria de Setubal	
-0.25
+0.25
1.62
2.15
 
 	
2.25
1.95
 	
1.75
 	
1.85
3.20
4.00
1.20
1.30
1.85
 2.05
3.10
3.45
1.27
1.32
1.68
 	 2:3(0:2)  
280	26/02
20:15	 Sporting Lisbon
Rio Ave	
–1.0
+1.0
1.75
1.95
  	
2.25
1.75
 	
1.95
 	
1.45
4.00
6.20
1.08
1.20
2.55
 2.05
3.10
3.45
1.27
1.32
1.68
 	 1:0(1:0)  
281	26/02
22:15	 Porto
Feirense	
-2.25
+2.25
1.80
1.90
 
 	
3.25
1.85
 	
1.85
 	
1.12
7.00
15.00
 	
1.07
5.30
 2.05
3.10
3.45
1.27
1.32
1.68
 	 2:0(0:0)  
282	27/02
22:15	 Sporting de Braga
Vitoria de Guimaraes	
-0.75
+0.75
1.85
1.85
 
 	
2.25
1.95
 	
1.75
 	
1.65
3.60
4.60
1.16
1.24
2.10
 2.05
3.10
3.45
1.27
1.32
1.68
 	 4:0(2:0)  
252	02/03
22:15	 Benfica
Porto	
0
0
1.80
1.90
  	
2.25
1.75
 	
1.95
 	
2.45
3.20
2.60
1.43
1.30
1.48
1.5
1.5
2.50
2.65
1.47
1.42
 	 2:3(1:1)  
1094	03/03
20:30	 Nacional
Sporting de Braga	
+0.25
-0.25
2.15
1.62
 
 	
2.25
1.90
 	
1.80
 	
3.70
3.15
1.95
1.75
1.31
1.23
1.0
1.5
2.40
2.25
1.50
1.57
 	 1:3(1:1)  
1096	03/03
22:30	 Vitoria de Setubal
Sporting Lisbon	
+0.75
-0.75
1.87
1.83
 
 	
2.25
1.85
 	
1.85
 	
5.30
3.45
1.60
2.20
1.26
1.12
1.0
1.5
2.80
1.90
1.38
1.80
 	 1:0(1:0)  
905	04/03
18:00	 Rio Ave
Beira-Mar	
-0.25
+0.25
1.72
2.00
 
 	
2.25
1.95
 	
1.75
 	
2.05
3.10
3.40
1.27
1.32
1.68
1.5
1.0
2.38
2.27
1.51
1.56
 	 4:0(1:0)  
906	04/03
18:00	 Feirense
Academica	
-0.25
+0.25
1.98
1.74
 
 	
2.25
1.95
 	
1.75
 	
2.35
3.05
2.85
1.37
1.33
1.52
1.5
1.0
2.65
1.97
1.42
1.74
 	 1:1(0:0)  
907	04/03
18:00	 Gil Vicente
Pacos de Ferreira	
-0.25
+0.25
1.87
1.83
 
 	
2.0
1.80
1.90
2.25
2.95
3.10
1.32
1.35
1.57
1.0
1.0
1.75
2.30
1.95
1.55
 	 1:2(1:1)  
908	04/03
21:15	 Vitoria de Guimaraes
Maritimo	
-0.25
+0.25
1.95
1.75
 
 	
2.25
1.95
 	
1.75
 	
2.35
3.05
2.85
1.37
1.33
1.52
1.5
1.0
2.65
1.97
1.42
1.74
 	 1:0(0:0)  
909	05/03
22:15	 Uniao de Leiria
Olhanense	
0
0
1.75
1.95
  	
2.0
1.75
1.95
2.50
2.95
2.75
1.40
1.35
1.47
 2.05
3.10
3.45
1.27
1.32
1.68
 	 1:3(0:1) 
1121	09/03
22:15	 Maritimo
Feirense	
–1.0
+1.0
1.92
1.78
  	
2.25
1.80
 	
1.90
 	
1.50
3.70
6.10
1.09
1.23
2.40
1.5
1.0
1.75
3.20
1.95
1.30
 	 2:1(1:1)  
318	10/03
20:00	 Sporting de Braga
Uniao de Leiria	
–1.5
+1.5
1.75
1.95
  	
2.75
1.85
 	
1.85
 	
1.20
6.00
10.00
1.02
1.09
4.00
2.05
3.10
3.45
1.27
1.32
1.68
 	 2:1(1:0)  
319	10/03
22:15	 Porto
Academica	
–2.0
+2.0
1.80
1.90
  	
3.0
1.75
1.95
1.10
8.00
15.00
 	
1.05
5.70
2.05
3.10
3.45
1.27
1.32
1.68
 	 1:1(0:1)  
320	11/03
18:00	 Olhanense
Nacional	
0
0
1.70
2.00
  	
2.0
1.80
1.90
2.45
2.95
2.80
1.38
1.35
1.49
2.05
3.10
3.45
1.27
1.32
1.68
 	 4:4(3:2)  
321	11/03
18:00	 Rio Ave
Vitoria de Setubal	
-0.25
+0.25
1.70
2.00
 
 	
2.5
1.95
1.75
2.00
3.10
3.55
1.25
1.32
1.70
2.05
3.10
3.45
1.27
1.32
1.68
 	 3:0(2:0)  
322	11/03
18:00	 Beira-Mar
Gil Vicente	
0
0
1.70
2.00
  	
2.25
1.95
 	
1.75
 	
2.45
3.00
2.75
1.40
1.34
1.49
2.05
3.10
3.45
1.27
1.32
1.68
 	 1:0(0:0)  
323	11/03
20:15	 Pacos de Ferreira
Benfica	
+1.25
-1.25
1.85
1.85
 
 	
2.75
1.80
 	
1.90
 	
6.40
4.30
1.40
2.70
1.18
1.08
2.05
3.10
3.45
1.27
1.32
1.68
 	 1:2(1:0)  
324	11/03
22:15	 Sporting Lisbon
Vitoria de Guimaraes	
-0.75
+0.75
1.90
1.80
 
 	
2.25
1.85
 	
1.85
 	
1.70
3.50
4.40
1.17
1.26
2.00
2.05
3.10
3.45
1.27
1.32
1.68
 	 5:0(1:0)  
1042	16/03
21:00	 Nacional
Porto	
+1.25
-1.25
1.75
1.95
 
 	
2.75
1.85
 	
1.85
 	
5.70
4.20
1.45
2.55
1.18
1.10
2.05
3.10
3.45
1.27
1.32
1.68
 	 0:2(0:1)  
1150	16/03
23:15	 Benfica
Beira-Mar	
–2.0
+2.0
1.75
1.95
  	
3.0
1.75
1.95
1.10
8.00
13.00
 	
1.05
5.70
2.05
3.10
3.45
1.27
1.32
1.68
 	 3:1(2:0)  
281	23/03
22:45	 Olhanense
Benfica	
+1.25
-1.25
1.85
1.85
 
 	
2.75
1.95
 	
1.75
 	
6.80
4.15
1.40
2.70
1.19
1.07
1.0
1.5
2.95
1.55
1.35
2.30
 	 0:0(0:0)  
282	24/03
22:15	 Sporting Lisbon
Feirense	
–1.5
+1.5
1.95
1.75
  	
2.75
1.95
 	
1.75
 	
1.30
4.75
8.40
1.04
1.15
3.20
 2.05
3.10
3.45
1.27
1.32
1.68
 	 1:0(1:0)  
284	25/03
18:00	 Vitoria de Setubal
Uniao de Leiria	
-0.25
+0.25
1.80
1.90
 
 	
2.25
1.95
 	
1.75
 	
2.10
3.10
3.30
1.28
1.32
1.65
 2.05
3.10
3.45
1.27
1.32
1.68
 	 1:0(1:0)  
285	25/03
20:00	 Rio Ave
Vitoria de Guimaraes	
0
0
1.70
2.00
  	
2.25
1.95
 	
1.75
 	
2.45
3.00
2.75
1.40
1.34
1.49
 2.05
3.10
3.45
1.27
1.32
1.68
 	 0:1(0:0)  
286	25/03
22:15	 Pacos de Ferreira
Porto	
+1.25
-1.25
1.95
1.75
 
 	
2.75
1.80
 	
1.90
 	
6.80
4.70
1.35
2.95
1.15
1.07
 2.05
3.10
3.45
1.27
1.32
1.68
 	 1:1(0:0)  
287	26/03
20:00	 Maritimo
Gil Vicente	
-0.75
+0.75
1.90
1.80
 
 	
2.25
1.85
 	
1.85
 	
1.70
3.40
4.55
1.16
1.27
2.00
 2.05
3.10
3.45
1.27
1.32
1.68
 	 3:2(1:2)  
288	26/03
22:15	 Sporting de Braga
Academica	
–1.5
+1.5
1.95
1.75
  	
2.75
1.85
 	
1.85
 	
1.30
4.75
8.30
1.04
1.15
3.20
 2.05
3.10
3.45
1.27
1.32
1.68
 	 2:1(2:0)  
297	30/03
22:15	 Academica
Maritimo	
+0.25
-0.25
1.70
2.00
 
 	
2.25
2.00
 	
1.70
 	
2.75
3.00
2.45
1.48
1.34
1.39
1.0
1.0
1.95
1.80
1.75
1.90
 	 0:1(0:0)  
298	31/03
21:00	 Porto
Olhanense	
–2.0
+2.0
1.85
1.85
  	
3.0
1.80
1.90
1.14
7.00
12.00
1.01
1.07
4.90
 2.05
3.10
3.45
1.27
1.32
1.68
 	 2:0(1:0)  
299	31/03
23:15	 Benfica
Sporting de Braga	
-0.75
+0.75
1.90
1.80
 
 	
2.5
1.85
1.85
1.70
3.60
4.30
1.18
1.24
2.00
 2.05
3.10
3.45
1.27
1.32
1.68
 	 2:1(0:0)  
300	01/04
18:00	 Gil Vicente
Vitoria de Setubal	
-0.25
+0.25
1.62
2.15
 
 	
2.25
1.90
 	
1.80
 	
1.85
3.20
4.00
1.20
1.30
1.85
 2.05
3.10
3.45
1.27
1.32
1.68
 	 0:1(0:0)  
302	01/04
18:00	 Nacional
Rio Ave	
-0.25
+0.25
1.75
1.95
 
 	
2.25
1.90
 	
1.80
 	
2.05
3.10
3.40
1.27
1.32
1.68
 2.05
3.10
3.45
1.27
1.32
1.68
 	 2:1(1:0)  
303	01/04
20:15	 Uniao de Leiria
Sporting Lisbon	
+0.75
-0.75
1.80
1.90
 
 	
2.25
1.95
 	
1.75
 	
4.75
3.30
1.70
2.00
1.28
1.15
 2.05
3.10
3.45
1.27
1.32
1.68
 	 0:1(0:0)  
304	01/04
22:15	 Vitoria de Guimaraes
Pacos de Ferreira	
-0.25
+0.25
1.70
2.00
 
 	
2.25
1.95
 	
1.75
 	
1.95
3.00
3.90
1.21
1.34
1.75
 2.05
3.10
3.45
1.27
1.32
1.68
 	 3:1(1:0)
285	06/04
19:00	 Uniao de Leiria
Gil Vicente	
-0.25
+0.25
1.90
1.80
 
 	
2.25
1.85
 	
1.85
 	
2.25
3.20
2.90
1.36
1.30
1.57
1.5
1.0
2.40
1.85
1.50
1.85
 	 0:0(0:0)  
286	06/04
20:00	 Beira-Mar
Academica	
0
0
1.75
1.95
  	
2.25
1.95
 	
1.75
 	
2.45
3.00
2.75
1.39
1.34
1.48
1.0
1.0
1.80
1.95
1.90
1.75
 	 2:1(0:1)  
287	06/04
22:15	 Vitoria de Setubal
Vitoria de Guimaraes	
0
0
2.00
1.72
  	
2.25
1.90
 	
1.80
 	
2.80
3.05
2.45
1.48
1.33
1.38
1.5
1.5
2.90
2.65
1.36
1.42
 	 1:0(0:0)  
288	07/04
18:00	 Olhanense
Pacos de Ferreira	
-0.25
+0.25
1.95
1.75
 
 	
2.25
1.85
 	
1.85
 	
2.35
3.15
2.80
1.38
1.31
1.52
1.5
1.0
2.50
1.85
1.47
1.85
 	 1:2(1:1)  
289	07/04
18:00	 Rio Ave
Feirense	
-0.75
+0.75
1.85
1.85
 
 	
2.25
1.85
 	
1.85
 	
1.65
3.40
4.90
1.14
1.27
2.10
1.5
1.0
1.92
2.95
1.78
1.35
 	 2:2(1:1)  
290	07/04
20:30	 Maritimo
Nacional	
-0.25
+0.25
1.70
2.00
 
 	
2.25
1.85
 	
1.85
 	
2.05
3.15
3.40
1.27
1.31
1.68
1.5
1.0
2.30
2.10
1.55
1.65
 	 2:4(1:2)  
291	07/04
22:30	 Sporting de Braga
Porto	
+0.25
-0.25
1.80
1.90
 
 	
2.25
1.80
 	
1.90
 	
2.90
3.20
2.25
1.57
1.30
1.36
1.0
1.5
1.85
2.40
1.85
1.50
 	 0:1(0:0)  
292	09/04
22:15	 Sporting Lisbon
Benfica	
+0.25
-0.25
2.00
1.70
 
 	
2.25
1.80
 	
1.90
 	
3.40
3.25
2.00
1.72
1.29
1.27
1.0
1.5
2.10
2.20
1.65
1.60
 	 1:0(1:0)  
282	20/04
22:15	 Pacos de Ferreira
Sporting de Braga	
+0.75
-0.75
1.95
1.75
 
 	
2.5
1.80
1.90
5.20
3.80
1.55
2.30
1.22
1.13
1.0
1.5
2.80
1.72
1.38
2.00
 	 1:1(1:0)  
283	21/04
19:00	 Benfica
Maritimo	
-1.25
+1.25
1.75
1.95
 
 	
2.75
1.75
 	
1.95
 	
1.30
5.00
7.70
1.05
1.13
3.20
2.0
1.0
1.83
3.00
1.87
1.34
 	 4:1(2:0)  
284	21/04
21:15	 Vitoria de Guimaraes
Uniao de Leiria	
-0.75
+0.75
2.00
1.70
 
 	
2.25
1.85
 	
1.85
 	
1.70
3.40
4.50
1.16
1.27
2.03
1.5
1.0
1.95
2.65
1.75
1.42
 	 3:2(0:0)  
285	21/04
23:15	 Porto
Beira-Mar	
-2.25
+2.25
1.85
1.85
 
 	
3.0
1.85
1.85
1.12
7.00
15.00
 	
1.07
5.30
 2.05
3.10
3.45
1.27
1.32
1.68
 	 3:0(1:0)  
286	22/04
18:00	 Gil Vicente
Rio Ave	
-0.25
+0.25
1.90
1.80
 
 	
2.25
1.95
 	
1.75
 	
2.20
3.10
3.10
1.32
1.32
1.60
1.5
1.0
2.45
2.00
1.48
1.70
 	 0:0(0:0)  
287	22/04
18:00	 Feirense
Vitoria de Setubal	
-0.25
+0.25
1.90
1.80
 
 	
2.25
1.90
 	
1.80
 	
2.20
3.10
3.10
1.32
1.32
1.60
1.5
1.0
2.45
2.03
1.48
1.70
 	 1:0(1:0)  
288	22/04
21:15	 Nacional
Sporting Lisbon	
+0.25
-0.25
1.80
1.90
 
 	
2.25
1.85
 	
1.85
 	
3.10
3.10
2.20
1.60
1.32
1.32
1.0
1.5
2.03
2.45
1.70
1.48
 	 2:3(1:2)  
289	23/04
22:15	 Academica
Olhanense	
-0.25
+0.25
1.70
2.00
 
 	
2.25
1.95
 	
1.75
 	
2.00
3.15
3.50
1.26
1.31
1.70
1.5
1.0
2.25
2.25
1.57
1.57
 	 0:1(0:0)  
241	27/04
22:15	 Sporting de Braga
Olhanense	
–1.5
+1.5
1.75
1.95
  	
2.75
1.70
 	
2.00
 	
1.28
4.50
11.00
1.01
1.16
3.30
2.05
3.10
3.45
1.27
1.32
1.68
 	 1:2(1:0)  
242	28/04
20:00	 Gil Vicente
Vitoria de Guimaraes	
0
0
1.75
1.95
  	
2.25
1.90
 	
1.80
 	
2.50
3.10
2.70
1.40
1.32
1.47
2.05
3.10
3.45
1.27
1.32
1.68
 	 3:1(1:1)  
243	28/04
22:15	 Maritimo
Porto	
+1.0
–1.0
1.85
1.85
  	
2.5
1.75
1.95
6.00
3.75
1.50
2.40
1.23
1.09
2.05
3.10
3.45
1.27
1.32
1.68
 	 0:2(0:1)  
244	29/04
18:00	 Uniao de Leiria
Feirense	
0
0
1.75
1.95
  	
2.25
1.90
 	
1.80
 	
2.50
3.00
2.75
1.40
1.34
1.47
2.05
3.10
3.45
1.27
1.32
1.68
 	 0:4(0:1)  
245	29/04
18:00	 Vitoria de Setubal
Nacional	
0
0
1.75
1.95
  	
2.25
1.85
 	
1.85
 	
2.50
3.10
2.70
1.40
1.32
1.47
2.05
3.10
3.45
1.27
1.32
1.68
 	 0:3(0:3)  
246	29/04
18:00	 Beira-Mar
Pacos de Ferreira	
-0.25
+0.25
1.95
1.75
 
 	
2.25
1.85
 	
1.85
 	
2.30
3.10
2.95
1.35
1.32
1.55
2.05
3.10
3.45
1.27
1.32
1.68
 	 2:0(1:0)  
247	29/04
21:15	 Rio Ave
Benfica	
+1.0
–1.0
1.85
1.85
  	
2.5
1.85
1.85
6.00
3.60
1.53
2.35
1.24
1.09
2.05
3.10
3.45
1.27
1.32
1.68
 	 2:2(1:2)  
248	30/04
22:45	 Sporting Lisbon
Academica	
–1.0
+1.0
1.70
2.00
  	
2.5
1.85
1.85
1.40
4.00
7.50
1.06
1.20
2.70
2.05
3.10
3.45
1.27
1.32
1.68
 	 2:1(1:1)
250	05/05
22:30	 Sporting de Braga
Beira-Mar	
–1.5
+1.5
1.75
1.95
  	
2.75
1.75
 	
1.95
 	
1.23
5.00
10.90
1.01
1.13
3.70
2.0
1.0
1.65
4.40
2.10
1.17
 	 1:0(0:0)  
251	05/05
22:30	 Olhanense
Maritimo	
-0.25
+0.25
1.95
1.75
 
 	
2.25
1.80
 	
1.90
 	
2.35
3.15
2.80
1.38
1.31
1.52
1.5
1.0
2.50
1.85
1.47
1.85
 	 0:0(0:0)  
252	05/05
22:30	 Porto
Sporting Lisbon	
-0.75
+0.75
1.80
1.90
 
 	
2.5
1.85
1.85
1.60
3.70
4.90
1.14
1.23
2.20
1.5
1.0
1.75
2.50
1.95
1.47
 	 2:0(0:0)  
253	05/05
22:30	 Feirense
Vitoria de Guimaraes	
-0.25
+0.25
1.95
1.75
 
 	
2.25
1.85
 	
1.85
 	
2.30
3.15
2.85
1.37
1.31
1.55
1.5
1.0
2.55
1.95
1.45
1.75
 	 1:3(1:1)  
254	05/05
22:30	 Academica
Vitoria de Setubal	
-0.75
+0.75
1.80
1.90
 
 	
2.25
1.85
 	
1.85
 	
1.60
3.45
5.30
1.12
1.26
2.20
1.5
1.0
1.90
2.80
1.80
1.38
 	 1:0(1:0)  
255	05/05
22:30	 Nacional
Gil Vicente	
-0.75
+0.75
1.90
1.80
 
 	
2.5
1.95
1.75
1.70
3.45
4.50
1.17
1.26
2.03
1.5
1.0
1.87
2.50
1.83
1.47
 	 3:1(1:1)  
256	05/05
22:30	 Pacos de Ferreira
Rio Ave	
0
0
1.75
1.95
  	
2.25
1.90
 	
1.80
 	
2.55
3.05
2.65
1.42
1.33
1.45
1.5
1.5
2.65
2.70
1.42
1.40
 	 2:2(1:1)  
199	12/05
20:30	 Gil Vicente
Feirense	
+0.25
-0.25
1.78
1.92
 
 	
2.5
1.90
1.80
2.95
3.15
2.25
1.57
1.31
1.35
1.0
1.5
1.75
2.30
1.95
1.55
 	 3:1(1:0)  
200	12/05
20:30	 Vitoria de Setubal
Benfica	
+1.5
–1.5
1.80
1.90
  	
3.0
1.85
1.85
8.00
4.85
1.30
3.20
1.15
1.05
1.0
2.0
2.55
1.75
1.45
1.95
 	 1:3(1:1)  
201	12/05
20:30	 Vitoria de Guimaraes
Academica	
0
0
2.00
1.70
  	
2.25
1.75
 	
1.95
 	
2.75
3.05
2.45
1.49
1.33
1.40
1.5
1.5
2.65
2.50
1.42
1.47
 	 1:2(0:1)  
202	12/05
20:30	 Rio Ave
Porto	
+1.0
–1.0
2.00
1.72
  	
2.75
1.85
 	
1.85
 	
7.00
4.00
1.42
2.65
1.20
1.08
1.0
2.0
2.85
2.00
1.37
1.72
 	 2:5(1:2)  
203	12/05
20:30	 Maritimo
Pacos de Ferreira	
-0.75
+0.75
1.80
1.90
 
 	
2.25
1.75
 	
1.95
 	
1.70
3.50
4.50
1.16
1.25
2.05
1.5
1.0
1.85
2.25
1.85
1.57
 	 1:1(0:0)  
204	12/05
20:30	 Beira-Mar
Olhanense	
0
0
1.80
1.90
  	
2.25
1.85
 	
1.85
 	
2.50
3.15
2.60
1.44
1.31
1.47
1.5
1.5
2.70
2.70
1.40
1.40
 	 1:2(0:1)  
205	12/05
23:15	 Sporting Lisbon
Sporting de Braga	
-0.25
+0.25
1.95
1.75
 
 	
2.25
1.75
 	
1.95
 	
2.30
3.20
2.80
1.38
1.30
1.55
1.5
1.5
2.35
2.65
1.52
1.42
 	 3:2(1:0)  
