674	03/10
20:00	 Mersin Idmanyurdu
Bursaspor	
+0.25
-0.25
1.80
1.95
 
 	
2.5
1.95
1.80
3.10
3.20
2.30
1.58
1.32
1.34
1.0
1.5
1.80
2.25
1.95
1.60
 	 2:1(1:0)  
675	04/10
14:30	 Kasimpasa
Gaziantepspor	
–1.0
+1.0
1.80
2.05
  	
2.75
2.00
 	
1.80
 	
1.47
4.30
7.00
1.10
1.21
2.66
1.5
1.0
1.60
2.80
2.30
1.40
 	 4:2(1:0)  
676	04/10
16:00	 Sivasspor
Genclerbirligi	
-0.25
+0.25
1.77
2.05
 
 	
2.5
1.85
1.95
2.05
3.45
3.60
1.30
1.32
1.77
1.5
1.0
2.00
1.85
1.80
1.95
 	 1:0(1:0)  
677	04/10
18:30	 Kayseri Erciyesspor
Galatasaray SK	
+0.75
-0.75
2.05
1.75
 
 	
2.5
1.90
1.90
5.70
4.00
1.60
2.35
1.25
1.14
1.0
1.5
2.65
1.75
1.48
2.10
 	 1:2(0:0)  
678	04/10
21:00	 Fenerbahce
Konyaspor	
-1.25
+1.25
2.00
1.80
 
 	
2.75
1.87
 	
1.93
 	
1.45
4.50
7.00
1.10
1.20
2.75
2.0
1.0
1.97
2.75
1.83
1.45
 	 2:1(1:1)  
679	05/10
13:30	 Istanbul Basaksehir
Akhisar Bld.	
-0.25
+0.25
1.90
1.90
 
 	
2.25
1.83
 	
1.97
 	
2.20
3.35
3.30
1.35
1.32
1.67
1.5
1.0
2.30
1.97
1.62
1.83
 	 4:0(2:0)  
680	05/10
16:00	 Eskisehirspor
Caykur Rizespor	
-0.75
+0.75
2.12
1.72
 
 	
2.25
1.83
 	
1.97
 	
1.85
3.50
4.40
1.22
1.30
1.95
1.5
1.0
2.00
2.35
1.80
1.60
 	 1:2(0:0)  
681	05/10
16:00	 Kardemir DC Karabukspor
Trabzonspor	
0
0
1.95
1.85
  	
2.25
1.90
 	
1.90
 	
2.70
3.25
2.65
1.47
1.34
1.46
1.0
1.0
1.77
1.77
2.05
2.05
 	 3:0(2:0)  
682	05/10
19:00	 Balikesirspor
Besiktas JK	
+0.75
-0.75
1.85
1.95
 
 	
2.5
2.00
1.80
5.00
3.75
1.70
2.14
1.27
1.17
1.0
1.5
2.50
1.85
1.50
1.90
 	 0:1(0:0)  
903	18/10
13:30	 Konyaspor
Istanbul Basaksehir	
-0.25
+0.25
1.80
2.00
 
 	
2.25
2.00
 	
1.80
 	
2.15
3.20
3.60
1.30
1.37
1.72
1.0
1.0
1.62
2.30
2.30
1.62
 	 0:0(0:0)  
904	18/10
16:00	 Gaziantepspor
Kardemir DC Karabukspor	
0
0
1.95
1.85
  	
2.25
1.80
 	
2.00
 	
2.70
3.25
2.65
1.47
1.34
1.46
1.0
1.0
1.70
1.67
2.15
2.20
 	 1:0(1:0)  
905	18/10
19:00	 Galatasaray SK
Fenerbahce	
-0.25
+0.25
1.85
1.95
 
 	
2.5
2.00
1.80
2.15
3.40
3.40
1.32
1.32
1.70
1.5
1.0
2.15
1.90
1.65
1.85
 	 2:1(0:0)  
906	19/10
13:30	 Bursaspor
Eskisehirspor	
-0.25
+0.25
1.90
1.90
 
 	
2.25
1.83
 	
1.97
 	
2.20
3.40
3.30
1.35
1.32
1.67
1.5
1.0
2.30
1.97
1.62
1.83
 	 2:2(1:0)  
907	19/10
16:00	 Trabzonspor
Mersin Idmanyurdu	
-0.75
+0.75
2.05
1.77
 
 	
2.25
1.90
 	
1.90
 	
1.80
3.50
4.70
1.19
1.30
2.01
1.5
1.0
2.00
2.55
1.75
1.48
 	 3:1(0:0)  
908	19/10
19:00	 Akhisar Bld.
Kasimpasa	
0
0
2.00
1.80
  	
2.5
1.90
1.90
2.75
3.35
2.55
1.51
1.32
1.45
1.0
1.0
1.60
1.55
2.25
2.35
 	 2:0(0:0)  
909	19/10
19:00	 Besiktas JK
Sivasspor	
–1.0
+1.0
1.87
1.87
  	
2.5
1.75
2.00
1.53
4.30
5.80
1.13
1.21
2.47
1.5
1.0
1.62
2.55
2.25
1.48
 	 3:2(0:1)  
910	20/10
19:00	 Genclerbirligi
Kayseri Erciyesspor	
-0.25
+0.25
1.93
1.87
 
 	
2.5
1.95
1.85
2.25
3.35
3.20
1.35
1.32
1.65
1.5
1.0
2.20
1.80
1.67
2.00
 	 0:0(0:0)  
911	20/10
20:00	 Caykur Rizespor
Balikesirspor	
-0.75
+0.75
2.12
1.72
 
 	
2.25
1.85
 	
1.95
 	
1.85
3.50
4.40
1.22
1.30
1.95
1.5
1.0
2.00
2.35
1.80
1.60
 	 2:2(1:1) 
733	24/10
18:30	 Kardemir DC Karabukspor
Akhisar Bld.	
-0.25
+0.25
1.97
1.83
 
 	
2.25
1.90
 	
1.90
 	
2.30
3.25
3.20
1.36
1.35
1.62
1.0
1.0
1.60
1.95
2.25
1.80
 	 2:1(0:0)  
734	24/10
20:00	 Kasimpasa
Konyaspor	
-0.75
+0.75
1.90
1.90
 
 	
2.5
1.95
1.85
1.70
3.70
5.00
1.16
1.27
2.13
1.5
1.0
1.87
2.35
1.87
1.55
 	 2:0(1:0)  
735	25/10
16:00	 Sivasspor
Caykur Rizespor	
-0.25
+0.25
1.65
2.25
 
 	
2.5
1.95
1.85
1.90
3.55
4.10
1.25
1.30
1.90
1.5
1.0
1.97
2.15
1.83
1.70
 	 0:1(0:0)  
736	25/10
19:00	 Balikesirspor
Bursaspor	
+0.25
-0.25
1.95
1.85
 
 	
2.25
1.83
 	
1.97
 	
3.40
3.40
2.15
1.70
1.32
1.32
1.0
1.5
2.00
2.20
1.75
1.62
 	 0:5(0:4)  
737	25/10
19:00	 Fenerbahce
Genclerbirligi	
–1.5
+1.5
1.90
1.90
  	
3.0
1.93
1.87
1.30
5.30
10.00
1.04
1.14
3.70
2.0
1.0
1.62
3.30
2.25
1.32
 	 2:1(0:0)  
738	26/10
13:30	 Mersin Idmanyurdu
Eskisehirspor	
0
0
2.00
1.80
  	
2.25
1.80
 	
2.00
 	
2.80
3.35
2.50
1.53
1.32
1.44
1.0
1.0
1.77
1.65
2.05
2.25
 	 4:2(1:2)  
739	26/10
16:00	 Trabzonspor
Gaziantepspor	
–1.0
+1.0
2.00
1.80
  	
2.5
1.92
1.88
1.55
4.00
6.20
1.12
1.24
2.43
1.5
1.5
1.77
4.00
2.05
1.25
 	 4:4(0:2)  
740	26/10
19:00	 Istanbul Basaksehir
Galatasaray SK	
+0.25
-0.25
2.25
1.65
 
 	
2.5
1.97
1.83
4.10
3.55
1.90
1.90
1.30
1.25
1.0
1.5
2.15
1.95
1.70
1.80
 	 4:0(2:0)  
741	27/10
20:00	 Kayseri Erciyesspor
Besiktas JK	
+0.75
-0.75
1.72
2.12
 
 	
2.25
1.80
 	
2.00
 	
4.30
3.50
1.85
1.93
1.29
1.21
1.0
1.5
2.35
2.00
1.60
1.80
 	 3:2(0:0) 
797	31/10
20:00	 Galatasaray SK
Kasimpasa	
-0.25
+0.25
1.70
2.10
 
 	
2.75
1.94
 	
1.80
 	
1.95
3.50
3.70
1.25
1.27
1.80
1.5
1.0
1.87
1.80
1.87
1.95
 	 2:1(0:1)  
798	01/11
13:30	 Genclerbirligi
Istanbul Basaksehir	
0
0
2.00
1.80
  	
2.25
1.85
 	
1.95
 	
2.80
3.25
2.55
1.53
1.35
1.45
1.0
1.0
1.77
1.67
2.05
2.20
 	 1:0(0:0)  
799	01/11
16:00	 Bursaspor
Sivasspor	
-0.75
+0.75
1.95
1.85
 
 	
2.75
1.93
 	
1.87
 	
1.75
3.80
4.60
1.20
1.27
2.08
1.5
1.0
1.72
2.00
2.05
1.75
 	 3:0(0:0)  
800	01/11
19:00	 Akhisar Bld.
Trabzonspor	
0
0
1.85
1.95
  	
2.25
1.80
 	
2.00
 	
2.60
3.20
2.80
1.43
1.35
1.49
1.0
1.0
1.65
1.77
2.25
2.05
 	 1:1(1:1)  
801	02/11
13:30	 Gaziantepspor
Mersin Idmanyurdu	
-0.25
+0.25
2.05
1.75
 
 	
2.5
1.95
1.80
2.40
3.35
2.95
1.42
1.32
1.58
1.5
1.0
2.30
1.72
1.60
2.05
 	 1:0(0:0)  
802	02/11
13:30	 Caykur Rizespor
Kayseri Erciyesspor	
-0.25
+0.25
1.90
1.95
 
 	
2.25
1.90
 	
1.85
 	
2.20
3.30
3.40
1.32
1.35
1.70
1.5
1.0
2.35
2.05
1.57
1.72
 	 1:1(0:0)  
803	02/11
19:00	 Besiktas JK
Fenerbahce	
0
0
1.85
1.95
  	
2.5
1.90
1.90
2.55
3.45
2.70
1.47
1.32
1.52
1.0
1.0
1.55
1.60
2.35
2.25
 	 0:2(0:1)  
804	03/11
19:00	 Eskisehirspor
Balikesirspor	
–1.0
+1.0
1.95
1.80
  	
2.5
1.90
1.85
1.57
4.00
6.20
1.13
1.25
2.50
1.5
1.0
1.72
2.75
2.05
1.42
 	 2:2(0:1)  
805	03/11
20:00	 Konyaspor
Kardemir DC Karabukspor	
-0.25
+0.25
1.80
2.00
 
 	
2.25
2.01
 	
1.80
 	
2.10
3.20
3.75
1.28
1.35
1.75
1.0
1.0
1.55
2.25
2.35
1.60
 	 1:0(0:0)  
749	07/11
18:00	 Sivasspor
Eskisehirspor	
-0.25
+0.25
2.05
1.75
 
 	
2.5
1.87
1.87
2.40
3.30
3.00
1.39
1.33
1.57
1.5
1.0
2.20
1.65
1.62
2.15
 	 1:1(0:0)  
750	07/11
20:00	 Gaziantepspor
Akhisar Bld.	
-0.25
+0.25
2.05
1.75
 
 	
2.25
1.80
 	
2.00
 	
2.40
3.30
3.00
1.40
1.33
1.57
1.5
1.0
2.30
1.75
1.57
2.05
 	 1:0(1:0)  
751	08/11
14:30	 Mersin Idmanyurdu
Balikesirspor	
-0.75
+0.75
2.05
1.75
 
 	
2.5
2.00
1.80
1.80
3.60
4.50
1.20
1.30
2.00
1.5
1.0
1.90
2.30
1.85
1.57
 	 2:1(1:0)  
752	08/11
18:00	 Kardemir DC Karabukspor
Galatasaray SK	
+0.25
-0.25
2.10
1.73
 
 	
2.5
1.97
1.83
3.70
3.50
2.00
1.80
1.30
1.27
1.0
1.5
2.00
2.05
1.75
1.72
 	 1:2(0:1)  
753	08/11
20:30	 Fenerbahce
Caykur Rizespor	
–1.5
+1.5
1.95
1.85
  	
2.75
1.85
 	
1.95
 	
1.32
5.20
9.50
1.05
1.16
3.36
2.0
1.0
1.75
3.30
2.05
1.30
 	 2:1(1:1)  
754	09/11
13:30	 Kayseri Erciyesspor
Bursaspor	
0
0
2.05
1.77
  	
2.5
2.00
1.80
2.85
3.30
2.50
1.53
1.33
1.42
1.0
1.0
1.80
1.62
2.00
2.30
 	 1:1(0:1)  
755	09/11
13:30	 Kasimpasa
Genclerbirligi	
–1.0
+1.0
1.95
1.85
  	
2.5
1.83
1.97
1.55
4.00
6.20
1.12
1.24
2.43
2.0
1.0
2.15
2.50
1.65
1.50
 	 2:2(0:1)  
756	09/11
16:00	 Trabzonspor
Konyaspor	
-0.75
+0.75
1.90
1.90
 
 	
2.5
2.00
1.80
1.70
3.70
5.00
1.17
1.27
2.20
1.5
1.0
1.87
2.60
1.93
1.50
 	 3:2(2:1)  
757	09/11
19:00	 Istanbul Basaksehir
Besiktas JK	
0
0
2.05
1.77
  	
2.25
1.90
 	
1.90
 	
2.90
3.25
2.50
1.53
1.35
1.42
1.0
1.0
1.85
1.67
1.95
2.15
 	 1:2(1:0)  
920	22/11
13:30	 Caykur Rizespor
Istanbul Basaksehir	
0
0
1.93
1.87
  	
2.25
2.00
 	
1.80
 	
2.75
3.20
2.65
1.48
1.35
1.45
1.0
1.0
1.85
1.80
1.90
1.95
 	 0:2(0:1)  
921	22/11
16:00	 Akhisar Bld.
Mersin Idmanyurdu	
-0.25
+0.25
1.70
2.10
 
 	
2.5
1.90
1.85
1.95
3.50
3.90
1.25
1.30
1.85
1.5
1.0
2.00
2.00
1.75
1.75
 	 1:1(0:0)  
922	22/11
19:00	 Galatasaray SK
Trabzonspor	
-0.75
+0.75
1.95
1.85
 
 	
2.5
1.85
1.95
1.75
3.70
4.80
1.20
1.28
2.10
1.5
1.0
1.80
2.15
1.95
1.65
 	 0:3(0:0)  
923	23/11
13:30	 Genclerbirligi
Kardemir DC Karabukspor	
-0.25
+0.25
1.97
1.83
 
 	
2.25
1.90
 	
1.90
 	
2.30
3.30
3.15
1.36
1.33
1.61
1.0
1.0
1.60
1.95
2.25
1.80
 	 2:2(2:1)  
924	23/11
13:30	 Konyaspor
Gaziantepspor	
-0.75
+0.75
2.05
1.77
 
 	
2.25
1.90
 	
1.90
 	
1.76
3.60
4.70
1.18
1.28
2.04
1.5
1.0
2.00
2.65
1.80
1.45
 	 2:0(0:0)  
925	23/11
16:00	 Eskisehirspor
Kayseri Erciyesspor	
-0.75
+0.75
2.10
1.72
 
 	
2.25
1.93
 	
1.87
 	
1.85
3.40
4.50
1.20
1.32
1.95
1.5
1.0
2.05
2.50
1.72
1.50
 	 2:1(1:0)  
926	23/11
19:00	 Besiktas JK
Kasimpasa	
-0.25
+0.25
1.77
2.05
 
 	
2.5
1.90
1.90
2.05
3.50
3.60
1.30
1.32
1.77
1.5
1.0
2.00
1.90
1.80
1.90
 	 2:0(2:0)  
927	24/11
19:00	 Balikesirspor
Sivasspor	
0
0
1.87
1.93
  	
2.5
1.85
1.90
2.65
3.35
2.65
1.47
1.32
1.50
1.5
1.5
2.30
2.35
1.60
1.57
 	 1:3(0:1)  
928	24/11
20:00	 Bursaspor
Fenerbahce	
+0.25
-0.25
1.85
1.95
 
 	
2.5
2.00
1.80
3.10
3.35
2.30
1.61
1.32
1.36
1.0
1.5
1.75
2.25
2.00
1.62
 	 1:1(1:0) 
708	28/11
19:00	 Akhisar Bld.
Konyaspor	
-0.25
+0.25
1.97
1.83
 
 	
2.25
1.90
 	
1.90
 	
2.30
3.25
3.20
1.35
1.34
1.61
1.0
1.0
1.60
1.95
2.25
1.80
 	 0:0(0:0)  
709	28/11
20:00	 Istanbul Basaksehir
Bursaspor	
-0.25
+0.25
2.00
1.80
 
 	
2.5
2.05
1.77
2.35
3.25
3.10
1.37
1.34
1.59
1.5
1.0
2.25
1.72
1.62
2.05
 	 0:0(0:0)  
710	29/11
13:30	 Kasimpasa
Caykur Rizespor	
–1.0
+1.0
1.80
1.95
  	
2.5
1.80
2.00
1.47
4.20
7.50
1.09
1.25
2.65
1.5
1.0
1.63
2.90
2.25
1.40
 	 3:1(2:1)  
711	29/11
16:00	 Kayseri Erciyesspor
Balikesirspor	
-0.75
+0.75
1.75
2.05
 
 	
2.5
1.90
1.90
1.60
4.00
5.70
1.14
1.25
2.35
1.5
1.0
1.75
2.65
2.10
1.48
 	 4:0(2:0)  
712	29/11
19:00	 Gaziantepspor
Galatasaray SK	
+0.75
-0.75
1.70
2.15
 
 	
2.5
1.90
1.90
4.20
3.55
1.85
1.92
1.28
1.22
1.0
1.5
2.15
1.95
1.70
1.85
 	 0:1(0:0)  
713	30/11
16:00	 Mersin Idmanyurdu
Sivasspor	
-0.25
+0.25
2.05
1.72
 
 	
2.5
1.90
1.84
2.35
3.35
2.95
1.38
1.30
1.55
1.5
1.5
2.25
2.60
1.60
1.46
 	 2:0(0:0)  
714	30/11
19:00	 Fenerbahce
Eskisehirspor	
-1.25
+1.25
2.00
1.80
 
 	
2.75
1.87
 	
1.93
 	
1.45
4.50
7.00
1.10
1.20
2.75
2.0
1.0
1.97
2.75
1.83
1.45
 	 2:2(0:1)  
715	01/12
18:00	 Kardemir DC Karabukspor
Besiktas JK	
+0.25
-0.25
2.10
1.75
 
 	
2.25
1.90
 	
1.90
 	
3.75
3.35
2.05
1.77
1.33
1.27
1.0
1.5
2.15
2.20
1.65
1.65
 	 1:2(0:0)  
716	01/12
20:30	 Trabzonspor
Genclerbirligi	
–1.0
+1.0
1.90
1.90
  	
2.75
2.00
 	
1.80
 	
1.52
4.20
6.30
1.12
1.23
2.55
1.5
1.0
1.62
2.60
2.20
1.46
 	 4:1(3:0)  
886	06/12
13:30	 Konyaspor
Mersin Idmanyurdu	
-0.25
+0.25
1.65
2.25
 
 	
2.25
1.90
 	
1.85
 	
1.95
3.30
4.15
1.23
1.33
1.85
1.5
1.0
2.15
2.30
1.65
1.57
 	 2:0(0:0)  
887	06/12
16:00	 Genclerbirligi
Gaziantepspor	
-0.25
+0.25
1.90
1.90
 
 	
2.25
1.80
 	
2.00
 	
2.20
3.30
3.35
1.33
1.33
1.68
1.5
1.0
2.20
1.90
1.62
1.85
 	 2:0(0:0)  
888	06/12
18:45	 Balikesirspor
Fenerbahce	
+1.25
-1.25
1.90
1.90
 
 	
2.75
1.87
 	
1.93
 	
8.00
4.70
1.40
2.96
1.19
1.08
1.0
2.0
2.75
1.97
1.45
1.83
 	 0:1(0:1)  
889	06/12
21:45	 Galatasaray SK
Akhisar Bld.	
-1.25
+1.25
1.95
1.85
 
 	
2.75
1.87
 	
1.93
 	
1.42
4.70
7.50
1.10
1.20
2.90
2.0
1.0
1.93
2.90
1.87
1.38
 	 2:1(1:0)  
890	07/12
13:30	 Bursaspor
Kasimpasa	
-0.25
+0.25
1.95
1.80
 
 	
2.75
1.90
 	
1.90
 	
2.25
3.55
3.05
1.37
1.27
1.60
1.5
1.5
1.90
2.40
1.84
1.53
 	 5:1(3:0)  
891	07/12
13:30	 Caykur Rizespor
Kardemir DC Karabukspor	
0
0
1.83
1.97
  	
2.25
1.94
 	
1.85
 	
2.60
3.20
2.80
1.45
1.35
1.50
1.0
1.0
1.75
1.85
2.05
1.95
 	 0:3(0:2)  
892	07/12
16:00	 Eskisehirspor
Istanbul Basaksehir	
-0.25
+0.25
1.70
2.15
 
 	
2.25
1.94
 	
1.85
 	
2.00
3.30
4.00
1.25
1.33
1.83
1.5
1.0
2.20
2.30
1.62
1.57
 	 0:1(0:0)  
893	07/12
19:00	 Besiktas JK
Trabzonspor	
-0.25
+0.25
1.85
1.95
 
 	
2.75
1.91
 	
1.85
 	
2.15
3.40
3.40
1.32
1.32
1.70
1.5
1.0
1.95
1.73
1.85
2.10
 	 3:0(2:0)  
894	08/12
19:00	 Sivasspor
Kayseri Erciyesspor	
-0.25
+0.25
1.70
2.10
 
 	
2.5
1.90
1.85
1.95
3.50
3.90
1.25
1.30
1.85
1.5
1.0
2.00
2.00
1.75
1.75
 	 1:1(1:1)  
616	12/12
20:00	 Fenerbahce
Sivasspor	
–1.5
+1.5
1.80
1.95
  	
3.0
1.85
1.90
1.28
5.50
10.50
1.04
1.14
3.60
2.5
1.0
2.05
3.10
1.72
1.35
 	 4:1(3:1)  
617	13/12
13:30	 Istanbul Basaksehir
Balikesirspor	
–1.5
+1.5
2.00
1.80
  	
2.75
2.00
 	
1.80
 	
1.33
5.00
9.50
1.05
1.17
3.28
1.5
1.5
1.50
6.00
2.50
1.12
 	 1:0(0:0)  
618	13/12
16:00	 Akhisar Bld.
Genclerbirligi	
-0.75
+0.75
2.10
1.73
 
 	
2.5
1.95
1.85
1.85
3.60
4.20
1.22
1.28
1.94
1.5
1.0
1.95
2.20
1.85
1.67
 	 1:1(0:0)  
619	13/12
19:00	 Kasimpasa
Eskisehirspor	
-0.25
+0.25
1.73
2.10
 
 	
2.5
1.80
2.00
2.00
3.50
3.70
1.27
1.30
1.80
1.5
1.0
1.90
1.80
1.85
1.95
 	 1:0(1:0)  
620	13/12
19:00	 Konyaspor
Galatasaray SK	
+0.25
-0.25
2.05
1.77
 
 	
2.5
1.95
1.85
3.60
3.45
2.05
1.76
1.31
1.29
1.0
1.5
1.95
2.10
1.85
1.75
 	 0:5(0:3)  
621	14/12
13:30	 Kardemir DC Karabukspor
Bursaspor	
0
0
1.95
1.85
  	
2.25
1.83
 	
1.97
 	
2.75
3.25
2.60
1.50
1.34
1.44
1.0
1.0
1.70
1.65
2.10
2.15
 	 3:2(1:2)  
622	14/12
16:00	 Mersin Idmanyurdu
Kayseri Erciyesspor	
-0.25
+0.25
1.80
2.00
 
 	
2.25
1.94
 	
1.85
 	
2.10
3.25
3.70
1.28
1.34
1.73
1.5
1.0
2.30
2.20
1.62
1.67
 	 1:1(1:0)  
623	14/12
19:00	 Gaziantepspor
Besiktas JK	
+0.75
-0.75
1.80
2.00
 
 	
2.25
1.80
 	
2.00
 	
5.00
3.50
1.75
2.06
1.30
1.17
1.5
1.5
4.00
1.95
1.23
1.85
 	 0:1(0:0)  
624	15/12
20:00	 Trabzonspor
Caykur Rizespor	
-1.25
+1.25
1.85
1.95
 
 	
2.75
1.87
 	
1.93
 	
1.36
5.00
8.50
1.07
1.18
3.25
2.0
1.0
1.85
3.20
1.95
1.32
 	 3:2(1:1)  
634	19/12
20:00	 Kayseri Erciyesspor
Fenerbahce	
+0.75
-0.75
1.90
1.90
 
 	
2.75
1.92
 	
1.88
 	
4.80
3.90
1.70
2.15
1.26
1.18
1.0
1.5
2.05
1.70
1.72
2.10
 	 0:1(0:0)  
635	20/12
13:30	 Genclerbirligi
Konyaspor	
-0.25
+0.25
2.10
1.73
 
 	
2.25
1.85
 	
1.95
 	
2.45
3.25
2.95
1.40
1.34
1.55
1.5
1.5
2.51
2.82
1.49
1.40
 	 5:0(1:0)  
636	20/12
13:30	 Sivasspor
Istanbul Basaksehir	
0
0
2.05
1.77
  	
2.25
1.85
 	
1.95
 	
2.90
3.25
2.50
1.53
1.34
1.41
1.5
1.5
2.82
2.51
1.40
1.49
 	 0:2(0:1)  
637	20/12
16:00	 Eskisehirspor
Kardemir DC Karabukspor	
-0.25
+0.25
1.75
2.10
 
 	
2.25
1.90
 	
1.90
 	
2.05
3.30
3.80
1.27
1.33
1.80
1.5
1.0
2.20
2.15
1.65
1.65
 	 1:1(0:0)  
638	20/12
19:00	 Galatasaray SK
Mersin Idmanyurdu	
-1.25
+1.25
1.90
1.90
 
 	
3.0
2.00
1.80
1.40
4.80
7.50
1.08
1.18
2.95
2.0
1.0
1.80
2.65
2.00
1.45
 	 3:2(1:2)  
639	21/12
13:30	 Balikesirspor
Kasimpasa	
+0.75
-0.75
1.85
1.95
 
 	
2.75
1.93
 	
1.87
 	
4.70
3.70
1.75
2.07
1.28
1.19
1.0
1.5
2.00
1.72
1.75
2.05
 	 5:3(0:1)  
640	21/12
16:00	 Bursaspor
Trabzonspor	
0
0
1.75
2.05
  	
2.75
1.85
 	
1.95
 	
2.40
3.50
2.80
1.42
1.30
1.57
1.5
1.5
2.05
2.25
1.72
1.62
 	 3:3(2:2)  
641	21/12
19:00	 Besiktas JK
Akhisar Bld.	
-1.25
+1.25
2.05
1.77
 
 	
2.5
1.90
1.90
1.45
4.35
7.50
1.10
1.22
2.75
2.0
1.0
2.15
3.20
1.65
1.32
 	 3:1(1:0)  
642	22/12
19:00	 Caykur Rizespor
Gaziantepspor	
-0.25
+0.25
1.75
2.10
 
 	
2.25
1.84
 	
1.95
 	
2.00
3.40
3.80
1.27
1.32
1.80
1.5
1.0
2.15
2.20
1.70
1.67
 	 0:1(0:1)  
709	26/12
20:00	 Genclerbirligi
Galatasaray SK	
+0.25
-0.25
1.85
1.95
 
 	
2.75
1.93
 	
1.87
 	
3.05
3.50
2.30
1.65
1.32
1.40
1.0
1.5
1.60
2.05
2.35
1.77
 	 1:1(0:1)  
710	27/12
13:30	 Kardemir DC Karabukspor
Balikesirspor	
–1.0
+1.0
1.90
1.90
  	
2.5
2.00
1.80
1.53
4.00
6.50
1.11
1.25
2.55
1.5
1.0
1.70
2.90
2.10
1.38
 	 0:1(0:0)  
711	27/12
16:00	 Istanbul Basaksehir
Kayseri Erciyesspor	
-0.75
+0.75
1.93
1.87
 
 	
2.25
1.92
 	
1.88
 	
1.67
3.60
5.50
1.14
1.28
2.18
1.5
1.0
1.95
2.80
1.85
1.40
 	 3:1(1:0)  
712	27/12
19:00	 Fenerbahce
Mersin Idmanyurdu	
–1.5
+1.5
1.95
1.85
  	
3.0
1.90
1.90
1.33
5.30
9.00
1.06
1.16
3.35
2.0
1.0
1.65
2.80
2.15
1.40
 	 1:0(1:0)  
713	28/12
13:30	 Gaziantepspor
Bursaspor	
0
0
2.00
1.80
  	
2.25
1.80
 	
2.00
 	
2.85
3.20
2.55
1.51
1.35
1.42
1.0
1.0
1.77
1.65
2.05
2.25
 	 1:2(1:0)  
714	28/12
13:30	 Kasimpasa
Sivasspor	
-0.75
+0.75
1.90
1.90
 
 	
2.5
1.73
2.10
1.70
3.90
4.80
1.18
1.26
2.15
1.5
1.0
1.70
2.10
2.10
1.70
 	 0:0(0:0)  
715	28/12
16:00	 Akhisar Bld.
Caykur Rizespor	
-0.75
+0.75
2.10
1.75
 
 	
2.5
1.95
1.85
1.85
3.60
4.40
1.22
1.30
2.00
1.5
1.0
1.95
2.20
1.85
1.67
 	 0:4(0:3)  
716	28/12
19:00	 Konyaspor
Besiktas JK	
+0.75
-0.75
1.70
2.15
 
 	
2.25
1.88
 	
1.92
 	
4.00
3.60
1.90
1.90
1.29
1.24
1.0
1.5
2.25
2.10
1.60
1.70
 	 1:2(0:1)  
717	29/12
20:00	 Trabzonspor
Eskisehirspor	
-0.75
+0.75
1.90
1.90
 
 	
2.75
1.88
 	
1.92
 	
1.70
3.85
4.80
1.18
1.26
2.15
1.5
1.0
1.70
2.00
2.15
1.80
 	 1:4(0:1)  
835	03/01
13:30	 Caykur Rizespor
Konyaspor	
-0.25
+0.25
1.97
1.83
 
 	
2.25
1.90
 	
1.90
 	
2.30
3.25
3.20
1.35
1.34
1.62
1.0
1.0
1.60
1.95
2.25
1.80
 	 1:1(1:0)  
836	03/01
16:00	 Bursaspor
Akhisar Bld.	
–1.0
+1.0
2.00
1.80
  	
2.5
1.77
2.05
1.57
4.00
5.80
1.13
1.24
2.37
2.0
1.0
2.15
2.50
1.65
1.50
 	 3:1(1:0)  
837	03/01
19:00	 Fenerbahce
Istanbul Basaksehir	
-0.75
+0.75
1.75
1.95
 
 	
2.5
1.90
1.90
1.60
4.00
5.70
1.14
1.25
2.25
1.5
1.0
1.75
2.65
2.10
1.48
 	 2:0(1:0)  
838	04/01
13:30	 Kayseri Erciyesspor
Kasimpasa	
+0.25
-0.25
1.75
2.10
 
 	
2.25
1.85
 	
1.95
 	
2.95
3.30
2.45
1.57
1.35
1.42
1.0
1.5
1.80
2.40
1.95
1.53
 	 2:5(1:2)  
839	04/01
13:30	 Sivasspor
Kardemir DC Karabukspor	
-0.25
+0.25
1.90
1.90
 
 	
2.5
2.00
1.80
2.25
3.30
3.30
1.34
1.34
1.65
1.5
1.5
2.20
2.75
1.65
1.42
 	 2:0(1:0)  
840	04/01
16:00	 Eskisehirspor
Gaziantepspor	
-0.75
+0.75
2.00
1.80
 
 	
2.25
1.80
 	
2.00
 	
1.75
3.60
5.00
1.18
1.30
2.10
1.5
1.5
1.95
4.00
1.85
1.23
 	 1:3(0:1)  
841	04/01
19:00	 Besiktas JK
Galatasaray SK	
-0.25
+0.25
2.05
1.75
 
 	
2.25
1.80
 	
2.00
 	
2.40
3.30
3.00
1.40
1.33
1.57
1.5
1.0
2.30
1.75
1.57
2.05
 	 0:2(0:0)  
842	05/01
20:00	 Balikesirspor
Trabzonspor	
+0.25
-0.25
2.25
1.65
 
 	
2.75
1.95
 	
1.85
 	
4.20
3.60
1.85
1.95
1.30
1.22
1.5
1.5
3.00
1.80
1.37
1.95
 	 2:2(2:0)  
843	05/01
20:00	 Mersin Idmanyurdu
Genclerbirligi	
-0.25
+0.25
2.05
1.75
 
 	
2.25
1.80
 	
2.00
 	
2.40
3.30
3.00
1.40
1.33
1.57
1.5
1.0
2.30
1.75
1.57
2.05
 	 1:1(0:0)  
849	23/01
19:00	 Konyaspor
Bursaspor	
0
0
2.00
1.80
  	
2.5
2.00
1.80
2.80
3.25
2.55
1.50
1.33
1.43
1.0
1.0
1.70
1.62
2.15
2.30
 	 2:3(1:2)  
850	23/01
20:00	 Trabzonspor
Sivasspor	
-0.25
+0.25
1.65
2.25
 
 	
2.75
1.80
 	
2.00
 	
1.90
3.60
4.00
1.24
1.29
1.89
1.5
1.0
1.75
1.77
2.10
2.05
 	 3:1(1:1)  
851	24/01
13:30	 Istanbul Basaksehir
Mersin Idmanyurdu	
-0.75
+0.75
1.83
1.97
 
 	
2.25
1.80
 	
2.00
 	
1.65
3.80
5.50
1.15
1.27
2.25
1.5
1.0
1.80
2.50
2.00
1.50
 	 2:2(0:1)  
852	24/01
16:00	 Gaziantepspor
Balikesirspor	
-0.75
+0.75
1.95
1.85
 
 	
2.5
1.95
1.85
1.75
3.70
4.80
1.20
1.28
2.10
1.5
1.0
1.80
2.20
1.95
1.60
 	 1:0(0:0)  
853	24/01
19:00	 Akhisar Bld.
Eskisehirspor	
0
0
2.00
1.80
  	
2.25
1.80
 	
2.00
 	
2.85
3.30
2.50
1.53
1.33
1.42
1.0
1.0
1.77
1.65
2.05
2.25
 	 2:2(0:1)  
854	24/01
19:00	 Kasimpasa
Fenerbahce	
+0.25
-0.25
1.75
2.10
 
 	
2.75
1.92
 	
1.88
 	
2.90
3.35
2.45
1.55
1.33
1.42
1.5
1.5
2.30
2.05
1.60
1.77
 	 0:3(0:1)  
855	25/01
16:00	 Kardemir DC Karabukspor
Kayseri Erciyesspor	
-0.75
+0.75
2.12
1.72
 
 	
2.25
1.80
 	
2.00
 	
1.85
3.50
4.40
1.22
1.30
1.95
1.5
1.0
2.00
2.35
1.80
1.60
 	 1:2(0:0)  
856	25/01
19:00	 Galatasaray SK
Caykur Rizespor	
–1.5
+1.5
2.00
1.80
  	
3.0
2.00
1.80
1.35
5.20
8.50
1.07
1.17
3.23
2.0
1.0
1.72
2.90
2.05
1.38
 	 2:0(2:0)  
857	26/01
20:00	 Genclerbirligi
Besiktas JK	
+0.25
-0.25
2.15
1.72
 
 	
2.5
1.97
1.83
3.80
3.50
2.00
1.85
1.32
1.27
1.0
1.5
2.00
2.05
1.75
1.72
 	 0:2(0:0)
952	30/01
19:00	 Akhisar Bld.
Balikesirspor	
-0.75
+0.75
1.95
1.85
 
 	
2.5
1.85
1.95
1.75
3.70
4.80
1.20
1.28
2.10
1.5
1.0
1.80
2.15
1.95
1.65
 	 2:2(2:0)  
953	30/01
20:00	 Trabzonspor
Kayseri Erciyesspor	
-0.75
+0.75
1.77
2.05
 
 	
2.75
1.80
 	
2.00
 	
1.62
4.30
5.00
1.18
1.22
2.35
2.0
1.0
2.10
2.05
1.70
1.72
 	 2:1(2:0)  
954	31/01
13:30	 Kasimpasa
Istanbul Basaksehir	
-0.25
+0.25
1.80
2.00
 
 	
2.5
1.85
1.95
2.10
3.40
3.50
1.30
1.31
1.72
1.5
1.0
2.00
1.80
1.75
1.95
 	 0:1(0:0)  
955	31/01
16:00	 Gaziantepspor
Sivasspor	
0
0
1.77
2.05
  	
2.5
1.95
1.85
2.50
3.30
2.85
1.42
1.33
1.53
1.0
1.0
1.57
1.67
2.40
2.20
 	 1:3(1:0)  
956	31/01
19:00	 Kardemir DC Karabukspor
Fenerbahce	
+0.75
-0.75
1.77
2.05
 
 	
2.5
1.90
1.90
4.70
3.50
1.80
2.00
1.30
1.20
1.0
1.5
2.15
1.85
1.65
1.90
 	 1:2(0:1)  
957	01/02
13:00	 Genclerbirligi
Caykur Rizespor	
-0.25
+0.25
1.80
2.00
 
 	
2.5
2.00
1.80
2.10
3.40
3.50
1.30
1.31
1.72
1.5
1.0
2.10
1.90
1.70
1.85
 	 0:2(0:2)  
958	01/02
13:00	 Konyaspor
Eskisehirspor	
0
0
1.77
2.05
  	
2.5
2.00
1.80
2.50
3.30
2.85
1.42
1.33
1.53
1.0
1.0
1.57
1.75
2.40
2.10
 	 1:0(1:0)  
959	01/02
16:00	 Besiktas JK
Mersin Idmanyurdu	
-1.25
+1.25
1.93
1.87
 
 	
2.75
1.95
 	
1.85
 	
1.40
4.60
8.00
1.07
1.20
2.95
2.0
1.0
1.95
3.10
1.80
1.35
 	 2:1(1:0)  
960	01/02
20:00	 Galatasaray SK
Bursaspor	
-0.75
+0.75
2.00
1.80
 
 	
2.75
1.85
 	
1.90
 	
1.80
3.70
4.30
1.22
1.27
2.00
1.5
1.0
1.72
1.90
2.05
1.85
 	 2:2(1:1)
1039	06/02
20:00	 Istanbul Basaksehir
Kardemir DC Karabukspor	
-0.75
+0.75
2.05
1.77
 
 	
2.25
1.90
 	
1.90
 	
1.80
3.50
4.80
1.20
1.32
2.05
1.5
1.0
2.00
2.55
1.75
1.48
 	 2:2(1:1)  
1040	07/02
13:30	 Sivasspor
Akhisar Bld.	
-0.75
+0.75
2.10
1.75
 
 	
2.5
1.95
1.85
1.85
3.60
4.30
1.22
1.29
1.96
1.5
1.0
1.95
2.20
1.85
1.67
 	 2:0(0:0)  
1041	07/02
16:00	 Kayseri Erciyesspor
Gaziantepspor	
-0.25
+0.25
1.83
1.97
 
 	
2.25
1.82
 	
1.97
 	
2.15
3.30
3.50
1.30
1.33
1.70
1.5
1.0
2.25
2.00
1.65
1.80
 	 0:1(0:0)  
1042	07/02
19:00	 Fenerbahce
Trabzonspor	
–1.0
+1.0
2.00
1.76
  	
2.75
1.85
 	
1.95
 	
1.60
4.00
5.50
1.14
1.24
2.35
1.5
1.5
1.60
3.55
2.25
1.27
 	 0:0(0:0)  
1043	08/02
13:00	 Balikesirspor
Konyaspor	
0
0
2.00
1.80
  	
2.25
1.80
 	
2.00
 	
2.80
3.35
2.50
1.53
1.32
1.44
1.0
1.0
1.77
1.65
2.05
2.25
 	 0:1(0:0)  
1044	08/02
13:00	 Mersin Idmanyurdu
Kasimpasa	
+0.25
-0.25
1.75
2.10
 
 	
2.5
1.95
1.85
2.90
3.40
2.40
1.57
1.32
1.42
1.0
1.5
1.70
2.30
2.10
1.60
 	 6:2(1:0)  
1045	08/02
16:00	 Bursaspor
Genclerbirligi	
-1.25
+1.25
2.05
1.77
 
 	
3.0
2.00
1.80
1.48
4.50
6.50
1.11
1.22
2.70
2.0
1.0
1.87
2.35
1.87
1.55
 	 3:1(0:1)  
1046	08/02
19:00	 Caykur Rizespor
Besiktas JK	
+0.25
-0.25
2.20
1.67
 
 	
2.25
1.83
 	
1.97
 	
4.00
3.45
1.95
1.85
1.32
1.25
1.0
1.5
2.25
2.10
1.60
1.70
 	 1:2(0:0)  
1047	09/02
20:00	 Eskisehirspor
Galatasaray SK	
+0.25
-0.25
1.83
1.97
 
 	
2.5
1.90
1.90
3.10
3.40
2.30
1.62
1.32
1.37
1.0
1.5
1.75
2.20
2.10
1.67
 	 1:2(1:1) 
1135	14/02
13:30	 Kardemir DC Karabukspor
Kasimpasa	
0
0
1.85
1.95
  	
2.5
1.90
1.90
2.55
3.45
2.70
1.47
1.32
1.52
1.0
1.0
1.55
1.60
2.35
2.25
 	 0:0(0:0)  
1136	14/02
16:00	 Akhisar Bld.
Kayseri Erciyesspor	
-0.25
+0.25
1.90
1.90
 
 	
2.5
2.00
1.80
2.20
3.30
3.35
1.33
1.33
1.68
1.5
1.0
2.20
1.90
1.62
1.85
 	 1:0(0:0)  
1137	14/02
19:00	 Gaziantepspor
Fenerbahce	
+1.0
–1.0
1.77
2.05
  	
2.5
1.85
1.95
5.70
4.00
1.60
2.35
1.25
1.14
1.0
1.5
2.60
1.72
1.47
2.05
 	 0:5(0:1)  
1138	15/02
13:00	 Konyaspor
Sivasspor	
-0.25
+0.25
2.05
1.77
 
 	
2.25
1.80
 	
2.00
 	
2.35
3.35
3.00
1.38
1.32
1.58
1.5
1.5
2.30
2.85
1.60
1.40
 	 0:1(0:0)  
1139	15/02
13:00	 Caykur Rizespor
Mersin Idmanyurdu	
-0.25
+0.25
2.05
1.77
 
 	
2.25
1.80
 	
2.00
 	
2.35
3.35
3.00
1.38
1.32
1.58
1.5
1.5
2.30
2.85
1.60
1.40
 	 0:4(0:1)  
1140	15/02
16:00	 Besiktas JK
Bursaspor	
-0.25
+0.25
1.77
2.05
 
 	
2.75
1.94
 	
1.85
 	
2.05
3.50
3.55
1.32
1.30
1.77
1.5
1.0
1.90
1.75
1.85
2.05
 	 3:2(1:1)  
1141	15/02
19:00	 Trabzonspor
Istanbul Basaksehir	
-0.25
+0.25
1.90
1.90
 
 	
2.5
1.95
1.85
2.25
3.40
3.20
1.35
1.32
1.65
1.5
1.5
2.20
2.70
1.67
1.43
 	 3:2(2:2)  
1142	16/02
19:00	 Genclerbirligi
Eskisehirspor	
0
0
1.77
2.05
  	
2.25
1.80
 	
2.00
 	
2.50
3.25
2.90
1.41
1.34
1.53
1.5
1.5
2.40
2.65
1.55
1.45
 	 1:2(1:1)  
1143	16/02
20:00	 Galatasaray SK
Balikesirspor	
-1.75
+1.75
1.90
1.90
 
 	
3.25
1.93
 	
1.87
 	
1.25
6.00
12.00
1.03
1.13
4.00
2.5
1.0
1.93
3.10
1.87
1.37
 	 3:1(3:0)  
911	20/02
20:00	 Kayseri Erciyesspor
Konyaspor	
0
0
1.75
2.05
  	
2.25
1.90
 	
1.90
 	
2.50
3.20
2.90
1.42
1.35
1.55
1.0
1.0
1.70
1.85
2.15
1.95
 	 3:0(3:0)  
912	21/02
13:30	 Istanbul Basaksehir
Gaziantepspor	
–1.0
+1.0
1.95
1.80
  	
2.5
1.90
1.85
1.57
4.00
6.00
1.13
1.24
2.40
1.5
1.0
1.72
2.75
2.05
1.42
 	 1:0(1:0)  
913	21/02
16:00	 Bursaspor
Caykur Rizespor	
–1.0
+1.0
1.90
1.90
  	
2.75
1.80
 	
2.00
 	
1.53
4.30
6.00
1.13
1.22
2.50
2.0
1.0
2.00
2.30
1.80
1.62
 	 1:1(1:0)  
914	21/02
19:00	 Sivasspor
Galatasaray SK	
+0.25
-0.25
1.77
2.05
 
 	
2.5
1.85
1.95
3.00
3.40
2.35
1.59
1.32
1.39
1.5
1.5
2.40
2.15
1.53
1.70
 	 2:3(1:1)  
915	22/02
13:00	 Balikesirspor
Genclerbirligi	
0
0
1.93
1.87
  	
2.5
2.00
1.80
2.70
3.30
2.60
1.50
1.32
1.46
1.0
1.0
1.65
1.62
2.15
2.20
 	 0:1(0:0)  
916	22/02
13:00	 Mersin Idmanyurdu
Kardemir DC Karabukspor	
-0.25
+0.25
1.90
1.90
 
 	
2.5
1.95
1.85
2.25
3.40
3.20
1.35
1.32
1.65
1.5
1.5
2.20
2.70
1.67
1.43
 	 2:1(1:1)  
917	22/02
16:00	 Kasimpasa
Trabzonspor	
-0.25
+0.25
1.90
1.90
 
 	
2.75
1.91
 	
1.90
 	
2.20
3.50
3.20
1.35
1.30
1.67
1.5
1.0
1.95
1.62
1.80
2.25
 	 1:1(0:1)  
918	22/02
19:00	 Eskisehirspor
Besiktas JK	
+0.25
-0.25
1.90
1.90
 
 	
2.25
1.83
 	
1.97
 	
3.30
3.40
2.20
1.67
1.32
1.35
1.0
1.5
1.97
2.30
1.83
1.62
 	 1:0(1:0)  
919	23/02
20:00	 Fenerbahce
Akhisar Bld.	
–1.5
+1.5
1.80
2.00
  	
3.0
1.90
1.90
1.26
6.00
11.00
1.04
1.13
3.88
1.5
1.5
1.37
5.00
3.00
1.16
 	 1:2(1:1)  
1010	27/02
20:00	 Galatasaray SK
Kayseri Erciyesspor	
–1.0
+1.0
1.80
2.00
  	
2.75
1.95
 	
1.85
 	
1.45
4.40
7.30
1.09
1.21
2.75
2.0
1.0
2.00
2.80
1.75
1.40
 	 3:1(1:1)  
1011	28/02
13:30	 Genclerbirligi
Sivasspor	
0
0
1.97
1.83
  	
2.5
2.00
1.80
2.75
3.35
2.55
1.53
1.32
1.46
1.0
1.0
1.70
1.62
2.15
2.30
 	 0:0(0:0)  
1012	28/02
16:00	 Caykur Rizespor
Eskisehirspor	
0
0
1.80
2.00
  	
2.25
1.85
 	
1.95
 	
2.55
3.20
2.85
1.45
1.35
1.53
1.0
1.0
1.67
1.77
2.20
2.05
 	 3:0(2:0)  
1013	28/02
19:00	 Konyaspor
Fenerbahce	
+0.75
-0.75
1.80
2.00
 
 	
2.5
1.85
1.95
4.60
3.80
1.75
2.20
1.27
1.17
1.0
1.5
2.35
1.80
1.55
2.00
 	 1:1(1:0)  
1014	01/03
13:00	 Akhisar Bld.
Istanbul Basaksehir	
+0.25
-0.25
1.77
2.05
 
 	
2.25
1.80
 	
2.00
 	
3.00
3.35
2.35
1.58
1.32
1.38
1.5
1.5
2.85
2.30
1.40
1.60
 	 0:2(0:0)  
1015	01/03
13:00	 Gaziantepspor
Kasimpasa	
0
0
2.05
1.75
  	
2.5
1.90
1.90
2.85
3.40
2.45
1.51
1.30
1.42
1.5
1.5
2.50
2.25
1.50
1.65
 	 0:2(0:1)  
1016	01/03
16:00	 Bursaspor
Mersin Idmanyurdu	
–1.0
+1.0
1.95
1.85
  	
3.0
2.00
1.80
1.55
4.30
5.60
1.14
1.21
2.43
2.0
1.0
1.90
2.30
1.85
1.60
 	 2:1(0:1)  
1017	01/03
19:00	 Besiktas JK
Balikesirspor	
–1.5
+1.5
2.00
1.80
  	
2.75
1.90
 	
1.90
 	
1.33
5.00
10.00
1.05
1.17
3.33
2.0
1.0
1.80
3.40
1.95
1.30
 	 2:2(1:0)  
1018	02/03
20:00	 Trabzonspor
Kardemir DC Karabukspor	
-0.75
+0.75
2.05
1.80
 
 	
2.75
1.98
 	
1.82
 	
1.80
3.80
4.30
1.22
1.27
2.00
1.5
1.5
1.80
3.20
2.00
1.33
 	 3:2(1:2)  
937	06/03
20:00	 Kasimpasa
Akhisar Bld.	
–1.0
+1.0
1.97
1.83
  	
2.75
1.97
 	
1.83
 	
1.60
4.20
5.30
1.16
1.23
2.34
2.0
1.0
2.15
2.35
1.65
1.55
 	 2:2(1:0)  
938	07/03
13:30	 Kayseri Erciyesspor
Genclerbirligi	
-0.25
+0.25
1.83
1.97
 
 	
2.25
1.82
 	
1.97
 	
2.15
3.30
3.50
1.32
1.33
1.72
1.5
1.0
2.25
2.00
1.65
1.80
 	 2:4(0:2)  
939	07/03
16:00	 Balikesirspor
Caykur Rizespor	
0
0
2.00
1.80
  	
2.25
1.80
 	
2.00
 	
2.85
3.30
2.50
1.53
1.33
1.42
1.0
1.0
1.77
1.65
2.05
2.25
 	 2:2(1:0)  
940	07/03
19:00	 Eskisehirspor
Bursaspor	
+0.25
-0.25
1.75
2.05
 
 	
2.5
1.87
1.87
3.00
3.25
2.40
1.57
1.33
1.39
1.0
1.5
1.65
2.20
2.15
1.62
 	 0:0(0:0)  
941	08/03
13:00	 Istanbul Basaksehir
Konyaspor	
-0.75
+0.75
1.95
1.85
 
 	
2.25
1.85
 	
1.95
 	
1.77
3.60
4.75
1.19
1.30
2.05
1.5
1.0
1.95
2.60
1.80
1.47
 	 0:0(0:0)  
942	08/03
14:00	 Sivasspor
Besiktas JK	
0
0
2.05
1.77
  	
2.5
1.92
1.82
2.90
3.30
2.45
1.54
1.33
1.41
1.5
1.5
2.60
2.30
1.46
1.58
 	 0:1(0:1)  
943	08/03
16:00	 Kardemir DC Karabukspor
Gaziantepspor	
-0.25
+0.25
1.70
2.20
 
 	
2.25
1.84
 	
1.97
 	
1.95
3.40
4.00
1.25
1.32
1.85
1.5
1.0
2.10
2.20
1.70
1.62
 	 0:0(0:0)  
944	08/03
19:00	 Fenerbahce
Galatasaray SK	
-0.75
+0.75
2.15
1.70
 
 	
2.75
1.95
 	
1.85
 	
1.90
3.60
4.00
1.25
1.30
1.90
1.5
1.0
1.80
1.85
1.95
1.90
 	 1:0(0:0)  
945	09/03
20:00	 Mersin Idmanyurdu
Trabzonspor	
0
0
2.05
1.77
  	
2.75
2.00
 	
1.80
 	
2.85
3.40
2.45
1.55
1.32
1.42
1.5
1.5
2.40
2.20
1.55
1.67
 	 1:5(0:2)
890	13/03
20:00	 Bursaspor
Balikesirspor	
–1.5
+1.5
1.95
1.80
  	
3.25
1.95
 	
1.80
 	
1.30
5.50
9.00
1.05
1.14
3.41
2.5
1.0
2.00
2.75
1.75
1.42
 	 4:2(2:2)  
891	13/03
20:00	 Konyaspor
Kasimpasa	
-0.25
+0.25
2.05
1.75
 
 	
2.5
1.95
1.80
2.40
3.30
2.95
1.42
1.32
1.58
1.5
1.0
2.30
1.72
1.60
2.05
 	 2:1(2:1)  
892	14/03
13:30	 Akhisar Bld.
Kardemir DC Karabukspor	
0
0
1.90
1.90
  	
2.25
1.90
 	
1.90
 	
2.70
3.20
2.70
1.47
1.35
1.47
1.0
1.0
1.77
1.77
2.05
2.05
 	 5:1(2:0)  
893	14/03
16:00	 Caykur Rizespor
Sivasspor	
-0.25
+0.25
2.10
1.75
 
 	
2.5
2.00
1.80
2.45
3.25
2.90
1.40
1.33
1.53
1.0
1.0
1.60
1.75
2.35
2.10
 	 2:1(0:0)  
894	14/03
19:00	 Galatasaray SK
Istanbul Basaksehir	
-0.75
+0.75
2.00
1.80
 
 	
2.25
1.80
 	
2.00
 	
1.75
3.60
5.00
1.19
1.30
2.10
1.5
1.5
1.95
4.00
1.85
1.23
 	 2:2(1:0)  
895	15/03
14:00	 Eskisehirspor
Mersin Idmanyurdu	
-0.75
+0.75
2.10
1.75
 
 	
2.5
1.95
1.85
1.85
3.50
4.30
1.21
1.29
1.93
1.5
1.0
1.95
2.20
1.85
1.67
 	 2:0(2:0)  
896	15/03
16:00	 Besiktas JK
Kayseri Erciyesspor	
-1.25
+1.25
1.97
1.83
 
 	
2.75
2.00
 	
1.80
 	
1.42
4.50
8.00
1.08
1.22
2.90
2.0
1.0
2.05
3.15
1.77
1.36
 	 5:1(3:0)  
897	15/03
20:00	 Genclerbirligi
Fenerbahce	
+1.0
–1.0
1.90
1.90
  	
2.75
1.93
 	
1.87
 	
6.20
4.20
1.53
2.50
1.23
1.12
1.0
1.5
2.55
1.57
1.48
2.30
 	 2:1(1:0)  
898	16/03
20:00	 Gaziantepspor
Trabzonspor	
+0.25
-0.25
2.10
1.75
 
 	
2.75
1.95
 	
1.85
 	
3.60
3.60
2.00
1.80
1.30
1.30
1.0
1.5
1.80
1.87
2.00
1.87
 	 2:0(1:0)  
866	20/03
20:00	 Balikesirspor
Eskisehirspor	
+0.25
-0.25
2.10
1.70
 
 	
2.25
1.80
 	
2.00
 	
3.80
3.40
2.00
1.79
1.31
1.26
1.0
1.5
2.15
2.10
1.65
1.70
 	 4:1(2:1)  
867	20/03
20:00	 Kardemir DC Karabukspor
Konyaspor	
-0.25
+0.25
1.65
2.25
 
 	
2.25
2.00
 	
1.80
 	
1.95
3.30
4.20
1.23
1.33
1.86
1.5
1.5
2.20
3.70
1.65
1.25
 	 0:1(0:0)  
868	21/03
13:30	 Kayseri Erciyesspor
Caykur Rizespor	
-0.25
+0.25
2.05
1.75
 
 	
2.5
2.00
1.80
2.40
3.30
3.00
1.40
1.33
1.57
1.5
1.0
2.30
1.75
1.57
2.05
 	 0:3(0:2)  
869	21/03
13:30	 Mersin Idmanyurdu
Gaziantepspor	
-0.25
+0.25
1.70
2.10
 
 	
2.5
1.90
1.85
1.95
3.50
3.80
1.25
1.30
1.85
1.5
1.0
2.00
2.00
1.75
1.75
 	 0:1(0:1)  
870	21/03
16:00	 Sivasspor
Bursaspor	
+0.25
-0.25
1.80
2.00
 
 	
2.75
1.95
 	
1.85
 	
2.95
3.40
2.35
1.58
1.31
1.39
1.5
1.5
2.50
2.05
1.50
1.75
 	 4:1(4:0)  
871	21/03
19:00	 Kasimpasa
Galatasaray SK	
+0.25
-0.25
1.80
2.00
 
 	
2.5
1.85
1.95
3.00
3.50
2.30
1.62
1.30
1.40
1.5
1.5
2.60
2.20
1.50
1.67
 	 2:3(2:0)  
872	22/03
13:00	 Istanbul Basaksehir
Genclerbirligi	
-0.75
+0.75
1.90
1.90
 
 	
2.5
2.00
1.80
1.72
3.60
5.00
1.16
1.28
2.10
1.5
1.0
1.85
2.50
1.90
1.50
 	 3:1(0:0)  
873	22/03
16:00	 Trabzonspor
Akhisar Bld.	
-0.75
+0.75
1.77
2.05
 
 	
2.75
1.80
 	
2.00
 	
1.62
4.30
5.00
1.18
1.22
2.35
2.0
1.0
2.10
2.05
1.70
1.72
 	 2:0(1:0)  
874	22/03
20:00	 Fenerbahce
Besiktas JK	
-0.75
+0.75
1.90
1.90
 
 	
2.5
1.90
1.90
1.70
3.80
5.00
1.17
1.27
2.20
1.5
1.0
1.80
2.35
2.00
1.55
 	 1:0(0:0)  
	04/04
13:30	 Balikesirspor
Mersin Idmanyurdu	
+0.25
-0.25
1.75
2.10
 
 	
2.75
1.92
 	
1.88
 	
2.90
3.40
2.40
1.56
1.31
1.41
1.5
1.5
2.30
2.05
1.60
1.77
 	 1:3(0:1)  
 	04/04
13:30	 Genclerbirligi
Kasimpasa	
0
0
1.85
1.95
  	
2.5
1.90
1.90
2.55
3.45
2.70
1.47
1.32
1.52
1.0
1.0
1.55
1.60
2.35
2.25
 	 5:2(2:1)  
 	04/04
16:00	 Eskisehirspor
Sivasspor	
-0.25
+0.25
1.88
1.92
 
 	
2.5
1.95
1.85
2.20
3.40
3.30
1.35
1.32
1.67
1.5
1.5
2.10
2.65
1.70
1.45
 	 1:3(1:0)  
 	04/04
19:00	 Caykur Rizespor
Fenerbahce	
+1.0
–1.0
1.57
2.35
  	
2.75
2.00
 	
1.80
 	
4.50
3.65
1.80
2.05
1.29
1.22
1.5
1.5
3.40
1.80
1.30
2.00
 	 1:5(0:3)  
 	05/04
13:00	 Akhisar Bld.
Gaziantepspor	
-0.25
+0.25
1.72
2.15
 
 	
2.5
1.97
1.83
2.00
3.40
3.80
1.26
1.31
1.80
1.5
1.0
2.05
2.00
1.72
1.75
 	 3:0(1:0)  
 	05/04
13:00	 Bursaspor
Kayseri Erciyesspor	
-1.25
+1.25
2.00
1.80
 
 	
3.0
1.85
1.85
1.50
4.50
6.00
1.12
1.20
2.60
2.0
1.0
1.85
2.25
1.90
1.60
 	 3:0(2:0)  
 	05/04
16:00	 Galatasaray SK
Kardemir DC Karabukspor	
-1.25
+1.25
1.95
1.85
 
 	
2.75
1.87
 	
1.93
 	
1.40
4.80
7.50
1.08
1.18
2.93
2.0
1.0
1.93
2.85
1.87
1.42
 	 4:2(1:0)  
 	05/04
19:00	 Konyaspor
Trabzonspor	
0
0
1.85
1.95
  	
2.5
1.85
1.95
2.60
3.35
2.70
1.46
1.32
1.50
1.5
1.0
2.30
1.60
1.62
2.35
 	 1:0(0:0)  
 	06/04
20:00	 Besiktas JK
Istanbul Basaksehir	
-0.75
+0.75
1.95
1.85
 
 	
2.25
1.85
 	
1.95
 	
1.75
3.70
4.70
1.19
1.28
2.07
1.5
1.0
1.95
2.60
1.80
1.47
 	 0:0(0:0)  
 	17/04
20:00	 Gaziantepspor
Konyaspor	
0
0
2.00
1.80
  	
2.25
1.85
 	
1.95
 	
2.80
3.25
2.55
1.53
1.35
1.45
1.0
1.0
1.77
1.67
2.05
2.20
 	 1:1(1:0)  
 	18/04
16:00	 Kardemir DC Karabukspor
Genclerbirligi	
-0.25
+0.25
1.72
2.10
 
 	
2.25
1.83
 	
1.97
 	
2.00
3.40
3.80
1.25
1.32
1.80
1.5
1.0
2.10
2.05
1.70
1.72
 	 2:1(1:1)  
 	18/04
19:00	 Kasimpasa
Besiktas JK	
+0.25
-0.25
1.92
1.88
 
 	
2.5
1.90
1.90
3.30
3.40
2.20
1.67
1.32
1.35
1.5
1.5
2.65
2.10
1.45
1.70
 	 1:5(1:2)  
 	19/04
13:00	 Kayseri Erciyesspor
Eskisehirspor	
0
0
2.05
1.77
  	
2.25
1.80
 	
2.00
 	
2.90
3.25
2.50
1.53
1.34
1.41
1.5
1.5
2.65
2.40
1.45
1.55
 	 0:1(0:1)  
 	19/04
15:00	 Sivasspor
Balikesirspor	
–1.0
+1.0
1.83
1.97
  	
3.0
2.00
1.80
1.50
4.50
6.20
1.13
1.21
2.65
2.0
1.0
1.90
2.30
1.85
1.60
 	 1:1(0:0)  
 	19/04
16:00	 Istanbul Basaksehir
Caykur Rizespor	
-0.75
+0.75
2.00
1.80
 
 	
2.25
1.80
 	
2.00
 	
1.75
3.60
5.00
1.19
1.30
2.10
1.5
1.5
1.95
4.00
1.85
1.23
 	 3:1(1:0)  
 	19/04
19:00	 Trabzonspor
Galatasaray SK	
0
0
1.93
1.87
  	
2.75
1.85
 	
1.95
 	
2.65
3.50
2.55
1.53
1.30
1.50
1.5
1.5
2.15
2.10
1.67
1.70
 	 2:1(1:0)  
 	20/04
20:00	 Mersin Idmanyurdu
Akhisar Bld.	
-0.25
+0.25
1.88
1.92
 
 	
2.5
1.90
1.90
2.20
3.40
3.30
1.35
1.32
1.67
1.5
1.5
2.10
2.65
1.70
1.45
 	 1:1(0:0)  
 	20/04
20:00	 Fenerbahce
Bursaspor	
–1.0
+1.0
2.00
1.76
  	
2.75
1.85
 	
1.95
 	
1.60
4.00
5.50
1.14
1.24
2.35
1.5
1.5
1.60
3.55
2.25
1.27
 	 1:0(0:0)  
 	24/04
20:00	 Sivasspor
Mersin Idmanyurdu	
-0.25
+0.25
1.65
2.25
 
 	
2.75
1.90
 	
1.90
 	
1.90
3.60
4.00
1.24
1.30
1.90
1.5
1.5
1.80
2.85
1.95
1.40
 	 1:2(0:0)  
 	25/04
13:30	 Bursaspor
Istanbul Basaksehir	
-0.25
+0.25
1.77
2.05
 
 	
2.75
2.00
 	
1.80
 	
2.05
3.50
3.60
1.29
1.31
1.77
1.5
1.0
1.97
1.80
1.83
2.05
 	 4:1(0:1)  
 	25/04
16:00	 Caykur Rizespor
Kasimpasa	
-0.25
+0.25
2.00
1.80
 
 	
2.75
1.95
 	
1.85
 	
2.35
3.40
3.00
1.40
1.32
1.60
1.5
1.5
2.10
2.45
1.75
1.55
 	 1:3(0:1)  
 	25/04
19:00	 Eskisehirspor
Fenerbahce	
+0.75
-0.75
1.80
2.00
 
 	
2.5
1.85
1.95
4.70
3.70
1.75
2.10
1.28
1.20
1.0
1.5
2.15
1.80
1.65
1.95
 	 1:1(0:1)  
 	26/04
13:00	 Balikesirspor
Kayseri Erciyesspor	
-0.25
+0.25
2.05
1.75
 
 	
2.5
1.87
1.87
2.40
3.40
2.90
1.42
1.32
1.57
1.5
1.0
2.20
1.65
1.62
2.15
 	 1:1(1:0)  
 	26/04
13:00	 Konyaspor
Akhisar Bld.	
-0.25
+0.25
1.80
2.00
 
 	
2.5
1.95
1.85
2.10
3.40
3.50
1.32
1.32
1.75
1.5
1.0
2.10
1.90
1.70
1.85
 	 2:1(1:1)  
 	26/04
16:00	 Genclerbirligi
Trabzonspor	
+0.25
-0.25
1.85
1.95
 
 	
2.75
1.95
 	
1.85
 	
3.10
3.50
2.25
1.65
1.30
1.37
1.5
1.5
2.50
2.00
1.50
1.80
 	 1:1(0:0)  
 	26/04
19:00	 Galatasaray SK
Gaziantepspor	
–1.5
+1.5
1.90
1.90
  	
3.0
2.00
1.80
1.32
5.20
10.00
1.05
1.17
3.42
2.0
1.0
1.65
3.30
2.15
1.30
 	 1:0(0:0)  
856	27/04
20:00	 Besiktas JK
Kardemir DC Karabukspor	
–1.0
+1.0
1.85
1.95
  	
2.75
2.00
 	
1.80
 	
1.48
4.40
6.80
1.11
1.22
2.67
1.5
1.0
1.60
2.80
2.30
1.40
 	 2:1(1:0)  
754	02/05
13:30	 Istanbul Basaksehir
Eskisehirspor	
-0.75
+0.75
2.05
1.75
 
 	
2.25
1.82
 	
1.98
 	
1.85
3.45
4.50
1.20
1.31
1.95
1.5
1.0
1.90
2.60
1.90
1.47
 	 1:1(0:0)  
755	02/05
16:00	 Mersin Idmanyurdu
Konyaspor	
0
0
1.75
2.05
  	
2.5
1.90
1.90
2.45
3.40
2.85
1.42
1.32
1.55
1.5
1.0
2.25
1.65
1.60
2.20
 	 3:1(3:1)  
756	02/05
19:00	 Fenerbahce
Balikesirspor	
-2.25
+2.25
1.95
1.85
 
 	
3.5
1.80
2.00
1.15
8.00
17.00
1.01
1.08
5.44
3.0
1.0
1.90
4.00
1.80
1.22
 	 4:3(3:3)  
757	02/05
19:00	 Kardemir DC Karabukspor
Caykur Rizespor	
-0.25
+0.25
1.70
2.15
 
 	
2.5
1.90
1.90
1.95
3.60
3.80
1.26
1.30
1.85
1.5
1.0
1.97
2.00
1.83
1.80
 	 2:0(0:0)  
758	03/05
13:00	 Kasimpasa
Bursaspor	
0
0
2.05
1.77
  	
3.0
2.00
1.80
2.80
3.45
2.45
1.55
1.31
1.43
1.5
1.5
2.15
1.95
1.65
1.80
 	 5:3(2:2)  
759	03/05
16:00	 Gaziantepspor
Genclerbirligi	
0
0
1.75
2.05
  	
2.5
1.90
1.90
2.45
3.40
2.85
1.42
1.32
1.55
1.5
1.0
2.25
1.65
1.60
2.20
 	 0:3(0:0)  
760	03/05
19:00	 Trabzonspor
Besiktas JK	
0
0
1.95
1.85
  	
2.75
1.95
 	
1.85
 	
2.70
3.45
2.55
1.52
1.32
1.47
1.5
1.5
2.25
2.15
1.60
1.65
 	 0:2(0:0)  
761	04/05
20:00	 Akhisar Bld.
Galatasaray SK	
+0.25
-0.25
2.30
1.62
 
 	
2.75
1.80
 	
2.00
 	
4.00
3.80
1.85
1.95
1.26
1.24
1.0
1.5
1.77
1.75
2.05
2.10
 	 0:2(0:2)  
762	04/05
20:00	 Kayseri Erciyesspor
Sivasspor	
+0.25
-0.25
1.77
2.05
 
 	
2.5
1.80
2.00
3.00
3.40
2.35
1.59
1.32
1.39
1.5
1.5
2.40
2.15
1.53
1.70
 	 2:3(2:0)  
586	08/05
20:00	 Galatasaray SK
Konyaspor	
–2.0
+2.0
2.00
1.75
  	
3.0
1.80
2.00
1.18
7.00
16.00
1.01
1.10
4.87
2.5
1.0
1.90
4.30
1.85
1.20
 	 1:0(0:0)  
587	08/05
20:00	 Eskisehirspor
Kasimpasa	
-0.25
+0.25
2.00
1.80
 
 	
2.75
1.95
 	
1.85
 	
2.35
3.40
3.00
1.40
1.32
1.60
1.5
1.5
2.10
2.45
1.75
1.55
 	 4:1(3:0)  
588	08/05
20:00	 Kayseri Erciyesspor
Mersin Idmanyurdu	
0
0
1.95
1.85
  	
2.75
1.95
 	
1.85
 	
2.70
3.45
2.55
1.52
1.32
1.47
1.5
1.5
2.25
2.15
1.60
1.65
 	 2:2(1:0)  
589	09/05
13:30	 Genclerbirligi
Akhisar Bld.	
-0.25
+0.25
1.72
2.15
 
 	
2.5
1.80
2.00
2.00
3.50
3.70
1.27
1.30
1.80
1.5
1.0
1.90
1.80
1.85
1.95
 	 0:0(0:0)  
590	09/05
16:00	 Bursaspor
Kardemir DC Karabukspor	
-0.75
+0.75
1.95
1.85
 
 	
3.0
1.85
1.90
1.75
4.00
4.30
1.22
1.27
2.10
2.0
1.0
2.05
1.80
1.70
1.90
 	 7:1(2:1)  
591	09/05
19:00	 Balikesirspor
Istanbul Basaksehir	
+1.0
–1.0
1.83
1.97
  	
2.75
1.95
 	
1.85
 	
6.00
4.00
1.57
2.40
1.24
1.13
1.0
2.0
2.40
2.20
1.55
1.65
 	 1:2(0:1)  
592	09/05
19:00	 Sivasspor
Fenerbahce	
+0.75
-0.75
1.90
1.90
 
 	
3.0
2.00
1.80
4.60
4.00
1.72
2.15
1.25
1.20
1.0
1.5
1.87
1.65
1.87
2.20
 	 2:3(2:1)  
593	10/05
16:00	 Caykur Rizespor
Trabzonspor	
+0.25
-0.25
1.77
2.05
 
 	
2.75
1.85
 	
1.95
 	
2.90
3.50
2.35
1.60
1.28
1.42
1.5
1.5
2.30
2.00
1.62
1.80
 	 0:2(0:1)  
594	10/05
19:00	 Besiktas JK
Gaziantepspor	
-1.75
+1.75
1.95
1.85
 
 	
3.0
1.90
1.90
1.25
6.00
12.00
1.03
1.13
4.00
2.5
1.0
2.05
3.60
1.72
1.27
 	 1:1(1:1)  
409	12/05
16:45	 Istanbul Basaksehir
Sivasspor	
–1.0
+1.0
1.80
2.00
  	
2.75
1.80
 	
2.00
 	
1.50
4.40
6.50
1.12
1.22
2.62
2.0
1.0
2.00
2.30
1.75
1.57
 	 2:1(0:1)  
410	12/05
16:45	 Konyaspor
Genclerbirligi	
-0.25
+0.25
1.85
1.95
 
 	
2.5
2.00
1.80
2.15
3.35
3.40
1.32
1.32
1.70
1.5
1.0
2.15
1.90
1.65
1.85
 	 1:0(0:0)  
411	12/05
19:45	 Kardemir DC Karabukspor
Eskisehirspor	
-0.75
+0.75
2.00
1.80
 
 	
2.75
1.95
 	
1.85
 	
1.75
3.85
4.50
1.20
1.26
2.10
1.5
1.5
1.75
3.20
2.05
1.33
 	 2:2(1:0)  
412	12/05
19:45	 Kasimpasa
Balikesirspor	
-1.25
+1.25
1.80
2.00
 
 	
3.5
1.85
1.85
1.42
5.00
7.00
1.11
1.18
2.92
2.5
1.0
1.95
1.90
1.80
1.80
 	 2:3(1:1)  
413	12/05
19:45	 Mersin Idmanyurdu
Galatasaray SK	
+1.25
-1.25
1.80
2.00
 
 	
3.25
1.95
 	
1.85
 	
6.00
4.50
1.50
2.65
1.22
1.13
1.0
2.0
2.10
1.75
1.70
2.05
 	 0:1(0:1)  
414	13/05
16:45	 Trabzonspor
Bursaspor	
-0.25
+0.25
2.00
1.80
 
 	
3.25
1.95
 	
1.85
 	
2.30
3.80
2.80
1.45
1.28
1.62
1.5
1.5
1.80
2.00
1.95
1.75
 	 1:0(0:0)  
415	13/05
19:45	 Gaziantepspor
Caykur Rizespor	
+0.25
-0.25
1.80
2.00
 
 	
2.5
2.00
1.80
3.05
3.30
2.35
1.59
1.33
1.37
1.5
1.5
2.75
2.25
1.42
1.60
 	 1:2(0:1)  
416	13/05
19:45	 Fenerbahce
Kayseri Erciyesspor	
-2.25
+2.25
1.80
1.95
 
 	
3.75
1.87
 	
1.87
 	
1.13
8.50
17.00
1.02
1.06
5.70
3.0
1.0
1.85
3.20
1.90
1.32
 	 1:1(1:1)  
417	14/05
19:45	 Akhisar Bld.
Besiktas JK	
+1.0
–1.0
1.85
1.95
  	
2.75
1.83
 	
1.97
 	
6.00
4.10
1.55
2.43
1.23
1.12
1.0
2.0
2.25
2.05
1.62
1.75
 	 1:1(1:0)  
606	16/05
16:00	 Balikesirspor
Kardemir DC Karabukspor	
+0.25
-0.25
1.95
1.85
 
 	
3.0
1.90
1.85
3.20
3.60
2.20
1.70
1.30
1.37
1.5
1.5
2.25
1.80
1.60
1.95
 	 4:2(2:1)  
607	16/05
19:00	 Sivasspor
Kasimpasa	
-0.25
+0.25
1.85
1.95
 
 	
3.25
1.95
 	
1.85
 	
2.15
3.75
3.10
1.38
1.28
1.75
1.5
1.5
1.70
2.10
2.05
1.70
 	 1:1(0:0)  
608	16/05
20:00	 Galatasaray SK
Genclerbirligi	
-1.75
+1.75
1.90
1.85
 
 	
3.25
1.80
 	
1.95
 	
1.25
6.00
10.00
1.03
1.12
3.80
2.5
1.0
1.87
2.65
1.87
1.45
 	 1:0(0:0)  
609	17/05
13:00	 Kayseri Erciyesspor
Istanbul Basaksehir	
+1.0
–1.0
1.80
2.05
  	
2.75
1.80
 	
2.00
 	
5.30
4.20
1.60
2.40
1.23
1.17
1.0
2.0
2.10
2.05
1.70
1.72
 	 0:1(0:0)  
610	17/05
15:00	 Bursaspor
Gaziantepspor	
–1.5
+1.5
1.80
1.95
  	
3.5
1.95
1.80
1.35
5.30
8.00
1.08
1.16
3.20
2.5
1.0
1.90
2.45
1.85
1.50
 	 2:0(1:0)  
611	17/05
16:00	 Eskisehirspor
Trabzonspor	
+0.25
-0.25
2.15
1.70
 
 	
3.0
2.00
1.80
3.70
3.70
1.95
1.85
1.28
1.28
1.5
1.5
2.50
1.80
1.50
2.00
 	 2:0(2:0)  
612	17/05
20:00	 Mersin Idmanyurdu
Fenerbahce	
+1.25
-1.25
1.90
1.90
 
 	
3.25
1.97
 	
1.83
 	
7.00
4.80
1.42
2.85
1.18
1.10
1.0
2.0
2.25
1.65
1.60
2.20
 	 0:1(0:0)  
613	18/05
20:00	 Besiktas JK
Konyaspor	
-1.75
+1.75
1.80
2.00
 
 	
3.25
1.95
 	
1.85
 	
1.20
6.70
14.00
1.02
1.11
4.53
2.5
1.0
1.80
3.73
1.95
1.28
 	 0:1(0:0)  
614	18/05
20:00	 Caykur Rizespor
Akhisar Bld.	
-0.25
+0.25
1.80
2.00
 
 	
2.75
1.80
 	
2.00
 	
2.10
3.60
3.30
1.35
1.30
1.75
1.5
1.0
1.85
1.62
1.90
2.20
 	 3:1(1:0)  
491	22/05
20:00	 Genclerbirligi
Mersin Idmanyurdu	
-0.25
+0.25
1.75
2.10
 
 	
3.0
2.00
1.80
2.00
3.70
3.60
1.30
1.30
1.85
1.5
1.0
1.80
1.62
2.00
2.30
 	 1:2(1:0)  
492	23/05
14:00	 Kasimpasa
Kayseri Erciyesspor	
-1.25
+1.25
2.00
1.80
 
 	
3.25
1.95
 	
1.85
 	
1.53
4.50
5.50
1.16
1.22
2.55
2.0
1.0
1.75
2.00
2.05
1.75
 	 3:3(1:1)  
493	23/05
17:00	 Konyaspor
Caykur Rizespor	
-0.25
+0.25
1.70
2.15
 
 	
2.5
1.90
1.90
1.95
3.60
3.80
1.26
1.30
1.85
1.5
1.0
1.97
2.00
1.83
1.80
 	 1:1(0:1)  
494	23/05
20:00	 Trabzonspor
Balikesirspor	
-1.25
+1.25
1.80
2.00
 
 	
3.5
1.93
1.87
1.40
5.20
7.00
1.10
1.17
2.98
2.5
1.0
2.05
1.90
1.77
1.90
 	 3:2(1:1)  
495	24/05
14:00	 Gaziantepspor
Eskisehirspor	
0
0
1.85
1.95
  	
2.75
2.00
 	
1.80
 	
2.55
3.40
2.70
1.47
1.32
1.50
1.5
1.5
2.25
2.30
1.65
1.62
 	 3:2(2:0)  
496	24/05
14:00	 Kardemir DC Karabukspor
Sivasspor	
0
0
1.80
1.95
  	
2.75
1.80
 	
2.05
 	
2.50
3.60
2.65
1.50
1.30
1.55
1.5
1.5
2.05
2.10
1.75
1.70
 	 2:1(0:1)  
497	24/05
20:00	 Galatasaray SK
Besiktas JK	
-0.25
+0.25
1.70
2.15
 
 	
2.75
1.95
 	
1.85
 	
1.90
3.70
3.90
1.26
1.28
1.90
1.5
1.5
1.85
2.85
1.90
1.40
 	 2:0(1:0)  
498	25/05
20:00	 Akhisar Bld.
Bursaspor	
+0.75
-0.75
1.95
1.85
 
 	
3.25
1.95
 	
1.85
 	
5.00
3.90
1.67
2.20
1.25
1.17
1.0
2.0
1.70
1.95
2.10
1.80
 	 0:1(0:0)  
499	25/05
20:00	 Istanbul Basaksehir
Fenerbahce	
+0.25
-0.25
1.90
1.90
 
 	
2.75
1.91
 	
1.90
 	
3.20
3.50
2.20
1.67
1.30
1.35
1.0
1.5
1.62
1.95
2.25
1.80
 	 2:2(0:0)  
416	29/05
17:00	 Kayseri Erciyesspor
Kardemir DC Karabukspor	
0
0
1.80
1.90
  	
3.0
1.80
1.95
2.50
3.70
2.60
1.50
1.30
1.55
1.5
1.5
1.90
1.95
1.85
1.80
 	 4:3(1:2)  
417	29/05
20:00	 Balikesirspor
Gaziantepspor	
-0.25
+0.25
1.90
1.90
 
 	
3.25
1.85
 	
1.95
 	
2.20
3.70
3.00
1.40
1.30
1.70
1.5
1.5
1.70
2.00
2.10
1.75
 	 1:1(1:1)  
418	29/05
20:00	 Besiktas JK
Genclerbirligi	
-0.25
+0.25
1.70
2.15
 
 	
2.75
1.80
 	
2.05
 	
2.00
3.70
3.50
1.30
1.27
1.80
1.5
1.0
1.75
1.65
2.00
2.15
 	 2:1(1:0)  
419	29/05
20:00	 Eskisehirspor
Akhisar Bld.	
-0.75
+0.75
2.15
1.70
 
 	
3.0
1.80
1.95
1.95
3.70
3.65
1.28
1.27
1.84
1.5
1.0
1.65
1.57
2.15
2.30
 	 1:3(0:1)  
420	30/05
13:00	 Caykur Rizespor
Galatasaray SK	
+0.25
-0.25
1.80
2.00
 
 	
3.0
1.90
1.85
2.85
3.50
2.40
1.60
1.32
1.45
1.5
1.5
2.10
1.90
1.70
1.85
 	 1:1(0:0)  
421	30/05
16:00	 Fenerbahce
Kasimpasa	
-0.75
+0.75
2.00
1.80
 
 	
3.25
1.85
 	
1.95
 	
1.80
4.00
4.00
1.24
1.24
2.00
2.0
1.5
2.00
2.30
1.75
1.57
 	 2:0(0:0)  
422	30/05
19:00	 Bursaspor
Konyaspor	
-1.25
+1.25
1.90
1.90
 
 	
3.25
2.00
 	
1.80
 	
1.40
5.00
7.00
1.09
1.17
2.92
2.0
1.0
1.70
2.35
2.05
1.55
 	 0:0(0:0)  
423	30/05
19:00	 Mersin Idmanyurdu
Istanbul Basaksehir	
+1.0
–1.0
1.90
1.85
  	
3.0
1.95
1.80
6.00
4.40
1.50
2.54
1.20
1.12
1.0
2.0
2.20
1.95
1.62
1.80
 	 2:2(0:0)  
424	30/05
19:00	 Sivasspor
Trabzonspor	
+0.75
-0.75
1.70
2.15
 
 	
3.25
2.00
 	
1.80
 	
3.60
3.60
2.00
1.80
1.29
1.29
1.5
1.5
2.30
1.65
1.57
2.15
 	 1:1(1:1)  