1087	11/09
22:30	 Benfica
Belenenses	
–1.5
+1.5
1.80
2.00
2.5
1.75
2.05
1.20
6.50
15.00
1.01
1.11
4.50
2.0
1.0
1.72
5.50
2.10
1.14
 	 6:0(3:0)  
1094	12/09
20:30	 Estoril-Praia
Sporting Braga	
0
0
2.10
1.75
2.0
1.72
2.10
3.00
3.20
2.45
1.55
1.35
1.40
1.0
1.0
2.05
1.77
1.77
2.05
 	 1:0(0:0)  
1086	12/09
22:45	 Arouca
Porto	
+1.5
–1.5
1.72
2.15
2.5
2.00
1.80
10.00
4.70
1.35
3.20
1.19
1.05
1.0
2.0
5.00
2.15
1.17
1.70
 	 1:3(0:1)  
1091	13/09
18:00	 Moreirense
Uniao Madeira	
0
0
1.62
2.30
2.0
1.90
1.90
2.35
3.10
3.25
1.34
1.36
1.58
1.0
1.0
1.80
2.40
2.00
1.57
 	 0:0(0:0)  
1092	13/09
18:00	 Nacional Madeira
Academica Coimbra	
–1.0
+1.0
2.35
1.60
2.0
1.80
2.00
1.70
3.50
5.50
1.14
1.30
2.15
1.5
1.0
2.10
3.70
1.72
1.28
 	 2:0(1:0)  
1089	13/09
19:00	 Vitoria Guimaraes
Tondela	
–1.0
+1.0
2.80
1.44
2.0
1.80
2.00
1.92
3.25
4.40
1.21
1.34
1.87
1.5
1.0
2.30
3.00
1.62
1.40
 	 1:0(1:0)  
1093	13/09
21:15	 Rio Ave
Sporting Lisbon	
+1.0
–1.0
1.95
1.85
2.5
2.05
1.77
7.25
4.00
1.50
2.58
1.24
1.09
1.0
1.5
3.80
1.75
1.27
2.05
 	 1:2(0:2)  
2687	14/09
22:00	 Boavista
Pacos de Ferreira	
0
0
2.05
1.77
2.0
1.97
1.83
2.90
3.00
2.67
1.47
1.39
1.40
1.0
1.0
2.25
2.00
1.65
1.80
 	 0:1(0:0)  
7615	18/09
22:30	 Vitoria de Setubal
Vitoria Guimaraes	
0
0
1.80
2.00
2.0
1.77
2.05
2.60
3.10
2.90
1.40
1.37
1.50
1.0
1.0
1.85
2.00
1.95
1.80
 	 2:2(1:1)  
7620	19/09
18:00	 Tondela
Estoril-Praia	
0
0
2.00
1.80
2.0
1.85
1.95
2.90
3.10
2.60
1.50
1.37
1.41
1.0
1.0
2.10
1.90
1.75
1.90
 	 0:1(0:0)  
7616	19/09
22:45	 Pacos de Ferreira
Rio Ave	
0
0
1.48
2.65
2.0
1.77
2.05
2.10
3.20
3.80
1.27
1.35
1.75
1.0
1.0
1.60
2.35
2.35
1.60
 	 0:3(0:2)  
7613	20/09
18:00	 Academica Coimbra
Boavista	
0
0
1.90
1.90
2.0
2.00
1.80
2.75
3.05
2.75
1.45
1.38
1.45
1.0
1.0
2.15
2.15
1.70
1.70
 	 0:2(0:1)  
7621	20/09
18:00	 Uniao Madeira
Arouca	
0
0
1.80
2.00
2.0
1.95
1.85
2.65
3.20
2.75
1.45
1.35
1.48
1.0
1.0
2.00
2.15
1.80
1.70
 	 0:0(0:0)  
7617	20/09
21:15	 Porto
Benfica	
–1.0
+1.0
2.90
1.42
2.0
1.70
2.15
2.00
3.30
4.00
1.25
1.33
1.80
1.5
1.0
2.25
2.60
1.62
1.50
 	 1:0(0:0)  
7614	21/09
20:00	 Belenenses
Moreirense	
0
0
1.46
2.60
2.0
2.10
1.75
2.10
3.05
4.00
1.27
1.38
1.70
1.0
1.0
1.75
2.75
2.00
1.42
 	 2:0(2:0)  
7618	21/09
21:00	 Sporting Braga
Maritimo	
–1.0
+1.0
2.30
1.62
2.5
2.25
1.65
1.75
3.55
5.00
1.17
1.30
2.08
1.5
1.0
2.00
3.20
1.80
1.35
 	 5:1(2:1)  
7619	21/09
23:00	 Sporting Lisbon
Nacional Madeira	
–1.5
+1.5
1.85
1.95
2.5
1.72
2.10
1.30
5.00
12.00
1.03
1.17
3.50
2.0
1.0
1.75
4.70
2.05
1.20
 	 1:0(0:0)  
7570	25/09
22:30	 Moreirense
Porto	
+1.5
–1.5
2.05
1.77
2.5
1.87
1.93
17.00
5.70
1.23
4.27
1.15
1.01
1.0
2.0
7.50
1.80
1.08
2.00
 	 2:2(0:1)  
8669	26/09
20:30	 Benfica
Pacos de Ferreira	
–1.5
+1.5
1.80
2.00
2.5
1.80
2.00
1.26
5.60
12.50
1.03
1.14
3.85
2.0
1.0
1.77
6.00
2.05
1.13
 	 3:0(1:0)  
8670	26/09
22:45	 Boavista
Sporting Lisbon	
+1.0
–1.0
2.15
1.72
2.5
2.00
1.80
9.00
4.60
1.38
3.00
1.20
1.06
1.0
1.5
4.30
1.67
1.22
2.20
 	 0:0(0:0)  
8672	27/09
18:00	 Maritimo
Tondela	
–1.0
+1.0
2.60
1.48
2.0
1.77
2.05
1.80
3.45
4.80
1.18
1.31
2.00
1.5
1.0
2.20
3.10
1.67
1.37
 	 1:0(0:0)  
8673	27/09
18:00	 Nacional Madeira
Vitoria de Setubal	
–1.0
+1.0
2.70
1.46
2.5
2.10
1.72
1.87
3.50
4.30
1.22
1.30
1.93
1.5
1.0
2.10
2.45
1.72
1.55
 	 1:1(0:1)  
8668	27/09
19:00	 Arouca
Belenenses	
0
0
1.65
2.20
2.0
1.95
1.85
2.40
3.10
3.20
1.35
1.37
1.57
1.0
1.0
1.87
2.40
1.93
1.57
 	 2:2(0:1)  
8675	27/09
19:00	 Estoril-Praia
Uniao Madeira	
–1.0
+1.0
2.65
1.48
2.0
1.85
1.95
1.77
3.50
5.00
1.18
1.31
2.05
1.5
1.0
2.25
3.30
1.62
1.33
 	 2:1(1:0)  
8671	27/09
21:15	 Vitoria Guimaraes
Sporting Braga	
0
0
2.35
1.60
2.0
1.77
2.05
3.40
3.20
2.25
1.65
1.35
1.32
1.0
1.0
2.30
1.70
1.62
2.15
 	 0:1(0:0)  
8674	28/09
22:00	 Rio Ave
Academica Coimbra	
–1.0
+1.0
2.15
1.70
2.0
1.77
2.05
1.57
3.80
6.50
1.11
1.26
2.40
1.5
1.0
2.00
4.00
1.80
1.25
 	 1:0(1:0)  
7622	02/10
22:30	 Vitoria de Setubal
Estoril-Praia	
0
0
1.77
2.05
2.0
1.70
2.15
2.57
3.25
2.80
1.44
1.34
1.50
1.0
1.0
1.77
1.95
2.05
1.85
 	 1:0(0:0)  
7623	03/10
18:00	 Pacos de Ferreira
Nacional Madeira	
0
0
1.55
2.45
2.0
1.72
2.15
2.20
3.30
3.40
1.32
1.34
1.67
1.0
1.0
1.62
2.30
2.30
1.62
 	 3:1(1:1)  
7627	03/10
18:00	 Tondela
Moreirense	
0
0
1.65
2.25
2.0
2.00
1.80
2.40
3.10
3.20
1.35
1.37
1.57
1.0
1.0
1.93
2.50
1.87
1.53
 	 1:1(0:1)  
7621	03/10
20:30	 Academica Coimbra
Maritimo	
0
0
2.65
1.48
2.0
1.77
2.05
3.70
3.30
2.10
1.77
1.35
1.28
1.0
1.0
2.50
1.60
1.53
2.35
 	 1:0(0:0)  
7625	03/10
22:45	 Rio Ave
Boavista	
0
0
1.42
2.85
2.0
1.90
1.90
2.00
3.15
4.20
1.22
1.35
1.80
1.0
1.0
1.62
2.90
2.30
1.42
 	 1:0(0:0)  
7628	04/10
18:00	 Uniao Madeira
Benfica	
+1.5
–1.5
1.87
1.93
2.5
1.85
1.95
11.50
5.10
1.30
3.53
1.17
1.04
1.0
2.0
5.50
1.90
1.16
1.90
 	 cancelled  
7620	04/10
20:00	 Sporting Braga
Arouca	
–1.0
+1.0
1.95
1.85
2.5
2.20
1.67
1.54
4.00
6.50
1.11
1.25
2.50
1.5
1.0
1.85
4.00
1.95
1.25
 	 0:0(0:0)  
7624	04/10
20:15	 Porto
Belenenses	
–2.0
+2.0
1.83
1.97
3.0
2.15
1.70
1.17
7.00
18.00
 	
1.10
5.00
2.5
1.0
2.00
10.00
1.80
1.05
 	 4:0(0:0)  
7626	04/10
22:30	 Sporting Lisbon
Vitoria Guimaraes	
–1.5
+1.5
1.80
2.00
3.0
2.10
1.72
1.28
5.80
10.00
1.05
1.13
3.70
2.0
1.0
1.67
4.70
2.20
1.20
 	 5:1(2:0)  
3540	15/12
23:00	 Uniao Madeira
Benfica	
+1.5
–1.5
1.72
2.10
2.5
1.87
1.93
10.00
4.70
1.35
3.20
1.19
1.05
1.0
2.0
4.30
2.05
1.22
1.77
 	 0:0(0:0)  
5889	23/10
22:30	 Nacional Madeira
Boavista	
–1.0
+1.0
2.85
1.42
2.0
1.85
1.95
1.90
3.30
4.50
1.21
1.34
1.90
1.5
1.0
2.35
3.05
1.60
1.38
 	 0:0(0:0)  
5892	24/10
18:15	 Maritimo
Pacos de Ferreira	
–1.0
+1.0
2.75
1.45
2.5
2.10
1.75
1.95
3.45
4.00
1.25
1.31
1.85
1.5
1.0
2.10
2.25
1.72
1.65
 	 0:2(0:1)  
5895	24/10
20:30	 Estoril-Praia
Rio Ave	
0
0
1.53
2.50
2.0
1.77
2.05
2.20
3.20
3.50
1.30
1.35
1.67
1.0
1.0
1.65
2.40
2.25
1.57
 	 2:2(0:1)  
5896	24/10
22:45	 Vitoria Guimaraes
Academica Coimbra	
–1.0
+1.0
2.40
1.57
2.0
1.77
2.05
1.72
3.60
5.20
1.16
1.29
2.15
1.5
1.0
2.10
3.50
1.72
1.30
 	 1:1(1:0)  
5898	25/10
18:00	 Arouca
Tondela	
–1.0
+1.0
2.80
1.44
2.0
1.95
1.85
1.85
3.30
4.80
1.19
1.34
1.95
1.0
1.0
1.57
3.40
2.40
1.32
 	 1:1(0:0)  
5899	25/10
18:00	 Moreirense
Vitoria de Setubal	
0
0
1.65
2.25
2.0
1.83
1.97
2.35
3.20
3.20
1.36
1.36
1.60
1.0
1.0
1.77
2.25
2.05
1.65
 	 0:2(0:1)  
5901	25/10
19:00	 Benfica
Sporting Lisbon	
0
0
1.50
2.60
2.5
2.20
1.67
2.10
3.30
3.65
1.28
1.33
1.72
1.5
1.0
2.30
2.25
1.62
1.65
 	 0:3(0:3)  
5902	25/10
21:15	 Porto
Sporting Braga	
–1.5
+1.5
2.00
1.80
2.5
1.87
1.93
1.34
5.00
9.50
1.06
1.17
3.30
2.0
1.0
2.00
4.80
1.83
1.18
 	 0:0(0:0)  
5904	26/10
22:00	 Belenenses
Uniao Madeira	
–1.0
+1.0
2.85
1.42
2.0
1.85
1.95
1.90
3.30
4.50
1.21
1.34
1.90
1.5
1.0
2.35
3.05
1.60
1.38
 	 1:0(0:0)  
8971	30/10
22:30	 Tondela
Benfica	
+1.5
–1.5
2.05
1.80
2.5
1.85
1.95
15.00
5.80
1.23
4.20
1.14
1.01
1.0
2.0
7.00
1.80
1.10
2.00
 	 0:4(0:3)  
8972	31/10
18:15	 Sporting Braga
Belenenses	
–1.0
+1.0
1.93
1.87
2.5
2.15
1.70
1.52
4.00
7.00
1.10
1.25
2.55
1.5
1.0
1.83
4.00
1.97
1.25
 	 4:0(1:0)  
8973	31/10
20:30	 Uniao Madeira
Porto	
+1.5
–1.5
2.10
1.75
2.5
1.83
1.97
16.00
5.80
1.22
4.30
1.13
1.01
1.0
2.0
7.50
1.75
1.10
2.05
 	 cancelled  
8974	31/10
22:45	 Sporting Lisbon
Estoril-Praia	
–2.0
+2.0
2.15
1.70
2.5
1.70
2.15
1.22
6.00
15.00
1.01
1.13
4.30
2.5
1.0
2.20
6.50
1.67
1.11
 	 1:0(0:0)  
8975	01/11
18:00	 Academica Coimbra
Moreirense	
0
0
1.65
2.25
2.0
2.10
1.75
2.50
3.00
3.10
1.36
1.38
1.52
1.0
1.0
1.97
2.55
1.83
1.50
 	 1:1(1:0)  
8976	01/11
18:00	 Vitoria de Setubal
Arouca	
0
0
1.53
2.50
2.0
1.83
2.00
2.22
3.15
3.50
1.30
1.36
1.66
1.0
1.0
1.67
2.45
2.20
1.55
 	 0:0(0:0)  
8977	01/11
18:00	 Rio Ave
Nacional Madeira	
0
0
1.60
2.35
2.0
1.67
2.20
2.25
3.20
3.35
1.32
1.35
1.65
1.0
1.0
1.62
2.15
2.30
1.70
 	 1:0(0:0)  
8980	01/11
21:15	 Boavista
Maritimo	
0
0
1.87
1.93
2.0
1.93
1.87
2.65
3.15
2.80
1.44
1.36
1.48
1.0
1.0
2.05
2.10
1.77
1.75
 	 0:1(0:1)  
8982	02/11
22:00	 Pacos de Ferreira
Vitoria Guimaraes	
0
0
1.44
2.80
2.0
1.77
2.05
2.05
3.15
4.00
1.24
1.36
1.75
1.5
1.0
2.35
2.60
1.57
1.50
 	 0:1(0:0)  
8779	06/11
22:30	 Estoril-Praia
Academica Coimbra	
–1.0
+1.0
2.60
1.50
2.0
1.72
2.15
1.77
3.50
5.00
1.18
1.31
2.05
1.5
1.0
2.15
2.95
1.70
1.40
 	 1:1(1:0)  
8780	07/11
22:45	 Vitoria Guimaraes
Nacional Madeira	
0
0
1.53
2.50
2.0
1.67
2.20
2.20
3.20
3.50
1.30
1.35
1.67
1.0
1.0
1.57
2.25
2.40
1.65
 	 0:1(0:1)  
8781	08/11
18:00	 Benfica
Boavista	
–2.0
+2.0
1.97
1.83
3.0
2.10
1.72
1.18
7.00
16.00
1.01
1.10
4.90
2.5
1.0
2.05
7.50
1.77
1.08
 	 2:0(1:0)  
8782	08/11
18:00	 Maritimo
Rio Ave	
0
0
1.53
2.55
2.5
2.25
1.65
2.12
3.35
3.50
1.30
1.32
1.71
1.5
1.0
2.35
2.25
1.60
1.65
 	 3:2(2:0)  
8783	08/11
18:00	 Moreirense
Pacos de Ferreira	
0
0
1.85
1.95
2.0
1.77
2.05
2.65
3.15
2.80
1.44
1.36
1.48
1.0
1.0
1.90
1.97
1.90
1.83
 	 2:0(1:0)  
8784	08/11
20:15	 Porto
Vitoria de Setubal	
–2.0
+2.0
1.90
1.90
3.0
1.95
1.85
1.18
7.00
15.50
1.01
1.10
4.90
2.5
1.0
1.97
6.50
1.85
1.11
 	 2:0(0:0)  
8785	08/11
22:30	 Arouca
Sporting Lisbon	
+1.5
–1.5
1.70
2.15
2.5
1.90
1.90
9.00
4.50
1.38
3.00
1.20
1.06
1.0
2.0
4.30
2.10
1.23
1.72
 	 0:1(0:0)  
8786	09/11
21:00	 Belenenses
Tondela	
–1.0
+1.0
2.70
1.47
2.0
1.77
2.05
1.85
3.40
4.60
1.20
1.32
1.95
1.5
1.0
2.25
3.00
1.65
1.40
 	 2:1(1:0)  
8787	09/11
23:00	 Uniao Madeira
Sporting Braga	
+1.0
–1.0
1.48
2.65
2.5
2.15
1.70
4.40
3.40
1.88
1.92
1.32
1.21
1.0
1.5
2.60
2.10
1.50
1.72
 	 0:1(0:0)  
9482	27/11
22:30	 Nacional Madeira
Maritimo	
0
0
1.77
2.05
2.0
1.72
2.15
2.50
3.15
3.00
1.38
1.36
1.54
1.0
1.0
1.77
1.97
2.05
1.83
 	 3:1(1:1)  
9483	28/11
19:00	 Vitoria de Setubal
Uniao Madeira	
–1.0
+1.0
2.80
1.44
2.0
1.85
1.95
1.90
3.25
4.50
1.20
1.34
1.90
1.5
1.0
2.35
3.05
1.60
1.38
 	 2:2(1:0)  
9484	28/11
20:30	 Boavista
Vitoria Guimaraes	
0
0
1.75
2.10
2.0
2.00
1.80
2.52
3.00
3.10
1.37
1.39
1.52
1.0
1.0
2.00
2.30
1.80
1.60
 	 1:2(1:0)  
9485	28/11
22:45	 Tondela
Porto	
+2.0
–2.0
1.90
1.90
2.5
1.77
2.05
25.00
7.00
1.15
5.50
1.10
 	
1.0
2.5
12.00
2.10
1.03
1.72
 	 0:1(0:1)  
9486	29/11
18:00	 Academica Coimbra
Arouca	
0
0
1.80
2.00
2.0
2.00
1.80
2.60
3.00
3.00
1.40
1.39
1.50
1.0
1.0
2.05
2.25
1.77
1.65
 	 1:1(1:1)  
9487	29/11
18:00	 Rio Ave
Moreirense	
–1.0
+1.0
2.65
1.48
2.0
1.90
1.90
1.78
3.35
5.20
1.16
1.33
2.05
1.5
1.0
2.30
3.40
1.62
1.32
 	 0:1(0:0)  
9488	29/11
21:15	 Pacos de Ferreira
Estoril-Praia	
0
0
1.53
2.55
2.0
1.77
2.05
2.15
3.15
3.70
1.28
1.36
1.70
1.0
1.0
1.62
2.45
2.30
1.57
 	 2:0(1:0)  
9489	30/11
21:00	 Sporting Lisbon
Belenenses	
–2.0
+2.0
2.00
1.80
3.0
2.05
1.77
1.18
6.60
18.00
 	
1.11
4.85
2.5
1.0
2.05
6.50
1.77
1.11
 	 1:0(0:0)  
9490	30/11
23:00	 Sporting Braga
Benfica	
0
0
2.15
1.70
2.5
2.20
1.67
3.10
3.15
2.40
1.57
1.35
1.36
1.0
1.0
2.00
1.67
1.83
2.20
 	 0:2(0:2)  
4515	04/12
22:30	 Benfica
Academica Coimbra	
–2.0
+2.0
2.10
1.75
2.5
1.85
1.95
1.14
7.30
26.00
 	
1.09
5.70
2.0
1.0
1.72
9.00
2.15
1.06
 	 3:0(1:0)  
4516	05/12
18:15	 Belenenses
Vitoria de Setubal	
0
0
1.57
2.35
2.0
1.75
2.10
2.25
3.20
3.40
1.32
1.35
1.65
1.0
1.0
1.67
2.25
2.20
1.65
 	 0:3(0:2)  
4517	05/12
20:30	 Porto
Pacos de Ferreira	
–2.0
+2.0
2.10
1.72
2.5
1.75
2.05
1.20
6.00
17.00
1.01
1.12
4.80
2.5
1.0
2.20
8.00
1.67
1.08
 	 2:1(1:1)  
4518	05/12
22:45	 Maritimo
Sporting Lisbon	
+1.0
–1.0
2.00
1.80
2.5
1.85
1.95
7.00
4.10
1.50
2.60
1.24
1.10
1.0
2.0
3.30
2.25
1.33
1.65
 	 0:1(0:0)  
4519	06/12
18:00	 Arouca
Boavista	
0
0
1.50
2.55
2.0
2.15
1.72
2.22
3.00
3.70
1.28
1.39
1.66
1.0
1.0
1.85
3.00
1.95
1.40
 	 3:2(2:2)  
4520	06/12
18:00	 Uniao Madeira
Tondela	
0
0
1.50
2.60
2.0
1.80
2.00
2.10
3.20
3.80
1.27
1.35
1.74
1.0
1.0
1.65
2.50
2.25
1.53
 	 2:0(1:0)  
4521	06/12
18:00	 Estoril-Praia
Nacional Madeira	
0
0
1.62
2.30
2.0
1.72
2.15
2.30
3.20
3.30
1.34
1.36
1.62
1.0
1.0
1.67
2.15
2.20
1.70
 	 1:1(0:0)  
4522	06/12
19:00	 Moreirense
Sporting Braga	
+1.0
–1.0
1.72
2.10
2.0
1.70
2.15
6.00
3.70
1.62
2.29
1.28
1.13
1.0
1.5
3.80
1.95
1.27
1.85
 	 0:0(0:0)  
4523	07/12
22:00	 Vitoria Guimaraes
Rio Ave	
0
0
1.60
2.35
2.0
1.80
2.00
2.25
3.20
3.40
1.32
1.35
1.65
1.0
1.0
1.70
2.30
2.15
1.60
 	 3:1(1:1)  
6149	11/12
22:30	 Boavista
Estoril-Praia	
0
0
1.90
1.92
2.0
2.00
1.80
2.75
2.85
2.95
1.40
1.42
1.45
1.0
1.0
2.25
2.35
1.70
1.60
 	 1:1(1:1)  
6924	12/12
18:15	 Rio Ave
Arouca	
–1.0
+1.0
2.85
1.42
2.0
1.77
2.05
2.00
3.20
4.15
1.23
1.35
1.80
1.5
1.0
2.30
2.80
1.62
1.44
 	 3:1(1:0)  
6927	12/12
20:00	 Pacos de Ferreira
Uniao Madeira	
–1.0
+1.0
2.60
1.50
2.0
1.77
2.05
1.85
3.30
4.75
1.19
1.33
1.95
1.5
1.0
2.20
3.10
1.67
1.37
 	 6:0(3:0)  
6929	12/12
20:30	 Vitoria Guimaraes
Maritimo	
0
0
1.67
2.20
2.0
1.72
2.15
2.40
3.10
3.20
1.35
1.37
1.57
1.0
1.0
1.70
2.10
2.15
1.75
 	 3:4(1:2)  
6932	12/12
22:45	 Vitoria de Setubal
Benfica	
+1.0
–1.0
1.93
1.87
2.5
2.00
1.80
7.00
3.95
1.50
2.50
1.28
1.10
1.0
1.5
3.60
1.75
1.28
2.10
 	 2:4(0:2)  
6964	13/12
18:00	 Nacional Madeira
Porto	
+1.0
–1.0
2.20
1.67
2.5
1.90
1.90
8.50
4.50
1.40
2.95
1.20
1.07
1.0
2.0
4.00
2.15
1.25
1.70
 	 1:2(1:2)  
6965	13/12
20:15	 Sporting Lisbon
Moreirense	
–2.0
+2.0
1.90
1.90
3.0
1.97
1.83
1.16
7.00
19.00
 	
1.09
5.11
2.5
1.0
1.97
6.50
1.83
1.11
 	 3:1(2:0)  
6966	13/12
22:30	 Tondela
Sporting Braga	
+1.0
–1.0
1.93
1.87
2.5
2.15
1.70
7.50
4.10
1.48
2.65
1.24
1.09
1.0
1.5
4.30
1.80
1.23
2.00
 	 0:1(0:0)  
6967	14/12
22:00	 Academica Coimbra
Belenenses	
0
0
1.70
2.15
2.0
2.00
1.80
2.45
3.00
3.20
1.35
1.39
1.55
1.0
1.0
1.95
2.45
1.85
1.57
 	 4:3(2:1)  
9610	19/12
20:30	 Arouca
Maritimo	
0
0
1.80
2.00
2.0
1.75
2.05
2.60
3.15
2.85
1.42
1.36
1.50
1.0
1.0
1.85
2.00
1.95
1.83
 	 4:1(2:0)  
9611	19/12
22:45	 Estoril-Praia
Vitoria Guimaraes	
0
0
1.67
2.20
2.0
1.72
2.15
2.35
3.20
3.20
1.36
1.36
1.60
1.0
1.0
1.70
2.10
2.15
1.75
 	 0:1(0:1)  
9612	20/12
18:00	 Benfica
Rio Ave	
–1.5
+1.5
1.90
1.90
2.5
1.85
1.95
1.26
5.50
13.00
1.03
1.15
3.90
2.0
1.0
1.90
5.50
1.90
1.15
 	 3:1(1:1)  
9613	20/12
18:00	 Moreirense
Nacional Madeira	
0
0
1.72
2.10
2.0
1.75
2.05
2.50
3.15
3.00
1.39
1.36
1.54
1.0
1.0
1.77
2.05
2.05
1.75
 	 2:0(2:0)  
9614	20/12
18:00	 Tondela
Vitoria de Setubal	
0
0
2.00
1.80
2.0
1.80
2.00
2.85
3.15
2.60
1.50
1.36
1.42
1.0
1.0
2.05
1.87
1.77
1.93
 	 1:3(1:3)  
9616	20/12
22:30	 Porto
Academica Coimbra	
–2.0
+2.0
1.80
2.00
3.0
2.00
1.80
1.15
7.50
20.00
 	
1.09
5.50
2.5
1.0
1.93
8.50
1.87
1.07
 	 3:1(1:0)  
9617	21/12
21:00	 Belenenses
Boavista	
0
0
1.57
2.45
2.0
1.97
1.83
2.25
3.00
3.60
1.29
1.38
1.65
1.0
1.0
1.80
2.60
2.00
1.50
 	 1:0(1:0)  
9618	21/12
23:00	 Sporting Braga
Pacos de Ferreira	
–1.0
+1.0
2.10
1.75
2.5
2.10
1.72
1.58
3.75
6.50
1.11
1.27
2.38
1.5
1.0
1.87
3.35
1.93
1.33
 	 1:1(1:0)  
3999	02/01
18:00	 Academica Coimbra
Uniao Madeira	
0
0
1.62
2.30
2.0
1.93
1.87
2.35
3.05
3.35
1.33
1.38
1.60
1.0
1.0
1.83
2.45
1.97
1.55
 	 3:1(1:1)  
4000	02/01
18:00	 Boavista
Moreirense	
0
0
1.73
2.10
2.0
2.25
1.65
2.55
2.85
3.25
1.35
1.43
1.52
1.0
1.0
2.15
2.60
1.70
1.50
 	 0:3(0:1)  
4001	02/01
18:00	 Maritimo
Estoril-Praia	
–1.0
+1.0
2.85
1.42
2.5
2.15
1.70
1.92
3.30
4.40
1.20
1.34
1.88
1.5
1.0
2.20
2.45
1.67
1.55
 	 1:1(1:0)  
4002	02/01
18:00	 Nacional Madeira
Arouca	
0
0
1.42
2.85
2.0
1.85
1.95
1.97
3.00
4.75
1.19
1.39
1.83
1.0
1.0
1.60
2.80
2.35
1.44
 	 2:2(1:2)  
4003	02/01
18:15	 Vitoria de Setubal
Sporting Braga	
+1.0
–1.0
1.60
2.35
2.5
2.10
1.72
5.15
3.70
1.70
2.15
1.28
1.16
1.0
1.5
2.85
1.97
1.42
1.83
 	 1:1(1:0)  
4007	02/01
20:00	 Pacos de Ferreira
Belenenses	
0
0
1.42
2.85
2.0
1.75
2.10
1.97
3.30
4.15
1.23
1.34
1.83
1.5
1.0
2.30
2.65
1.60
1.48
 	 2:2(1:1)  
4004	02/01
20:30	 Vitoria Guimaraes
Benfica	
+1.0
–1.0
1.72
2.15
2.5
2.05
1.77
6.00
4.00
1.57
2.40
1.24
1.13
1.0
1.5
3.05
1.85
1.38
1.95
 	 0:1(0:0)  
4005	02/01
22:45	 Sporting Lisbon
Porto	
0
0
1.75
2.05
2.0
1.75
2.10
2.50
3.20
2.95
1.40
1.35
1.53
1.0
1.0
1.77
2.00
2.05
1.80
 	 2:0(1:0)  
4006	03/01
19:00	 Rio Ave
Tondela	
–1.0
+1.0
2.05
1.77
2.5
2.10
1.72
1.60
3.80
6.00
1.14
1.27
2.35
1.5
1.0
1.87
3.40
1.93
1.32
 	 2:3(1:0)  
4163	06/01
17:00	 Uniao Madeira
Boavista	
0
0
1.70
2.15
  	
1.5
1.75
2.10
2.55
2.83
3.25
1.34
1.43
1.51
1.0
1.0
2.25
2.75
1.65
1.45
 	 1:0(0:0)  
4164	06/01
18:00	 Arouca
Estoril-Praia	
0
0
1.62
2.30
  	
2.0
2.10
1.72
2.40
2.95
3.40
1.32
1.41
1.58
1.0
1.0
1.95
2.65
1.85
1.48
 	 1:0(1:0)  
4165	06/01
18:00	 Tondela
Pacos de Ferreira	
0
0
2.45
1.55
  	
2.0
1.75
2.05
3.45
3.20
2.22
1.66
1.35
1.31
1.0
1.0
2.35
1.65
1.60
2.25
 	 0:2(0:1)  
4166	06/01
18:15	 Moreirense
Vitoria Guimaraes	
0
0
1.83
1.97
  	
2.0
1.90
1.90
2.70
3.00
2.85
1.42
1.39
1.46
1.0
1.0
1.95
2.05
1.85
1.75
 	 3:4(1:3)  
4167	06/01
20:00	 Belenenses
Nacional Madeira	
0
0
1.77
2.05
  	
2.0
1.80
2.00
2.55
3.10
2.95
1.40
1.37
1.51
1.0
1.0
1.83
2.05
1.97
1.77
 	 2:2(0:1)  
4168	06/01
20:15	 Sporting Braga
Academica Coimbra	
–1.5
+1.5
2.05
1.77
  	
2.5
1.90
1.90
1.33
5.00
10.00
1.05
1.17
3.33
2.0
1.0
2.00
4.70
1.80
1.18
 	 3:0(2:0)  
4169	06/01
21:00	 Benfica
Maritimo	
–1.5
+1.5
1.90
1.90
  	
3.0
2.15
1.70
1.28
5.50
11.00
1.04
1.15
3.70
2.0
1.0
1.75
4.00
2.10
1.23
 	 6:0(3:0)  
4170	06/01
22:15	 Vitoria de Setubal
Sporting Lisbon	
+1.5
–1.5
1.70
2.15
  	
2.5
1.83
1.97
9.00
4.70
1.37
3.09
1.19
1.06
1.0
2.0
3.70
2.05
1.28
1.80
 	 0:6(0:2)  
4171	06/01
22:15	 Porto
Rio Ave	
–2.0
+2.0
1.93
1.87
  	
3.0
2.00
1.80
1.15
7.50
20.00
 	
1.09
5.50
2.5
1.0
2.00
7.00
1.83
1.10
 	 1:1(1:1)  
3646	09/01
20:30	 Vitoria Guimaraes
Arouca	
–1.0
+1.0
2.75
1.45
2.0
1.75
2.10
1.86
3.45
4.40
1.21
1.31
1.93
1.5
1.0
2.20
2.80
1.67
1.44
 	 2:2(2:0)  
4196	10/01
18:00	 Academica Coimbra
Tondela	
0
0
1.45
2.75
2.0
1.83
1.97
2.10
3.20
3.80
1.27
1.35
1.75
1.0
1.0
1.62
2.60
2.30
1.50
 	 2:1(0:1)  
4197	10/01
18:00	 Maritimo
Moreirense	
0
0
1.42
2.85
2.0
1.67
2.20
1.97
3.25
4.20
1.23
1.34
1.83
1.5
1.0
2.25
2.50
1.65
1.53
 	 5:1(2:0)  
4198	10/01
18:00	 Rio Ave
Uniao Madeira	
–1.0
+1.0
2.20
1.67
2.0
1.67
2.20
1.63
3.60
5.90
1.12
1.28
2.24
1.5
1.0
1.95
3.40
1.85
1.32
 	 1:0(1:0)  
4199	10/01
18:00	 Sporting Lisbon
Sporting Braga	
–1.0
+1.0
1.97
1.83
2.5
2.05
1.77
1.53
4.00
6.70
1.11
1.25
2.50
1.5
1.0
1.80
3.40
2.00
1.32
 	 3:2(0:2)  
4200	10/01
18:00	 Estoril-Praia
Belenenses	
0
0
1.55
2.45
2.0
1.87
1.93
2.25
3.10
3.55
1.30
1.38
1.65
1.0
1.0
1.72
2.50
2.10
1.53
 	 2:0(0:0)  
4201	10/01
20:15	 Boavista
Porto	
+1.5
–1.5
1.83
1.97
2.5
2.05
1.77
11.00
5.00
1.30
3.70
1.17
1.04
1.0
2.0
6.50
2.05
1.11
1.75
 	 0:5(0:1)  
4202	10/01
22:31	 Nacional Madeira
Benfica	
+1.0
–1.0
1.72
2.10
2.5
1.90
1.90
5.50
4.00
1.60
2.32
1.24
1.14
1.0
1.5
2.65
1.77
1.48
2.05
 	 1:4(0:1)  
4203	11/01
22:00	 Pacos de Ferreira
Vitoria de Setubal	
–1.0
+1.0
2.65
1.48
2.5
2.10
1.72
1.85
3.45
4.50
1.20
1.31
1.95
1.5
1.0
2.05
2.50
1.77
1.53
 	 2:1(1:1)  
5575	15/01
22:30	 Sporting Lisbon
Tondela	
–2.5
+2.5
1.95
1.85
3.5
2.05
1.75
1.07
11.40
33.00
 	
1.04
8.50
3.0
1.0
2.00
8.00
1.80
1.08
 	 2:2(0:1)  
5576	16/01
18:15	 Academica Coimbra
Pacos de Ferreira	
0
0
2.25
1.65
2.0
1.70
2.15
3.20
3.20
2.35
1.60
1.36
1.36
1.0
1.0
2.00
1.67
1.80
2.20
 	 1:1(1:1)  
5577	16/01
20:30	 Maritimo
Uniao Madeira	
–1.0
+1.0
2.30
1.62
2.5
2.00
1.80
1.70
3.80
5.00
1.17
1.27
2.15
1.5
1.0
1.85
2.70
1.95
1.47
 	 0:1(0:0)  
5578	16/01
22:45	 Estoril-Praia
Benfica	
+1.0
–1.0
1.90
1.90
2.5
2.10
1.75
7.00
4.20
1.48
2.62
1.22
1.09
1.0
1.5
3.70
1.77
1.28
2.05
 	 1:2(1:0)  
5579	17/01
18:00	 Arouca
Moreirense	
0
0
1.47
2.70
2.0
1.72
2.10
2.07
3.25
3.80
1.26
1.34
1.75
1.5
1.0
2.35
2.35
1.60
1.60
 	 1:2(1:1)  
5580	17/01
18:00	 Rio Ave
Belenenses	
–1.0
+1.0
2.45
1.55
2.5
2.10
1.72
1.75
3.55
5.00
1.17
1.30
2.08
1.5
1.0
1.97
2.70
1.83
1.47
 	 1:2(1:2)  
5581	17/01
20:15	 Nacional Madeira
Sporting Braga	
+1.0
–1.0
1.45
2.75
2.5
2.10
1.72
4.30
3.40
1.90
1.90
1.32
1.22
1.0
1.5
2.45
2.05
1.57
1.75
 	 2:3(1:1)  
5582	17/01
22:30	 Vitoria Guimaraes
Porto	
+1.0
–1.0
2.25
1.65
2.5
1.90
1.90
8.50
4.50
1.40
3.00
1.20
1.07
1.0
2.0
3.90
2.10
1.25
1.72
 	 1:0(1:0)  
5583	18/01
22:00	 Boavista
Vitoria de Setubal	
0
0
1.87
1.93
2.0
1.80
2.00
2.70
3.10
2.75
1.44
1.36
1.46
1.0
1.0
1.93
1.97
1.87
1.83
 	 4:0(1:0)  
1632	22/01
22:30	 Vitoria de Setubal
Academica Coimbra	
0
0
1.67
2.20
2.0
1.72
2.15
2.34
3.20
3.20
1.35
1.35
1.60
1.0
1.0
1.62
2.05
2.30
1.77
 	 2:1(1:0)  
2514	23/01
18:00	 Moreirense
Estoril-Praia	
0
0
1.72
2.15
2.0
1.72
2.15
2.52
3.00
3.10
1.37
1.39
1.52
1.0
1.0
1.70
2.05
2.15
1.77
 	 1:3(1:2)  
2515	23/01
18:00	 Uniao Madeira
Nacional Madeira	
0
0
2.00
1.80
2.0
1.72
2.10
2.90
3.10
2.60
1.50
1.37
1.40
1.0
1.0
1.95
1.77
1.85
2.05
 	 3:0(2:0)  
2516	23/01
20:30	 Benfica
Arouca	
–2.0
+2.0
2.10
1.72
3.0
2.00
1.80
1.19
6.50
17.00
1.01
1.11
4.75
2.5
1.0
2.05
5.50
1.77
1.15
 	 3:1(2:0)  
2517	23/01
22:45	 Pacos de Ferreira
Sporting Lisbon	
+1.0
–1.0
2.00
1.80
2.5
1.87
1.93
7.50
4.25
1.46
2.71
1.22
1.09
1.0
1.5
3.20
1.65
1.35
2.25
 	 1:3(0:1)  
2518	24/01
18:00	 Belenenses
Vitoria Guimaraes	
0
0
1.80
2.00
2.0
1.70
2.20
2.60
3.15
2.85
1.42
1.36
1.50
1.0
1.0
1.75
1.85
2.10
1.95
 	 3:3(2:2)  
2519	24/01
20:15	 Sporting Braga
Rio Ave	
–1.0
+1.0
1.95
1.85
2.5
1.85
1.95
1.55
4.00
6.25
1.12
1.24
2.44
1.5
1.0
1.67
2.75
2.20
1.45
 	 5:1(2:0)  
2520	24/01
22:30	 Porto
Maritimo	
–2.0
+2.0
1.97
1.83
3.0
1.90
1.90
1.18
7.00
15.00
1.01
1.09
4.80
2.5
1.0
1.95
5.50
1.85
1.15
 	 1:0(1:0)  
2521	25/01
22:00	 Tondela
Boavista	
0
0
1.75
2.10
2.0
1.93
1.87
2.52
3.00
3.10
1.37
1.39
1.52
1.0
1.0
1.90
2.20
1.90
1.67
 	 1:2(1:1)  
5531	29/01
22:30	 Vitoria Guimaraes
Uniao Madeira	
–1.0
+1.0
2.15
1.70
2.5
2.05
1.77
1.62
3.75
6.00
1.13
1.28
2.31
1.5
1.0
1.83
2.95
1.97
1.40
 	 3:1(1:1)  
5537	30/01
20:30	 Estoril-Praia
Porto	
+1.0
–1.0
2.20
1.67
2.5
2.00
1.80
8.00
4.50
1.40
3.00
1.20
1.08
1.0
1.5
4.50
1.65
1.20
2.25
 	 1:3(1:2)  
5536	30/01
22:45	 Sporting Lisbon
Academica Coimbra	
–2.0
+2.0
1.87
1.93
3.0
1.90
1.90
1.12
8.50
24.00
 	
1.07
6.30
2.5
1.0
1.90
6.00
1.90
1.12
 	 3:2(2:1)  
5529	31/01
18:00	 Arouca
Pacos de Ferreira	
0
0
1.80
2.00
2.0
1.72
2.10
2.60
3.20
2.85
1.43
1.36
1.51
1.0
1.0
1.83
1.97
1.97
1.83
 	 2:2(0:1)  
5534	31/01
18:00	 Nacional Madeira
Tondela	
–1.0
+1.0
2.20
1.67
2.5
2.05
1.77
1.62
3.80
5.75
1.14
1.26
2.30
1.5
1.0
1.87
2.95
1.93
1.40
 	 3:1(2:0)  
5535	31/01
18:00	 Rio Ave
Vitoria de Setubal	
–1.0
+1.0
2.65
1.48
2.5
1.95
1.85
1.85
3.50
4.40
1.21
1.30
1.95
1.5
1.0
2.00
2.25
1.80
1.65
 	 2:1(2:0)  
5530	31/01
19:00	 Boavista
Sporting Braga	
+1.0
–1.0
1.72
2.10
2.0
1.67
2.20
6.25
3.75
1.60
2.35
1.27
1.12
1.0
1.5
3.70
1.93
1.28
1.87
 	 0:0(0:0)  
5533	31/01
21:15	 Moreirense
Benfica	
+1.5
–1.5
1.80
2.00
2.5
1.77
2.05
10.00
5.25
1.32
3.45
1.17
1.05
1.0
2.0
4.00
1.87
1.23
1.93
 	 1:4(0:2)  
5532	01/02
22:00	 Maritimo
Belenenses	
–1.0
+1.0
2.70
1.46
2.5
2.05
1.77
1.90
3.35
4.40
1.21
1.33
1.90
1.5
1.0
2.05
2.30
1.77
1.60
 	 1:2(0:1)  
6540	05/02
22:30	 Belenenses
Benfica	
+1.5
–1.5
1.70
2.15
2.5
1.75
2.10
9.00
4.70
1.37
3.10
1.19
1.06
1.0
2.0
3.30
1.93
1.33
1.87
 	 0:5(0:1)  
6541	06/02
20:30	 Vitoria de Setubal
Maritimo	
0
0
2.00
1.80
2.5
2.00
1.80
2.85
3.20
2.55
1.51
1.35
1.42
1.0
1.0
1.72
1.60
2.15
2.35
 	 1:1(1:0)  
6545	06/02
22:45	 Tondela
Vitoria Guimaraes	
0
0
2.40
1.57
2.5
2.10
1.75
3.35
3.35
2.20
1.68
1.33
1.33
1.0
1.5
1.97
2.30
1.83
1.62
 	 1:1(1:1)  
6539	07/02
18:00	 Academica Coimbra
Nacional Madeira	
0
0
2.00
1.80
2.5
2.20
1.67
2.90
3.20
2.53
1.52
1.35
1.41
1.0
1.0
1.85
1.72
1.95
2.10
 	 2:2(1:0)  
6542	07/02
18:00	 Pacos de Ferreira
Boavista	
–1.0
+1.0
3.15
1.36
2.0
1.83
2.00
1.95
3.20
4.40
1.21
1.35
1.85
1.5
1.0
2.30
2.70
1.62
1.46
 	 0:1(0:0)  
6546	07/02
18:00	 Uniao Madeira
Moreirense	
0
0
1.70
2.15
2.0
1.75
2.10
2.45
3.10
3.10
1.37
1.37
1.55
1.0
1.0
1.72
2.00
2.15
1.80
 	 0:1(0:1)  
6543	07/02
21:15	 Porto
Arouca	
–2.0
+2.0
1.87
1.93
3.0
1.95
1.85
1.18
7.00
16.00
1.01
1.10
4.90
2.5
1.0
1.93
6.50
1.87
1.11
 	 1:2(1:1)  
6544	08/02
21:00	 Sporting Lisbon
Rio Ave	
–1.5
+1.5
1.72
2.10
3.0
1.90
1.90
1.24
6.10
12.00
1.03
1.12
4.05
2.5
1.0
2.05
3.90
1.77
1.25
 	 0:0(0:0)  
6548	08/02
23:00	 Sporting Braga
Estoril-Praia	
–1.0
+1.0
1.77
2.05
2.5
1.93
1.87
1.45
4.20
8.00
1.08
1.23
2.75
2.0
1.0
2.25
3.45
1.65
1.32
 	 2:0(0:0)  
4827	12/02
22:30	 Benfica
Porto	
0
0
1.60
2.35
2.0
1.67
2.20
2.25
3.25
3.35
1.33
1.35
1.65
1.0
1.0
1.62
2.15
2.30
1.70
 	 1:2(1:1)  
4830	13/02
18:15	 Moreirense
Belenenses	
0
0
1.67
2.20
2.5
2.15
1.72
2.35
3.10
3.30
1.34
1.37
1.60
1.0
1.0
1.62
1.95
2.30
1.85
 	 2:3(1:2)  
4831	13/02
20:30	 Nacional Madeira
Sporting Lisbon	
+1.0
–1.0
2.05
1.77
2.5
1.80
2.00
7.00
4.50
1.45
2.80
1.22
1.10
1.0
2.0
3.10
2.15
1.37
1.72
 	 0:4(0:1)  
4829	13/02
22:45	 Vitoria Guimaraes
Vitoria de Setubal	
–1.0
+1.0
2.55
1.53
2.5
2.00
1.80
1.80
3.60
4.60
1.20
1.29
2.00
1.5
1.0
1.93
2.45
1.87
1.57
 	 2:2(1:1)  
4826	14/02
18:00	 Arouca
Uniao Madeira	
–1.0
+1.0
2.50
1.53
2.0
1.70
2.15
1.78
3.40
5.00
1.17
1.31
2.02
1.5
1.0
2.05
2.95
1.77
1.40
 	 3:0(1:0)  
4833	14/02
18:00	 Estoril-Praia
Tondela	
–1.0
+1.0
2.65
1.48
2.0
1.72
2.10
1.83
3.40
4.70
1.19
1.32
1.97
1.5
1.0
2.10
2.95
1.72
1.40
 	 2:1(1:1)  
4828	14/02
19:00	 Boavista
Academica Coimbra	
0
0
1.40
2.95
2.0
1.80
2.00
2.00
3.30
4.00
1.25
1.33
1.80
1.5
1.0
2.35
2.55
1.60
1.50
 	 0:0(0:0)  
4834	14/02
21:15	 Maritimo
Sporting Braga	
0
0
2.95
1.40
2.5
2.00
1.80
4.00
3.50
1.93
1.87
1.30
1.24
1.0
1.5
2.15
2.05
1.70
1.77
 	 1:3(1:3)  
4832	15/02
22:00	 Rio Ave
Pacos de Ferreira	
–1.0
+1.0
2.90
1.42
2.5
2.10
1.75
1.92
3.40
4.20
1.23
1.32
1.88
1.5
1.0
2.10
2.30
1.75
1.60
 	 1:1(0:1)  
7264	19/02
22:30	 Uniao Madeira
Estoril-Praia	
0
0
1.87
1.93
2.0
1.77
2.05
2.75
3.00
2.82
1.43
1.39
1.45
1.0
1.0
1.85
1.90
1.95
1.90
 	 1:1(1:0)  
7259	21/02
18:00	 Vitoria de Setubal
Nacional Madeira	
0
0
1.95
1.85
2.5
2.10
1.75
2.75
3.30
2.60
1.50
1.34
1.45
1.0
1.0
1.75
1.67
2.10
2.20
 	 1:1(0:1)  
7260	20/02
20:30	 Pacos de Ferreira
Benfica	
+1.5
–1.5
1.87
1.93
2.5
1.72
2.10
10.00
5.15
1.32
3.40
1.17
1.05
1.0
2.0
4.00
1.77
1.25
2.05
 	 1:3(1:2)  
7257	20/02
22:45	 Academica Coimbra
Rio Ave	
0
0
1.95
1.85
2.5
2.20
1.67
2.80
3.15
2.65
1.48
1.36
1.44
1.0
1.0
1.83
1.77
1.97
2.05
 	 0:2(0:1)  
7258	21/02
18:00	 Belenenses
Arouca	
0
0
1.60
2.35
2.5
2.15
1.70
2.27
3.20
3.35
1.33
1.35
1.64
1.0
1.0
1.57
2.00
2.40
1.80
 	 0:2(0:0)  
7263	21/02
18:00	 Tondela
Maritimo	
0
0
2.15
1.72
2.5
2.20
1.67
3.00
3.30
2.40
1.57
1.33
1.39
1.0
1.0
1.95
1.67
1.85
2.20
 	 3:4(1:2)  
7261	21/02
20:15	 Porto
Moreirense	
–2.0
+2.0
2.00
1.80
2.5
1.72
2.10
1.17
7.00
18.00
 	
1.10
5.10
2.5
1.0
2.10
8.00
1.72
1.08
 	 3:2(1:2)  
7265	21/02
22:30	 Sporting Braga
Vitoria Guimaraes	
–1.0
+1.0
2.05
1.77
2.5
1.90
1.90
1.58
4.00
5.80
1.13
1.24
2.37
1.5
1.0
1.75
2.80
2.10
1.44
 	 3:3(2:2)  
7262	22/02
22:00	 Sporting Lisbon
Boavista	
–2.0
+2.0
2.15
1.70
2.5
1.77
2.05
1.17
6.75
20.00
 	
1.11
5.05
2.5
1.0
2.20
8.00
1.67
1.08
 	 2:0(2:0)  
1446	26/02
22:30	 Nacional Madeira
Pacos de Ferreira	
0
0
1.47
2.65
2.5
2.05
1.77
2.05
3.30
3.80
1.26
1.33
1.77
1.5
1.0
2.15
2.10
1.70
1.75
 	 3:0(1:0)  
2843	27/02
18:15	 Boavista
Rio Ave	
0
0
1.87
1.93
2.0
1.87
1.93
2.70
3.10
2.80
1.45
1.38
1.47
1.0
1.0
1.97
2.00
1.83
1.80
 	 1:2(0:1)  
2844	27/02
20:30	 Arouca
Sporting Braga	
0
0
2.70
1.46
2.5
2.15
1.72
3.80
3.40
2.02
1.79
1.32
1.27
1.0
1.5
2.20
2.20
1.67
1.67
 	 0:0(0:0)  
2845	27/02
22:45	 Estoril-Praia
Vitoria de Setubal	
0
0
1.46
2.70
2.0
1.70
2.20
2.08
3.25
3.80
1.27
1.34
1.75
1.5
1.0
2.30
2.30
1.62
1.62
 	 3:0(2:0)  
2846	28/02
18:00	 Maritimo
Academica Coimbra	
–1.0
+1.0
2.65
1.48
2.5
2.05
1.77
1.83
3.50
4.55
1.20
1.31
1.97
1.5
1.0
2.00
2.45
1.80
1.57
 	 1:0(0:0)  
2847	28/02
18:00	 Moreirense
Tondela	
–1.0
+1.0
2.80
1.44
2.5
2.00
1.80
1.93
3.50
4.00
1.24
1.30
1.87
1.5
1.0
2.05
2.25
1.77
1.65
 	 1:2(1:1)  
2848	28/02
19:00	 Benfica
Uniao Madeira	
–2.5
+2.5
2.00
1.80
3.5
2.10
1.72
1.11
9.00
24.50
 	
1.05
7.50
3.0
1.0
2.10
7.50
1.72
1.10
 	 cancelled  
2849	28/02
21:15	 Belenenses
Porto	
+1.5
–1.5
1.75
2.05
2.5
1.80
2.00
10.00
4.85
1.34
3.27
1.18
1.05
1.0
2.0
4.00
1.93
1.25
1.87
 	 1:2(0:2)  
2850	29/02
22:00	 Vitoria Guimaraes
Sporting Lisbon	
+1.0
–1.0
1.85
1.95
2.5
1.90
1.90
6.40
4.00
1.55
2.50
1.25
1.12
1.0
1.5
2.95
1.72
1.40
2.15
 	 0:0(0:0)  
6760	04/03
22:30	 Pacos de Ferreira
Maritimo	
0
0
1.60
2.30
2.5
2.10
1.75
2.22
3.40
3.25
1.34
1.32
1.66
1.5
1.0
2.35
2.00
1.60
1.83
 	 2:2(0:0)  
6786	05/03
22:45	 Sporting Lisbon
Benfica	
0
0
1.70
2.15
2.5
2.20
1.67
2.40
3.30
3.00
1.40
1.35
1.60
1.0
1.0
1.67
2.00
2.20
1.83
 	 0:1(0:1)  
6787	06/03
18:00	 Boavista
Nacional Madeira	
0
0
1.80
2.00
2.0
1.80
2.00
2.60
3.10
2.90
1.42
1.38
1.50
1.0
1.0
1.87
2.05
1.93
1.77
 	 0:1(0:1)  
6788	06/03
18:00	 Vitoria de Setubal
Moreirense	
0
0
1.62
2.25
2.5
2.05
1.77
2.30
3.30
3.18
1.36
1.33
1.62
1.5
1.0
2.35
1.90
1.60
1.90
 	 0:1(0:0)  
6789	06/03
18:00	 Tondela
Arouca	
0
0
2.00
1.80
2.5
2.20
1.67
2.85
3.20
2.57
1.51
1.35
1.43
1.0
1.0
1.85
1.72
1.95
2.10
 	 0:1(0:0)  
6790	06/03
18:00	 Uniao Madeira
Belenenses	
0
0
1.93
1.87
2.5
2.15
1.70
2.77
3.20
2.65
1.48
1.35
1.45
1.0
1.0
1.77
1.77
2.05
2.05
 	 0:0(0:0)  
6791	06/03
20:15	 Academica Coimbra
Vitoria Guimaraes	
0
0
2.30
1.62
2.5
2.10
1.72
3.20
3.35
2.25
1.65
1.33
1.36
1.0
1.5
1.95
2.35
1.85
1.57
 	 2:0(0:0)  
6844	06/03
22:30	 Sporting Braga
Porto	
+1.0
–1.0
1.44
2.80
2.5
2.10
1.72
4.20
3.45
1.90
1.89
1.31
1.23
1.0
1.5
2.45
2.10
1.57
1.75
 	 3:1(0:0)  
6845	07/03
22:00	 Rio Ave
Estoril-Praia	
0
0
1.42
2.90
2.5
2.20
1.67
1.97
3.40
4.00
1.25
1.32
1.84
1.5
1.0
2.20
2.45
1.65
1.57
 	 1:3(0:1)  
5183	11/03
22:30	 Maritimo
Boavista	
–1.0
+1.0
3.00
1.40
2.0
1.87
1.93
1.95
3.25
4.30
1.22
1.34
1.85
1.5
1.0
2.35
3.00
1.60
1.40
 	 0:3(0:0)  
5175	12/03
20:30	 Estoril-Praia
Sporting Lisbon	
+1.0
–1.0
2.00
1.80
2.5
1.97
1.85
7.50
4.20
1.47
2.70
1.23
1.09
1.0
1.5
3.50
1.70
1.30
2.15
 	 1:2(0:2)  
5176	12/03
22:45	 Porto
Uniao Madeira	
–2.0
+2.0
1.80
2.00
3.0
1.87
1.93
1.15
7.50
18.00
 	
1.08
6.00
2.5
1.0
1.90
7.00
1.90
1.10
 	 3:2(1:0)  
5177	13/03
18:00	 Arouca
Vitoria de Setubal	
–1.0
+1.0
2.85
1.42
2.5
2.10
1.72
1.95
3.40
4.10
1.24
1.32
1.85
1.5
1.0
2.15
2.35
1.72
1.60
 	 1:0(1:0)  
5178	13/03
18:00	 Moreirense
Academica Coimbra	
0
0
1.53
2.50
2.5
2.15
1.70
2.17
3.28
3.50
1.31
1.34
1.69
1.5
1.0
2.30
2.10
1.62
1.72
 	 2:2(0:1)  
5179	13/03
18:00	 Nacional Madeira
Rio Ave	
0
0
1.62
2.30
2.5
2.10
1.72
2.27
3.30
3.25
1.35
1.34
1.64
1.5
1.0
2.35
1.97
1.57
1.83
 	 1:0(0:0)  
5180	13/03
20:15	 Vitoria Guimaraes
Pacos de Ferreira	
0
0
1.42
2.90
2.5
2.15
1.70
2.00
3.40
3.85
1.26
1.32
1.81
1.5
1.0
2.15
2.30
1.70
1.60
 	 0:1(0:1)  
5181	13/03
22:30	 Belenenses
Sporting Braga	
0
0
2.85
1.42
2.5
2.05
1.77
3.90
3.35
2.00
1.80
1.32
1.25
1.0
1.5
2.20
2.10
1.67
1.72
 	 3:0(0:0)  
5182	14/03
22:00	 Benfica
Tondela	
–2.5
+2.5
1.97
1.83
3.5
2.05
1.77
1.10
10.00
22.00
 	
1.05
7.00
3.0
1.0
2.05
7.00
1.77
1.10
 	 4:1(2:0)  
6562	18/03
22:30	 Rio Ave
Maritimo	
–1.0
+1.0
2.60
1.50
2.5
2.00
1.80
1.85
3.60
4.25
1.22
1.29
1.95
1.5
1.0
2.00
2.35
1.80
1.57
 	 1:0(1:0)  
6554	19/03
20:30	 Sporting Lisbon
Arouca	
–1.5
+1.5
1.70
2.15
3.0
2.10
1.75
1.23
6.00
14.00
1.02
1.13
4.20
2.5
1.0
2.15
5.50
1.70
1.15
 	 5:1(4:0)  
6555	19/03
22:45	 Vitoria de Setubal
Porto	
+1.5
–1.5
1.95
1.85
2.5
1.72
2.10
11.50
5.40
1.28
3.67
1.15
1.03
1.0
2.0
4.70
1.75
1.20
2.10
 	 0:1(0:1)  
6556	20/03
18:00	 Academica Coimbra
Estoril-Praia	
0
0
1.72
2.10
2.0
1.72
2.15
2.45
3.20
3.00
1.39
1.35
1.55
1.0
1.0
1.72
2.00
2.10
1.83
 	 0:3(0:2)  
6557	20/03
18:00	 Nacional Madeira
Vitoria Guimaraes	
0
0
1.65
2.25
2.5
2.15
1.70
2.27
3.35
3.20
1.35
1.33
1.64
1.0
1.0
1.60
1.97
2.35
1.83
 	 3:2(1:2)  
6558	20/03
18:00	 Pacos de Ferreira
Moreirense	
0
0
1.45
2.75
2.5
2.15
1.70
2.02
3.40
3.80
1.27
1.32
1.78
1.5
1.0
2.20
2.30
1.67
1.62
 	 0:0(0:0)  
6559	20/03
18:00	 Tondela
Belenenses	
0
0
2.15
1.70
2.5
2.15
1.70
3.00
3.30
2.40
1.57
1.33
1.39
1.0
1.0
1.90
1.65
1.90
2.25
 	 2:2(0:1)  
6560	20/03
20:15	 Boavista
Benfica	
+1.5
–1.5
1.93
1.87
2.5
1.80
2.00
14.00
5.50
1.25
3.95
1.15
1.02
1.0
2.0
5.50
1.80
1.16
2.00
 	 0:1(0:0)  
6561	20/03
22:30	 Sporting Braga
Uniao Madeira	
–1.5
+1.5
2.05
1.77
2.5
1.80
2.00
1.35
4.80
9.60
1.05
1.18
3.20
2.0
1.0
1.95
4.00
1.85
1.23
 	 2:0(1:0)  
3324	01/04
22:30	 Benfica
Sporting Braga	
–1.0
+1.0
2.00
1.80
2.5
1.93
1.87
1.55
4.00
6.30
1.12
1.24
2.45
1.5
1.0
1.75
2.95
2.10
1.40
 	 5:1(3:0)  
3325	02/04
18:15	 Arouca
Academica Coimbra	
0
0
1.42
2.85
2.5
2.20
1.67
2.07
3.25
3.80
1.26
1.34
1.75
1.5
1.0
2.25
2.30
1.65
1.62
 	 3:2(3:1)  
3326	02/04
20:30	 Maritimo
Nacional Madeira	
0
0
1.70
2.15
2.5
2.00
1.80
2.40
3.30
3.00
1.39
1.33
1.57
1.5
1.0
2.35
1.77
1.60
2.05
 	 2:0(0:0)  
3327	02/04
22:45	 Vitoria Guimaraes
Boavista	
0
0
1.42
2.90
2.0
1.83
1.97
2.00
3.20
4.20
1.23
1.35
1.82
1.0
1.0
1.57
2.60
2.40
1.50
 	 1:1(1:1)  
3328	03/04
18:00	 Uniao Madeira
Vitoria de Setubal	
0
0
1.57
2.40
2.0
1.75
2.05
2.30
3.15
3.30
1.33
1.36
1.61
1.0
1.0
1.65
2.15
2.25
1.70
 	 2:2(2:0)  
3329	03/04
19:00	 Estoril-Praia
Pacos de Ferreira	
0
0
1.53
2.50
2.5
2.20
1.67
2.15
3.30
3.50
1.32
1.33
1.72
1.5
1.0
2.35
2.15
1.60
1.70
 	 1:0(1:0)  
3330	03/04
21:15	 Moreirense
Rio Ave	
0
0
2.05
1.75
2.5
2.10
1.72
2.90
3.20
2.53
1.52
1.35
1.41
1.0
1.0
1.80
1.65
2.00
2.25
 	 0:1(0:0)  
3331	04/04
21:00	 Porto
Tondela	
–2.5
+2.5
1.90
1.90
3.5
2.10
1.72
1.10
10.00
22.00
 	
1.05
7.00
3.0
1.0
2.00
10.00
1.80
1.05
 	 0:1(0:0)  
3332	04/04
23:00	 Belenenses
Sporting Lisbon	
+1.5
–1.5
1.75
2.10
2.5
1.80
2.00
9.00
4.80
1.36
3.15
1.18
1.06
1.0
2.0
3.80
1.93
1.27
1.87
 	 2:5(0:2)  
6289	08/04
22:30	 Boavista
Arouca	
0
0
1.67
2.20
2.0
1.97
1.83
2.45
3.10
3.10
1.37
1.37
1.55
1.0
1.0
1.90
2.30
1.90
1.60
 	 0:0(0:0)  
6290	09/04
20:30	 Academica Coimbra
Benfica	
+1.5
–1.5
1.87
1.93
2.5
1.80
2.00
10.00
5.25
1.31
3.50
1.16
1.05
1.0
2.0
4.80
1.83
1.18
1.97
 	 1:2(1:1)  
6291	09/04
22:45	 Sporting Lisbon
Maritimo	
–2.0
+2.0
1.97
1.83
3.0
1.80
2.00
1.18
7.00
16.00
1.01
1.10
5.00
2.5
1.0
1.90
4.70
1.90
1.18
 	 3:1(1:0)  
6292	10/04
18:00	 Vitoria de Setubal
Belenenses	
0
0
1.72
2.15
2.5
1.95
1.85
2.43
3.30
2.95
1.40
1.33
1.56
1.5
1.0
2.30
1.72
1.62
2.10
 	 0:1(0:0)  
6293	10/04
18:00	 Nacional Madeira
Estoril-Praia	
0
0
1.57
2.40
2.5
2.05
1.75
2.22
3.30
3.35
1.33
1.34
1.65
1.5
1.0
2.30
1.97
1.62
1.83
 	 4:1(1:0)  
6294	10/04
18:00	 Tondela
Uniao Madeira	
0
0
1.57
2.40
2.0
1.70
2.15
2.20
3.30
3.40
1.32
1.34
1.67
1.0
1.0
1.60
2.15
2.35
1.70
 	 1:0(1:0)  
6295	10/04
20:15	 Pacos de Ferreira
Porto	
+1.5
–1.5
1.70
2.15
2.5
1.87
1.93
9.50
4.70
1.36
3.15
1.19
1.05
1.0
2.0
4.00
2.05
1.23
1.77
 	 1:0(0:0)  
6296	10/04
22:30	 Sporting Braga
Moreirense	
–1.0
+1.0
1.72
2.10
2.5
1.80
2.00
1.45
4.40
7.25
1.09
1.21
2.75
2.0
1.0
2.10
3.15
1.75
1.36
 	 1:1(0:0)  
6297	11/04
22:00	 Rio Ave
Vitoria Guimaraes	
0
0
1.45
2.75
2.5
2.10
1.72
2.05
3.40
3.70
1.28
1.32
1.77
1.5
1.0
2.20
2.20
1.67
1.67
 	 2:0(2:0)  
1143	16/04
18:15	 Arouca
Rio Ave	
0
0
1.75
2.05
2.5
2.15
1.70
2.45
3.10
3.10
1.37
1.37
1.55
1.0
1.0
1.67
1.87
2.20
1.93
 	 0:0(0:0)  
1146	16/04
20:30	 Estoril-Praia
Boavista	
0
0
1.57
2.40
2.0
1.90
1.90
2.30
3.00
3.50
1.30
1.39
1.62
1.0
1.0
1.75
2.40
2.05
1.57
 	 1:0(0:0)  
1147	16/04
22:45	 Moreirense
Sporting Lisbon	
+2.0
–2.0
1.77
2.05
3.0
1.93
1.87
17.00
6.50
1.19
4.75
1.11
1.01
1.0
2.5
5.50
2.00
1.16
1.80
 	 0:1(0:1)  
1148	17/04
18:00	 Belenenses
Academica Coimbra	
0
0
1.53
2.55
2.5
2.05
1.77
2.10
3.25
3.70
1.28
1.34
1.73
1.5
1.0
2.20
2.05
1.67
1.77
 	 1:1(1:0)  
1149	17/04
18:00	 Uniao Madeira
Pacos de Ferreira	
0
0
1.85
1.95
2.0
1.72
2.10
2.65
3.10
2.80
1.43
1.36
1.47
1.0
1.0
1.83
1.90
2.00
1.90
 	 3:4(2:0)  
1150	17/04
20:15	 Maritimo
Vitoria Guimaraes	
0
0
1.53
2.50
2.5
1.97
1.85
2.15
3.35
3.50
1.32
1.33
1.72
1.5
1.0
2.15
1.90
1.70
1.90
 	 3:0(2:0)  
1151	17/04
22:30	 Porto
Nacional Madeira	
–1.5
+1.5
1.85
1.95
2.5
1.72
2.10
1.24
6.00
12.50
1.03
1.13
4.05
2.0
1.0
1.75
4.70
2.10
1.20
 	 4:0(2:0)  
1152	18/04
21:00	 Sporting Braga
Tondela	
–1.5
+1.5
2.10
1.72
3.0
2.15
1.70
1.37
4.60
9.00
1.06
1.19
3.05
2.0
1.0
1.87
3.30
1.93
1.33
 	 3:0(1:0)  
1153	18/04
23:00	 Benfica
Vitoria de Setubal	
–2.5
+2.5
1.97
1.83
3.5
2.00
1.80
1.13
7.50
25.00
 	
1.08
5.80
3.0
1.0
2.00
6.50
1.80
1.11
 	 2:1(2:1)  
6171	22/04
22:30	 Boavista
Belenenses	
–1.0
+1.0
2.95
1.40
2.0
1.72
2.10
1.95
3.30
4.20
1.23
1.33
1.85
1.5
1.0
2.25
2.60
1.65
1.50
 	 1:0(1:0)  
6172	23/04
18:15	 Academica Coimbra
Porto	
+1.0
–1.0
2.00
1.80
2.5
1.80
2.00
7.50
4.30
1.47
2.75
1.22
1.10
1.0
2.0
2.90
2.15
1.42
1.72
 	 1:2(1:1)  
6173	23/04
20:30	 Sporting Lisbon
Uniao Madeira	
–2.5
+2.5
1.95
1.85
3.5
2.00
1.80
1.11
9.50
22.00
 	
1.06
6.70
3.0
1.0
2.00
6.50
1.80
1.11
 	 2:0(2:0)  
6174	23/04
22:45	 Pacos de Ferreira
Sporting Braga	
+1.0
–1.0
1.44
2.80
2.5
2.00
1.80
4.10
3.40
1.94
1.86
1.32
1.24
1.0
1.5
2.25
2.05
1.65
1.77
 	 1:0(1:0)  
6175	24/04
18:00	 Vitoria de Setubal
Tondela	
0
0
1.45
2.75
2.5
2.00
1.80
2.05
3.40
3.70
1.28
1.32
1.77
1.5
1.0
2.10
2.10
1.72
1.75
 	 0:1(0:0)  
6176	24/04
18:00	 Maritimo
Arouca	
0
0
1.65
2.25
2.5
2.05
1.77
2.30
3.30
3.20
1.36
1.34
1.62
1.5
1.0
2.35
1.87
1.60
1.93
 	 1:2(0:2)  
6177	24/04
18:00	 Nacional Madeira
Moreirense	
–1.0
+1.0
2.85
1.42
2.5
1.97
1.83
1.93
3.50
4.00
1.24
1.30
1.87
1.5
1.0
2.00
2.15
1.80
1.70
 	 0:1(0:1)  
6178	24/04
20:15	 Vitoria Guimaraes
Estoril-Praia	
0
0
1.65
2.20
2.5
2.15
1.70
2.35
3.30
3.10
1.37
1.33
1.60
1.0
1.0
1.62
1.93
2.30
1.87
 	 1:1(0:0)  
6179	24/04
22:30	 Rio Ave
Benfica	
+1.0
–1.0
2.20
1.67
2.5
1.77
2.05
7.50
4.50
1.43
2.85
1.20
1.09
1.0
2.0
3.20
2.00
1.35
1.80
 	 0:1(0:0)  
6709	29/04
23:00	 Sporting Braga
Vitoria de Setubal	
–1.0
+1.0
1.80
2.00
2.5
1.77
2.05
1.47
4.40
7.00
1.10
1.21
2.70
2.0
1.0
2.10
2.85
1.72
1.42
 	 3:2(1:1)  
6710	30/04
18:00	 Belenenses
Pacos de Ferreira	
0
0
2.00
1.80
2.5
1.95
1.85
2.75
3.40
2.50
1.53
1.32
1.45
1.0
1.0
1.67
1.57
2.20
2.40
 	 0:2(0:1)  
6711	30/04
18:00	 Tondela
Rio Ave	
0
0
2.05
1.77
2.5
2.10
1.72
2.85
3.30
2.50
1.53
1.33
1.42
1.0
1.0
1.80
1.65
2.00
2.25
 	 1:1(1:0)  
6712	30/04
20:30	 Porto
Sporting Lisbon	
0
0
2.20
1.67
2.5
2.10
1.72
3.10
3.30
2.35
1.60
1.34
1.37
1.0
1.0
1.90
1.60
1.90
2.35
 	 1:3(1:2)  
6713	01/05
18:00	 Moreirense
Boavista	
0
0
1.85
1.95
2.0
1.77
2.05
2.68
3.10
2.80
1.44
1.37
1.47
1.0
1.0
1.87
1.93
1.93
1.87
 	 1:1(1:1)  
6714	01/05
18:00	 Estoril-Praia
Maritimo	
0
0
1.45
2.75
2.5
1.90
1.90
2.00
3.50
3.70
1.27
1.30
1.80
1.5
1.0
2.00
2.00
1.80
1.80
 	 2:1(0:1)  
6715	01/05
20:15	 Arouca
Nacional Madeira	
–1.0
+1.0
2.55
1.53
2.5
2.05
1.77
1.83
3.50
4.50
1.20
1.30
1.97
1.5
1.0
1.97
2.50
1.83
1.53
 	 3:0(2:0)  
6716	01/05
22:30	 Uniao Madeira
Academica Coimbra	
0
0
1.83
1.97
2.5
2.05
1.77
2.55
3.30
2.75
1.45
1.35
1.53
1.0
1.0
1.65
1.72
2.25
2.10
 	 3:1(1:0)  
5542	06/05
22:30	 Pacos de Ferreira
Tondela	
–1.0
+1.0
2.35
1.60
2.5
1.85
1.95
1.73
3.75
4.80
1.18
1.27
2.11
1.5
1.0
1.83
2.25
2.00
1.65
 	 1:4(1:1)  
5534	07/05
18:15	 Rio Ave
Porto	
+1.0
–1.0
1.53
2.50
2.5
1.93
1.87
4.50
3.60
1.80
2.00
1.29
1.20
1.0
1.5
2.30
1.90
1.62
1.90
 	 1:3(1:1)  
5535	07/05
20:30	 Academica Coimbra
Sporting Braga	
0
0
2.70
1.46
2.5
1.90
1.90
3.60
3.60
2.02
1.80
1.29
1.29
1.0
1.5
1.97
2.00
1.83
1.80
 	 0:0(0:0)  
5536	07/05
22:45	 Sporting Lisbon
Vitoria de Setubal	
–2.5
+2.5
1.97
1.83
3.5
1.97
1.83
1.08
11.00
30.00
 	
1.04
9.00
3.0
1.0
2.00
6.50
1.80
1.12
 	 5:0(2:0)  
5537	08/05
18:00	 Boavista
Uniao Madeira	
0
0
1.57
2.40
2.0
1.75
2.05
2.30
3.10
3.40
1.32
1.38
1.65
1.0
1.0
1.65
2.15
2.25
1.70
 	 1:0(1:0)  
5538	08/05
18:00	 Nacional Madeira
Belenenses	
0
0
1.50
2.55
2.5
1.80
2.00
2.10
3.40
3.50
1.30
1.31
1.72
1.5
1.0
2.00
1.80
1.83
2.00
 	 2:2(1:0)  
5539	08/05
20:15	 Vitoria Guimaraes
Moreirense	
–1.0
+1.0
2.70
1.47
2.5
1.97
1.83
1.87
3.60
4.20
1.23
1.29
1.93
1.5
1.0
1.97
2.25
1.83
1.65
 	 4:1(1:1)  
5540	08/05
22:30	 Maritimo
Benfica	
+1.5
–1.5
1.80
2.00
3.0
1.97
1.83
9.00
5.10
1.33
3.40
1.16
1.07
1.0
2.0
3.10
1.72
1.37
2.10
 	 0:2(0:0)  
5541	09/05
22:00	 Estoril-Praia
Arouca	
0
0
1.62
2.30
2.5
2.15
1.70
2.30
3.20
3.20
1.35
1.36
1.62
1.0
1.0
1.60
1.97
2.35
1.83
 	 1:1(0:1)  
4877	14/05
13:45	 Porto
Boavista	
–1.5
+1.5
1.85
1.95
2.5
1.75
2.05
1.28
5.50
11.50
1.04
1.15
3.75
2.0
1.0
1.75
4.80
2.05
1.18
 	 4:0(1:0)  
4887	14/05
20:00	 Arouca
Vitoria Guimaraes	
0
0
1.77
2.05
2.5
1.80
2.00
2.40
3.50
2.85
1.42
1.30
1.57
1.5
1.0
2.20
1.60
1.67
2.35
 	 2:2(0:2)  
4889	14/05
21:30	 Tondela
Academica Coimbra	
–1.0
+1.0
1.75
2.10
3.0
2.10
1.75
1.46
4.50
6.75
1.10
1.20
2.70
2.0
1.0
1.97
2.60
1.85
1.50
 	 2:0(1:0)  
4890	14/05
21:30	 Vitoria de Setubal
Pacos de Ferreira	
0
0
1.67
2.20
2.5
2.00
1.80
2.30
3.40
3.10
1.37
1.32
1.62
1.5
1.0
2.30
1.80
1.62
2.00
 	 0:0(0:0)  
4891	14/05
21:30	 Uniao Madeira
Rio Ave	
0
0
1.80
2.00
2.5
2.00
1.80
2.55
3.30
2.80
1.44
1.33
1.51
1.0
1.0
1.62
1.72
2.30
2.10
 	 1:2(1:0)  
4892	14/05
21:30	 Belenenses
Estoril-Praia	
0
0
2.65
1.48
2.5
1.75
2.10
3.60
3.70
1.98
1.82
1.28
1.29
1.0
1.5
1.75
1.90
2.05
1.90
 	 2:1(2:1)  
5081	15/05
17:00	 Moreirense
Maritimo	
0
0
1.46
2.75
2.5
1.72
2.10
1.98
3.70
3.60
1.29
1.28
1.82
1.5
1.0
1.87
1.77
1.93
2.05
 	 2:1(1:0)  
5082	15/05
19:00	 Benfica
Nacional Madeira	
–2.5
+2.5
2.05
1.75
3.5
1.95
1.85
1.12
9.00
20.00
 	
1.06
6.30
3.0
1.0
2.05
5.00
1.77
1.17
 	 4:1(2:0)  
5083	15/05
19:00	 Sporting Braga
Sporting Lisbon	
+1.0
–1.0
2.00
1.80
3.0
1.97
1.83
6.50
4.00
1.50
2.50
1.22
1.10
1.0
2.0
2.35
1.93
1.60
1.87
 	 0:4(0:2)  