750	01/11
19:30	 Sonderjyske
Randers	
0
0
1.95
1.80
  	
2.5
1.87
1.87
2.75
3.30
2.50
1.50
1.32
1.42
1.0
1.5
1.65
2.35
2.20
1.57
 	 1:3(1:2)  
751	02/11
16:00	 FC Copenhagen
Nordsjaelland	
-0.75
+0.75
1.87
1.87
 
 	
2.75
1.95
 	
1.80
 	
1.70
3.70
4.60
1.16
1.27
2.10
1.5
1.0
1.72
2.15
2.05
1.65
 	 4:0(0:0)  
752	02/11
18:00	 Aalborg
Odense	
-0.25
+0.25
1.70
2.15
 
 	
2.75
1.87
 	
1.87
 	
1.95
3.50
3.60
1.28
1.27
1.85
1.5
1.0
1.85
1.75
1.90
2.00
 	 1:0(0:0)  
753	03/11
15:00	 AGF Aarhus
Vyborg	
-0.75
+0.75
2.00
1.75
 
 	
2.5
1.80
1.95
1.80
3.50
4.30
1.22
1.27
2.00
1.5
1.0
1.80
2.00
1.95
1.75
 	 2:1(1:0)  
754	03/11
20:00	 Midtjylland
Esbjerg	
-0.25
+0.25
1.75
2.00
 
 	
2.5
1.80
1.95
2.05
3.35
3.50
1.30
1.30
1.75
1.5
1.0
1.95
1.80
1.80
1.95
 	 3:0(1:0)  
664	08/11
19:30	 Vyborg
Midtjylland	
+0.25
-0.25
2.12
1.67
 
 	
2.75
2.00
 	
1.75
 	
3.90
3.45
1.95
1.80
1.30
1.23
1.0
1.5
1.85
1.85
1.90
1.90
 	 2:3(0:1)  
665	09/11
18:00	 Nordsjaelland
Sonderjyske	
-0.75
+0.75
1.80
1.95
 
 	
2.5
1.80
1.95
1.65
3.90
5.00
1.16
1.25
2.20
1.5
1.0
1.72
2.30
2.05
1.60
 	 3:0(2:0)  
666	10/11
15:00	 Odense
Vestsjelland	
-0.75
+0.75
2.00
1.75
 
 	
2.5
1.87
1.87
1.80
3.60
4.20
1.20
1.27
1.95
1.5
1.0
1.85
2.15
1.90
1.65
 	 1:3(0:2)  
667	10/11
18:00	 Esbjerg
FC Copenhagen	
+0.25
-0.25
2.10
1.70
 
 	
2.5
1.85
1.90
3.70
3.50
1.95
1.80
1.28
1.25
1.0
1.5
1.90
1.95
1.85
1.80
 	 1:1(1:0)  
669	11/11
20:00	 Randers
Aalborg	
+0.25
-0.25
1.80
1.95
 
 	
2.5
1.85
1.90
3.05
3.40
2.30
1.62
1.32
1.38
1.0
1.5
1.65
2.20
2.20
1.65
 	 1:4(0:2) 
685	22/11
19:30	 Sonderjyske
Esbjerg	
+0.25
-0.25
1.87
1.87
 
 	
2.5
1.97
1.78
3.20
3.35
2.20
1.65
1.30
1.32
1.5
1.5
2.90
2.20
1.38
1.62
 	 1:0(1:0)  
688	24/11
18:00	 FC Copenhagen
Vyborg	
-1.25
+1.25
1.80
1.95
 
 	
3.0
1.95
1.80
1.37
4.80
8.00
1.07
1.17
3.00
2.0
1.0
1.75
2.65
2.05
1.45
 	 4:1(3:1)  
689	24/11
20:15	 Midtjylland
Brondby	
-0.25
+0.25
2.05
1.75
 
 	
2.5
1.87
1.87
2.35
3.30
2.90
1.40
1.30
1.57
1.5
1.5
2.20
2.50
1.62
1.50
 	 0:1(0:0)  
703	29/11
19:30	 Vestsjelland
Midtjylland	
+0.25
-0.25
1.72
2.05
 
 	
2.5
1.87
1.87
2.90
3.35
2.40
1.55
1.32
1.40
1.0
1.5
1.65
2.25
2.15
1.62
 	 0:1(0:1)  
704	30/11
18:00	 Vyborg
Sonderjyske	
-0.25
+0.25
2.05
1.75
 
 	
2.5
1.87
1.87
2.35
3.40
2.90
1.40
1.30
1.57
1.5
1.5
2.20
2.50
1.62
1.50
 	 2:2(1:1)  
705	01/12
15:00	 Nordsjaelland
Randers	
-0.75
+0.75
2.10
1.70
 
 	
2.5
1.80
1.95
1.85
3.50
4.30
1.22
1.30
1.95
1.5
1.0
1.85
1.95
1.90
1.80
 	 1:1(1:1)  
706	01/12
18:00	 Odense
AGF Aarhus	
0
0
1.75
2.00
  	
2.75
1.95
 	
1.80
 	
2.40
3.40
2.75
1.42
1.28
1.55
1.5
1.5
2.15
2.30
1.65
1.57
 	 4:1(2:0)  
707	01/12
20:00	 Brondby
FC Copenhagen	
+0.25
-0.25
1.72
2.05
 
 	
2.5
1.95
1.80
2.85
3.30
2.40
1.53
1.30
1.40
1.0
1.5
1.72
2.30
2.05
1.58
 	 1:3(1:3)  
708	02/12
20:00	 Esbjerg
Aalborg	
0
0
1.87
1.87
  	
2.5
1.90
1.85
2.65
3.20
2.65
1.45
1.33
1.45
1.0
1.0
1.62
1.62
2.25
2.25
 	 2:2(1:2)  
655	06/12
19:30	 Nordsjaelland
Odense	
-0.25
+0.25
1.72
2.05
 
 	
2.75
1.90
 	
1.85
 	
1.95
3.40
3.70
1.27
1.27
1.80
1.5
1.5
1.85
2.65
1.90
1.45
 	 2:0(1:0)  
656	07/12
18:00	 FC Copenhagen
Vestsjelland	
–1.5
+1.5
1.95
1.80
  	
3.0
2.00
1.75
1.33
5.00
9.00
1.05
1.16
3.25
2.0
1.0
1.72
3.05
2.05
1.35
 	 1:0(0:0)  
657	08/12
15:00	 Randers
Esbjerg	
0
0
1.87
1.87
  	
2.5
1.90
1.85
2.65
3.20
2.65
1.45
1.33
1.45
1.0
1.0
1.62
1.62
2.25
2.25
 	 1:0(0:0)  
658	08/12
17:30	 Midtjylland
AGF Aarhus	
-0.75
+0.75
2.10
1.70
 
 	
2.5
1.80
1.95
1.85
3.50
4.30
1.22
1.30
1.95
1.5
1.0
1.85
1.95
1.90
1.80
 	 3:0(3:0)  
660	09/12
20:00	 Aalborg
Vyborg	
–1.0
+1.0
2.00
1.75
  	
2.75
1.85
 	
1.90
 	
1.60
4.00
5.30
1.14
1.23
2.30
1.5
1.0
1.62
2.20
2.20
1.65
 	 5:0(3:0)
556	21/02
19:30	 Vestsjelland
Sonderjyske	
-0.25
+0.25
1.80
1.95
 
 	
2.25
1.80
 	
1.95
 	
2.10
3.40
3.40
1.30
1.32
1.72
1.5
1.0
2.15
2.00
1.65
1.75
 	 0:4(0:1)  
557	22/02
18:00	 Odense
Midtjylland	
+0.25
-0.25
1.72
2.05
 
 	
2.5
1.87
1.87
3.00
3.20
2.40
1.55
1.33
1.37
1.0
1.5
1.65
2.25
2.15
1.62
 	 2:1(1:1)  
558	23/02
15:00	 Vyborg
Randers	
+0.25
-0.25
1.72
2.05
 
 	
2.5
1.95
1.80
2.85
3.30
2.40
1.53
1.30
1.40
1.0
1.5
1.72
2.30
2.05
1.58
 	 1:1(0:0)  
559	23/02
18:00	 AGF Aarhus
FC Copenhagen	
+0.75
-0.75
1.87
1.87
 
 	
2.5
1.90
1.85
4.80
3.70
1.70
2.10
1.26
1.16
1.0
1.5
2.40
1.85
1.55
1.90
 	 1:1(0:0)  
560	23/02
20:00	 Brondby
Aalborg	
-0.25
+0.25
1.85
1.95
 
 	
2.5
2.00
1.80
2.15
3.20
3.40
1.32
1.32
1.70
1.5
1.0
2.15
1.90
1.65
1.85
 	 2:2(1:1)  
561	24/02
20:00	 Esbjerg
Nordsjaelland	
-0.25
+0.25
2.05
1.72
 
 	
2.5
1.80
1.95
2.40
3.30
2.90
1.40
1.32
1.55
1.5
1.0
2.15
1.60
1.65
2.25
 	 2:1(1:0) 
585	28/02
19:30	 Nordsjaelland
Vyborg	
–1.0
+1.0
1.95
1.77
  	
2.75
1.90
 	
1.80
 	
1.55
3.80
6.00
1.10
1.24
2.30
1.5
1.0
1.62
2.38
2.18
1.52
 	 2:0(1:0)  
586	01/03
18:00	 Sonderjyske
AGF Aarhus	
0
0
1.75
2.00
  	
2.5
1.87
1.87
2.45
3.40
2.75
1.42
1.32
1.55
1.5
1.0
2.25
1.65
1.60
2.20
 	 1:2(1:0)  
587	02/03
14:00	 Esbjerg
Odense	
-0.25
+0.25
2.05
1.75
 
 	
2.5
1.85
1.90
2.35
3.40
2.90
1.40
1.30
1.57
1.5
1.0
2.20
1.65
1.65
2.20
 	 1:0(1:0)  
588	02/03
16:00	 Aalborg
Vestsjelland	
–1.0
+1.0
2.00
1.75
  	
2.75
1.87
 	
1.87
 	
1.60
3.90
5.50
1.13
1.25
2.30
1.5
1.0
1.65
2.25
2.20
1.62
 	 0:0(0:0)  
589	02/03
18:00	 Randers
Brondby	
+0.25
-0.25
1.80
1.95
 
 	
2.25
1.85
 	
1.90
 	
3.10
3.30
2.30
1.60
1.32
1.36
1.0
1.0
1.95
1.60
1.85
2.25
 	 0:1(0:0)  
590	02/03
20:00	 FC Copenhagen
Midtjylland	
-0.75
+0.75
1.87
1.87
 
 	
2.5
1.80
1.95
1.70
3.75
5.00
1.17
1.27
2.15
1.5
1.0
1.75
2.25
2.00
1.60
 	 1:5(1:3)  
635	07/03
19:30	 Vestsjelland
Randers	
0
0
1.75
2.00
  	
2.25
1.95
 	
1.80
 	
2.50
3.15
2.90
1.40
1.35
1.52
1.0
1.0
1.80
1.95
1.95
1.80
 	 1:1(0:0)  
636	08/03
18:00	 AGF Aarhus
Aalborg	
+0.25
-0.25
1.80
1.95
 
 	
2.5
1.90
1.85
3.05
3.20
2.35
1.55
1.33
1.35
1.5
1.5
2.65
2.15
1.45
1.65
 	 2:5(1:4)  
637	09/03
15:00	 Vyborg
Esbjerg	
+0.25
-0.25
2.05
1.72
 
 	
2.5
1.87
1.87
3.50
3.50
2.00
1.80
1.30
1.28
1.0
1.5
1.90
2.00
1.85
1.75
 	 1:3(1:1)  
638	09/03
18:00	 Brondby
Nordsjaelland	
-0.25
+0.25
1.85
1.90
 
 	
2.5
1.95
1.80
2.20
3.35
3.20
1.33
1.30
1.65
1.5
1.0
2.15
1.85
1.65
1.90
 	 4:1(1:0)  
639	09/03
20:00	 Odense
FC Copenhagen	
+0.25
-0.25
2.15
1.65
 
 	
2.75
1.95
 	
1.80
 	
3.90
3.50
1.90
1.85
1.28
1.23
1.0
1.5
1.87
1.87
1.87
1.87
 	 0:1(0:0)  
640	10/03
20:00	 Midtjylland
Sonderjyske	
–1.0
+1.0
1.87
1.87
  	
2.75
1.85
 	
1.90
 	
1.53
4.20
5.70
1.13
1.22
2.45
2.0
1.0
2.05
2.30
1.72
1.57
 	 2:0(1:0) 
649	14/03
19:30	 Sonderjyske
FC Copenhagen	
+0.25
-0.25
2.10
1.70
 
 	
2.5
1.90
1.85
3.80
3.50
1.95
1.85
1.30
1.25
1.0
1.5
2.00
2.00
1.75
1.75
 	 0:0(0:0)  
650	15/03
18:00	 Nordsjaelland
Vestsjelland	
-0.75
+0.75
1.80
1.95
 
 	
2.5
1.95
1.80
1.65
3.75
5.30
1.15
1.27
2.20
1.5
1.0
1.80
2.60
1.95
1.47
 	 1:2(1:1)  
651	16/03
15:00	 Odense
Vyborg	
-0.75
+0.75
1.80
1.95
 
 	
2.75
1.95
 	
1.85
 	
1.65
3.80
5.00
1.17
1.25
2.25
1.5
1.0
1.70
2.25
2.15
1.65
 	 1:1(1:0)  
652	16/03
18:00	 Aalborg
Midtjylland	
-0.25
+0.25
2.00
1.75
 
 	
2.5
1.87
1.87
2.40
3.20
3.00
1.37
1.33
1.55
1.5
1.0
2.25
1.65
1.62
2.15
 	 1:0(1:0)  
653	16/03
20:00	 Esbjerg
Brondby	
0
0
1.80
1.95
  	
2.5
1.85
1.90
2.55
3.20
2.70
1.47
1.32
1.50
1.5
1.5
2.30
2.35
1.60
1.57
 	 0:0(0:0)  
654	17/03
20:00	 Randers
AGF Aarhus	
-0.25
+0.25
1.70
2.10
 
 	
2.25
1.81
 	
1.95
 	
2.05
3.30
3.60
1.28
1.32
1.80
1.5
1.0
2.15
2.05
1.65
1.75
 	 1:3(1:2)  
602	21/03
19:30	 Vestsjelland
Vyborg	
-0.25
+0.25
1.70
2.05
 
 	
2.5
1.95
1.80
2.05
3.30
3.70
1.27
1.32
1.75
1.5
1.0
2.00
1.95
1.75
1.80
 	 0:1(0:1)  
603	22/03
18:00	 Midtjylland
Nordsjaelland	
-0.25
+0.25
1.75
2.05
 
 	
2.5
1.85
1.90
2.00
3.50
3.50
1.28
1.28
1.75
1.5
1.0
2.00
1.90
1.75
1.85
 	 0:1(0:0)  
604	23/03
15:00	 Sonderjyske
Aalborg	
+0.25
-0.25
2.00
1.75
 
 	
2.5
1.80
1.95
3.50
3.50
2.05
1.75
1.30
1.30
1.0
1.5
1.80
1.95
1.95
1.80
 	 3:2(2:1)  
605	23/03
18:00	 FC Copenhagen
Randers	
–1.0
+1.0
1.80
1.95
  	
2.5
1.80
1.95
1.48
4.10
6.70
1.10
1.22
2.55
1.5
1.0
1.65
2.75
2.15
1.42
 	 1:1(0:0)  
606	23/03
20:00	 Brondby
Odense	
-0.25
+0.25
1.65
2.15
 
 	
2.5
1.87
1.87
1.90
3.55
3.85
1.25
1.28
1.85
1.5
1.0
1.95
2.00
1.85
1.75
 	 1:2(0:1)  
607	24/03
20:00	 AGF Aarhus
Esbjerg	
+0.25
-0.25
2.00
1.75
 
 	
2.5
1.87
1.87
3.50
3.40
2.05
1.72
1.30
1.28
1.0
1.5
1.90
2.05
1.85
1.72
 	 0:3(0:2)  
664	28/03
19:30	 Odense
Sonderjyske	
-0.25
+0.25
1.75
2.10
 
 	
2.75
1.95
 	
1.85
 	
2.00
3.40
3.60
1.30
1.30
1.80
1.5
1.0
1.87
1.80
1.87
2.00
 	 2:2(0:1)  
665	29/03
18:00	 Esbjerg
Vestsjelland	
-0.75
+0.75
1.85
1.95
 
 	
2.5
1.80
2.00
1.65
3.70
5.20
1.17
1.25
2.30
1.5
1.0
1.70
2.30
2.10
1.60
 	 0:0(0:0)  
666	30/03
15:00	 Randers
Midtjylland	
+0.25
-0.25
1.85
1.95
 
 	
2.5
1.95
1.80
3.10
3.30
2.25
1.62
1.30
1.35
1.0
1.5
1.80
2.25
1.95
1.62
 	 0:3(0:1)  
667	30/03
18:00	 Vyborg
Brondby	
+0.25
-0.25
2.05
1.72
 
 	
2.5
1.87
1.87
3.50
3.50
2.00
1.80
1.30
1.28
1.0
1.5
1.90
2.00
1.85
1.75
 	 0:1(0:0)  
668	30/03
20:00	 Aalborg
FC Copenhagen	
0
0
2.00
1.75
  	
2.5
1.80
1.95
2.85
3.20
2.50
1.52
1.33
1.40
1.5
1.5
2.30
2.20
1.57
1.62
 	 2:1(1:0)  
669	31/03
20:00	 Nordsjaelland
AGF Aarhus	
-0.75
+0.75
1.95
1.80
 
 	
2.75
1.95
 	
1.80
 	
1.75
3.50
4.80
1.17
1.28
2.05
1.5
1.0
1.75
2.05
2.00
1.75
 	 1:0(0:0) 
697	04/04
19:30	 AGF Aarhus
Randers	
0
0
2.00
1.75
  	
2.25
1.80
 	
1.90
 	
2.80
3.25
2.50
1.50
1.32
1.42
1.0
1.0
1.72
1.62
2.05
2.20
 	 0:1(0:0)  
698	05/04
18:00	 Midtjylland
Aalborg	
-0.25
+0.25
1.95
1.85
 
 	
2.5
1.80
1.95
2.25
3.40
3.05
1.36
1.30
1.62
1.5
1.0
2.10
1.70
1.70
2.10
 	 2:3(1:2)  
699	06/04
15:00	 Vyborg
Odense	
+0.25
-0.25
1.95
1.85
 
 	
2.75
1.91
 	
1.85
 	
3.20
3.40
2.15
1.72
1.32
1.33
1.0
1.5
1.65
1.95
2.20
1.85
 	 2:2(1:2)  
700	06/04
18:00	 FC Copenhagen
Sonderjyske	
–1.0
+1.0
1.75
2.00
  	
2.75
1.90
 	
1.85
 	
1.48
4.30
6.50
1.10
1.22
2.70
1.5
1.0
1.57
2.65
2.35
1.45
 	 2:0(2:0)  
701	06/04
20:30	 Brondby
Esbjerg	
-0.25
+0.25
1.95
1.80
 
 	
2.25
1.75
 	
2.00
 	
2.30
3.20
3.05
1.33
1.30
1.57
1.5
1.5
2.25
2.75
1.57
1.40
 	 1:0(1:0)  
702	07/04
20:00	 Vestsjelland
Nordsjaelland	
+0.25
-0.25
1.85
1.90
 
 	
2.25
1.80
 	
1.95
 	
3.20
3.30
2.25
1.62
1.32
1.35
1.0
1.5
1.87
2.30
1.87
1.60
 	 0:0(0:0)  
743	11/04
19:30	 Sonderjyske
Vestsjelland	
-0.25
+0.25
1.75
2.05
 
 	
2.5
1.95
1.80
2.05
3.30
3.70
1.27
1.32
1.75
1.5
1.0
2.00
1.95
1.75
1.80
 	 1:1(0:1)  
744	12/04
18:00	 Midtjylland
Odense	
-0.25
+0.25
1.67
2.15
 
 	
2.75
1.87
 	
1.87
 	
1.90
3.50
3.80
1.25
1.30
1.90
1.5
1.0
1.80
1.85
1.95
1.95
 	 0:2(0:1)  
745	13/04
15:00	 Randers
Vyborg	
-0.25
+0.25
1.65
2.25
 
 	
2.5
1.90
1.85
1.90
3.40
4.00
1.25
1.30
1.90
1.5
1.0
1.95
2.05
1.80
1.72
 	 3:1(2:0)  
746	13/04
18:00	 FC Copenhagen
AGF Aarhus	
–1.0
+1.0
1.75
2.00
  	
2.75
1.90
 	
1.85
 	
1.48
4.30
6.00
1.10
1.22
2.70
1.5
1.0
1.57
2.65
2.35
1.45
 	 1:0(0:0)  
747	13/04
20:00	 Aalborg
Brondby	
-0.25
+0.25
1.80
2.00
 
 	
2.5
1.87
1.87
2.05
3.40
3.50
1.28
1.30
1.72
1.5
1.0
2.05
1.90
1.72
1.85
 	 2:0(2:0) 
580	16/04
21:00	 Vyborg
Aalborg	
+0.75
-0.75
1.85
1.90
 
 	
2.75
1.84
 	
1.90
 	
4.80
3.80
1.70
2.10
1.27
1.18
1.0
1.5
2.00
1.70
1.75
2.10
 	 0:2(0:0)  
581	17/04
16:00	 Odense
Nordsjaelland	
-0.25
+0.25
1.90
1.85
 
 	
2.75
1.90
 	
1.85
 	
2.20
3.50
3.10
1.35
1.30
1.65
1.5
1.0
2.00
1.62
1.75
2.20
 	 0:1(0:1)  
582	17/04
18:00	 Esbjerg
Randers	
-0.25
+0.25
1.70
2.10
 
 	
2.5
1.90
1.85
1.95
3.50
3.80
1.25
1.30
1.85
1.5
1.0
2.00
2.00
1.75
1.75
 	 2:2(2:1)  
583	17/04
20:00	 Vestsjelland
FC Copenhagen	
+0.75
-0.75
1.90
1.85
 
 	
2.5
1.87
1.87
5.20
3.75
1.67
2.20
1.26
1.16
1.0
1.5
2.40
1.80
1.53
1.95
 	 0:1(0:1)  
584	18/04
18:00	 Brondby
Sonderjyske	
-0.75
+0.75
1.95
1.80
 
 	
2.5
1.90
1.85
1.75
3.60
4.50
1.18
1.27
2.00
1.5
1.0
1.87
2.30
1.87
1.60
 	 3:1(0:0)  
585	18/04
20:00	 AGF Aarhus
Midtjylland	
+0.25
-0.25
1.95
1.80
 
 	
2.5
1.87
1.87
3.40
3.40
2.10
1.72
1.32
1.30
1.0
1.5
1.80
2.05
1.95
1.72
 	 0:4(0:2)
546	20/04
16:00	 Vestsjelland
Odense	
+0.25
-0.25
1.80
1.95
 
 	
2.25
1.75
 	
2.00
 	
3.10
3.20
2.35
1.55
1.30
1.33
1.5
1.5
2.75
2.35
1.42
1.55
 	 1:0(0:0)  
547	20/04
18:00	 Aalborg
Randers	
–1.0
+1.0
1.95
1.85
  	
2.75
1.90
 	
1.90
 	
1.57
4.20
5.70
1.14
1.23
2.45
2.0
1.0
2.15
2.30
1.70
1.57
 	 1:2(1:2)  
548	21/04
16:00	 Midtjylland
Vyborg	
–1.0
+1.0
1.80
1.95
  	
2.75
1.85
 	
1.90
 	
1.50
4.30
6.30
1.11
1.22
2.60
2.0
1.0
2.05
2.50
1.75
1.50
 	 5:2(1:1)  
549	21/04
18:00	 AGF Aarhus
Brondby	
+0.25
-0.25
2.10
1.70
 
 	
2.5
1.95
1.80
3.90
3.40
1.95
1.85
1.30
1.25
1.0
1.5
2.05
2.00
1.72
1.75
 	 1:2(1:1)  
550	21/04
20:00	 FC Copenhagen
Esbjerg	
-0.75
+0.75
1.87
1.87
 
 	
2.5
1.80
1.95
1.70
3.60
5.00
1.17
1.27
2.15
1.5
1.0
1.75
2.25
2.00
1.60
 	 2:2(2:1)  
551	21/04
14:00	 Sonderjyske
Nordsjaelland	
0
0
2.00
1.75
  	
2.5
1.90
1.90
2.75
3.30
2.45
1.55
1.32
1.42
1.0
1.5
1.65
2.25
2.20
1.60
 	 3:1(1:0)  
790	25/04
19:30	 Randers
Sonderjyske	
-0.75
+0.75
2.10
1.70
 
 	
2.5
1.80
1.95
1.85
3.50
4.30
1.22
1.30
1.95
1.5
1.0
1.85
1.95
1.90
1.80
 	 1:1(1:1)  
791	26/04
18:00	 Odense
Aalborg	
+0.25
-0.25
1.95
1.80
 
 	
2.75
1.85
 	
1.90
 	
3.30
3.40
2.15
1.67
1.30
1.32
1.0
1.5
1.65
1.95
2.15
1.80
 	 2:3(0:1)  
792	27/04
15:00	 Vyborg
AGF Aarhus	
-0.25
+0.25
1.97
1.83
 
 	
2.5
1.90
1.90
2.30
3.30
3.00
1.37
1.32
1.62
1.5
1.0
2.20
1.75
1.67
2.10
 	 3:0(1:0)  
793	27/04
18:00	 Brondby
Vestsjelland	
–1.0
+1.0
1.95
1.80
  	
2.25
1.80
 	
1.95
 	
1.55
3.85
6.00
1.10
1.23
2.40
1.5
1.0
1.75
3.40
2.00
1.28
 	 2:2(1:2)  
794	27/04
20:00	 Nordsjaelland
FC Copenhagen	
+0.25
-0.25
1.95
1.80
 
 	
2.5
1.87
1.87
3.40
3.30
2.10
1.72
1.32
1.30
1.0
1.5
1.80
2.05
1.95
1.72
 	 1:0(0:0)  
636	02/05
19:30	 Randers
Nordsjaelland	
-0.25
+0.25
2.05
1.72
 
 	
2.5
1.80
1.95
2.40
3.30
2.90
1.40
1.32
1.55
1.5
1.0
2.15
1.60
1.65
2.25
 	 0:1(0:0)  
637	03/05
18:00	 Aalborg
Esbjerg	
-0.25
+0.25
1.65
2.15
 
 	
2.75
1.95
 	
1.80
 	
1.90
3.50
3.90
1.23
1.28
1.85
1.5
1.0
1.87
1.87
1.87
1.87
 	 0:2(0:0)  
638	04/05
15:00	 Sonderjyske
Vyborg	
-0.25
+0.25
1.75
2.05
 
 	
2.75
1.95
 	
1.80
 	
2.05
3.60
3.50
1.32
1.30
1.80
1.5
1.0
1.95
1.75
1.85
2.05
 	 1:0(1:0)  
639	04/05
18:00	 Midtjylland
Vestsjelland	
–1.0
+1.0
1.85
1.90
  	
2.5
1.80
1.95
1.50
4.00
6.50
1.10
1.22
2.50
2.0
1.0
2.15
2.75
1.65
1.42
 	 3:1(2:1)  
640	04/05
20:00	 FC Copenhagen
Brondby	
-0.25
+0.25
1.72
2.05
 
 	
2.5
1.87
1.87
2.00
3.50
3.60
1.28
1.30
1.80
1.5
1.0
2.00
1.90
1.75
1.85
 	 1:1(0:0)  
641	05/05
20:00	 AGF Aarhus
Odense	
+0.25
-0.25
1.90
1.85
 
 	
2.75
1.85
 	
1.90
 	
3.10
3.40
2.22
1.62
1.29
1.34
1.5
1.5
2.40
2.02
1.53
1.74
 	 0:1(0:0)  
466	07/05
19:00	 Esbjerg
Sonderjyske	
-0.75
+0.75
1.75
2.00
 
 	
2.75
1.85
 	
1.90
 	
1.62
4.00
5.30
1.15
1.25
2.30
2.0
1.0
2.15
2.10
1.65
1.70
 	 2:1(1:1)  
467	07/05
21:00	 Nordsjaelland
Aalborg	
0
0
2.00
1.80
  	
2.75
1.90
 	
1.85
 	
2.80
3.40
2.50
1.55
1.33
1.45
1.5
1.5
2.30
2.15
1.60
1.70
 	 2:4(2:3)  
468	08/05
19:00	 Odense
Randers	
-0.25
+0.25
2.00
1.80
 
 	
2.75
1.95
 	
1.80
 	
2.30
3.40
3.00
1.37
1.30
1.60
1.5
1.5
2.10
2.35
1.70
1.55
 	 2:1(2:1)  
469	08/05
19:00	 Vyborg
FC Copenhagen	
+1.0
–1.0
1.80
1.95
  	
2.75
1.95
 	
1.80
 	
5.90
3.90
1.57
2.35
1.25
1.12
1.0
1.5
2.40
1.65
1.53
2.20
 	 0:2(0:0)  
470	08/05
21:00	 Brondby
Midtjylland	
0
0
1.87
1.87
  	
2.75
1.95
 	
1.80
 	
2.65
3.20
2.65
1.45
1.32
1.45
1.0
1.0
1.53
1.53
2.40
2.40
 	 3:1(3:1)  
471	08/05
21:00	 Vestsjelland
AGF Aarhus	
-0.25
+0.25
1.95
1.80
 
 	
2.5
1.85
1.90
2.30
3.40
3.05
1.38
1.32
1.62
1.5
1.0
2.20
1.65
1.65
2.20
 	 2:1(1:1
553	11/05
18:00	 AGF Aarhus
Sonderjyske	
+0.25
-0.25
1.70
2.05
 
 	
2.75
1.95
 	
1.80
 	
2.85
3.35
2.45
1.50
1.30
1.37
1.5
1.5
2.25
2.10
1.60
1.68
 	 0:3(0:1)  
554	11/05
18:00	 Midtjylland
FC Copenhagen	
-0.25
+0.25
2.00
1.75
 
 	
2.75
1.80
 	
1.95
 	
2.30
3.40
2.95
1.37
1.30
1.57
1.5
1.5
1.95
2.20
1.80
1.62
 	 2:3(1:1)  
555	11/05
18:00	 Odense
Esbjerg	
+0.25
-0.25
1.75
2.00
 
 	
2.75
1.80
 	
1.95
 	
2.90
3.40
2.35
1.57
1.30
1.40
1.5
1.5
2.20
1.95
1.62
1.80
 	 1:2(1:1)  
556	11/05
18:00	 Vyborg
Nordsjaelland	
+0.25
-0.25
1.80
1.95
 
 	
2.75
1.85
 	
1.90
 	
3.00
3.35
2.30
1.57
1.35
1.35
1.5
1.5
2.25
2.00
1.57
1.72
 	 1:3(0:3)  
557	11/05
18:00	 Brondby
Randers	
-0.75
+0.75
1.87
1.87
 
 	
2.75
1.95
 	
1.80
 	
1.70
3.70
4.80
1.16
1.27
2.10
1.5
1.0
1.72
2.15
2.05
1.65
 	 1:1(0:1)  
558	11/05
18:00	 Vestsjelland
Aalborg	
+1.0
–1.0
1.80
1.95
  	
2.75
1.95
 	
1.80
 	
5.50
4.00
1.57
2.40
1.24
1.13
1.0
1.5
2.50
1.65
1.50
2.15
 	 0:0(0:0)  
419	18/05
18:00	 Randers
Vestsjelland	
-0.25
+0.25
1.65
2.15
 
 	
2.75
1.95
 	
1.80
 	
1.90
3.50
3.90
1.23
1.28
1.85
1.5
1.0
1.87
1.87
1.87
1.87
 	 1:1(1:0)  
420	18/05
18:00	 Nordsjaelland
Brondby	
0
0
1.87
1.87
  	
2.75
1.85
 	
1.90
 	
2.60
3.30
2.60
1.45
1.33
1.45
1.5
1.5
2.10
2.10
1.70
1.70
 	 2:2(2:1)  
421	18/05
18:00	 Esbjerg
Vyborg	
–1.5
+1.5
1.85
1.90
  	
3.25
1.87
 	
1.87
 	
1.32
5.50
8.00
1.06
1.14
3.40
2.5
1.0
2.00
2.40
1.75
1.53
 	 0:0(0:0)  
422	18/05
18:00	 FC Copenhagen
Odense	
-1.25
+1.25
1.80
1.95
 
 	
3.25
1.80
 	
1.95
 	
1.42
4.80
6.50
1.11
1.17
2.75
2.5
1.0
2.15
1.90
1.65
1.85
 	 3:2(1:1)  
423	18/05
18:00	 Sonderjyske
Midtjylland	
+0.25
-0.25
2.05
1.75
 
 	
2.75
1.80
 	
1.95
 	
3.60
3.60
2.00
1.80
1.30
1.30
1.0
1.5
1.65
1.80
2.15
1.95
 	 3:1(0:1)  
424	18/05
18:00	 Aalborg
AGF Aarhus	
-1.25
+1.25
1.82
1.92
 
 	
3.5
1.90
1.85
1.38
5.00
7.00
1.08
1.15
2.90
2.5
1.0
2.05
2.09
1.70
1.69
 	 1:0(0:0)  
303	04/11
20:00	 FC Vestsjelland
Brondby IF	
+0.25
-0.25
2.05
1.75
 
 	
2.5
1.95
1.80
3.75
3.30
2.00
1.75
1.30
1.25
1.0
1.5
2.00
2.05
1.75
1.72
 	 0:2(0:0) 
558	10/11
20:15	 Brondby IF
AGF Aarhus	
-0.25
+0.25
1.72
2.05
 
 	
2.5
1.95
1.80
2.00
3.40
3.70
1.27
1.30
1.80
1.5
1.0
2.05
2.00
1.72
1.75
 	 3:0(0:0)  
890	23/11
18:00	 Randers FC
Odense BK	
0
0
1.75
2.00
  	
2.5
1.80
1.95
2.45
3.25
2.80
1.42
1.32
1.55
1.5
1.5
2.20
2.35
1.62
1.57
 	 1:1(1:0)  
891	24/11
15:00	 AGF Aarhus
FC Vestsjelland	
-0.25
+0.25
1.70
2.10
 
 	
2.5
1.90
1.85
1.95
3.40
3.80
1.25
1.30
1.85
1.5
1.0
2.00
2.00
1.75
1.75
 	 2:2(1:1)  
892	24/11
18:00	 FC Copenhagen
Viborg FF	
-1.25
+1.25
1.80
1.95
 
 	
3.0
1.95
1.80
1.37
4.80
8.00
1.07
1.17
3.00
2.0
1.0
1.75
2.65
2.05
1.45
 	 4:1(3:1)  
893	24/11
20:15	 FC Midtjylland
Brondby IF	
-0.25
+0.25
2.05
1.75
 
 	
2.5
1.87
1.87
2.35
3.30
2.90
1.40
1.30
1.57
1.5
1.5
2.20
2.50
1.62
1.50
 	 0:1(0:0)  
894	25/11
20:00	 Aalborg BK
FC Nordsjaelland	
-0.25
+0.25
1.75
2.00
 
 	
2.5
1.80
1.95
2.05
3.35
3.50
1.30
1.30
1.75
1.5
1.0
1.95
1.80
1.80
1.95
 	 1:1(1:1)
489	08/12
20:00	 Sonderjyske
Brondby IF	
+0.25
-0.25
2.15
1.70
 
 	
2.5
1.95
1.80
3.90
3.40
1.94
1.85
1.30
1.25
1.0
1.5
2.05
2.05
1.72
1.72
 	 1:1(1:1) 
581	07/04
20:00	 FC Vestsjelland
FC Nordsjaelland	
+0.25
-0.25
1.85
1.90
 
 	
2.25
1.80
 	
1.95
 	
3.20
3.30
2.25
1.62
1.32
1.35
1.0
1.5
1.87
2.30
1.87
1.60
 	 0:0(0:0)  
358	14/04
20:00	 FC Nordsjaelland
Esbjerg FB	
0
0
1.85
1.90
  	
2.5
1.90
1.85
2.60
3.30
2.70
1.45
1.32
1.49
1.5
1.0
2.25
1.70
1.60
2.10
 	 0:1(0:1)  
356	28/04
20:00	 Esbjerg FB
FC Midtjylland	
0
0
1.87
1.87
  	
2.5
1.85
1.90
2.60
3.40
2.60
1.47
1.30
1.47
1.0
1.0
1.60
1.60
2.30
2.30
 	 0:0(0:0)