475	04/10
21:30	 Bastia
Lorient	
-0.25
+0.25
1.95
1.80
 
 	
2.25
1.80
 	
1.95
 	
2.30
3.15
3.25
1.33
1.35
1.60
1.5
1.5
2.35
2.95
1.55
1.37
 	 4:1(2:1)  
476	05/10
18:00	 Monaco
Saint-Etienne	
–1.0
+1.0
1.80
1.95
  	
2.5
1.85
1.90
1.48
4.05
7.25
1.07
1.23
2.55
1.5
1.0
1.50
3.05
2.45
1.35
 	 2:1(1:0)  
477	05/10
21:00	 Guingamp
Rennes	
-0.25
+0.25
1.90
1.85
 
 	
2.25
1.95
 	
1.80
 	
2.25
3.10
3.45
1.27
1.35
1.60
1.5
1.5
2.40
3.20
1.52
1.32
 	 2:0(0:0)  
478	05/10
21:00	 Lille
Ajaccio	
–1.5
+1.5
1.95
1.80
  	
2.5
1.90
1.85
1.30
4.95
11.50
1.04
1.15
3.35
1.5
1.0
1.47
4.55
2.55
1.18
 	 3:0(1:0)  
479	05/10
21:00	 Nantes
Evian	
-0.75
+0.75
2.00
1.75
 
 	
2.25
1.95
 	
1.80
 	
1.77
3.35
5.10
1.14
1.30
1.97
1.5
1.0
2.00
2.65
1.75
1.45
 	 3:0(2:0)  
480	05/10
21:00	 Toulouse
Nice	
-0.25
+0.25
1.67
2.12
 
 	
2.25
1.95
 	
1.80
 	
1.95
3.25
4.15
1.20
1.33
1.80
1.5
1.0
2.20
2.35
1.63
1.55
 	 1:0(1:0)  
481	05/10
21:00	 Valenciennes
Reims	
-0.25
+0.25
1.85
1.90
 
 	
2.25
2.00
 	
1.75
 	
2.20
3.10
3.55
1.27
1.35
1.65
1.5
1.0
2.25
2.10
1.60
1.67
 	 1:1(0:1)  
482	06/10
15:00	 Montpellier
Lyon	
-0.25
+0.25
1.95
1.80
 
 	
2.25
1.95
 	
1.80
 	
2.35
3.15
3.20
1.32
1.35
1.55
1.5
1.5
2.45
2.95
1.50
1.37
 	 5:1(2:0)  
483	06/10
18:00	 Bordeaux
Sochaux	
–1.0
+1.0
1.90
1.85
  	
2.25
1.85
 	
1.90
 	
1.52
3.75
7.25
1.07
1.25
2.45
1.5
1.0
1.80
3.70
1.90
1.25
 	 4:1(2:1)  
484	06/10
22:00	 Marseille
Paris Saint-Germain	
+0.25
-0.25
2.20
1.63
 
 	
2.25
1.80
 	
1.95
 	
4.25
3.25
1.93
1.87
1.32
1.20
1.0
1.5
2.15
2.05
1.65
1.70
 	 1:2(1:1)  
507	18/10
21:30	 Nice
Marseille	
0
0
1.95
1.80
  	
2.25
1.95
 	
1.80
 	
2.85
3.10
2.60
1.45
1.35
1.40
1.5
1.5
2.95
2.55
1.37
1.47
 	 1:0(1:0)  
508	18/10
21:30	 Reims
Toulouse	
0
0
1.95
1.80
  	
2.25
2.00
 	
1.75
 	
2.85
3.10
2.60
1.45
1.35
1.40
1.5
1.5
2.95
2.55
1.37
1.47
 	 1:2(0:1)  
509	19/10
18:00	 Paris Saint-Germain
Bastia	
-1.75
+1.75
1.80
1.95
 
 	
3.0
1.85
1.90
1.20
6.50
14.00
1.01
1.11
4.40
2.5
1.0
1.95
4.00
1.80
1.22
 	 4:0(2:0)  
510	19/10
21:00	 Ajaccio
Nantes	
+0.25
-0.25
1.75
2.00
 
 	
2.25
2.00
 	
1.75
 	
3.15
3.05
2.40
1.55
1.35
1.33
1.5
1.5
3.05
2.55
1.35
1.47
 	 0:1(0:0)  
511	19/10
21:00	 Evian
Guingamp	
-0.25
+0.25
1.95
1.80
 
 	
2.25
1.75
 	
2.00
 	
2.35
3.15
3.15
1.33
1.32
1.55
1.5
1.5
2.35
2.75
1.55
1.42
 	 1:2(1:0)  
512	19/10
21:00	 Montpellier
Lille	
+0.25
-0.25
1.75
2.00
 
 	
2.25
1.80
 	
1.95
 	
3.05
3.15
2.40
1.53
1.33
1.35
1.5
1.5
2.75
2.40
1.42
1.52
 	 0:1(0:1)  
513	19/10
21:00	 Rennes
Valenciennes	
-0.75
+0.75
2.05
1.70
 
 	
2.25
1.75
 	
2.00
 	
1.80
3.40
4.75
1.16
1.30
1.95
1.5
1.0
1.95
2.55
1.80
1.47
 	 2:2(1:0)  
514	20/10
15:00	 Sochaux
Monaco	
+1.25
-1.25
1.75
2.00
 
 	
2.5
1.95
1.80
8.30
4.20
1.42
2.75
1.20
1.06
1.0
1.5
3.75
1.57
1.25
2.30
 	 2:2(0:2)  
515	20/10
18:00	 Saint-Etienne
Lorient	
–1.0
+1.0
1.95
1.80
  	
2.5
1.95
1.80
1.55
3.80
6.50
1.09
1.25
2.35
1.5
1.5
1.67
4.40
2.12
1.18
 	 3:2(2:1)  
516	20/10
22:00	 Lyon
Bordeaux	
-0.25
+0.25
1.75
2.00
 
 	
2.25
1.85
 	
1.90
 	
2.05
3.15
3.95
1.23
1.35
1.70
1.5
1.0
2.15
2.05
1.65
1.70
 	 1:1(0:0)  
491	25/10
21:30	 Nantes
Lille	
0
0
1.80
1.95
  	
2.0
1.80
1.95
2.60
3.10
2.85
1.40
1.35
1.47
1.5
1.5
2.65
2.75
1.44
1.42
 	 0:1(0:1)  
492	26/10
18:00	 Marseille
Reims	
–1.0
+1.0
1.90
1.85
  	
2.25
1.85
 	
1.90
 	
1.50
3.95
7.25
1.07
1.24
2.50
1.5
1.0
1.75
3.70
2.00
1.25
 	 2:3(0:2)  
493	26/10
21:00	 Bastia
Nice	
-0.25
+0.25
1.90
1.85
 
 	
2.25
1.90
 	
1.85
 	
2.30
3.10
3.30
1.30
1.33
1.57
1.5
1.5
2.40
3.20
1.52
1.32
 	 1:0(1:0)  
494	26/10
21:00	 Guingamp
Ajaccio	
-0.75
+0.75
1.85
1.90
 
 	
2.25
1.90
 	
1.85
 	
1.65
3.55
5.85
1.11
1.30
2.15
1.5
1.0
1.87
3.05
1.87
1.35
 	 2:1(0:1)  
495	26/10
21:00	 Lorient
Sochaux	
-0.75
+0.75
2.00
1.75
 
 	
2.25
1.87
 	
1.87
 	
1.75
3.40
5.10
1.14
1.30
2.00
1.5
1.0
1.95
2.55
1.80
1.47
 	 2:1(1:0)  
496	26/10
21:00	 Toulouse
Rennes	
-0.25
+0.25
1.70
2.05
 
 	
2.25
1.95
 	
1.80
 	
2.00
3.15
4.10
1.22
1.35
1.75
1.5
1.0
2.15
2.10
1.65
1.68
 	 0:5(0:3)  
497	26/10
21:00	 Valenciennes
Evian	
-0.25
+0.25
1.75
2.00
 
 	
2.25
1.87
 	
1.87
 	
2.05
3.15
3.95
1.23
1.35
1.70
1.5
1.0
2.15
2.05
1.65
1.70
 	 0:1(0:0)  
498	27/10
15:00	 Bordeaux
Montpellier	
-0.25
+0.25
1.75
2.00
 
 	
2.25
1.87
 	
1.87
 	
2.05
3.20
3.85
1.24
1.32
1.70
1.5
1.0
2.20
2.05
1.63
1.70
 	 2:0(0:0)  
499	27/10
18:00	 Monaco
Lyon	
-1.25
+1.25
2.00
1.75
 
 	
2.5
1.80
1.95
1.42
4.20
8.50
1.05
1.21
2.75
1.5
1.0
1.55
2.95
2.35
1.37
 	 2:1(2:0)  
500	27/10
22:00	 Saint-Etienne
Paris Saint-Germain	
+0.75
-0.75
1.75
2.00
 
 	
2.5
1.95
1.80
4.75
3.50
1.77
1.97
1.30
1.16
1.0
1.5
2.30
1.75
1.57
2.00
 	 2:2(1:0)  
587	01/11
21:30	 Paris Saint-Germain
Lorient	
-1.75
+1.75
1.75
2.00
 
 	
3.0
1.85
1.90
1.17
6.85
17.50
1.01
1.09
4.70
2.5
1.0
1.80
5.00
1.95
1.14
 	 4:0(3:0)  
588	02/11
18:00	 Rennes
Marseille	
0
0
1.87
1.87
  	
2.25
1.85
 	
1.90
 	
2.70
3.10
2.70
1.43
1.35
1.43
1.5
1.5
2.65
2.65
1.45
1.45
 	 1:1(1:1)  
589	02/11
21:00	 Ajaccio
Valenciennes	
0
0
1.75
2.00
  	
2.0
1.75
2.00
2.50
3.10
2.95
1.37
1.35
1.50
1.0
1.0
1.77
1.90
1.97
1.85
 	 1:3(1:1)  
590	02/11
21:00	 Evian
Toulouse	
0
0
1.85
1.90
  	
2.25
1.95
 	
1.80
 	
2.65
3.10
2.75
1.42
1.35
1.45
1.5
1.5
2.65
2.85
1.44
1.40
 	 2:1(0:0)  
591	02/11
21:00	 Lyon
Guingamp	
-0.75
+0.75
2.00
1.75
 
 	
2.25
1.90
 	
1.85
 	
1.77
3.35
5.10
1.14
1.30
1.97
1.5
1.0
1.90
2.55
1.85
1.47
 	 2:0(2:0)  
592	02/11
21:00	 Reims
Bastia	
-0.25
+0.25
1.85
1.90
 
 	
2.25
1.95
 	
1.80
 	
2.15
3.05
3.70
1.25
1.35
1.65
1.5
1.0
2.25
2.10
1.60
1.68
 	 4:2(2:0)  
593	02/11
21:00	 Sochaux
Saint-Etienne	
+0.75
-0.75
1.70
2.05
 
 	
2.5
1.90
1.85
4.55
3.30
1.85
1.90
1.32
1.17
1.5
1.5
3.55
1.90
1.27
1.85
 	 0:0(0:0)  
594	03/11
15:00	 Nice
Bordeaux	
-0.25
+0.25
1.95
1.80
 
 	
2.25
2.00
 	
1.75
 	
2.30
3.10
3.30
1.32
1.35
1.57
1.5
1.5
2.55
3.05
1.47
1.35
 	 1:2(0:1)  
595	03/11
18:00	 Montpellier
Nantes	
-0.25
+0.25
1.90
1.85
 
 	
2.0
1.75
2.00
2.25
3.10
3.40
1.30
1.35
1.60
1.5
1.5
2.55
3.20
1.47
1.32
 	 1:1(0:1)  
596	03/11
22:00	 Lille
Monaco	
0
0
1.90
1.85
  	
2.25
1.90
 	
1.85
 	
2.90
3.00
2.60
1.47
1.35
1.39
1.5
1.5
3.05
2.40
1.35
1.52
 	 2:0(1:0)  
504	08/11
21:30	 Monaco
Evian	
–1.5
+1.5
1.87
1.87
  	
2.75
1.85
 	
1.95
 	
1.25
5.70
13.00
1.02
1.14
3.95
2.0
1.0
1.65
4.75
2.15
1.16
 	 1:1(1:1)  
505	09/11
18:00	 Paris Saint-Germain
Nice	
–2.0
+2.0
1.95
1.80
  	
3.0
1.95
1.80
1.18
6.80
17.00
1.01
1.10
4.70
2.5
1.0
1.85
5.00
1.90
1.14
 	 3:1(1:0)  
506	09/11
21:00	 Bastia
Rennes	
-0.25
+0.25
2.00
1.75
 
 	
2.25
1.80
 	
1.95
 	
2.45
3.15
3.05
1.35
1.33
1.50
1.5
1.5
2.40
2.75
1.52
1.42
 	 1:0(1:0)  
507	09/11
21:00	 Guingamp
Lille	
+0.25
-0.25
1.80
1.95
 
 	
2.25
1.95
 	
1.80
 	
3.35
3.10
2.30
1.57
1.37
1.30
1.5
1.5
2.95
2.45
1.37
1.50
 	 0:0(0:0)  
508	09/11
21:00	 Lorient
Reims	
-0.25
+0.25
1.65
2.15
 
 	
2.25
1.87
 	
1.87
 	
1.90
3.25
4.55
1.18
1.33
1.85
1.5
1.0
2.00
2.20
1.75
1.63
 	 0:0(0:0)  
509	09/11
21:00	 Toulouse
Ajaccio	
–1.0
+1.0
1.95
1.80
  	
2.25
1.80
 	
1.95
 	
1.52
3.80
7.25
1.07
1.25
2.45
1.5
1.0
1.75
3.70
2.00
1.25
 	 1:1(1:1)  
510	09/11
21:00	 Valenciennes
Montpellier	
0
0
1.80
1.95
  	
2.25
2.00
 	
1.75
 	
2.60
3.10
2.90
1.40
1.37
1.47
1.5
1.5
2.65
2.95
1.44
1.37
 	 1:1(1:0)  
511	10/11
15:00	 Bordeaux
Nantes	
-0.25
+0.25
1.87
1.87
 
 	
2.0
1.77
1.97
2.15
3.10
3.70
1.25
1.35
1.65
1.5
1.0
2.25
2.10
1.60
1.68
 	 0:3(0:1)  
512	10/11
18:00	 Marseille
Sochaux	
–1.0
+1.0
1.75
2.00
  	
2.5
1.95
1.80
1.43
4.15
8.30
1.06
1.22
2.75
1.5
1.0
1.57
3.75
2.30
1.25
 	 2:1(1:0)  
513	10/11
22:00	 Saint-Etienne
Lyon	
-0.25
+0.25
1.70
2.05
 
 	
2.25
1.75
 	
2.00
 	
2.05
3.25
3.85
1.25
1.34
1.75
1.5
1.0
2.05
2.00
1.70
1.75
 	 1:2(0:0)  
503	22/11
21:30	 Ajaccio
Marseille	
+0.25
-0.25
2.20
1.67
 
 	
2.25
1.95
 	
1.85
 	
4.55
3.30
1.90
1.90
1.34
1.20
1.0
1.5
2.45
2.00
1.50
1.75
 	 1:3(1:2)  
504	23/11
18:00	 Reims
Paris Saint-Germain	
+1.0
–1.0
1.87
1.87
  	
2.5
1.95
1.80
7.00
4.10
1.50
2.60
1.24
1.09
1.0
1.5
3.05
1.57
1.35
2.30
 	 0:3(0:1)  
505	23/11
21:00	 Evian
Lorient	
-0.25
+0.25
1.80
1.95
 
 	
2.25
1.80
 	
1.95
 	
2.10
3.20
3.75
1.25
1.35
1.70
1.5
1.0
2.15
2.05
1.65
1.70
 	 0:4(0:2)  
506	23/11
21:00	 Lyon
Valenciennes	
–1.0
+1.0
1.95
1.80
  	
2.5
1.90
1.85
1.53
4.00
6.50
1.09
1.24
2.47
1.5
1.0
1.60
3.05
2.25
1.35
 	 1:1(1:0)  
507	23/11
21:00	 Montpellier
Guingamp	
-0.25
+0.25
1.67
2.12
 
 	
2.25
1.90
 	
1.85
 	
1.95
3.25
4.20
1.20
1.33
1.80
1.5
1.0
2.20
2.35
1.63
1.55
 	 1:1(0:0)  
508	23/11
21:00	 Rennes
Bordeaux	
-0.25
+0.25
2.05
1.77
 
 	
2.25
1.83
 	
2.03
 	
2.45
3.15
3.05
1.38
1.36
1.55
1.5
1.5
2.50
3.05
1.50
1.35
 	 1:1(0:0)  
509	23/11
21:00	 Sochaux
Bastia	
-0.25
+0.25
1.90
1.90
 
 	
2.25
1.90
 	
1.90
 	
2.25
3.18
3.40
1.32
1.35
1.63
1.5
1.5
2.35
3.20
1.55
1.32
 	 1:1(0:1)  
510	24/11
15:00	 Lille
Toulouse	
-0.75
+0.75
1.75
2.00
 
 	
2.25
1.85
 	
1.90
 	
1.57
3.75
6.50
1.09
1.25
2.30
1.5
1.5
1.70
4.50
2.05
1.18
 	 1:0(0:0)  
511	24/11
18:00	 Nice
Saint-Etienne	
0
0
1.87
1.87
  	
2.25
1.87
 	
1.87
 	
2.75
3.05
2.75
1.44
1.37
1.44
1.0
1.0
1.80
1.80
1.95
1.95
 	 0:1(0:1)  
512	24/11
22:00	 Nantes
Monaco	
+0.25
-0.25
1.90
1.85
 
 	
2.25
1.95
 	
1.80
 	
3.70
3.15
2.15
1.67
1.35
1.27
1.0
1.5
2.15
2.25
1.65
1.60
 	 0:1(0:0)  
553	29/11
21:30	 Marseille
Montpellier	
-0.75
+0.75
2.10
1.70
 
 	
2.5
2.00
1.75
1.85
3.40
4.55
1.18
1.30
1.95
1.5
1.0
1.80
2.30
1.95
1.57
 	 2:0(1:0)  
554	30/11
18:00	 Monaco
Rennes	
–1.0
+1.0
1.77
1.97
  	
2.5
1.87
1.87
1.45
4.35
7.40
1.08
1.21
2.70
1.5
1.0
1.55
2.95
2.35
1.37
 	 2:0(2:0)  
555	30/11
21:00	 Guingamp
Nantes	
0
0
1.75
2.00
  	
2.0
1.85
1.90
2.55
2.95
3.05
1.37
1.39
1.50
1.0
1.0
1.80
1.90
1.95
1.85
 	 1:0(0:0)  
556	30/11
21:00	 Lorient
Nice	
-0.25
+0.25
1.67
2.12
 
 	
2.25
2.00
 	
1.75
 	
1.97
3.15
4.35
1.20
1.37
1.80
1.5
1.0
2.20
2.35
1.63
1.55
 	 3:0(1:0)  
557	30/11
16:00	 Saint-Etienne
Reims	
-0.75
+0.75
1.77
1.97
 
 	
2.25
1.75
 	
2.00
 	
1.57
3.80
6.50
1.09
1.25
2.30
1.5
1.5
1.70
4.40
2.05
1.18
 	 4:0(0:0)  
558	30/11
21:00	 Toulouse
Sochaux	
-0.75
+0.75
1.90
1.85
 
 	
2.25
1.87
 	
1.87
 	
1.70
3.50
5.55
1.13
1.30
2.10
1.5
1.0
1.87
2.65
1.87
1.45
 	 5:1(2:1)  
559	30/11
21:00	 Valenciennes
Lille	
+0.25
-0.25
2.10
1.70
 
 	
2.25
1.95
 	
1.80
 	
4.10
3.10
2.05
1.75
1.35
1.22
1.0
1.5
2.25
2.20
1.60
1.62
 	 0:1(0:0)  
560	01/12
15:00	 Bordeaux
Ajaccio	
-1.25
+1.25
1.95
1.80
 
 	
2.25
1.75
 	
2.00
 	
1.42
4.25
8.70
1.06
1.22
2.80
1.5
1.0
1.63
3.75
2.20
1.25
 	 4:0(1:0)  
561	01/12
18:00	 Bastia
Evian	
-0.25
+0.25
1.67
2.12
 
 	
2.25
1.80
 	
1.95
 	
1.95
3.25
4.25
1.22
1.34
1.80
1.5
1.0
2.12
2.30
1.67
1.57
 	 2:0(0:0)  
562	01/12
22:00	 Paris Saint-Germain
Lyon	
-1.25
+1.25
1.75
2.00
 
 	
2.75
1.80
 	
1.95
 	
1.32
5.10
10.00
1.04
1.17
3.30
2.5
1.5
2.35
5.10
1.55
1.14
 	 4:0(2:0) 
378	03/12
20:00	 Lille
Marseille	
-0.25
+0.25
1.75
2.05
 
 	
2.0
1.77
1.97
2.05
3.20
3.95
1.25
1.35
1.77
1.5
1.0
2.20
2.20
1.63
1.63
 	 1:0(0:0)  
379	03/12
20:00	 Nantes
Valenciennes	
-0.75
+0.75
1.90
1.90
 
 	
2.0
1.75
2.00
1.70
3.55
5.45
1.15
1.30
2.15
1.5
1.0
1.95
2.95
1.80
1.37
 	 2:1(0:0)  
380	03/12
22:00	 Nice
Monaco	
+0.75
-0.75
1.85
1.95
 
 	
2.25
1.85
 	
1.95
 	
5.10
3.60
1.73
2.10
1.29
1.15
1.0
1.5
2.55
1.87
1.47
1.87
 	 0:3(0:2)  
381	04/12
20:00	 Ajaccio
Bastia	
+0.25
-0.25
1.90
1.85
 
 	
2.25
1.95
 	
1.80
 	
3.60
3.10
2.20
1.65
1.35
1.27
1.0
1.5
2.10
2.25
1.67
1.60
 	 1:1(0:1)  
382	04/12
20:00	 Guingamp
Bordeaux	
0
0
1.77
1.97
  	
2.25
2.00
 	
1.75
 	
2.55
3.10
2.95
1.37
1.35
1.47
1.5
1.5
2.45
2.95
1.50
1.37
 	 0:1(0:1)  
383	04/12
20:00	 Montpellier
Lorient	
-0.25
+0.25
1.67
2.12
 
 	
2.25
1.95
 	
1.80
 	
1.95
3.25
4.20
1.20
1.33
1.80
1.5
1.0
2.20
2.35
1.63
1.55
 	 0:2(0:0)  
384	04/12
20:00	 Rennes
Saint-Etienne	
0
0
1.87
1.87
  	
2.25
1.95
 	
1.80
 	
2.75
3.05
2.75
1.45
1.38
1.45
1.5
1.5
2.65
2.65
1.44
1.44
 	 3:1(1:0)  
385	04/12
20:00	 Sochaux
Reims	
-0.25
+0.25
1.80
1.95
 
 	
2.25
1.87
 	
1.87
 	
2.10
3.20
3.75
1.25
1.32
1.70
1.5
1.0
2.25
2.03
1.62
1.72
 	 0:2(0:1)  
386	04/12
22:00	 Evian
Paris Saint-Germain	
+1.5
–1.5
1.80
1.95
  	
2.75
1.90
 	
1.90
 	
10.50
5.25
1.30
3.50
1.16
1.04
1.5
2.5
5.00
2.35
1.14
1.55
 	 2:0(0:0)  
387	05/12
22:00	 Lyon
Toulouse	
-0.75
+0.75
2.10
1.70
 
 	
2.25
1.85
 	
1.90
 	
1.85
3.35
4.55
1.17
1.30
1.90
1.5
1.0
1.95
2.55
1.80
1.47
 	 1:1(1:0)  
534	06/12
21:30	 Marseille
Nantes	
-0.75
+0.75
2.00
1.80
 
 	
2.25
1.95
 	
1.80
 	
1.77
3.25
5.55
1.15
1.34
2.05
1.5
1.0
1.90
2.45
1.85
1.50
 	 0:1(0:1)  
535	07/12
18:00	 Paris Saint-Germain
Sochaux	
-2.25
+2.25
1.85
1.90
 
 	
3.25
1.90
 	
1.85
 	
1.11
8.50
23.00
 	
1.06
6.00
2.5
1.0
1.60
6.00
2.25
1.10
 	 5:0(1:0)  
536	07/12
21:00	 Lorient
Rennes	
-0.25
+0.25
1.80
1.95
 
 	
2.25
1.90
 	
1.85
 	
2.10
3.20
3.70
1.25
1.32
1.70
1.5
1.0
2.25
2.03
1.62
1.72
 	 2:0(1:0)  
537	07/12
21:00	 Reims
Nice	
-0.25
+0.25
1.90
1.85
 
 	
2.0
1.75
2.00
2.25
3.10
3.40
1.30
1.35
1.60
1.5
1.5
2.55
3.20
1.47
1.32
 	 1:0(0:0)  
538	07/12
21:00	 Saint-Etienne
Evian	
–1.0
+1.0
1.95
1.80
  	
2.5
1.95
1.80
1.53
3.90
6.85
1.09
1.25
2.45
1.5
1.5
1.67
4.50
2.12
1.16
 	 cancelled  
539	07/12
21:00	 Valenciennes
Guingamp	
-0.25
+0.25
1.90
1.85
 
 	
2.0
1.75
2.00
2.25
3.10
3.50
1.30
1.37
1.60
1.5
1.5
2.55
3.20
1.47
1.32
 	 1:1(1:0)  
540	08/12
15:00	 Bordeaux
Lille	
0
0
1.85
1.90
  	
2.0
1.80
1.95
2.70
3.05
2.80
1.43
1.38
1.45
1.5
1.5
2.65
2.75
1.44
1.42
 	 1:0(1:0)  
541	08/12
18:00	 Bastia
Lyon	
0
0
1.92
1.88
  	
2.25
1.88
 	
1.92
 	
2.75
3.20
2.65
1.48
1.35
1.45
1.5
1.5
2.75
2.60
1.43
1.47
 	 1:3(1:0)  
542	08/12
18:00	 Toulouse
Montpellier	
-0.25
+0.25
1.70
2.10
 
 	
2.25
2.00
 	
1.75
 	
2.05
3.15
4.00
1.23
1.35
1.75
1.5
1.0
2.20
2.25
1.62
1.60
 	 1:1(0:1)  
543	08/12
22:00	 Monaco
Ajaccio	
–2.0
+2.0
1.87
1.87
  	
3.0
1.95
1.80
1.14
7.50
21.00
 	
1.08
5.30
2.5
1.0
1.85
5.85
1.90
1.11
 	 1:0(0:0) 
513	13/12
21:30	 Montpellier
Saint-Etienne	
0
0
1.85
1.90
  	
2.25
1.95
 	
1.85
 	
2.70
3.15
2.75
1.45
1.36
1.47
1.5
1.5
2.55
2.65
1.47
1.44
 	 0:1(0:0)  
514	14/12
18:00	 Rennes
Paris Saint-Germain	
+1.25
-1.25
1.95
1.80
 
 	
2.75
1.90
 	
1.85
 	
9.50
4.90
1.33
3.20
1.17
1.03
1.5
2.5
4.95
2.45
1.15
1.50
 	 1:3(0:1)  
515	14/12
21:00	 Ajaccio
Lorient	
+0.25
-0.25
2.00
1.75
 
 	
2.25
1.95
 	
1.80
 	
3.75
3.20
2.10
1.70
1.33
1.25
1.0
1.5
2.05
2.25
1.70
1.60
 	 1:2(1:1)  
516	14/12
21:00	 Evian
Reims	
-0.25
+0.25
1.75
2.00
 
 	
2.25
1.95
 	
1.80
 	
2.10
3.20
3.75
1.25
1.33
1.70
1.5
1.0
2.25
2.05
1.60
1.70
 	 1:1(0:0)  
517	14/12
21:00	 Guingamp
Monaco	
+0.75
-0.75
1.75
2.00
 
 	
2.25
1.90
 	
1.85
 	
4.90
3.40
1.80
1.95
1.30
1.16
1.0
1.5
2.55
1.90
1.47
1.85
 	 0:2(0:2)  
518	14/12
21:00	 Nantes
Toulouse	
-0.25
+0.25
1.75
2.00
 
 	
2.25
2.00
 	
1.75
 	
2.05
3.15
4.00
1.23
1.35
1.75
1.5
1.0
2.20
2.25
1.62
1.60
 	 1:2(0:0)  
519	14/12
21:00	 Nice
Sochaux	
-0.75
+0.75
2.00
1.75
 
 	
2.25
1.80
 	
1.95
 	
1.77
3.50
4.95
1.17
1.30
2.00
1.5
1.0
1.75
2.35
2.00
1.55
 	 1:0(1:0)  
520	15/12
15:00	 Bordeaux
Valenciennes	
–1.0
+1.0
1.95
1.80
  	
2.25
1.90
 	
1.85
 	
1.57
3.70
6.70
1.09
1.27
2.30
1.5
1.0
1.80
3.20
1.95
1.32
 	 2:1(0:0)  
521	15/12
18:00	 Lille
Bastia	
-1.25
+1.25
1.90
1.85
 
 	
2.5
1.85
1.90
1.40
4.45
8.70
1.07
1.20
2.90
1.5
1.0
1.55
2.95
2.35
1.37
 	 2:1(2:1)  
522	15/12
22:00	 Lyon
Marseille	
-0.25
+0.25
1.75
2.00
 
 	
2.25
1.95
 	
1.80
 	
2.05
3.15
3.95
1.24
1.35
1.70
1.5
1.0
2.20
2.15
1.62
1.65
 	 2:2(2:1)  
459	20/12
21:30	 Monaco
Valenciennes	
–1.5
+1.5
1.80
1.95
  	
2.75
1.95
 	
1.80
 	
1.25
5.50
14.00
1.02
1.15
3.95
2.0
1.0
1.75
4.80
2.05
1.16
 	 1:2(0:1)  
460	21/12
18:00	 Saint-Etienne
Nantes	
-0.75
+0.75
2.00
1.80
 
 	
2.25
2.00
 	
1.80
 	
1.74
3.35
5.55
1.15
1.32
2.07
1.5
1.0
1.90
2.75
1.85
1.42
 	 2:0(1:0)  
461	21/12
21:00	 Bastia
Montpellier	
0
0
1.75
2.00
  	
2.25
1.85
 	
1.95
 	
2.55
3.15
2.90
1.40
1.36
1.50
1.5
1.5
2.45
2.80
1.50
1.40
 	 0:0(0:0)  
462	21/12
21:00	 Nice
Evian	
-0.25
+0.25
1.65
2.15
 
 	
2.25
1.95
 	
1.80
 	
1.90
3.15
4.70
1.20
1.35
1.85
1.5
1.0
2.20
2.35
1.63
1.55
 	 3:1(0:1)  
463	21/12
21:00	 Reims
Ajaccio	
-0.75
+0.75
1.80
1.95
 
 	
2.25
1.90
 	
1.85
 	
1.63
3.60
6.10
1.12
1.29
2.20
1.5
1.0
1.87
2.65
1.87
1.45
 	 4:1(0:0)  
464	21/12
21:00	 Sochaux
Rennes	
0
0
1.95
1.80
  	
2.25
1.87
 	
1.87
 	
2.90
3.15
2.55
1.47
1.33
1.40
1.5
1.5
2.55
2.40
1.47
1.52
 	 2:1(1:1)  
465	21/12
21:00	 Toulouse
Guingamp	
-0.75
+0.75
1.95
1.80
 
 	
2.25
1.90
 	
1.85
 	
1.73
3.40
5.40
1.15
1.32
2.03
1.5
1.0
2.05
2.75
1.70
1.42
 	 0:0(0:0)  
466	22/12
15:00	 Marseille
Bordeaux	
-0.25
+0.25
1.65
2.15
 
 	
2.25
1.90
 	
1.85
 	
1.93
3.20
4.45
1.18
1.35
1.83
1.5
1.5
2.05
3.30
1.70
1.30
 	 2:2(0:1)  
467	22/12
18:00	 Lorient
Lyon	
0
0
1.75
2.00
  	
2.25
1.85
 	
1.90
 	
2.50
3.15
2.95
1.40
1.35
1.50
1.5
1.5
2.55
2.65
1.47
1.42
 	 2:2(0:1)  
468	22/12
22:00	 Paris Saint-Germain
Lille	
-1.25
+1.25
1.85
1.90
 
 	
2.75
2.00
 	
1.75
 	
1.35
4.75
9.10
1.04
1.18
3.05
2.5
1.5
2.55
5.00
1.47
1.14
 	 2:2(1:1)  
471	10/01
21:30	 Montpellier
Monaco	
+0.75
-0.75
1.80
2.00
 
 	
2.25
1.90
 	
1.90
 	
5.10
3.50
1.75
2.07
1.30
1.15
1.0
1.5
2.50
1.85
1.50
1.90
 	 1:1(0:0)  
472	11/01
18:00	 Ajaccio
Paris Saint-Germain	
+2.0
–2.0
1.80
1.95
  	
3.0
1.95
1.80
16.50
6.45
1.19
4.55
1.10
1.01
1.0
2.5
4.55
2.00
1.18
1.75
 	 1:2(1:1)  
473	11/01
21:00	 Bordeaux
Toulouse	
-0.25
+0.25
1.65
2.15
 
 	
2.25
2.00
 	
1.75
 	
1.93
3.25
4.40
1.20
1.34
1.87
1.5
1.0
2.15
2.35
1.65
1.55
 	 0:1(0:0)  
474	11/01
21:00	 Guingamp
Saint-Etienne	
+0.25
-0.25
1.77
2.05
 
 	
2.25
2.00
 	
1.80
 	
3.20
3.10
2.40
1.57
1.37
1.35
1.0
1.0
1.87
1.72
1.87
2.03
 	 0:0(0:0)  
475	11/01
21:00	 Lyon
Sochaux	
-1.25
+1.25
1.95
1.85
 
 	
2.75
1.90
 	
1.90
 	
1.40
4.50
8.50
1.06
1.20
2.85
1.5
1.0
1.47
3.05
2.55
1.35
 	 2:0(0:0)  
476	11/01
21:00	 Rennes
Nice	
-0.25
+0.25
1.80
1.95
 
 	
2.25
1.85
 	
1.90
 	
2.10
3.20
3.75
1.25
1.35
1.70
1.5
1.0
2.15
2.05
1.65
1.70
 	 0:0(0:0)  
477	11/01
21:00	 Valenciennes
Bastia	
-0.25
+0.25
1.72
2.03
 
 	
2.25
1.95
 	
1.80
 	
2.05
3.15
3.95
1.23
1.35
1.70
1.5
1.0
2.20
2.40
1.62
1.53
 	 3:2(2:0)  
478	12/01
15:00	 Nantes
Lorient	
-0.25
+0.25
1.85
1.90
 
 	
2.25
1.90
 	
1.85
 	
2.15
3.10
3.70
1.27
1.36
1.65
1.5
1.0
2.25
2.10
1.60
1.67
 	 1:0(0:0)  
479	12/01
18:00	 Evian
Marseille	
+0.25
-0.25
1.97
1.77
 
 	
2.25
1.87
 	
1.87
 	
3.75
3.20
2.10
1.70
1.32
1.25
1.0
1.5
2.03
2.25
1.72
1.62
 	 1:2(1:2)  
480	12/01
22:00	 Lille
Reims	
-1.25
+1.25
1.95
1.80
 
 	
2.25
1.85
 	
1.90
 	
1.43
4.10
8.90
1.06
1.23
2.75
1.5
1.0
1.70
3.90
2.05
1.23
 	 1:2(0:0)  
417	17/01
21:30	 Saint-Etienne
Lille	
-0.25
+0.25
2.00
1.80
 
 	
2.0
1.80
1.95
2.45
2.97
3.25
1.33
1.40
1.55
1.5
1.5
2.55
2.95
1.47
1.37
 	 2:0(0:0)  
418	18/01
18:00	 Marseille
Valenciennes	
–1.0
+1.0
1.90
1.85
  	
2.5
1.95
1.80
1.50
4.00
7.00
1.07
1.23
2.50
1.5
1.0
1.65
3.50
2.15
1.27
 	 cancelled  
419	18/01
21:00	 Bastia
Bordeaux	
0
0
1.87
1.87
  	
2.25
1.95
 	
1.80
 	
2.70
3.15
2.70
1.43
1.35
1.43
1.5
1.5
2.65
2.65
1.44
1.44
 	 1:0(1:0)  
420	18/01
21:00	 Lorient
Guingamp	
-0.25
+0.25
1.65
2.15
 
 	
2.25
1.90
 	
1.85
 	
1.93
3.25
4.30
1.20
1.35
1.83
1.5
1.5
2.05
3.30
1.70
1.30
 	 2:0(2:0)  
421	18/01
21:00	 Nice
Ajaccio	
-0.75
+0.75
1.75
2.00
 
 	
2.25
1.75
 	
2.00
 	
1.57
3.75
6.50
1.09
1.25
2.30
1.5
1.5
1.70
4.75
2.05
1.16
 	 2:0(1:0)  
422	18/01
21:00	 Rennes
Evian	
-0.75
+0.75
2.00
1.75
 
 	
2.25
1.80
 	
1.95
 	
1.80
3.40
4.80
1.16
1.30
1.95
1.5
1.5
1.95
3.75
1.80
1.25
 	 0:0(0:0)  
423	18/01
21:00	 Sochaux
Montpellier	
+0.25
-0.25
1.70
2.05
 
 	
2.25
1.95
 	
1.80
 	
3.10
3.10
2.40
1.53
1.35
1.33
1.5
1.5
2.95
2.45
1.37
1.50
 	 0:2(0:1)  
424	19/01
15:00	 Reims
Lyon	
+0.25
-0.25
1.85
1.90
 
 	
2.25
1.87
 	
1.87
 	
3.25
3.15
2.30
1.57
1.33
1.30
1.5
1.5
3.05
2.30
1.35
1.57
 	 0:2(0:1)  
425	19/01
18:00	 Toulouse
Monaco	
+0.25
-0.25
2.12
1.67
 
 	
2.25
1.87
 	
1.87
 	
4.25
3.25
1.95
1.80
1.35
1.20
1.5
1.5
3.30
2.00
1.30
1.75
 	 0:2(0:1)  
426	19/01
22:00	 Paris Saint-Germain
Nantes	
-1.75
+1.75
1.87
1.87
 
 	
3.0
1.95
1.80
1.22
5.95
14.50
1.01
1.13
4.10
2.5
1.0
2.05
4.00
1.70
1.22
 	 5:0(2:0)  
475	24/01
21:30	 Lille
Rennes	
-0.75
+0.75
1.85
1.90
 
 	
2.25
1.92
 	
1.88
 	
1.65
3.75
5.50
1.15
1.27
2.23
1.5
1.0
1.90
2.80
1.85
1.40
 	 1:1(1:1)  
476	25/01
18:00	 Guingamp
Paris Saint-Germain	
+1.25
-1.25
1.90
1.85
 
 	
2.75
1.95
 	
1.80
 	
9.50
4.90
1.33
3.15
1.17
1.03
1.5
2.5
5.30
2.55
1.14
1.47
 	 1:1(0:0)  
477	25/01
21:00	 Ajaccio
Sochaux	
-0.25
+0.25
1.87
1.87
 
 	
2.25
1.95
 	
1.80
 	
2.25
3.05
3.55
1.27
1.35
1.60
1.5
1.5
2.40
3.20
1.52
1.32
 	 1:1(1:0)  
478	25/01
21:00	 Montpellier
Nice	
-0.75
+0.75
2.05
1.70
 
 	
2.25
1.95
 	
1.80
 	
1.85
3.25
4.75
1.17
1.30
1.90
1.5
1.0
1.95
2.45
1.80
1.50
 	 3:1(1:0)  
479	25/01
21:00	 Nantes
Reims	
-0.25
+0.25
1.67
2.12
 
 	
2.25
2.00
 	
1.75
 	
1.97
3.15
4.30
1.20
1.37
1.77
1.5
1.0
2.20
2.35
1.63
1.55
 	 0:0(0:0)  
480	25/01
21:00	 Toulouse
Bastia	
-0.75
+0.75
1.95
1.80
 
 	
2.25
1.75
 	
2.00
 	
1.75
3.45
5.10
1.14
1.30
2.00
1.5
1.0
1.87
2.55
1.87
1.47
 	 cancelled  
481	25/01
21:00	 Valenciennes
Lorient	
-0.25
+0.25
2.05
1.70
 
 	
2.25
1.95
 	
1.80
 	
2.45
3.10
3.05
1.35
1.37
1.50
1.5
1.5
2.45
2.95
1.50
1.37
 	 1:1(0:1)  
482	26/01
15:00	 Lyon
Evian	
–1.0
+1.0
1.80
1.95
  	
2.5
1.85
1.90
1.47
4.00
8.00
1.07
1.23
2.55
1.5
1.0
1.55
3.05
2.30
1.35
 	 3:0(2:0)  
483	26/01
18:00	 Bordeaux
Saint-Etienne	
0
0
1.75
2.00
  	
2.0
1.75
2.00
2.50
3.00
3.10
1.35
1.35
1.50
1.0
1.0
1.77
1.90
1.97
1.85
 	 2:0(1:0)  
484	26/01
22:00	 Monaco
Marseille	
-0.75
+0.75
1.95
1.80
 
 	
2.5
1.95
1.80
1.70
3.50
5.30
1.13
1.28
2.10
1.5
1.0
1.87
2.25
1.87
1.60
 	 2:0(1:0) 
505	31/01
21:30	 Paris Saint-Germain
Bordeaux	
-1.75
+1.75
1.95
1.85
 
 	
2.75
1.80
 	
2.00
 	
1.23
6.05
13.50
1.02
1.13
4.15
2.5
1.0
2.00
4.00
1.75
1.22
 	 2:0(0:0)  
506	01/02
17:30	 Lorient
Monaco	
+0.25
-0.25
2.00
1.75
 
 	
2.25
1.80
 	
1.95
 	
3.70
3.35
2.05
1.70
1.32
1.26
1.0
1.5
2.00
2.15
1.75
1.65
 	 2:2(1:1)  
507	01/02
21:00	 Bastia
Guingamp	
-0.25
+0.25
1.80
1.95
 
 	
2.25
1.95
 	
1.80
 	
2.10
3.20
3.75
1.25
1.33
1.70
1.5
1.0
2.25
2.05
1.60
1.70
 	 3:2(0:0)  
508	01/02
21:00	 Evian
Ajaccio	
-0.75
+0.75
1.95
1.80
 
 	
2.25
1.87
 	
1.87
 	
1.75
3.45
5.10
1.15
1.30
2.00
1.5
1.0
1.95
2.55
1.80
1.47
 	 1:1(0:0)  
509	01/02
21:00	 Reims
Montpellier	
0
0
1.75
2.00
  	
2.0
1.80
1.95
2.50
3.05
2.95
1.38
1.37
1.50
1.0
1.0
1.72
1.87
2.03
1.87
 	 2:4(0:1)  
510	01/02
21:00	 Saint-Etienne
Valenciennes	
-1.25
+1.25
2.00
1.75
 
 	
2.5
1.95
1.80
1.42
4.15
8.90
1.06
1.20
2.75
1.5
1.0
1.57
3.75
2.30
1.25
 	 3:0(1:0)  
511	01/02
21:00	 Sochaux
Nantes	
0
0
1.95
1.80
  	
2.0
1.80
1.95
2.90
3.10
2.60
1.50
1.37
1.40
1.5
1.5
2.95
2.65
1.37
1.44
 	 1:0(1:0)  
512	02/02
15:00	 Nice
Lille	
+0.25
-0.25
1.85
1.90
 
 	
2.0
1.75
2.00
3.40
3.15
2.25
1.60
1.35
1.30
1.5
1.5
3.20
2.55
1.32
1.47
 	 1:0(1:0)  
513	02/02
18:00	 Rennes
Lyon	
0
0
2.00
1.75
  	
2.25
1.80
 	
1.95
 	
2.90
3.20
2.50
1.50
1.35
1.40
1.5
1.5
2.65
2.55
1.42
1.47
 	 2:0(1:0)  
514	02/02
22:00	 Marseille
Toulouse	
-0.75
+0.75
2.00
1.72
 
 	
2.25
1.85
 	
1.90
 	
1.77
3.45
4.95
1.17
1.30
1.97
1.5
1.0
1.87
2.40
1.87
1.52
 	 2:2(2:1) 
516	07/02
21:30	 Toulouse
Saint-Etienne	
0
0
1.87
1.87
  	
2.25
2.05
 	
1.77
 	
2.75
3.10
2.75
1.45
1.38
1.45
1.0
1.0
1.75
1.75
2.00
2.00
 	 0:0(0:0)  
517	08/02
18:00	 Marseille
Bastia	
–1.0
+1.0
1.90
1.85
  	
2.5
1.80
1.95
1.52
3.85
7.25
1.07
1.25
2.45
1.5
1.0
1.63
2.95
2.20
1.37
 	 3:0(2:0)  
518	08/02
21:00	 Ajaccio
Rennes	
+0.25
-0.25
1.95
1.80
 
 	
2.25
1.90
 	
1.85
 	
3.60
3.10
2.20
1.65
1.35
1.27
1.0
1.5
2.00
2.20
1.75
1.63
 	 3:1(2:1)  
519	08/02
21:00	 Guingamp
Reims	
-0.25
+0.25
1.75
2.00
 
 	
2.0
1.80
1.95
2.05
3.10
4.10
1.22
1.35
1.70
1.5
1.0
2.20
2.25
1.62
1.60
 	 1:2(0:0)  
520	08/02
21:00	 Lille
Sochaux	
-1.25
+1.25
1.80
1.95
 
 	
2.5
1.80
1.95
1.30
4.95
11.00
1.02
1.17
3.15
2.5
1.5
2.55
6.00
1.47
1.10
 	 2:0(1:0)  
521	08/02
21:00	 Montpellier
Evian	
-0.75
+0.75
1.80
1.95
 
 	
2.25
1.95
 	
1.80
 	
1.60
3.60
6.50
1.12
1.29
2.20
1.5
1.0
1.77
2.75
1.97
1.42
 	 1:1(1:1)  
522	08/02
21:00	 Valenciennes
Nice	
-0.25
+0.25
1.90
1.85
 
 	
2.25
2.00
 	
1.75
 	
2.30
3.05
3.40
1.30
1.35
1.57
1.5
1.5
2.55
3.05
1.47
1.35
 	 2:1(1:0)  
523	09/02
15:00	 Nantes
Lyon	
0
0
2.00
1.75
  	
2.25
1.90
 	
1.85
 	
3.05
3.10
2.45
1.50
1.35
1.35
1.5
1.5
2.75
2.40
1.42
1.52
 	 1:2(0:1)  
524	09/02
18:00	 Bordeaux
Lorient	
-0.25
+0.25
1.70
2.05
 
 	
2.25
1.90
 	
1.85
 	
2.00
3.15
4.20
1.22
1.35
1.75
1.5
1.0
2.15
2.12
1.65
1.67
 	 cancelled  
525	09/02
22:00	 Monaco
Paris Saint-Germain	
+0.25
-0.25
1.95
1.80
 
 	
2.25
1.75
 	
2.00
 	
3.55
3.25
2.15
1.65
1.33
1.27
1.0
1.5
1.85
2.10
1.90
1.68
 	 1:1(0:1)  
500	14/02
21:30	 Paris Saint-Germain
Valenciennes	
–2.0
+2.0
1.87
1.87
  	
3.0
1.80
1.95
1.16
7.50
18.00
 	
1.09
5.20
2.5
1.0
1.80
5.00
1.95
1.14
 	 3:0(1:0)  
501	15/02
18:00	 Bastia
Monaco	
+0.75
-0.75
1.75
2.00
 
 	
2.25
1.80
 	
1.95
 	
4.75
3.65
1.75
2.00
1.28
1.16
1.0
1.5
2.55
1.80
1.47
1.95
 	 0:2(0:1)  
502	15/02
21:00	 Lorient
Toulouse	
-0.25
+0.25
1.67
2.12
 
 	
2.25
1.87
 	
1.87
 	
1.95
3.25
4.25
1.22
1.33
1.80
1.5
1.0
2.25
2.05
1.60
1.70
 	 1:3(1:0)  
503	15/02
21:00	 Nice
Nantes	
-0.25
+0.25
1.80
1.95
 
 	
2.0
1.80
1.95
2.10
3.10
3.90
1.23
1.35
1.70
1.5
1.0
2.30
2.12
1.57
1.67
 	 0:0(0:0)  
504	15/02
21:00	 Reims
Bordeaux	
0
0
1.85
1.90
  	
2.25
2.05
 	
1.70
 	
2.65
3.05
2.85
1.40
1.37
1.45
1.0
1.0
1.70
1.80
2.05
1.95
 	 1:0(0:0)  
505	15/02
21:00	 Rennes
Montpellier	
0
0
1.75
2.00
  	
2.0
1.75
2.00
2.50
3.10
3.00
1.37
1.35
1.50
1.0
1.0
1.77
1.90
1.97
1.85
 	 2:2(1:0)  
506	15/02
21:00	 Sochaux
Guingamp	
-0.25
+0.25
2.00
1.75
 
 	
2.0
1.77
1.97
2.45
3.10
3.05
1.35
1.37
1.55
1.5
1.5
2.65
2.95
1.44
1.37
 	 1:0(0:0)  
507	16/02
15:00	 Lyon
Ajaccio	
-1.25
+1.25
1.75
2.00
 
 	
2.5
1.80
1.95
1.32
4.95
10.00
1.03
1.17
3.20
2.5
1.5
2.45
6.00
1.50
1.10
 	 3:1(1:0)  
508	16/02
18:00	 Evian
Lille	
+0.25
-0.25
2.05
1.70
 
 	
2.25
2.00
 	
1.75
 	
4.05
3.10
2.05
1.70
1.35
1.22
1.0
1.5
2.35
2.20
1.55
1.62
 	 2:2(1:1)  
509	16/02
22:00	 Saint-Etienne
Marseille	
-0.25
+0.25
1.75
2.00
 
 	
2.25
1.95
 	
1.80
 	
2.05
3.25
3.85
1.25
1.33
1.70
1.5
1.0
2.25
2.00
1.60
1.75
 	 1:1(0:0) 
431	21/02
21:30	 Monaco
Reims	
–1.5
+1.5
1.95
1.80
  	
2.5
1.87
1.87
1.30
5.10
11.50
1.03
1.17
3.45
2.5
1.5
2.45
7.25
1.50
1.07
 	 3:2(1:0)  
432	22/02
18:00	 Marseille
Lorient	
-0.75
+0.75
1.87
1.87
 
 	
2.5
1.87
1.87
1.70
3.60
5.30
1.13
1.30
2.10
1.5
1.0
1.67
2.35
2.12
1.55
 	 1:0(0:0)  
433	22/02
21:00	 Bastia
Saint-Etienne	
+0.25
-0.25
1.95
1.80
 
 	
2.25
1.95
 	
1.80
 	
3.70
3.10
2.15
1.67
1.36
1.27
1.0
1.5
2.12
2.25
1.67
1.60
 	 0:2(0:1)  
434	22/02
21:00	 Bordeaux
Evian	
-0.75
+0.75
1.90
1.85
 
 	
2.25
1.87
 	
1.87
 	
1.67
3.55
5.55
1.12
1.28
2.12
1.5
1.0
1.87
2.65
1.87
1.45
 	 2:1(0:0)  
435	22/02
21:00	 Guingamp
Nice	
-0.25
+0.25
1.70
2.05
 
 	
2.25
2.00
 	
1.75
 	
2.00
3.15
4.20
1.22
1.37
1.75
1.5
1.0
2.20
2.35
1.63
1.55
 	 1:0(0:0)  
436	22/02
21:00	 Montpellier
Ajaccio	
–1.0
+1.0
1.75
2.00
  	
2.5
1.85
1.90
1.43
4.35
8.10
1.07
1.22
2.83
1.5
1.0
1.52
3.50
2.40
1.27
 	 2:0(0:0)  
437	22/02
21:00	 Valenciennes
Sochaux	
-0.25
+0.25
1.63
2.25
 
 	
2.25
1.95
 	
1.85
 	
1.85
3.20
5.00
1.17
1.35
1.95
1.5
1.0
2.10
2.30
1.67
1.57
 	 2:2(0:0)  
438	23/02
15:00	 Toulouse
Paris Saint-Germain	
+1.25
-1.25
1.75
2.00
 
 	
2.5
1.80
1.95
7.80
4.20
1.45
2.65
1.21
1.06
1.0
1.5
2.85
1.52
1.40
2.40
 	 2:4(1:1)  
439	23/02
18:00	 Nantes
Rennes	
-0.25
+0.25
1.87
1.87
 
 	
2.25
1.95
 	
1.80
 	
2.20
3.10
3.60
1.27
1.35
1.65
1.5
1.0
2.25
2.10
1.60
1.67
 	 0:3(0:1)  
440	23/02
22:00	 Lille
Lyon	
-0.25
+0.25
1.80
1.95
 
 	
2.25
1.90
 	
1.85
 	
2.10
3.15
3.85
1.25
1.34
1.70
1.5
1.0
2.15
2.00
1.65
1.75
 	 0:0(0:0)  
449	28/02
21:30	 Evian
Nantes	
-0.25
+0.25
1.80
2.00
 
 	
2.0
1.87
1.87
2.17
3.15
3.65
1.28
1.36
1.68
1.5
1.5
2.45
3.55
1.50
1.27
 	 2:0(0:0)  
450	01/03
18:00	 Saint-Etienne
Monaco	
0
0
1.87
1.87
  	
2.25
2.00
 	
1.75
 	
2.75
3.05
2.75
1.45
1.38
1.45
1.5
1.5
2.65
2.65
1.44
1.44
 	 2:0(1:0)  
451	01/03
21:00	 Lorient
Bastia	
-0.75
+0.75
2.00
1.75
 
 	
2.25
1.75
 	
2.00
 	
1.75
3.50
5.10
1.14
1.30
2.00
1.5
1.0
1.75
2.40
2.00
1.52
 	 1:1(1:0)  
452	01/03
21:00	 Nice
Toulouse	
0
0
1.80
1.95
  	
2.0
1.75
2.00
2.60
3.10
2.90
1.40
1.37
1.50
1.0
1.0
1.77
1.90
1.97
1.85
 	 0:2(0:0)  
453	01/03
21:00	 Reims
Valenciennes	
-0.25
+0.25
1.87
1.87
 
 	
2.25
1.95
 	
1.80
 	
2.20
3.15
3.50
1.30
1.35
1.65
1.5
1.0
2.25
2.10
1.60
1.67
 	 3:1(2:0)  
454	01/03
21:00	 Rennes
Guingamp	
-0.25
+0.25
1.75
2.07
 
 	
2.25
2.00
 	
1.80
 	
2.05
3.20
3.95
1.24
1.35
1.77
1.5
1.0
2.20
2.35
1.62
1.55
 	 0:2(0:1)  
455	01/03
21:00	 Sochaux
Bordeaux	
+0.25
-0.25
1.80
1.95
 
 	
2.0
1.80
1.95
3.40
3.05
2.30
1.57
1.37
1.30
1.5
1.5
3.05
2.55
1.35
1.47
 	 2:0(0:0)  
456	02/03
15:00	 Ajaccio
Lille	
+0.75
-0.75
1.77
1.97
 
 	
2.25
1.95
 	
1.80
 	
5.30
3.40
1.75
2.00
1.30
1.14
1.0
1.5
2.65
1.95
1.44
1.80
 	 2:3(2:2)  
457	02/03
18:00	 Lyon
Montpellier	
-0.75
+0.75
2.05
1.70
 
 	
2.25
1.80
 	
1.95
 	
1.87
3.40
4.45
1.20
1.30
1.87
1.5
1.0
1.87
2.45
1.87
1.50
 	 0:0(0:0)  
458	02/03
22:00	 Paris Saint-Germain
Marseille	
–1.5
+1.5
1.95
1.80
  	
2.75
1.95
 	
1.80
 	
1.30
5.10
11.00
1.02
1.16
3.35
2.5
1.5
2.45
5.85
1.50
1.11
 	 2:0(0:0)  
484	07/03
21:30	 Marseille
Nice	
–1.0
+1.0
1.85
1.90
  	
2.25
1.85
 	
1.95
 	
1.50
3.95
7.55
1.08
1.25
2.55
1.5
1.0
1.65
3.20
2.15
1.32
 	 0:1(0:0)  
485	08/03
17:30	 Bastia
Paris Saint-Germain	
+1.5
–1.5
1.87
1.87
  	
2.75
1.75
 	
2.00
 	
11.00
5.10
1.30
3.20
1.17
1.02
1.5
2.5
6.45
2.35
1.09
1.55
 	 0:3(0:2)  
486	08/03
21:00	 Guingamp
Evian	
-0.75
+0.75
2.05
1.70
 
 	
2.25
2.00
 	
1.75
 	
1.83
3.25
5.00
1.16
1.33
1.93
1.5
1.0
2.05
2.65
1.70
1.45
 	 0:1(0:0)  
487	08/03
21:00	 Monaco
Sochaux	
-1.75
+1.75
1.90
1.85
 
 	
2.75
1.87
 	
1.87
 	
1.22
6.00
14.50
1.01
1.13
4.00
2.5
1.0
2.10
4.45
1.68
1.18
 	 2:1(1:0)  
488	08/03
21:00	 Nantes
Ajaccio	
-0.75
+0.75
1.85
1.90
 
 	
2.25
1.90
 	
1.85
 	
1.65
3.65
5.60
1.12
1.26
2.15
1.5
1.0
1.72
2.95
2.03
1.37
 	 2:2(1:1)  
489	08/03
21:00	 Toulouse
Reims	
-0.75
+0.75
2.05
1.70
 
 	
2.25
1.97
 	
1.77
 	
1.85
3.30
4.75
1.17
1.33
1.90
1.5
1.0
2.00
2.55
1.75
1.47
 	 3:2(0:2)  
490	08/03
21:00	 Valenciennes
Rennes	
-0.25
+0.25
1.85
1.90
 
 	
2.25
2.00
 	
1.75
 	
2.25
3.05
3.55
1.28
1.38
1.60
1.5
1.5
2.55
3.20
1.47
1.32
 	 2:1(0:0)  
491	09/03
15:00	 Lille
Montpellier	
-0.25
+0.25
1.70
2.05
 
 	
2.25
1.90
 	
1.85
 	
2.00
3.20
4.05
1.22
1.35
1.75
1.5
1.0
2.15
2.12
1.65
1.67
 	 2:0(1:0)  
492	09/03
18:00	 Lorient
Saint-Etienne	
0
0
1.97
1.77
  	
2.25
1.95
 	
1.80
 	
2.95
3.10
2.55
1.45
1.37
1.37
1.0
1.0
1.80
1.67
1.95
2.12
 	 1:0(0:0)  
493	09/03
22:00	 Bordeaux
Lyon	
-0.25
+0.25
1.95
1.80
 
 	
2.25
1.95
 	
1.80
 	
2.40
3.10
3.15
1.35
1.37
1.55
1.5
1.5
2.40
2.95
1.52
1.37
 	 1:2(1:0)  
486	14/03
21:30	 Reims
Marseille	
+0.25
-0.25
1.90
1.90
 
 	
2.25
1.95
 	
1.85
 	
3.50
3.10
2.25
1.63
1.37
1.30
1.5
1.5
3.20
2.30
1.32
1.57
 	 1:1(0:0)  
487	15/03
17:30	 Lille
Nantes	
–1.0
+1.0
1.80
1.95
  	
2.25
1.90
 	
1.85
 	
1.45
4.05
8.50
1.07
1.23
2.65
1.5
1.0
1.70
3.95
2.05
1.23
 	 0:0(0:0)  
488	15/03
21:00	 Ajaccio
Guingamp	
0
0
2.00
1.75
  	
2.0
1.75
2.00
3.05
3.00
2.55
1.47
1.35
1.35
1.0
1.0
1.90
1.77
1.85
1.97
 	 1:2(1:1)  
489	15/03
21:00	 Evian
Valenciennes	
-0.25
+0.25
1.85
1.90
 
 	
2.25
1.95
 	
1.80
 	
2.20
3.15
3.55
1.27
1.35
1.65
1.5
1.0
2.25
2.10
1.60
1.67
 	 0:1(0:0)  
490	15/03
21:00	 Nice
Bastia	
-0.25
+0.25
1.80
2.00
 
 	
2.25
2.00
 	
1.80
 	
2.15
3.10
3.80
1.27
1.37
1.70
1.5
1.0
2.25
2.12
1.60
1.67
 	 2:0(1:0)  
491	15/03
21:00	 Rennes
Toulouse	
-0.25
+0.25
1.95
1.80
 
 	
2.25
1.90
 	
1.85
 	
2.35
3.15
3.20
1.32
1.35
1.55
1.5
1.5
2.40
2.95
1.52
1.37
 	 2:3(0:2)  
492	15/03
21:00	 Sochaux
Lorient	
0
0
1.85
1.90
  	
2.25
1.95
 	
1.80
 	
2.65
3.10
2.80
1.40
1.35
1.45
1.5
1.5
2.65
2.85
1.44
1.40
 	 2:0(1:0)  
493	16/03
15:00	 Montpellier
Bordeaux	
-0.25
+0.25
1.65
2.15
 
 	
2.25
2.00
 	
1.75
 	
1.93
3.25
4.40
1.20
1.34
1.85
1.5
1.0
2.20
2.35
1.63
1.55
 	 1:1(1:1)  
494	16/03
18:00	 Lyon
Monaco	
0
0
1.80
1.95
  	
2.25
1.95
 	
1.80
 	
2.60
3.15
2.85
1.40
1.37
1.45
1.0
1.0
1.67
1.80
2.12
1.95
 	 2:3(1:2)  
495	16/03
22:00	 Paris Saint-Germain
Saint-Etienne	
-1.25
+1.25
1.85
1.90
 
 	
2.75
1.95
 	
1.80
 	
1.33
5.00
9.50
1.03
1.17
3.20
2.5
1.5
2.55
5.30
1.47
1.14
 	 2:0(2:0) 
460	21/03
21:30	 Lorient
Paris Saint-Germain	
+1.25
-1.25
1.95
1.85
 
 	
2.75
1.85
 	
1.95
 	
8.90
4.45
1.40
2.95
1.20
1.07
1.0
2.5
2.75
2.55
1.42
1.47
 	 0:1(0:1)  
461	22/03
18:00	 Marseille
Rennes	
-0.75
+0.75
1.85
1.95
 
 	
2.5
1.95
1.80
1.67
3.65
5.60
1.14
1.29
2.20
1.5
1.0
1.75
2.40
2.00
1.52
 	 0:1(0:0)  
462	22/03
21:00	 Bastia
Reims	
-0.25
+0.25
1.85
1.90
 
 	
2.25
1.95
 	
1.80
 	
2.15
3.20
3.60
1.27
1.36
1.67
1.5
1.0
2.20
2.05
1.63
1.70
 	 2:0(2:0)  
463	22/03
21:00	 Bordeaux
Nice	
-0.75
+0.75
1.95
1.80
 
 	
2.25
1.95
 	
1.80
 	
1.72
3.45
5.40
1.15
1.32
2.03
1.5
1.0
1.90
2.55
1.85
1.47
 	 1:1(0:0)  
464	22/03
21:00	 Nantes
Montpellier	
0
0
1.85
1.90
  	
2.0
1.85
1.90
2.75
2.97
2.85
1.43
1.40
1.45
1.5
1.5
2.65
2.75
1.44
1.42
 	 2:1(2:1)  
465	22/03
21:00	 Toulouse
Evian	
-0.75
+0.75
1.85
1.90
 
 	
2.25
1.80
 	
1.95
 	
1.67
3.60
5.55
1.13
1.30
2.15
1.5
1.0
1.80
2.55
1.95
1.47
 	 1:1(0:0)  
466	22/03
21:00	 Valenciennes
Ajaccio	
–1.0
+1.0
1.87
1.87
  	
2.5
1.95
1.80
1.50
4.00
7.25
1.07
1.23
2.50
1.5
1.0
1.65
3.50
2.15
1.27
 	 2:3(0:0)  
467	23/03
15:00	 Saint-Etienne
Sochaux	
-1.25
+1.25
2.00
1.75
 
 	
2.5
1.95
1.80
1.43
4.25
8.10
1.06
1.20
2.75
1.5
1.0
1.57
3.75
2.30
1.25
 	 3:1(0:0)  
468	23/03
18:00	 Guingamp
Lyon	
0
0
1.90
1.85
  	
2.25
1.95
 	
1.80
 	
2.80
3.05
2.70
1.45
1.37
1.40
1.0
1.0
1.80
1.67
1.95
2.12
 	 0:1(0:0)  
469	23/03
22:00	 Monaco
Lille	
-0.75
+0.75
2.05
1.70
 
 	
2.25
1.85
 	
1.90
 	
1.85
3.40
4.55
1.18
1.30
1.90
1.5
1.0
1.95
2.40
1.80
1.52
 	 1:1(1:1)
488	28/03
21:30	 Nice
Paris Saint-Germain	
+1.25
-1.25
1.95
1.85
 
 	
2.5
1.80
1.95
9.10
4.75
1.37
3.10
1.19
1.05
1.0
1.5
3.05
1.45
1.35
2.65
 	 0:1(0:0)  
489	29/03
18:00	 Sochaux
Marseille	
+0.25
-0.25
1.90
1.85
 
 	
2.25
1.87
 	
1.87
 	
3.60
3.20
2.15
1.67
1.36
1.27
1.0
1.5
2.05
2.20
1.70
1.63
 	 1:1(1:0)  
490	29/03
21:00	 Ajaccio
Toulouse	
+0.25
-0.25
2.15
1.70
 
 	
2.5
1.95
1.80
4.10
3.40
1.95
1.85
1.32
1.23
1.0
1.5
2.30
2.05
1.57
1.70
 	 2:2(2:1)  
491	29/03
21:00	 Evian
Monaco	
+0.75
-0.75
1.70
2.05
 
 	
2.25
1.95
 	
1.80
 	
4.70
3.30
1.85
1.90
1.30
1.17
1.0
1.5
2.45
1.95
1.50
1.80
 	 1:0(0:0)  
492	29/03
21:00	 Montpellier
Valenciennes	
-0.75
+0.75
1.95
1.80
 
 	
2.25
1.87
 	
1.87
 	
1.75
3.45
5.10
1.15
1.30
2.00
1.5
1.0
1.95
2.65
1.80
1.44
 	 0:0(0:0)  
493	29/03
21:00	 Nantes
Bordeaux	
0
0
1.77
1.97
  	
2.0
1.80
1.95
2.55
3.10
2.95
1.37
1.37
1.47
1.5
1.5
2.65
2.95
1.44
1.37
 	 0:0(0:0)  
494	29/03
21:00	 Reims
Lorient	
0
0
1.75
2.00
  	
2.25
1.90
 	
1.90
 	
2.45
3.17
3.05
1.37
1.36
1.55
1.5
1.5
2.45
2.80
1.50
1.40
 	 1:1(0:1)  
495	30/03
15:00	 Rennes
Bastia	
-0.25
+0.25
1.67
2.12
 
 	
2.25
1.87
 	
1.87
 	
1.90
3.35
4.30
1.20
1.33
1.85
1.5
1.0
2.00
2.20
1.75
1.63
 	 3:0(2:0)  
496	30/03
18:00	 Lille
Guingamp	
–1.0
+1.0
1.95
1.80
  	
2.0
1.75
2.00
1.57
3.65
6.85
1.09
1.27
2.30
 1.0
1.0
1.72
1.87
2.03
1.87
 	 1:0(0:0)  
497	30/03
22:00	 Lyon
Saint-Etienne	
-0.25
+0.25
2.00
1.75
 
 	
2.25
2.00
 	
1.75
 	
2.40
3.10
3.15
1.35
1.37
1.55
1.0
1.0
1.72
1.87
2.03
1.87
 	 1:2(1:1)  
496	04/04
21:30	 Marseille
Ajaccio	
–1.5
+1.5
1.95
1.80
  	
2.75
1.90
 	
1.90
 	
1.33
4.90
10.50
1.04
1.18
3.30
2.5
1.0
2.65
3.75
1.44
1.25
 	 3:1(1:0)  
497	05/04
18:00	 Paris Saint-Germain
Reims	
-1.75
+1.75
2.00
1.75
 
 	
2.75
1.85
 	
1.90
 	
1.25
5.50
13.50
1.01
1.13
3.75
2.5
1.0
2.05
4.00
1.70
1.22
 	 3:0(1:0)  
498	05/04
21:00	 Bastia
Sochaux	
-0.25
+0.25
1.85
1.90
 
 	
2.25
1.77
 	
1.97
 	
2.20
3.20
3.50
1.28
1.33
1.65
1.5
1.0
2.20
2.00
1.63
1.75
 	 2:2(0:2)  
499	05/04
21:00	 Bordeaux
Rennes	
-0.25
+0.25
1.75
2.07
 
 	
2.25
1.95
 	
1.85
 	
2.05
3.05
4.25
1.23
1.38
1.77
1.5
1.0
2.20
2.35
1.63
1.55
 	 2:2(1:0)  
500	05/04
21:00	 Guingamp
Montpellier	
0
0
1.75
2.00
  	
2.0
1.85
1.90
2.60
2.95
3.00
1.37
1.39
1.45
1.0
1.0
1.80
1.90
1.95
1.85
 	 1:2(0:2)  
501	05/04
21:00	 Lorient
Evian	
-0.75
+0.75
2.00
1.75
 
 	
2.25
1.87
 	
1.87
 	
1.80
3.40
4.90
1.15
1.30
1.95
1.5
1.0
2.00
2.55
1.75
1.47
 	 1:1(1:0)  
502	05/04
21:00	 Toulouse
Lille	
0
0
1.85
1.90
  	
2.25
1.95
 	
1.80
 	
2.70
3.10
2.75
1.42
1.35
1.45
1.5
1.5
2.75
2.85
1.42
1.40
 	 1:2(0:2)  
503	06/04
15:00	 Saint-Etienne
Nice	
–1.0
+1.0
1.95
1.80
  	
2.25
1.85
 	
1.90
 	
1.55
3.80
6.85
1.08
1.26
2.40
1.5
1.0
1.75
3.05
2.00
1.35
 	 1:1(0:0)  
504	06/04
18:00	 Valenciennes
Lyon	
0
0
1.95
1.80
  	
2.25
1.85
 	
1.90
 	
2.85
3.15
2.60
1.47
1.33
1.40
1.5
1.5
2.75
2.55
1.42
1.47
 	 1:2(0:1)  
505	06/04
22:00	 Monaco
Nantes	
-1.25
+1.25
1.90
1.85
 
 	
2.25
1.75
 	
2.00
 	
1.40
4.30
9.30
1.05
1.20
2.85
1.5
1.0
1.55
3.75
2.35
1.25
 	 3:1(1:0)  
548	11/04
21:30	 Montpellier
Marseille	
-0.25
+0.25
1.95
1.85
 
 	
2.25
1.95
 	
1.85
 	
2.32
3.15
3.30
1.34
1.36
1.60
1.5
1.5
2.35
2.95
1.55
1.37
 	 2:3(0:1)  
549	12/04
18:00	 Lille
Valenciennes	
-0.75
+0.75
1.75
2.00
 
 	
2.5
1.95
1.80
1.57
3.75
6.45
1.09
1.25
2.30
1.5
1.5
1.70
4.25
2.05
1.20
 	 1:0(0:0)  
550	12/04
21:00	 Ajaccio
Bordeaux	
+0.25
-0.25
2.05
1.70
 
 	
2.5
2.00
1.75
3.85
3.35
2.00
1.75
1.32
1.25
1.0
1.5
2.00
2.05
1.75
1.72
 	 1:1(0:0)  
551	12/04
21:00	 Evian
Bastia	
-0.25
+0.25
1.65
2.15
 
 	
2.25
1.90
 	
1.85
 	
1.93
3.20
4.45
1.18
1.35
1.83
1.5
1.5
2.05
3.30
1.70
1.30
 	 2:1(1:1)  
552	12/04
21:00	 Nice
Lorient	
-0.25
+0.25
2.00
1.75
 
 	
2.25
1.95
 	
1.80
 	
2.45
3.05
3.10
1.35
1.37
1.50
1.5
1.5
2.45
2.95
1.50
1.37
 	 1:2(1:1)  
553	12/04
21:00	 Rennes
Monaco	
+0.25
-0.25
1.85
1.90
 
 	
2.25
1.75
 	
2.00
 	
3.35
3.25
2.25
1.60
1.35
1.33
1.0
1.5
1.80
2.20
1.95
1.63
 	 0:1(0:0)  
554	12/04
21:00	 Sochaux
Toulouse	
0
0
1.75
2.00
  	
2.5
1.85
1.90
2.50
3.25
2.90
1.40
1.34
1.50
1.5
1.5
2.40
2.55
1.53
1.47
 	 2:0(1:0)  
555	13/04
15:00	 Nantes
Guingamp	
-0.25
+0.25
1.95
1.80
 
 	
2.0
2.00
1.75
2.40
2.90
3.40
1.30
1.38
1.55
1.0
1.0
1.87
2.00
1.87
1.75
 	 1:0(1:0)  
556	13/04
18:00	 Reims
Saint-Etienne	
+0.25
-0.25
1.95
1.80
 
 	
2.25
2.00
 	
1.75
 	
3.80
3.05
2.15
1.65
1.35
1.25
1.0
1.5
2.10
2.25
1.67
1.60
 	 2:2(1:0)  
557	13/04
22:00	 Lyon
Paris Saint-Germain	
+0.75
-0.75
1.75
2.00
 
 	
2.5
1.90
1.85
4.75
3.55
1.78
1.97
1.30
1.17
1.0
1.5
2.25
1.80
1.60
1.95
 	 1:0(1:0) 
503	18/04
21:30	 Saint-Etienne
Rennes	
–1.0
+1.0
1.87
1.87
  	
2.5
1.95
1.80
1.52
3.95
7.10
1.10
1.25
2.50
1.5
1.0
1.65
3.20
2.15
1.32
 	 0:0(0:0)  
504	20/04
15:00	 Monaco
Nice	
-1.25
+1.25
2.00
1.75
 
 	
2.5
1.95
1.80
1.42
4.30
8.00
1.06
1.20
2.80
2.0
1.0
2.00
3.30
1.75
1.30
 	 1:0(1:0)  
505	20/04
18:00	 Bastia
Ajaccio	
-0.75
+0.75
2.05
1.70
 
 	
2.5
1.87
1.87
1.85
3.50
4.40
1.18
1.30
1.90
1.5
1.0
1.87
2.15
1.87
1.65
 	 2:1(1:1)  
506	20/04
18:00	 Bordeaux
Guingamp	
-0.25
+0.25
1.70
2.05
 
 	
2.25
2.00
 	
1.75
 	
2.05
3.10
4.10
1.22
1.35
1.70
1.5
1.0
2.20
2.35
1.62
1.55
 	 5:1(3:1)  
507	20/04
18:00	 Lorient
Montpellier	
-0.25
+0.25
1.90
1.85
 
 	
2.25
1.90
 	
1.85
 	
2.25
3.15
3.40
1.30
1.35
1.60
1.5
1.5
2.40
3.20
1.52
1.32
 	 4:4(1:1)  
508	20/04
18:00	 Reims
Sochaux	
-0.25
+0.25
1.95
1.80
 
 	
2.25
1.85
 	
1.90
 	
2.30
3.20
3.25
1.33
1.33
1.57
1.5
1.5
2.35
2.75
1.55
1.42
 	 0:1(0:1)  
509	20/04
18:00	 Valenciennes
Nantes	
-0.25
+0.25
1.65
2.15
 
 	
2.25
1.95
 	
1.80
 	
1.90
3.25
4.50
1.18
1.35
1.85
1.5
1.5
2.05
3.30
1.70
1.30
 	 2:6(0:3)  
510	20/04
22:00	 Marseille
Lille	
-0.25
+0.25
1.85
1.90
 
 	
2.25
1.90
 	
1.85
 	
2.15
3.20
3.60
1.27
1.36
1.67
1.5
1.0
2.20
2.05
1.63
1.70
 	 0:0(0:0)  
445	23/04
19:30	 Paris Saint-Germain
Evian	
–2.0
+2.0
2.00
1.75
  	
3.0
1.90
1.85
1.18
6.90
16.50
1.01
1.10
4.75
2.5
1.0
1.87
4.55
1.87
1.17
 	 1:0(0:0)  
446	23/04
19:30	 Toulouse
Lyon	
0
0
2.00
1.75
  	
2.5
1.85
1.90
2.90
3.25
2.50
1.50
1.34
1.40
1.5
1.5
2.65
2.35
1.44
1.55
 	 0:0(0:0)  
447	25/04
21:30	 Nantes
Marseille	
+0.25
-0.25
1.75
2.00
 
 	
2.0
1.75
2.00
3.20
3.05
2.40
1.55
1.37
1.33
1.0
1.0
1.87
1.72
1.87
2.03
 	 1:1(0:1)  
448	26/04
21:00	 Evian
Saint-Etienne	
+0.25
-0.25
2.00
1.75
 
 	
2.25
1.90
 	
1.85
 	
3.75
3.20
2.10
1.70
1.33
1.25
1.0
1.5
2.05
2.25
1.70
1.60
 	 1:2(0:2)  
449	26/04
21:00	 Guingamp
Valenciennes	
-0.25
+0.25
1.65
2.15
 
 	
2.25
1.90
 	
1.85
 	
1.93
3.20
4.45
1.18
1.35
1.80
1.5
1.5
2.05
3.30
1.70
1.30
 	 1:0(0:0)  
450	26/04
21:00	 Montpellier
Toulouse	
-0.25
+0.25
1.75
2.00
 
 	
2.5
1.87
1.87
2.05
3.35
3.70
1.25
1.30
1.70
1.5
1.0
2.00
2.00
1.75
1.75
 	 2:1(0:1)  
451	26/04
21:00	 Nice
Reims	
-0.25
+0.25
1.67
2.12
 
 	
2.25
2.00
 	
1.75
 	
1.95
3.15
4.35
1.20
1.37
1.80
1.5
1.0
2.20
2.35
1.63
1.55
 	 1:0(0:0)  
452	26/04
21:00	 Rennes
Lorient	
-0.25
+0.25
1.67
2.12
 
 	
2.5
1.87
1.87
1.95
3.40
4.05
1.22
1.33
1.80
1.5
1.0
1.90
1.95
1.85
1.80
 	 1:1(0:1)  
453	27/04
15:00	 Sochaux
Paris Saint-Germain	
+1.25
-1.25
1.87
1.87
 
 	
2.75
1.75
 	
2.00
 	
9.00
4.70
1.37
2.95
1.18
1.05
1.0
2.5
2.85
2.25
1.40
1.60
 	 1:1(0:1)  
454	27/04
18:00	 Lyon
Bastia	
–1.0
+1.0
1.85
1.90
  	
2.75
1.87
 	
1.87
 	
1.50
4.15
6.85
1.09
1.22
2.50
1.5
1.0
1.50
2.65
2.45
1.45
 	 4:1(2:0)  
455	27/04
22:00	 Lille
Bordeaux	
-0.75
+0.75
1.95
1.80
 
 	
2.25
1.90
 	
1.85
 	
1.72
3.45
5.40
1.15
1.32
2.05
1.5
1.0
1.90
2.55
1.85
1.47
 	 2:1(1:0)  
484	02/05
21:30	 Bastia
Lille	
+0.75
-0.75
2.00
1.80
 
 	
2.5
2.00
1.75
5.60
3.85
1.63
2.25
1.29
1.13
1.0
1.5
2.40
1.77
1.52
1.97
 	 1:1(0:1)  
485	04/05
15:00	 Saint-Etienne
Montpellier	
-0.75
+0.75
1.80
1.95
 
 	
2.5
1.80
1.95
1.60
3.85
5.85
1.12
1.27
2.25
1.5
1.0
1.70
2.25
2.05
1.60
 	 2:0(0:0)  
486	04/05
18:00	 Lorient
Ajaccio	
-1.25
+1.25
1.90
1.85
 
 	
2.75
1.80
 	
1.95
 	
1.40
4.55
8.10
1.05
1.20
2.85
1.5
1.0
1.47
2.85
2.55
1.40
 	 1:0(1:0)  
487	04/05
18:00	 Reims
Evian	
0
0
1.77
1.97
  	
2.25
1.80
 	
1.95
 	
2.55
3.20
2.85
1.40
1.35
1.47
1.5
1.5
2.55
2.65
1.47
1.42
 	 1:0(1:0)  
488	04/05
18:00	 Sochaux
Nice	
-0.75
+0.75
2.12
1.67
 
 	
2.25
1.75
 	
2.00
 	
1.87
3.40
4.40
1.20
1.31
1.90
1.5
1.0
1.95
2.05
1.80
1.70
 	 2:0(1:0)  
489	04/05
18:00	 Toulouse
Nantes	
-0.75
+0.75
2.15
1.65
 
 	
2.5
1.85
1.90
1.93
3.40
4.10
1.20
1.33
1.83
1.5
1.0
1.85
2.00
1.90
1.75
 	 1:1(0:1)  
490	04/05
18:00	 Valenciennes
Bordeaux	
0
0
2.00
1.75
  	
2.5
1.87
1.87
2.85
3.30
2.50
1.50
1.33
1.40
1.5
1.5
2.65
2.45
1.44
1.50
 	 0:1(0:0)  
491	04/05
22:00	 Marseille
Lyon	
-0.25
+0.25
1.95
1.80
 
 	
2.5
1.95
1.80
2.25
3.25
3.30
1.30
1.35
1.60
1.5
1.0
2.15
1.87
1.65
1.87
 	 4:2(2:1)  
400	07/05
20:00	 Monaco
Guingamp	
-0.75
+0.75
1.90
1.85
 
 	
2.5
1.97
1.77
1.72
3.75
4.90
1.15
1.27
2.05
1.5
1.0
1.67
2.25
2.12
1.60
 	 1:1(0:0)  
401	07/05
22:00	 Paris Saint-Germain
Rennes	
–2.0
+2.0
1.90
1.85
  	
3.0
1.75
2.00
1.20
6.80
14.00
1.01
1.10
4.30
2.5
1.0
1.95
4.00
1.80
1.22
 	 1:2(1:2)  
1145	10/05
22:00	 Bordeaux
Marseille	
0
0
1.95
1.80
  	
2.5
1.90
1.85
2.85
3.25
2.50
1.47
1.33
1.37
 4.05
3.50
1.90
1.85
1.28
1.22
 	 1:1(0:1)  
1149	10/05
22:00	 Lyon
Lorient	
–1.0
+1.0
1.90
1.85
  	
2.75
1.90
 	
1.85
 	
1.52
4.05
6.30
1.09
1.22
2.40
 4.05
3.50
1.90
1.85
1.28
1.22
 	 0:1(0:0)  
1150	10/05
22:00	 Montpellier
Bastia	
-0.75
+0.75
1.80
1.95
 
 	
2.5
1.70
2.05
1.60
3.85
5.60
1.12
1.25
2.25
 4.05
3.50
1.90
1.85
1.28
1.22
 	 0:2(0:1)  
1151	10/05
22:00	 Nantes
Saint-Etienne	
+0.25
-0.25
2.15
1.65
 
 	
2.5
1.87
1.87
4.05
3.50
1.90
1.85
1.28
1.22
 4.05
3.50
1.90
1.85
1.28
1.22
 	 1:3(0:3)  
530	10/05
22:00	 AC Ajaccio
Reims	
+0.25
-0.25
1.75
2.07
 
 	
2.5
1.80
1.95
3.05
3.25
2.40
1.55
1.32
1.35
1.5
1.5
2.75
2.10
1.42
1.68
 	 2:1(2:1)  
531	10/05
22:00	 Bordeaux
Marseille	
+0.25
-0.25
1.77
2.05
 
 	
2.5
1.95
1.80
2.95
3.35
2.40
1.55
1.35
1.37
1.5
1.5
2.45
2.35
1.50
1.55
 	 1:1(0:1)  
532	10/05
22:00	 Evian TG
Nice	
–1.0
+1.0
1.87
1.87
  	
2.25
1.85
 	
1.90
 	
1.50
4.05
7.25
1.08
1.30
2.50
1.5
1.5
1.80
3.75
1.95
1.23
 	 2:0(1:0)  
533	10/05
22:00	 Guingamp
Toulouse	
-0.75
+0.75
1.90
1.85
 
 	
2.5
1.80
1.95
1.72
3.70
5.00
1.15
1.28
2.10
1.5
1.5
1.80
3.20
1.95
1.32
 	 2:0(2:0)  
534	10/05
22:00	 Lille
PSG	
0
0
1.90
1.85
  	
2.25
1.80
 	
1.95
 	
2.75
3.25
2.63
1.45
1.33
1.42
1.5
1.5
2.45
2.20
1.50
1.63
 	 1:3(0:1)  
535	10/05
22:00	 Lyon
Lorient	
-1.25
+1.25
1.80
1.95
 
 	
3.0
1.95
1.80
1.38
4.75
8.50
1.05
1.18
2.95
2.5
1.5
2.35
3.75
1.55
1.23
 	 0:1(0:0)  
536	10/05
22:00	 Montpellier
SC Bastia	
–1.0
+1.0
1.90
1.85
  	
2.75
1.80
 	
2.00
 	
1.57
4.10
5.85
1.12
1.25
2.35
1.5
1.5
1.50
3.20
2.45
1.32
 	 0:2(0:1)  
537	10/05
22:00	 Nantes
Saint-Etienne	
+0.25
-0.25
2.15
1.67
 
 	
2.5
1.95
1.80
4.10
3.45
1.93
1.83
1.33
1.21
1.5
1.5
3.05
1.85
1.35
1.90
 	 1:3(0:3)  
538	10/05
22:00	 Rennes
Sochaux-Montbeliard	
+0.25
-0.25
1.85
1.95
 
 	
2.5
1.75
2.00
3.05
3.45
2.30
1.57
1.33
1.35
1.5
1.5
2.40
2.30
1.52
1.57
 	 1:2(0:1)  
539	10/05
22:00	 Valenciennes FC
AS Monaco	
+0.25
-0.25
2.00
1.80
 
 	
2.5
1.85
1.90
3.55
3.40
2.10
1.70
1.32
1.27
1.5
1.5
3.05
2.00
1.35
1.75
 	 1:2(0:1)  
446	17/05
22:00	 SC Bastia
Nantes	
-0.25
+0.25
1.90
1.85
 
 	
2.75
2.00
 	
1.75
 	
2.20
3.45
3.25
1.33
1.30
1.65
1.5
1.5
2.00
2.45
1.75
1.50
 	 0:0(0:0)  
447	17/05
22:00	 Lorient
Lille	
+0.75
-0.75
1.95
1.80
 
 	
2.25
1.75
 	
2.00
 	
5.55
3.65
1.65
2.15
1.25
1.12
1.5
1.5
4.25
1.70
1.20
2.05
 	 1:4(1:1)  
448	17/05
22:00	 Marseille
Guingamp	
-1.25
+1.25
2.00
1.75
 
 	
2.75
1.95
 	
1.80
 	
1.42
4.40
7.80
1.06
1.21
2.75
1.5
1.5
1.45
4.75
2.57
1.16
 	 1:0(0:0)  
449	17/05
22:00	 AS Monaco
Bordeaux	
-0.75
+0.75
2.00
1.77
 
 	
2.5
1.85
1.90
1.77
3.75
4.55
1.17
1.25
2.00
1.5
1.5
1.67
3.20
2.12
1.32
 	 1:1(0:1)  
450	17/05
22:00	 Nice
Lyon	
+0.75
-0.75
1.75
2.00
 
 	
2.5
1.95
1.80
4.75
3.65
1.75
2.05
1.28
1.18
1.5
1.5
3.30
1.75
1.30
2.00
 	 0:1(0:1)  
451	17/05
22:00	 PSG
Montpellier	
-1.75
+1.75
2.00
1.75
 
 	
3.25
1.87
 	
1.87
 	
1.27
6.00
9.70
1.03
1.13
3.55
2.5
1.5
2.00
5.00
1.75
1.14
 	 4:0(2:0)  
452	17/05
22:00	 Reims
Rennes	
-0.25
+0.25
1.90
1.85
 
 	
2.75
1.95
 	
1.80
 	
2.25
3.40
3.20
1.30
1.33
1.60
1.5
1.5
2.00
2.55
1.75
1.47
 	 1:3(0:1)  
453	17/05
22:00	 Saint-Etienne
AC Ajaccio	
–2.0
+2.0
1.80
1.95
  	
3.25
1.90
 	
1.85
 	
1.16
7.70
16.00
1.01
1.08
4.75
2.5
1.5
1.67
6.00
2.12
1.10
 	 3:1(2:0)  
454	17/05
22:00	 Sochaux-Montbeliard
Evian TG	
-0.25
+0.25
1.60
2.25
 
 	
2.25
1.80
 	
1.95
 	
1.83
3.60
4.40
1.20
1.30
1.95
1.5
1.5
1.87
3.20
1.87
1.32
 	 0:3(0:2)  
455	17/05
22:00	 Toulouse
Valenciennes FC	
–1.0
+1.0
1.95
1.80
  	
3.0
1.95
1.80
1.57
4.05
5.85
1.12
1.23
2.30
1.5
1.5
1.52
3.05
2.40
1.35
 	 3:1(2:0)  