343	04/10
21:00	 Villarreal
Granada	
-1.25
+1.25
2.00
1.75
 
 	
2.75
1.95
 	
1.80
 	
1.45
4.30
7.50
1.08
1.22
2.75
1.5
1.0
1.57
2.80
2.30
1.40
 	 3:0(1:0)  
344	04/10
23:00	 Malaga
Osasuna	
-0.75
+0.75
1.75
2.00
 
 	
2.5
1.95
1.80
1.60
3.70
5.70
1.12
1.25
2.25
1.5
1.0
1.80
2.65
1.95
1.45
 	 0:1(0:1)  
345	05/10
17:00	 Elche
Espanyol	
0
0
1.80
1.95
  	
2.25
1.95
 	
1.80
 	
2.60
3.20
2.80
1.45
1.35
1.50
1.0
1.0
1.75
1.85
2.00
1.90
 	 2:1(1:0)  
346	05/10
19:00	 Rayo Vallecano
Real Sociedad	
0
0
1.95
1.80
  	
2.75
1.90
 	
1.85
 	
2.70
3.40
2.50
1.50
1.30
1.45
1.5
1.5
2.25
2.15
1.62
1.65
 	 1:0(0:0)  
347	05/10
21:00	 Levante
Real Madrid	
+1.5
–1.5
1.85
1.90
  	
3.0
1.85
1.90
9.00
5.30
1.33
3.40
1.16
1.06
1.0
2.5
2.65
2.15
1.45
1.70
 	 2:3(0:0)  
348	05/10
23:00	 Barcelona
Real Valladolid	
–2.5
+2.5
1.90
1.90
  	
3.5
1.85
1.95
1.10
10.00
25.00
1.01
1.05
7.20
3.0
1.0
1.85
5.00
1.95
1.15
 	 4:1(1:1)  
349	06/10
13:00	 Atletico Madrid
Celta	
-1.75
+1.75
1.75
2.00
 
 	
3.25
1.95
 	
1.80
 	
1.20
6.30
14.00
1.02
1.11
4.40
2.5
1.0
1.87
3.60
1.87
1.27
 	 2:1(1:0)  
350	06/10
18:00	 Sevilla
Almeria	
–1.0
+1.0
1.85
1.90
  	
3.0
1.80
1.95
1.53
4.50
5.50
1.14
1.20
2.50
2.0
1.0
1.85
2.00
1.90
1.75
 	 2:1(1:1)  
351	06/10
20:00	 Getafe
Real Betis	
0
0
1.80
1.95
  	
2.25
1.75
 	
2.00
 	
2.50
3.30
2.75
1.42
1.32
1.50
1.0
1.0
1.62
1.72
2.20
2.05
 	 3:1(3:0)  
352	06/10
22:00	 Athletic Bilbao
Valencia	
-0.25
+0.25
1.85
1.95
 
 	
2.75
1.85
 	
1.90
 	
2.10
3.60
3.20
1.33
1.27
1.70
1.5
1.0
1.90
1.65
1.85
2.15
 	 1:1(0:1)  
534	19/10
17:00	 Real Madrid
Malaga	
-2.25
+2.25
1.95
1.85
 
 	
3.75
1.87
 	
1.87
 	
1.18
7.50
15.00
1.02
1.10
5.00
3.0
1.0
1.90
3.00
1.85
1.37
 	 2:0(0:0)  
535	19/10
19:00	 Valencia
Real Sociedad	
-0.25
+0.25
1.65
2.15
 
 	
2.75
1.90
 	
1.85
 	
1.90
3.60
3.80
1.25
1.27
1.85
1.5
1.0
1.85
1.80
1.90
1.95
 	 1:2(0:1)  
536	19/10
21:00	 Osasuna
Barcelona	
+1.75
-1.75
1.80
1.95
 
 	
3.25
1.95
 	
1.80
 	
11.50
5.70
1.27
3.85
1.14
1.04
1.0
2.5
2.80
2.00
1.40
1.75
 	 0:0(0:0)  
537	19/10
23:00	 Espanyol
Atletico Madrid	
+0.75
-0.75
1.80
2.00
 
 	
2.25
1.90
 	
1.85
 	
5.00
3.50
1.75
2.10
1.30
1.17
1.0
1.5
2.60
2.00
1.46
1.75
 	 1:0(0:0)  
538	20/10
13:00	 Granada
Getafe	
-0.25
+0.25
1.85
1.95
 
 	
2.25
2.00
 	
1.80
 	
2.20
3.20
3.60
1.30
1.37
1.70
1.0
1.0
1.60
2.15
2.25
1.65
 	 0:2(0:0)  
539	20/10
18:00	 Almeria
Rayo Vallecano	
-0.25
+0.25
1.75
2.00
 
 	
2.75
1.75
 	
2.00
 	
2.00
3.60
3.60
1.30
1.30
1.80
1.5
1.0
1.80
1.62
1.95
2.20
 	 0:1(0:0)  
540	20/10
20:00	 Real Betis
Elche	
-0.75
+0.75
1.95
1.80
 
 	
2.5
1.95
1.80
1.75
3.60
4.70
1.18
1.28
2.05
1.5
1.0
1.87
2.35
1.87
1.55
 	 1:2(1:2)  
541	20/10
22:00	 Real Valladolid
Sevilla	
0
0
1.95
1.80
  	
2.5
1.87
1.87
2.70
3.40
2.50
1.50
1.30
1.45
1.5
1.5
2.60
2.30
1.46
1.57
 	 2:2(0:2)  
542	21/10
21:00	 Celta
Levante	
-0.25
+0.25
1.75
2.05
 
 	
2.25
1.87
 	
1.87
 	
2.05
3.30
3.70
1.27
1.32
1.75
1.5
1.0
2.20
2.15
1.62
1.65
 	 0:1(0:0)  
543	21/10
23:00	 Athletic Bilbao
Villarreal	
-0.25
+0.25
1.85
1.90
 
 	
2.75
1.90
 	
1.85
 	
2.15
3.50
3.20
1.33
1.30
1.70
1.5
1.0
1.95
1.65
1.80
2.20
 	 2:0(2:0)  
354	25/10
22:00	 Rayo Vallecano
Real Valladolid	
-0.25
+0.25
1.72
2.05
 
 	
2.5
1.87
1.87
2.00
3.50
3.60
1.28
1.30
1.80
1.5
1.0
2.00
1.90
1.75
1.85
 	 0:3(0:2)  
355	26/10
17:00	 Malaga
Celta	
-0.75
+0.75
2.00
1.75
 
 	
2.5
1.87
1.87
1.80
3.60
4.20
1.20
1.27
1.95
1.5
1.0
1.85
2.15
1.90
1.65
 	 0:5(0:2)  
356	26/10
19:00	 Barcelona
Real Madrid	
-0.75
+0.75
1.95
1.90
 
 	
3.0
1.72
2.05
1.75
4.20
4.30
1.25
1.25
2.15
2.0
1.0
2.00
1.62
1.75
2.25
 	 2:1(1:0)  
357	26/10
21:00	 Elche
Granada	
-0.25
+0.25
1.72
2.05
 
 	
2.25
1.87
 	
1.87
 	
2.00
3.30
3.80
1.25
1.32
1.80
1.5
1.0
2.15
2.30
1.65
1.57
 	 0:1(0:1)  
358	26/10
23:00	 Levante
Espanyol	
-0.25
+0.25
2.00
1.75
 
 	
2.0
1.85
1.90
2.45
3.20
3.00
1.37
1.35
1.51
1.0
1.0
1.72
2.00
2.05
1.75
 	 3:0(2:0)  
359	27/10
13:00	 Sevilla
Osasuna	
–1.0
+1.0
1.85
1.90
  	
2.75
1.90
 	
1.85
 	
1.53
4.00
6.50
1.11
1.25
2.50
2.0
1.0
2.10
2.50
1.70
1.50
 	 2:1(0:0)  
360	27/10
18:00	 Villarreal
Valencia	
-0.25
+0.25
1.80
2.00
 
 	
2.75
1.95
 	
1.80
 	
2.05
3.50
3.50
1.30
1.30
1.75
1.5
1.0
1.95
1.85
1.80
1.90
 	 4:1(2:0)  
361	27/10
20:00	 Real Sociedad
Almeria	
–1.0
+1.0
2.00
1.75
  	
2.75
1.85
 	
1.90
 	
1.60
4.00
5.50
1.14
1.25
2.35
2.0
1.0
2.15
2.20
1.65
1.62
 	 3:0(1:0)  
362	27/10
22:00	 Atletico Madrid
Real Betis	
-1.75
+1.75
1.95
1.80
 
 	
3.0
1.90
1.85
1.25
5.70
12.00
1.03
1.13
3.90
2.5
1.0
2.10
3.50
1.70
1.28
 	 5:0(1:0)  
363	28/10
23:00	 Getafe
Athletic Bilbao	
0
0
1.95
1.85
  	
2.5
1.95
1.80
2.70
3.30
2.55
1.50
1.32
1.45
1.0
1.0
1.65
1.60
2.15
2.25
 	 0:1(0:1)  
290	29/10
21:00	 Espanyol
Malaga	
-0.75
+0.75
2.05
1.74
 
 	
2.25
1.75
 	
2.00
 	
1.76
3.50
4.70
1.17
1.26
2.00
1.5
1.5
1.95
3.80
1.80
1.24
 	 0:0(0:0)  
291	29/10
23:00	 Celta
Barcelona	
+1.5
–1.5
1.80
1.95
  	
3.0
1.87
1.87
8.25
5.50
1.32
3.25
1.15
1.05
1.0
2.0
3.00
1.70
1.35
2.08
 	 0:3(0:1)  
292	30/10
21:00	 Valencia
Almeria	
-1.25
+1.25
1.87
1.87
 
 	
3.0
1.90
1.85
1.40
4.70
7.50
1.08
1.18
2.90
2.0
1.0
1.75
2.50
2.00
1.50
 	 1:2(1:0)  
293	30/10
21:00	 Real Valladolid
Real Sociedad	
0
0
2.00
1.75
  	
2.5
1.95
1.80
2.80
3.20
2.50
1.50
1.32
1.40
1.0
1.0
1.65
1.60
2.15
2.30
 	 2:2(0:1)  
294	30/10
23:00	 Osasuna
Rayo Vallecano	
-0.25
+0.25
1.80
1.95
 
 	
2.5
1.87
1.87
2.10
3.40
3.50
1.30
1.32
1.72
1.5
1.0
2.05
1.80
1.72
1.95
 	 3:1(2:0)  
295	30/10
23:00	 Real Madrid
Sevilla	
–2.0
+2.0
1.95
1.80
  	
3.5
1.80
1.95
1.22
6.50
11.00
1.03
1.10
4.20
3.0
1.0
2.15
2.70
1.65
1.42
 	 7:3(3:2)  
296	31/10
21:00	 Villarreal
Getafe	
–1.0
+1.0
1.70
2.10
  	
2.5
1.75
2.00
1.45
4.50
6.80
1.09
1.18
2.65
1.5
1.0
1.62
2.55
2.25
1.48
 	 0:2(0:1)  
297	31/10
21:00	 Granada
Atletico Madrid	
+1.0
–1.0
1.75
2.00
  	
2.25
1.80
 	
1.95
 	
6.50
3.80
1.57
2.40
1.27
1.11
1.0
1.5
3.40
1.75
1.30
2.00
 	 1:2(0:1)  
298	31/10
23:00	 Athletic Bilbao
Elche	
-0.75
+0.75
1.80
1.95
 
 	
2.5
1.80
1.95
1.65
3.80
5.20
1.15
1.25
2.20
1.5
1.0
1.70
2.35
2.10
1.55
 	 2:2(0:1)  
299	31/10
23:00	 Real Betis
Levante	
-0.75
+0.75
2.10
1.70
 
 	
2.25
1.85
 	
1.90
 	
1.85
3.40
4.30
1.20
1.30
1.90
1.5
1.0
2.05
2.40
1.75
1.55
 	 0:0(0:0)  
457	01/11
22:00	 Barcelona
Espanyol	
–2.5
+2.5
1.90
1.85
  	
3.75
1.85
 	
1.90
 	
1.11
9.50
22.00
1.01
1.06
6.70
3.0
1.0
1.75
3.60
2.00
1.27
 	 1:0(0:0)  
458	02/11
17:00	 Real Sociedad
Osasuna	
–1.0
+1.0
1.95
1.80
  	
2.5
1.90
1.85
1.57
4.00
6.20
1.13
1.25
2.50
1.5
1.0
1.72
2.75
2.05
1.42
 	 5:0(1:0)  
459	02/11
19:00	 Almeria
Real Valladolid	
-0.25
+0.25
1.80
1.95
 
 	
2.5
1.87
1.87
2.10
3.40
3.50
1.30
1.32
1.72
1.5
1.0
2.05
1.80
1.72
1.95
 	 1:0(1:0)  
460	02/11
21:00	 Rayo Vallecano
Real Madrid	
+1.75
-1.75
1.85
1.90
 
 	
3.5
1.87
1.87
10.00
6.20
1.28
3.85
1.13
1.06
1.0
2.5
2.65
1.80
1.45
1.95
 	 2:3(0:2)  
461	02/11
23:00	 Sevilla
Celta	
–1.0
+1.0
1.95
1.80
  	
2.75
1.80
 	
1.95
 	
1.57
4.10
5.50
1.14
1.22
2.35
2.0
1.0
2.05
2.15
1.72
1.65
 	 0:1(0:0)  
462	03/11
13:00	 Getafe
Valencia	
0
0
1.90
1.85
  	
2.5
1.87
1.87
2.65
3.40
2.55
1.50
1.30
1.47
1.0
1.5
1.60
2.30
2.25
1.57
 	 0:1(0:1)  
463	03/11
18:00	 Atletico Madrid
Athletic Bilbao	
–1.5
+1.5
1.95
1.80
  	
2.75
1.75
 	
2.00
 	
1.33
5.00
9.00
1.05
1.16
3.25
2.0
1.0
1.72
3.05
2.05
1.35
 	 2:0(2:0)  
464	03/11
20:00	 Levante
Granada	
-0.25
+0.25
1.72
2.10
 
 	
2.25
1.95
 	
1.80
 	
2.00
3.30
3.90
1.25
1.32
1.80
1.5
1.0
2.20
2.30
1.62
1.57
 	 0:1(0:0)  
465	03/11
22:00	 Malaga
Real Betis	
-0.25
+0.25
1.72
2.05
 
 	
2.5
1.87
1.87
2.00
3.50
3.60
1.28
1.30
1.80
1.5
1.0
2.00
1.90
1.75
1.85
 	 3:2(1:1)  
466	04/11
23:00	 Elche
Villarreal	
+0.25
-0.25
1.87
1.87
 
 	
2.25
1.80
 	
1.95
 	
3.30
3.30
2.20
1.65
1.32
1.32
1.0
1.5
1.95
2.25
1.80
1.60
 	 0:1(0:0)  
371	08/11
21:00	 Osasuna
Almeria	
-0.25
+0.25
1.75
2.10
 
 	
2.25
1.80
 	
2.00
 	
2.05
3.40
3.70
1.28
1.32
1.80
1.5
1.0
2.15
2.05
1.65
1.75
 	 0:1(0:1)  
372	08/11
23:00	 Granada
Malaga	
-0.25
+0.25
1.90
1.90
 
 	
2.25
2.05
 	
1.75
 	
2.25
3.30
3.30
1.35
1.35
1.65
1.0
1.0
1.65
2.15
2.15
1.65
 	 3:1(0:0)  
373	09/11
17:00	 Real Madrid
Real Sociedad	
–2.0
+2.0
1.80
1.95
  	
4.0
1.95
1.80
1.18
7.50
14.00
1.02
1.10
4.88
3.0
1.0
1.85
2.50
1.90
1.50
 	 5:1(4:0)  
374	09/11
19:00	 Getafe
Elche	
-0.25
+0.25
1.65
2.25
 
 	
2.25
1.93
 	
1.87
 	
1.95
3.35
4.15
1.23
1.33
1.85
1.5
1.0
2.15
2.30
1.65
1.57
 	 1:1(1:0)  
375	09/11
21:00	 Athletic Bilbao
Levante	
-0.75
+0.75
1.80
2.05
 
 	
2.75
1.90
 	
1.85
 	
1.62
4.00
5.50
1.15
1.25
2.35
1.5
1.0
1.65
2.25
2.15
1.60
 	 2:1(0:1)  
376	09/11
23:00	 Celta
Rayo Vallecano	
-0.25
+0.25
1.65
2.25
 
 	
2.75
1.90
 	
1.90
 	
1.90
3.80
3.80
1.27
1.27
1.90
1.5
1.0
1.80
1.80
1.95
1.95
 	 0:2(0:1)  
377	10/11
13:00	 Espanyol
Sevilla	
-0.25
+0.25
2.05
1.75
 
 	
2.5
1.95
1.80
2.40
3.40
2.95
1.42
1.32
1.58
1.5
1.0
2.30
1.72
1.60
2.05
 	 1:3(1:2)  
378	10/11
18:00	 Valencia
Real Valladolid	
–1.0
+1.0
1.90
1.85
  	
2.75
1.85
 	
1.90
 	
1.55
4.20
5.50
1.13
1.22
2.40
2.0
1.0
2.10
2.30
1.70
1.57
 	 2:2(1:1)  
379	10/11
20:00	 Villarreal
Atletico Madrid	
+0.25
-0.25
1.95
1.80
 
 	
2.5
1.95
1.80
3.40
3.40
2.10
1.70
1.30
1.30
1.0
1.5
1.90
2.10
1.85
1.70
 	 1:1(0:1)  
380	10/11
22:00	 Real Betis
Barcelona	
+1.75
-1.75
1.85
1.90
 
 	
3.25
1.80
 	
1.95
 	
10.00
6.00
1.25
3.80
1.12
1.03
1.0
2.5
2.65
1.87
1.45
1.87
 	 1:4(0:2)  
397	22/11
22:00	 Real Valladolid
Osasuna	
-0.25
+0.25
1.65
2.20
 
 	
2.5
1.95
1.80
1.90
3.50
4.10
1.23
1.30
1.90
1.5
1.0
2.00
2.10
1.75
1.70
 	 0:1(0:0)  
398	23/11
17:00	 Barcelona
Granada	
–2.0
+2.0
1.75
2.00
  	
3.25
1.87
 	
1.93
 	
1.16
7.50
18.00
1.01
1.10
5.30
3.0
1.0
2.25
4.30
1.62
1.20
 	 4:0(2:0)  
399	23/11
19:00	 Real Sociedad
Celta	
-0.75
+0.75
1.95
1.85
 
 	
2.75
1.83
 	
1.97
 	
1.75
3.80
4.50
1.20
1.27
2.10
1.5
1.0
1.65
1.90
2.15
1.85
 	 4:3(1:2)  
400	23/11
21:00	 Almeria
Real Madrid	
+1.5
–1.5
1.95
1.85
  	
3.5
1.95
1.85
9.00
5.50
1.32
3.50
1.15
1.06
1.0
2.5
2.25
1.90
1.62
1.85
 	 0:5(0:1)  
401	23/11
23:00	 Atletico Madrid
Getafe	
-1.75
+1.75
1.90
1.90
 
 	
3.0
1.95
1.80
1.22
6.20
15.00
1.02
1.13
4.40
2.0
1.0
1.55
4.30
2.35
1.20
 	 7:0(2:0)  
402	24/11
13:00	 Levante
Villarreal	
+0.25
-0.25
1.95
1.85
 
 	
2.25
1.90
 	
1.90
 	
3.50
3.30
2.15
1.70
1.33
1.30
1.0
1.5
2.05
2.25
1.72
1.60
 	 0:3(0:1)  
403	24/11
18:00	 Rayo Vallecano
Espanyol	
-0.25
+0.25
2.05
1.75
 
 	
2.5
1.95
1.80
2.40
3.40
2.95
1.42
1.32
1.58
1.5
1.0
2.30
1.72
1.60
2.05
 	 1:4(0:1)  
404	24/11
20:00	 Elche
Valencia	
0
0
2.00
1.75
  	
2.25
1.95
 	
1.80
 	
2.85
3.20
2.50
1.52
1.33
1.40
1.0
1.0
1.87
1.72
1.87
2.05
 	 2:1(0:0)  
405	24/11
22:00	 Sevilla
Real Betis	
-0.75
+0.75
1.85
1.90
 
 	
2.75
1.80
 	
1.95
 	
1.67
3.80
5.00
1.16
1.25
2.20
1.5
1.0
1.65
2.00
2.20
1.75
 	 4:0(2:0)  
406	25/11
23:00	 Malaga
Athletic Bilbao	
-0.25
+0.25
2.05
1.75
 
 	
2.5
1.87
1.87
2.40
3.40
2.90
1.42
1.32
1.57
1.5
1.0
2.20
1.65
1.62
2.15
 	 1:2(1:0)  
421	29/11
21:00	 Getafe
Levante	
-0.75
+0.75
2.10
1.72
 
 	
2.5
1.95
1.85
1.85
3.50
4.40
1.22
1.30
1.95
1.5
1.0
1.95
2.15
1.85
1.65
 	 1:0(0:0)  
422	29/11
21:30	 Villarreal
Malaga	
-1.25
+1.25
1.93
1.87
 
 	
2.75
2.00
 	
1.80
 	
1.42
4.50
8.00
1.08
1.22
2.90
1.5
1.0
1.57
3.10
2.35
1.35
 	 1:1(1:0)  
423	30/11
17:00	 Elche
Atletico Madrid	
+1.0
–1.0
1.93
1.87
  	
2.25
1.85
 	
1.95
 	
7.50
4.00
1.50
2.60
1.25
1.10
1.0
1.5
3.50
1.75
1.28
2.00
 	 0:2(0:0)  
424	30/11
19:00	 Celta
Almeria	
-0.75
+0.75
2.05
1.80
 
 	
2.5
1.90
1.90
1.80
3.40
4.70
1.20
1.30
2.00
1.5
1.0
1.85
2.15
1.90
1.65
 	 3:1(1:1)  
425	30/11
21:00	 Real Madrid
Real Valladolid	
-2.25
+2.25
1.90
1.90
 
 	
3.75
1.90
 	
1.90
 	
1.15
8.50
17.00
1.01
1.08
5.70
3.0
1.0
1.87
3.00
1.87
1.36
 	 4:0(2:0)  
426	30/11
23:00	 Espanyol
Real Sociedad	
-0.25
+0.25
1.85
1.95
 
 	
2.5
2.00
1.80
2.15
3.40
3.40
1.32
1.32
1.70
1.5
1.0
2.15
1.90
1.65
1.85
 	 1:2(1:0)  
427	01/12
13:00	 Real Betis
Rayo Vallecano	
-0.75
+0.75
2.15
1.70
 
 	
2.75
1.90
 	
1.85
 	
1.90
3.60
4.00
1.25
1.30
1.90
1.5
1.0
1.80
1.85
1.95
1.90
 	 2:2(1:0)  
428	01/12
18:00	 Granada
Sevilla	
0
0
2.00
1.75
  	
2.25
1.80
 	
1.95
 	
2.80
3.25
2.50
1.50
1.32
1.42
1.0
1.0
1.80
1.65
1.95
2.15
 	 1:2(0:1)  
429	01/12
20:00	 Valencia
Osasuna	
-1.25
+1.25
2.05
1.75
 
 	
2.5
1.80
1.95
1.45
4.30
7.00
1.08
1.20
2.70
2.0
1.0
2.10
2.90
1.70
1.38
 	 3:0(1:0)  
430	01/12
22:00	 Athletic Bilbao
Barcelona	
+0.75
-0.75
2.00
1.75
 
 	
3.0
1.95
1.80
4.80
4.20
1.62
2.25
1.22
1.17
1.0
2.0
1.95
2.05
1.80
1.72
 	 1:0(0:0)  
426	13/12
22:00	 Levante
Elche	
-0.25
+0.25
1.90
1.90
 
 	
2.0
1.80
2.00
2.25
3.15
3.40
1.32
1.35
1.65
1.0
1.0
1.65
2.20
2.15
1.62
 	 2:1(1:1)  
427	14/12
17:00	 Osasuna
Real Madrid	
+1.75
-1.75
2.00
1.80
 
 	
3.5
1.85
1.95
12.00
6.50
1.25
4.30
1.13
1.05
1.0
2.5
2.55
1.72
1.48
2.05
 	 2:2(2:1)  
428	14/12
19:00	 Rayo Vallecano
Granada	
-0.25
+0.25
1.90
1.90
 
 	
2.5
1.90
1.90
2.20
3.40
3.30
1.35
1.32
1.67
1.5
1.0
2.10
1.75
1.70
2.00
 	 0:2(0:1)  
429	14/12
21:00	 Barcelona
Villarreal	
–1.5
+1.5
1.85
1.95
  	
3.25
1.83
 	
1.97
 	
1.30
5.80
9.00
1.06
1.14
3.60
2.5
1.0
1.95
2.40
1.80
1.55
 	 2:1(1:0)  
430	14/12
23:00	 Malaga
Getafe	
-0.25
+0.25
1.72
2.15
 
 	
2.5
1.97
1.83
2.00
3.50
3.80
1.27
1.32
1.85
1.5
1.0
2.05
2.00
1.72
1.75
 	 1:0(0:0)  
431	15/12
13:00	 Almeria
Espanyol	
0
0
1.85
1.90
  	
2.25
1.87
 	
1.93
 	
2.65
3.20
2.70
1.45
1.35
1.46
1.0
1.0
1.72
1.72
2.05
2.05
 	 0:0(0:0)  
432	15/12
18:00	 Real Sociedad
Real Betis	
-0.75
+0.75
2.00
1.80
 
 	
3.0
1.95
1.80
1.75
3.90
4.30
1.21
1.25
2.00
1.5
1.0
1.70
1.95
2.15
1.80
 	 5:1(1:1)  
433	15/12
20:00	 Sevilla
Athletic Bilbao	
-0.25
+0.25
1.72
2.15
 
 	
2.75
1.87
 	
1.93
 	
2.00
3.60
3.70
1.30
1.30
1.85
1.5
1.0
1.85
1.70
1.90
2.10
 	 1:1(1:1)  
434	15/12
22:00	 Atletico Madrid
Valencia	
–1.5
+1.5
1.95
1.80
  	
2.75
1.90
 	
1.85
 	
1.32
5.00
9.50
1.04
1.16
3.30
2.0
1.0
1.80
3.60
1.95
1.27
 	 3:0(0:0)  
435	16/12
23:00	 Real Valladolid
Celta	
-0.25
+0.25
1.87
1.87
 
 	
2.25
1.80
 	
1.95
 	
2.20
3.30
3.30
1.32
1.32
1.65
1.5
1.0
2.25
1.95
1.60
1.80
 	 3:0(0:0)  
385	20/12
21:30	 Elche
Malaga	
-0.25
+0.25
2.05
1.75
 
 	
2.25
2.00
 	
1.80
 	
2.40
3.20
3.00
1.37
1.33
1.55
1.0
1.0
1.62
2.10
2.20
1.70
 	 0:1(0:1)  
386	21/12
17:00	 Villarreal
Sevilla	
-0.75
+0.75
2.10
1.75
 
 	
2.5
1.85
1.95
1.85
3.70
4.20
1.23
1.28
2.00
1.5
1.0
1.87
2.05
1.87
1.75
 	 1:2(0:1)  
387	21/12
19:00	 Real Betis
Almeria	
-0.75
+0.75
1.90
1.90
 
 	
2.5
1.80
2.00
1.70
3.90
4.80
1.18
1.26
2.15
1.5
1.0
1.72
2.15
2.05
1.65
 	 0:1(0:1)  
388	21/12
21:00	 Atletico Madrid
Levante	
-2.25
+2.25
1.95
1.85
 
 	
3.25
1.97
 	
1.83
 	
1.13
8.50
20.00
1.01
1.07
6.00
2.5
1.0
1.75
6.00
2.05
1.12
 	 3:2(1:1)  
389	21/12
23:00	 Granada
Real Sociedad	
0
0
1.85
1.95
  	
2.25
1.83
 	
1.97
 	
2.60
3.30
2.75
1.45
1.35
1.50
1.0
1.0
1.65
1.70
2.15
2.10
 	 1:3(1:2)  
390	22/12
13:00	 Espanyol
Real Valladolid	
-0.75
+0.75
2.00
1.85
 
 	
2.25
1.90
 	
1.90
 	
1.75
3.60
5.00
1.18
1.30
2.10
1.5
1.0
2.00
2.65
1.80
1.45
 	 4:2(2:0)  
391	22/12
18:00	 Getafe
Barcelona	
+1.25
-1.25
1.80
1.95
 
 	
2.75
1.75
 	
2.00
 	
7.00
4.50
1.42
2.75
1.18
1.08
1.0
2.0
2.50
1.85
1.50
1.90
 	 2:5(2:3)  
392	22/12
20:00	 Athletic Bilbao
Rayo Vallecano	
–1.0
+1.0
1.75
2.00
  	
3.0
2.00
1.80
1.48
4.50
6.20
1.11
1.20
2.65
2.0
1.0
1.90
2.30
1.85
1.57
 	 2:1(1:0)  
393	22/12
22:00	 Valencia
Real Madrid	
+1.0
–1.0
1.85
1.90
  	
3.25
1.90
 	
1.85
 	
5.50
4.30
1.57
2.45
1.22
1.15
1.0
2.0
1.85
1.80
1.95
1.95
 	 2:3(1:2)  
394	22/12
22:00	 Celta
Osasuna	
-0.75
+0.75
2.10
1.70
 
 	
2.5
1.95
1.80
1.85
3.50
4.30
1.22
1.30
1.95
1.5
1.0
1.95
2.20
1.80
1.65
 	 1:1(1:1)  
425	04/01
17:00	 Malaga
Atletico Madrid	
+1.0
–1.0
1.85
1.95
  	
2.5
1.90
1.90
6.50
4.00
1.55
2.50
1.25
1.12
1.0
1.5
2.90
1.70
1.38
2.10
 	 0:1(0:0)  
426	04/01
19:00	 Real Valladolid
Real Betis	
0
0
1.85
1.95
  	
2.5
1.90
1.90
2.60
3.35
2.70
1.47
1.32
1.50
1.5
1.5
2.30
2.35
1.60
1.57
 	 0:0(0:0)  
427	04/01
21:00	 Valencia
Levante	
-1.25
+1.25
1.95
1.85
 
 	
2.75
1.95
 	
1.85
 	
1.42
4.50
8.00
1.08
1.22
2.90
1.5
1.0
1.55
2.80
2.35
1.40
 	 2:0(1:0)  
428	04/01
23:00	 Almeria
Granada	
0
0
1.75
2.05
  	
2.25
1.90
 	
1.90
 	
2.50
3.30
2.90
1.42
1.35
1.55
1.0
1.0
1.70
1.85
2.15
1.95
 	 3:0(2:0)  
431	05/01
13:00	 Sevilla
Getafe	
–1.0
+1.0
1.95
1.85
  	
2.75
1.90
 	
1.90
 	
1.57
4.20
5.70
1.14
1.23
2.45
2.0
1.0
2.15
2.30
1.70
1.57
 	 3:0(1:0)  
432	05/01
17:00	 Barcelona
Elche	
-2.75
+2.75
1.95
1.85
 
 	
3.75
1.90
 	
1.90
 	
1.08
11.00
25.00
 	
1.04
7.70
3.0
1.0
1.70
5.20
2.15
1.14
 	 4:0(2:0)  
433	05/01
19:00	 Osasuna
Espanyol	
-0.25
+0.25
1.95
1.85
 
 	
2.25
1.95
 	
1.85
 	
2.30
3.30
3.20
1.36
1.35
1.62
1.0
1.0
1.62
2.00
2.25
1.75
 	 1:0(1:0)  
434	05/01
21:00	 Real Sociedad
Athletic Bilbao	
-0.25
+0.25
1.85
1.95
 
 	
2.75
1.90
 	
1.90
 	
2.15
3.50
3.30
1.33
1.30
1.70
1.5
1.0
1.95
1.62
1.80
2.20
 	 2:0(1:0)  
435	06/01
20:00	 Real Madrid
Celta	
-2.75
+2.75
1.93
1.87
 
 	
4.0
1.90
1.90
1.10
11.00
22.00
 	
1.05
7.50
3.0
1.0
1.60
3.70
2.25
1.25
 	 3:0(0:0)  
436	06/01
23:00	 Rayo Vallecano
Villarreal	
+0.25
-0.25
2.00
1.80
 
 	
2.5
1.85
1.95
3.50
3.50
2.10
1.75
1.32
1.32
1.0
1.5
1.80
2.00
1.95
1.75
 	 2:5(0:3)  
413	10/01
22:00	 Granada
Real Valladolid	
-0.25
+0.25
1.65
2.25
 
 	
2.25
1.90
 	
1.90
 	
1.95
3.40
4.20
1.25
1.33
1.90
1.5
1.0
2.15
2.30
1.70
1.60
 	 4:0(2:0)  
414	11/01
17:00	 Athletic Bilbao
Almeria	
-1.25
+1.25
1.90
1.90
 
 	
2.75
1.87
 	
1.93
 	
1.40
4.70
8.00
1.08
1.20
3.00
2.0
1.0
1.87
2.90
1.87
1.40
 	 6:1(3:1)  
415	11/01
19:00	 Celta
Valencia	
+0.25
-0.25
1.80
2.05
 
 	
2.5
1.90
1.90
3.00
3.40
2.40
1.60
1.33
1.42
1.0
1.5
1.65
2.25
2.15
1.62
 	 2:1(0:1)  
416	11/01
21:00	 Atletico Madrid
Barcelona	
+0.25
-0.25
1.95
1.90
 
 	
2.75
1.95
 	
1.85
 	
3.30
3.50
2.20
1.70
1.32
1.35
1.5
1.5
2.50
2.00
1.50
1.75
 	 0:0(0:0)  
417	11/01
23:00	 Elche
Sevilla	
+0.25
-0.25
1.95
1.85
 
 	
2.25
1.83
 	
1.97
 	
3.40
3.40
2.15
1.70
1.32
1.32
1.0
1.5
2.00
2.20
1.80
1.62
 	 1:1(0:0)  
418	12/01
13:00	 Getafe
Rayo Vallecano	
-0.25
+0.25
1.75
2.10
 
 	
2.75
1.95
 	
1.85
 	
2.00
3.60
3.60
1.30
1.30
1.80
1.5
1.0
1.87
1.80
1.87
2.00
 	 0:1(0:1)  
419	12/01
18:00	 Real Betis
Osasuna	
-0.75
+0.75
2.10
1.70
 
 	
2.5
1.95
1.80
1.85
3.50
4.30
1.22
1.30
1.95
1.5
1.0
1.95
2.20
1.80
1.65
 	 1:2(0:1)  
420	12/01
20:00	 Espanyol
Real Madrid	
+1.5
–1.5
1.85
1.90
  	
3.5
1.95
1.80
7.50
5.30
1.35
3.15
1.14
1.08
1.0
2.0
2.15
1.50
1.65
2.50
 	 0:1(0:0)  
421	12/01
22:00	 Levante
Malaga	
0
0
1.72
2.05
  	
2.25
1.95
 	
1.85
 	
2.45
3.20
2.90
1.40
1.33
1.53
1.0
1.0
1.65
1.87
2.15
1.87
 	 1:0(1:0)  
422	13/01
23:00	 Villarreal
Real Sociedad	
-0.75
+0.75
2.05
1.80
 
 	
2.5
1.85
1.95
1.85
3.70
4.20
1.23
1.28
2.00
1.5
1.0
1.87
2.05
1.87
1.75
 	 5:1(3:0)  
358	17/01
22:00	 Malaga
Valencia	
0
0
1.90
1.90
  	
2.5
2.00
1.80
2.70
3.20
2.70
1.47
1.35
1.47
1.0
1.0
1.65
1.65
2.20
2.20
 	 0:0(0:0)  
359	18/01
17:00	 Real Betis
Real Madrid	
+1.75
-1.75
1.95
1.85
 
 	
3.5
1.85
1.95
10.00
6.50
1.25
4.00
1.11
1.05
1.0
2.5
2.35
1.75
1.55
2.05
 	 0:5(0:3)  
360	18/01
19:00	 Elche
Rayo Vallecano	
-0.25
+0.25
1.90
1.90
 
 	
2.25
1.85
 	
1.95
 	
2.25
3.30
3.30
1.35
1.35
1.65
1.5
1.0
2.30
1.95
1.60
1.85
 	 2:0(1:0)  
361	18/01
21:00	 Granada
Osasuna	
-0.25
+0.25
1.65
2.20
 
 	
2.25
1.97
 	
1.83
 	
1.95
3.30
4.20
1.24
1.33
1.85
1.5
1.0
2.20
2.40
1.65
1.53
 	 0:0(0:0)  
362	18/01
23:00	 Espanyol
Celta	
-0.25
+0.25
1.70
2.20
 
 	
2.25
1.83
 	
1.97
 	
1.95
3.40
4.00
1.25
1.32
1.85
1.5
1.0
2.10
2.20
1.70
1.62
 	 1:0(0:0)  
363	19/01
13:00	 Getafe
Real Sociedad	
+0.25
-0.25
1.80
2.05
 
 	
2.5
1.80
2.00
3.00
3.40
2.35
1.60
1.32
1.40
1.0
1.5
1.62
2.15
2.25
1.70
 	 2:2(1:2)  
364	19/01
18:00	 Villarreal
Almeria	
–1.5
+1.5
1.87
1.93
  	
3.0
1.97
1.83
1.30
5.30
10.50
1.04
1.16
3.60
2.0
1.0
1.65
3.20
2.15
1.32
 	 2:0(1:0)  
365	19/01
20:00	 Levante
Barcelona	
+2.0
–2.0
2.00
1.80
  	
3.5
1.95
1.85
17.00
7.50
1.17
5.30
1.10
1.01
1.0
3.0
3.50
2.15
1.28
1.65
 	 1:1(1:1)  
366	19/01
22:00	 Atletico Madrid
Sevilla	
–1.5
+1.5
2.00
1.80
  	
3.0
2.00
1.80
1.35
5.20
9.00
1.07
1.17
3.30
2.0
1.0
1.72
2.90
2.05
1.38
 	 1:1(1:0)  
367	20/01
23:00	 Athletic Bilbao
Real Valladolid	
-1.25
+1.25
1.85
1.90
 
 	
2.75
1.80
 	
1.95
 	
1.38
4.70
8.00
1.07
1.18
3.00
2.0
1.0
1.80
2.80
1.95
1.40
 	 4:2(0:1) 
390	24/01
22:00	 Celta
Real Betis	
-0.25
+0.25
1.75
2.10
 
 	
2.5
1.85
1.95
2.05
3.50
3.60
1.30
1.32
1.80
1.5
1.0
2.00
1.80
1.75
1.95
 	 4:2(3:1)  
392	25/01
17:00	 Real Madrid
Granada	
-2.75
+2.75
1.80
2.00
 
 	
4.0
1.95
1.85
1.07
12.00
30.00
 	
1.03
8.60
3.5
1.0
1.95
4.80
1.80
1.16
 	 2:0(0:0)  
393	25/01
19:00	 Real Valladolid
Villarreal	
+0.25
-0.25
2.25
1.65
 
 	
2.5
1.90
1.90
4.00
3.60
1.90
1.90
1.30
1.25
1.0
1.5
2.05
1.90
1.75
1.85
 	 1:0(1:0)  
394	25/01
21:00	 Valencia
Espanyol	
-0.75
+0.75
1.85
2.00
 
 	
2.5
1.80
2.00
1.65
4.00
5.20
1.17
1.25
2.30
1.5
1.0
1.70
2.30
2.10
1.60
 	 2:2(2:2)  
395	25/01
23:00	 Sevilla
Levante	
-1.25
+1.25
1.80
2.00
 
 	
2.75
1.87
 	
1.93
 	
1.36
5.00
9.00
1.07
1.18
3.25
2.0
1.0
1.85
3.20
1.95
1.32
 	 2:3(1:1)  
396	26/01
13:00	 Almeria
Getafe	
-0.25
+0.25
2.05
1.75
 
 	
2.5
2.00
1.80
2.40
3.30
3.00
1.40
1.33
1.57
1.5
1.0
2.30
1.75
1.57
2.05
 	 1:0(0:0)  
397	26/01
18:00	 Osasuna
Athletic Bilbao	
+0.25
-0.25
1.90
1.90
 
 	
2.25
1.85
 	
1.95
 	
3.30
3.30
2.25
1.65
1.35
1.35
1.0
1.5
1.95
2.30
1.85
1.60
 	 1:5(1:2)  
398	26/01
20:00	 Rayo Vallecano
Atletico Madrid	
+1.25
-1.25
1.95
1.85
 
 	
2.75
1.87
 	
1.93
 	
8.50
4.80
1.38
3.10
1.20
1.07
1.0
2.0
3.00
1.85
1.36
1.90
 	 2:4(1:3)  
399	26/01
22:00	 Barcelona
Malaga	
–2.5
+2.5
1.80
1.95
  	
3.75
1.80
 	
1.95
 	
1.10
10.00
22.00
1.01
1.05
7.00
3.0
1.0
1.65
4.00
2.15
1.22
 	 3:0(1:0)  
400	27/01
23:00	 Real Sociedad
Elche	
–1.0
+1.0
1.75
2.00
  	
2.75
1.90
 	
1.85
 	
1.48
4.30
7.00
1.10
1.22
2.70
1.5
1.0
1.57
2.65
2.35
1.45
 	 4:0(2:0)  
406	31/01
22:00	 Granada
Celta	
-0.25
+0.25
1.87
1.93
 
 	
2.5
1.92
1.88
2.15
3.50
3.35
1.33
1.31
1.71
1.5
1.0
2.05
1.75
1.72
2.00
 	 1:2(1:1)  
408	01/02
17:00	 Barcelona
Valencia	
-2.25
+2.25
1.80
2.00
 
 	
3.5
1.80
2.00
1.12
9.00
20.00
1.01
1.06
6.30
3.0
1.0
1.90
3.60
1.85
1.27
 	 2:3(1:1)  
409	01/02
19:00	 Levante
Rayo Vallecano	
-0.25
+0.25
1.85
1.95
 
 	
2.25
1.83
 	
1.97
 	
2.15
3.40
3.40
1.32
1.32
1.70
1.5
1.0
2.20
2.00
1.62
1.75
 	 0:0(0:0)  
410	01/02
21:00	 Getafe
Real Valladolid	
-0.25
+0.25
1.65
2.25
 
 	
2.25
1.90
 	
1.90
 	
1.95
3.40
4.20
1.25
1.33
1.90
1.5
1.0
2.15
2.30
1.70
1.60
 	 0:0(0:0)  
411	01/02
23:00	 Malaga
Sevilla	
+0.25
-0.25
1.80
2.00
 
 	
2.5
1.85
1.95
2.95
3.50
2.35
1.60
1.32
1.42
1.0
1.5
1.65
2.15
2.15
1.65
 	 3:2(1:0)  
412	02/02
13:00	 Elche
Almeria	
-0.25
+0.25
1.70
2.20
 
 	
2.25
1.83
 	
1.97
 	
1.95
3.40
4.00
1.25
1.32
1.85
1.5
1.0
2.10
2.20
1.70
1.62
 	 1:0(0:0)  
413	02/02
18:00	 Real Betis
Espanyol	
-0.25
+0.25
1.90
1.90
 
 	
2.25
1.85
 	
1.95
 	
2.25
3.30
3.30
1.35
1.35
1.65
1.5
1.0
2.30
1.95
1.60
1.85
 	 2:0(0:0)  
414	02/02
20:00	 Atletico Madrid
Real Sociedad	
–1.5
+1.5
1.95
1.85
  	
3.0
1.95
1.85
1.33
5.30
9.50
1.06
1.17
3.40
2.0
1.0
1.70
3.10
2.15
1.35
 	 4:0(1:0)  
415	02/02
22:00	 Athletic Bilbao
Real Madrid	
+0.75
-0.75
1.95
1.80
 
 	
3.25
1.85
 	
1.90
 	
4.50
4.30
1.65
2.20
1.22
1.20
1.5
2.0
2.40
1.85
1.53
1.90
 	 1:1(0:0)  
416	03/02
23:00	 Villarreal
Osasuna	
-1.25
+1.25
1.85
1.95
 
 	
2.75
1.95
 	
1.85
 	
1.37
4.80
9.00
1.07
1.20
3.20
2.0
1.0
1.75
3.30
2.05
1.30
 	 3:1(0:0)  
427	07/02
22:00	 Espanyol
Granada	
-0.75
+0.75
1.97
1.83
 
 	
2.25
1.95
 	
1.85
 	
1.75
3.50
5.20
1.17
1.32
2.10
1.5
1.0
2.05
2.85
1.80
1.42
 	 1:0(0:0)  
428	08/02
17:00	 Valencia
Real Betis	
–1.0
+1.0
1.80
2.00
  	
3.0
1.95
1.85
1.50
4.50
6.30
1.13
1.22
2.65
2.0
1.0
1.93
2.25
1.87
1.65
 	 5:0(2:0)  
429	08/02
19:00	 Rayo Vallecano
Malaga	
-0.25
+0.25
2.05
1.80
 
 	
2.5
1.95
1.85
2.35
3.40
3.00
1.40
1.32
1.60
1.5
1.0
2.25
1.72
1.62
2.05
 	 4:1(3:0)  
430	08/02
21:00	 Real Madrid
Villarreal	
–1.5
+1.5
1.97
1.83
  	
3.25
1.85
 	
1.95
 	
1.37
5.30
7.50
1.10
1.16
3.15
2.5
1.0
2.10
2.25
1.75
1.65
 	 4:2(2:1)  
431	08/02
23:00	 Almeria
Atletico Madrid	
+1.5
–1.5
1.90
1.90
  	
2.75
1.87
 	
1.93
 	
11.00
5.30
1.30
3.60
1.16
1.04
1.0
2.0
3.80
1.75
1.27
2.10
 	 2:0(0:0)  
432	09/02
13:00	 Osasuna
Getafe	
-0.25
+0.25
1.85
1.90
 
 	
2.25
2.00
 	
1.80
 	
2.20
3.20
3.50
1.30
1.35
1.67
1.0
1.0
1.60
2.15
2.25
1.65
 	 2:0(1:0)  
433	09/02
18:00	 Real Valladolid
Elche	
-0.25
+0.25
1.80
2.00
 
 	
2.25
1.95
 	
1.80
 	
2.10
3.30
3.60
1.28
1.33
1.72
1.5
1.0
2.30
2.20
1.57
1.62
 	 2:2(0:1)  
434	09/02
20:00	 Real Sociedad
Levante	
–1.0
+1.0
1.75
2.00
  	
2.75
1.90
 	
1.85
 	
1.48
4.30
7.00
1.10
1.22
2.70
1.5
1.0
1.57
2.65
2.35
1.45
 	 0:0(0:0)  
435	09/02
22:00	 Sevilla
Barcelona	
+1.0
–1.0
1.95
1.80
  	
3.25
1.85
 	
1.90
 	
6.00
4.30
1.53
2.50
1.22
1.13
1.0
2.0
1.85
1.72
1.90
2.05
 	 1:4(1:2)  
436	10/02
23:00	 Celta
Athletic Bilbao	
+0.25
-0.25
1.87
1.93
 
 	
2.5
1.85
1.95
3.10
3.40
2.25
1.62
1.30
1.35
1.0
1.5
1.70
2.10
2.10
1.70
 	 0:0(0:0)  
409	14/02
22:00	 Elche
Osasuna	
-0.25
+0.25
1.85
2.00
 
 	
2.25
2.05
 	
1.75
 	
2.15
3.20
3.70
1.30
1.37
1.72
1.0
1.0
1.62
2.30
2.30
1.62
 	 0:0(0:0)  
410	15/02
17:00	 Atletico Madrid
Real Valladolid	
–2.0
+2.0
2.00
1.80
  	
3.0
1.90
1.90
1.20
6.50
17.00
1.01
1.12
4.70
2.5
1.0
1.97
4.80
1.83
1.18
 	 3:0(2:0)  
411	15/02
19:00	 Levante
Almeria	
-0.25
+0.25
1.70
2.20
 
 	
2.25
2.05
 	
1.75
 	
2.00
3.25
4.10
1.25
1.35
1.85
1.5
1.0
2.30
2.55
1.62
1.52
 	 1:0(0:0)  
412	15/02
21:00	 Barcelona
Rayo Vallecano	
–3.0
+3.0
1.95
1.85
  	
4.0
1.80
2.00
1.07
12.00
30.00
 	
1.03
8.60
3.5
1.0
1.90
4.30
1.90
1.22
 	 6:0(2:0)  
413	15/02
23:00	 Villarreal
Celta	
-0.75
+0.75
1.83
1.97
 
 	
2.75
1.95
 	
1.85
 	
1.65
4.00
5.00
1.17
1.25
2.25
1.5
1.0
1.70
2.25
2.15
1.65
 	 0:2(0:0)  
414	16/02
13:00	 Granada
Real Betis	
-0.25
+0.25
1.87
1.87
 
 	
2.25
1.80
 	
1.95
 	
2.20
3.30
3.30
1.32
1.32
1.65
1.5
1.0
2.25
1.95
1.60
1.80
 	 1:0(1:0)  
415	16/02
18:00	 Getafe
Real Madrid	
+1.75
-1.75
1.80
2.00
 
 	
3.25
1.97
 	
1.83
 	
10.50
5.70
1.28
3.70
1.14
1.05
1.0
2.5
2.80
2.00
1.40
1.75
 	 0:3(0:2)  
416	16/02
20:00	 Athletic Bilbao
Espanyol	
–1.0
+1.0
2.00
1.80
  	
2.5
1.87
1.87
1.57
3.90
6.00
1.12
1.25
2.40
1.5
1.0
1.72
2.65
2.05
1.45
 	 1:2(0:1)  
417	16/02
22:00	 Sevilla
Valencia	
-0.25
+0.25
1.85
2.00
 
 	
2.75
1.85
 	
1.90
 	
2.10
3.50
3.40
1.33
1.30
1.75
1.5
1.0
1.90
1.65
1.85
2.15
 	 0:0(0:0)  
418	17/02
23:00	 Malaga
Real Sociedad	
0
0
1.85
1.95
  	
2.5
1.85
1.95
2.60
3.35
2.70
1.47
1.32
1.50
1.5
1.5
2.30
2.35
1.60
1.57
 	 0:1(0:1)  
321	21/02
22:00	 Real Valladolid
Levante	
-0.25
+0.25
1.75
2.10
 
 	
2.0
1.80
2.00
2.05
3.20
4.00
1.25
1.36
1.80
1.0
1.0
1.60
2.50
2.35
1.53
 	 1:1(0:1)  
322	22/02
17:00	 Real Madrid
Elche	
–2.5
+2.5
1.85
1.95
  	
3.75
1.90
 	
1.90
 	
1.08
11.00
25.00
 	
1.04
7.70
3.0
1.0
1.75
4.50
2.10
1.20
 	 3:0(1:0)  
323	22/02
19:00	 Celta
Getafe	
-0.75
+0.75
2.05
1.80
 
 	
2.5
2.00
1.80
1.80
3.60
4.50
1.20
1.30
2.00
1.5
1.0
1.90
2.30
1.85
1.57
 	 1:1(0:1)  
324	22/02
21:00	 Real Sociedad
Barcelona	
+1.5
–1.5
1.83
1.97
  	
3.5
1.93
1.87
7.50
5.30
1.38
3.15
1.17
1.10
1.0
2.5
2.05
2.00
1.75
1.80
 	 3:1(1:1)  
325	22/02
23:00	 Almeria
Malaga	
0
0
1.83
1.97
  	
2.25
1.95
 	
1.85
 	
2.60
3.20
2.80
1.45
1.35
1.50
1.0
1.0
1.75
1.85
2.05
1.95
 	 0:0(0:0)  
326	23/02
13:00	 Rayo Vallecano
Sevilla	
+0.25
-0.25
1.85
1.95
 
 	
2.75
1.90
 	
1.85
 	
3.10
3.35
2.25
1.62
1.30
1.35
1.0
1.5
1.60
2.00
2.25
1.75
 	 0:1(0:0)  
327	23/02
18:00	 Real Betis
Athletic Bilbao	
+0.25
-0.25
1.80
2.05
 
 	
2.5
1.80
2.00
3.00
3.40
2.35
1.60
1.32
1.40
1.0
1.5
1.62
2.15
2.25
1.70
 	 0:2(0:1)  
328	23/02
20:00	 Valencia
Granada	
–1.0
+1.0
1.85
1.95
  	
2.75
1.93
 	
1.87
 	
1.50
4.30
6.50
1.11
1.22
2.60
1.5
1.0
1.57
2.55
2.30
1.48
 	 2:1(0:0)  
329	23/02
22:00	 Osasuna
Atletico Madrid	
+1.0
–1.0
1.90
1.85
  	
2.5
1.95
1.80
7.00
4.00
1.50
2.55
1.25
1.10
1.0
1.5
3.10
1.70
1.35
2.10
 	 3:0(3:0)  
330	24/02
23:00	 Espanyol
Villarreal	
0
0
1.75
2.05
  	
2.25
1.90
 	
1.90
 	
2.50
3.30
2.90
1.42
1.35
1.55
1.0
1.0
1.70
1.85
2.15
1.95
 	 1:2(0:1) 
342	28/02
21:30	 Athletic Bilbao
Granada	
-1.25
+1.25
1.83
1.97
 
 	
2.75
1.90
 	
1.90
 	
1.36
4.80
9.00
1.06
1.18
3.15
2.0
1.0
1.85
3.35
1.95
1.33
 	 4:0(2:0)  
343	01/03
17:00	 Malaga
Real Valladolid	
-0.75
+0.75
2.10
1.75
 
 	
2.25
1.95
 	
1.85
 	
1.85
3.40
4.70
1.20
1.33
2.00
1.5
1.0
2.10
2.65
1.75
1.48
 	 1:1(1:1)  
344	01/03
19:00	 Levante
Osasuna	
-0.25
+0.25
1.97
1.83
 
 	
2.0
1.90
1.90
2.35
3.05
3.35
1.33
1.38
1.60
1.0
1.0
1.77
2.30
2.05
1.62
 	 2:0(2:0)  
345	01/03
21:00	 Getafe
Espanyol	
0
0
1.83
1.97
  	
2.0
1.80
2.00
2.65
3.10
2.85
1.44
1.37
1.48
1.0
1.0
1.87
1.95
1.93
1.85
 	 0:0(0:0)  
346	01/03
23:00	 Elche
Celta	
-0.25
+0.25
2.10
1.75
 
 	
2.0
1.80
2.00
2.45
3.10
3.10
1.37
1.37
1.55
1.0
1.0
1.77
2.10
2.05
1.75
 	 1:0(0:0)  
347	02/03
13:00	 Villarreal
Real Betis	
-1.25
+1.25
1.80
2.00
 
 	
3.0
1.97
1.83
1.36
5.00
8.50
1.07
1.17
3.15
2.0
1.0
1.77
2.90
2.05
1.42
 	 1:1(0:0)  
348	02/03
18:00	 Atletico Madrid
Real Madrid	
+0.25
-0.25
2.05
1.77
 
 	
2.75
2.00
 	
1.80
 	
3.60
3.50
2.05
1.77
1.32
1.30
1.0
1.5
1.77
1.97
2.05
1.83
 	 2:2(2:1)  
349	02/03
20:00	 Sevilla
Real Sociedad	
-0.25
+0.25
1.75
2.00
 
 	
2.75
1.75
 	
2.00
 	
2.00
3.60
3.40
1.30
1.27
1.75
1.5
1.0
1.80
1.62
1.95
2.20
 	 1:0(0:0)  
350	02/03
22:00	 Barcelona
Almeria	
-3.25
+3.25
1.85
1.90
 
 	
4.0
1.80
1.95
1.04
14.00
35.00
 	
1.01
10.00
3.5
1.0
1.75
7.00
2.05
1.10
 	 4:1(2:1)  
351	02/03
22:00	 Rayo Vallecano
Valencia	
+0.25
-0.25
1.90
1.85
 
 	
2.75
1.80
 	
1.95
 	
3.20
3.50
2.15
1.70
1.30
1.33
1.0
1.5
1.57
1.90
2.30
1.85
 	 1:0(0:0)  
509	08/03
17:00	 Real Valladolid
Barcelona	
+2.0
–2.0
1.80
2.00
  	
3.25
1.80
 	
2.00
 	
14.00
7.00
1.20
4.70
1.11
1.02
1.0
2.5
3.20
1.77
1.35
2.05
 	 1:0(1:0)  
510	08/03
19:00	 Real Betis
Getafe	
-0.75
+0.75
1.95
1.80
 
 	
2.5
1.90
1.85
1.75
3.60
4.50
1.18
1.27
2.00
1.5
1.0
1.85
2.30
1.90
1.60
 	 2:0(2:0)  
511	08/03
21:00	 Celta
Atletico Madrid	
+0.25
-0.25
2.40
1.60
 
 	
2.25
1.90
 	
1.90
 	
4.50
3.50
1.85
2.00
1.32
1.22
1.0
1.5
2.55
2.10
1.52
1.75
 	 0:2(0:0)  
512	08/03
23:00	 Granada
Villarreal	
+0.25
-0.25
1.80
2.00
 
 	
2.25
1.85
 	
1.95
 	
3.10
3.30
2.35
1.60
1.35
1.37
1.0
1.0
1.90
1.60
1.90
2.35
 	 2:0(2:0)  
514	09/03
13:00	 Espanyol
Elche	
-0.75
+0.75
1.97
1.83
 
 	
2.0
1.80
2.00
1.75
3.40
5.50
1.16
1.33
2.10
1.5
1.0
2.15
3.20
1.70
1.35
 	 3:1(2:0)  
515	09/03
18:00	 Almeria
Sevilla	
+0.25
-0.25
2.00
1.80
 
 	
2.5
1.95
1.85
3.50
3.50
2.10
1.75
1.32
1.32
1.0
1.5
1.93
2.10
1.87
1.75
 	 1:3(0:1)  
516	09/03
20:00	 Real Madrid
Levante	
–3.0
+3.0
1.97
1.83
  	
4.0
1.90
1.90
1.07
12.00
30.00
 	
1.03
8.60
3.5
1.0
1.95
4.80
1.85
1.18
 	 3:0(1:0)  
517	09/03
22:00	 Valencia
Athletic Bilbao	
-0.25
+0.25
1.90
1.90
 
 	
2.75
1.90
 	
1.90
 	
2.20
3.50
3.20
1.35
1.30
1.67
1.5
1.0
1.95
1.62
1.80
2.25
 	 1:1(1:0)  
518	10/03
21:00	 Osasuna
Malaga	
-0.25
+0.25
1.90
1.90
 
 	
2.25
2.00
 	
1.80
 	
2.25
3.20
3.40
1.32
1.35
1.65
1.0
1.0
1.62
2.10
2.20
1.70
 	 0:2(0:1)  
519	10/03
23:00	 Real Sociedad
Rayo Vallecano	
–1.0
+1.0
1.80
1.95
  	
3.25
2.00
 	
1.75
 	
1.50
4.30
5.80
1.12
1.20
2.50
2.0
1.0
1.80
2.00
1.95
1.75
 	 2:3(2:1)  
357	14/03
22:00	 Getafe
Granada	
-0.25
+0.25
1.90
1.90
 
 	
2.0
1.77
2.05
2.25
3.15
3.45
1.31
1.36
1.65
1.0
1.0
1.65
2.20
2.15
1.62
 	 3:3(2:1)  
358	15/03
17:00	 Levante
Celta	
-0.25
+0.25
2.10
1.75
 
 	
2.25
2.05
 	
1.77
 	
2.45
3.15
3.10
1.38
1.37
1.57
1.0
1.0
1.75
2.05
2.10
1.77
 	 0:1(0:1)  
359	15/03
19:00	 Rayo Vallecano
Almeria	
-0.75
+0.75
2.10
1.75
 
 	
2.5
1.85
1.95
1.85
3.70
4.20
1.23
1.28
2.00
1.5
1.0
1.90
2.05
1.90
1.77
 	 3:1(1:0)  
360	15/03
21:00	 Malaga
Real Madrid	
+1.75
-1.75
1.85
1.95
 
 	
3.25
1.93
 	
1.87
 	
11.00
6.00
1.27
3.90
1.14
1.05
1.0
2.5
2.95
1.95
1.40
1.85
 	 0:1(0:1)  
361	15/03
23:00	 Atletico Madrid
Espanyol	
-1.25
+1.25
1.80
2.00
 
 	
2.5
1.85
1.95
1.35
4.80
10.00
1.05
1.20
3.30
2.0
1.0
1.95
4.00
1.85
1.25
 	 1:0(0:0)  
362	16/03
13:00	 Elche
Real Betis	
-0.25
+0.25
2.05
1.77
 
 	
2.25
2.05
 	
1.77
 	
2.40
3.15
3.15
1.36
1.36
1.57
1.0
1.0
1.75
2.10
2.10
1.75
 	 0:0(0:0)  
363	16/03
18:00	 Barcelona
Osasuna	
-3.25
+3.25
1.97
1.83
 
 	
4.0
1.85
1.95
1.05
15.00
30.00
 	
1.01
10.00
3.5
1.0
1.83
6.20
1.97
1.12
 	 7:0(3:0)  
364	16/03
20:00	 Sevilla
Real Valladolid	
-1.25
+1.25
1.95
1.85
 
 	
2.75
1.87
 	
1.93
 	
1.42
4.70
7.50
1.10
1.20
2.90
2.0
1.0
1.93
2.85
1.87
1.42
 	 4:1(2:0)  
365	16/03
22:00	 Real Sociedad
Valencia	
-0.25
+0.25
1.85
1.95
 
 	
2.75
1.90
 	
1.90
 	
2.15
3.50
3.30
1.33
1.30
1.70
1.5
1.0
1.95
1.62
1.80
2.20
 	 1:0(0:0)  
366	17/03
23:00	 Villarreal
Athletic Bilbao	
-0.25
+0.25
1.85
1.95
 
 	
2.5
2.00
1.80
2.15
3.40
3.40
1.32
1.32
1.70
1.5
1.0
2.15
1.90
1.65
1.85
 	 1:1(0:0)  
367	23/03
22:00	 Real Madrid
Barcelona	
-0.25
+0.25
2.00
1.75
 
 	
2.75
1.80
 	
1.95
 	
2.35
3.40
2.90
1.40
1.30
1.57
1.5
1.5
1.95
2.20
1.80
1.62
 	 3:4(2:2)  
331	21/03
22:00	 Celta
Malaga	
-0.25
+0.25
1.75
2.10
 
 	
2.25
1.85
 	
1.95
 	
2.00
3.40
3.80
1.27
1.32
1.80
1.5
1.0
2.15
2.15
1.70
1.70
 	 0:2(0:2)  
332	22/03
17:00	 Granada
Elche	
-0.25
+0.25
1.62
2.30
 
 	
2.0
1.80
2.00
1.90
3.30
4.50
1.22
1.35
1.90
1.5
1.0
2.25
2.75
1.65
1.45
 	 1:0(0:0)  
333	22/03
19:00	 Espanyol
Levante	
–1.0
+1.0
2.00
1.80
  	
2.25
2.00
 	
1.80
 	
1.55
3.75
7.00
1.10
1.27
2.45
1.5
1.0
1.90
4.00
1.90
1.25
 	 0:0(0:0)  
334	22/03
21:00	 Real Valladolid
Rayo Vallecano	
-0.25
+0.25
1.97
1.83
 
 	
2.5
1.90
1.90
2.30
3.40
3.10
1.37
1.32
1.62
1.5
1.0
2.20
1.75
1.67
2.10
 	 1:1(1:1)  
335	22/03
23:00	 Athletic Bilbao
Getafe	
–1.5
+1.5
1.97
1.83
  	
2.75
1.80
 	
2.00
 	
1.33
5.20
9.50
1.06
1.17
3.40
2.0
1.0
1.75
3.20
2.10
1.35
 	 1:0(1:0)  
336	23/03
13:00	 Osasuna
Sevilla	
0
0
2.05
1.77
  	
2.25
1.80
 	
2.00
 	
2.85
3.30
2.50
1.53
1.33
1.42
1.0
1.0
1.77
1.62
2.05
2.30
 	 1:2(0:2)  
337	23/03
18:00	 Real Betis
Atletico Madrid	
+1.0
–1.0
1.80
1.95
  	
2.5
1.90
1.85
6.20
4.00
1.57
2.50
1.25
1.13
1.0
1.5
2.75
1.72
1.42
2.05
 	 0:2(0:0)  
338	23/03
20:00	 Valencia
Villarreal	
-0.25
+0.25
1.80
2.00
 
 	
2.5
1.85
1.95
2.10
3.50
3.50
1.32
1.32
1.75
1.5
1.0
2.00
1.80
1.75
1.95
 	 2:1(2:0)  
339	23/03
22:00	 Real Madrid
Barcelona	
-0.25
+0.25
1.95
1.85
 
 	
3.0
1.85
1.95
2.25
3.70
3.00
1.40
1.30
1.67
1.5
1.5
1.85
2.15
1.95
1.70
 	 3:4(2:2)  
340	24/03
23:00	 Almeria
Real Sociedad	
+0.25
-0.25
1.95
1.85
 
 	
2.5
2.00
1.80
3.40
3.40
2.15
1.70
1.32
1.32
1.0
1.5
1.90
2.15
1.85
1.65
 	 4:3(1:1)  
287	25/03
21:00	 Malaga
Espanyol	
-0.25
+0.25
2.10
1.75
 
 	
2.0
1.80
2.00
2.45
3.10
3.10
1.37
1.37
1.55
1.0
1.0
1.77
2.10
2.05
1.75
 	 1:2(1:1)  
288	25/03
23:00	 Elche
Athletic Bilbao	
+0.25
-0.25
2.25
1.65
 
 	
2.25
1.90
 	
1.90
 	
4.30
3.40
1.90
1.90
1.32
1.22
1.0
1.5
2.45
2.10
1.55
1.75
 	 0:0(0:0)  
289	26/03
21:00	 Barcelona
Celta	
–3.0
+3.0
1.97
1.83
  	
4.0
1.85
1.90
1.06
13.00
35.00
 	
1.03
9.50
3.5
1.0
1.95
4.80
1.85
1.18
 	 3:0(2:0)  
290	26/03
21:00	 Rayo Vallecano
Osasuna	
-0.75
+0.75
2.10
1.75
 
 	
2.5
1.95
1.85
1.85
3.60
4.40
1.22
1.30
2.00
1.5
1.0
1.95
2.20
1.85
1.67
 	 1:0(0:0)  
291	26/03
23:00	 Atletico Madrid
Granada	
-1.75
+1.75
1.85
1.95
 
 	
2.75
1.83
 	
1.97
 	
1.20
6.30
17.00
1.01
1.12
4.60
2.5
1.0
2.10
5.20
1.75
1.16
 	 1:0(0:0)  
292	26/03
23:00	 Sevilla
Real Madrid	
+1.0
–1.0
1.97
1.83
  	
3.25
1.80
 	
2.00
 	
5.70
4.70
1.53
2.60
1.22
1.15
1.0
2.0
1.80
1.70
2.05
2.15
 	 2:1(1:1)  
293	27/03
21:00	 Getafe
Villarreal	
+0.25
-0.25
1.90
1.90
 
 	
2.25
1.85
 	
1.95
 	
3.30
3.30
2.25
1.65
1.35
1.35
1.0
1.5
1.95
2.30
1.85
1.60
 	 0:1(0:1)  
294	27/03
21:00	 Real Sociedad
Real Valladolid	
-1.25
+1.25
2.00
1.75
 
 	
2.75
1.85
 	
1.90
 	
1.45
4.50
7.00
1.10
1.20
2.75
2.0
1.0
1.95
2.65
1.80
1.45
 	 1:0(1:0)  
295	27/03
23:00	 Almeria
Valencia	
+0.25
-0.25
2.15
1.70
 
 	
2.5
1.95
1.85
3.80
3.60
1.95
1.85
1.30
1.27
1.0
1.5
2.05
2.00
1.77
1.80
 	 2:2(0:2)  
296	27/03
23:00	 Levante
Real Betis	
-0.25
+0.25
2.10
1.75
 
 	
2.25
2.05
 	
1.77
 	
2.45
3.15
3.10
1.38
1.37
1.57
1.0
1.0
1.75
2.05
2.10
1.77
 	 1:3(1:1)  
297	29/03
17:00	 Espanyol
Barcelona	
+1.75
-1.75
1.80
1.95
 
 	
3.25
1.90
 	
1.85
 	
10.00
5.70
1.27
3.70
1.13
1.04
1.0
2.5
2.80
1.95
1.40
1.80
 	 0:1(0:0)  
298	29/03
19:00	 Celta
Sevilla	
+0.25
-0.25
1.75
2.05
 
 	
2.5
2.00
1.80
3.00
3.30
2.40
1.57
1.33
1.40
1.0
1.5
1.75
2.30
2.05
1.57
 	 1:0(0:0)  
299	29/03
21:00	 Athletic Bilbao
Atletico Madrid	
+0.25
-0.25
1.80
2.05
 
 	
2.25
1.80
 	
2.00
 	
3.00
3.35
2.40
1.60
1.33
1.40
1.0
1.0
1.80
1.60
2.00
2.35
 	 1:2(1:1)  
300	29/03
23:00	 Real Madrid
Rayo Vallecano	
–3.0
+3.0
1.87
1.87
  	
4.0
1.72
2.05
1.07
12.00
25.00
 	
1.03
8.20
3.5
1.0
1.80
4.50
1.95
1.18
 	 5:0(1:0)  
301	30/03
13:00	 Real Valladolid
Almeria	
-0.75
+0.75
2.10
1.75
 
 	
2.25
1.80
 	
2.00
 	
1.85
3.50
4.40
1.22
1.30
1.95
1.5
1.0
2.00
2.35
1.80
1.60
 	 1:0(1:0)  
302	30/03
18:00	 Osasuna
Real Sociedad	
+0.25
-0.25
1.75
2.05
 
 	
2.5
2.00
1.80
3.00
3.30
2.40
1.57
1.33
1.40
1.0
1.5
1.75
2.30
2.05
1.57
 	 1:1(0:1)  
303	30/03
20:00	 Villarreal
Elche	
-1.25
+1.25
2.00
1.75
 
 	
2.5
1.95
1.80
1.42
4.30
8.00
1.07
1.22
2.80
1.5
1.0
1.65
3.60
2.20
1.27
 	 1:1(1:1)  
304	30/03
22:00	 Valencia
Getafe	
-1.25
+1.25
1.95
1.85
 
 	
2.75
1.87
 	
1.93
 	
1.42
4.70
7.50
1.10
1.20
2.90
2.0
1.0
1.93
2.85
1.87
1.42
 	 1:3(1:2)  
305	31/03
21:00	 Granada
Levante	
-0.25
+0.25
1.80
2.05
 
 	
2.25
1.95
 	
1.85
 	
2.10
3.30
3.70
1.28
1.35
1.75
1.5
1.0
2.30
2.20
1.62
1.67
 	 0:2(0:0)  
306	31/03
23:00	 Real Betis
Malaga	
-0.25
+0.25
2.05
1.75
 
 	
2.25
1.90
 	
1.90
 	
2.40
3.20
3.10
1.37
1.35
1.57
1.0
1.0
1.65
1.87
2.20
1.87
 	 1:2(1:0)  
492	29/03
17:00	 Espanyol
Barcelona	
+1.25
-1.25
1.95
1.80
 
 	
3.0
1.80
1.95
8.00
5.00
1.38
3.10
1.18
1.08
1.0
2.0
2.50
1.65
1.50
2.15
 	 0:1(0:0)  
493	29/03
19:00	 Celta
Sevilla	
0
0
1.85
1.90
  	
2.5
1.85
1.90
2.60
3.40
2.70
1.47
1.32
1.50
1.5
1.5
2.30
2.35
1.60
1.57
 	 1:0(0:0)  
494	29/03
21:00	 Athletic Bilbao
Atletico Madrid	
+0.25
-0.25
1.80
2.00
 
 	
2.25
1.90
 	
1.90
 	
3.20
3.20
2.35
1.60
1.36
1.36
1.0
1.0
1.90
1.65
1.90
2.25
 	 1:2(1:1)  
495	29/03
23:00	 Real Madrid
Rayo Vallecano	
–3.0
+3.0
1.80
2.00
  	
4.5
1.90
1.90
1.05
15.00
28.00
 	
1.01
10.00
3.5
1.0
1.65
3.35
2.25
1.30
 	 5:0(1:0)  
496	30/03
13:00	 Real Valladolid
Almeria	
-0.25
+0.25
1.65
2.25
 
 	
2.25
1.90
 	
1.90
 	
1.90
3.40
4.30
1.22
1.32
1.90
1.5
1.0
2.10
2.40
1.75
1.57
 	 1:0(1:0)  
497	30/03
18:00	 Osasuna
Real Sociedad	
+0.25
-0.25
1.77
2.05
 
 	
2.5
2.00
1.80
3.00
3.30
2.40
1.57
1.33
1.40
1.0
1.5
1.77
2.35
2.05
1.60
 	 1:1(0:1)  
498	30/03
20:00	 Villarreal
Elche	
–1.0
+1.0
1.95
1.85
  	
2.5
2.00
1.80
1.53
4.00
6.70
1.11
1.25
2.50
1.5
1.0
1.75
3.15
2.10
1.36
 	 1:1(1:1)  
499	30/03
22:00	 Valencia
Getafe	
-1.25
+1.25
1.85
1.95
 
 	
2.75
1.87
 	
1.93
 	
1.38
4.80
8.50
1.07
1.20
3.10
2.0
1.0
1.85
3.10
1.95
1.37
 	 1:3(1:2)  
500	31/03
21:00	 Granada
Levante	
-0.25
+0.25
1.62
2.30
 
 	
2.0
1.80
2.00
1.90
3.30
4.50
1.22
1.35
1.90
1.5
1.0
2.25
2.75
1.65
1.45
 	 0:2(0:0)  
501	31/03
23:00	 Real Betis
Malaga	
-0.25
+0.25
1.85
1.90
 
 	
2.25
1.85
 	
1.90
 	
2.15
3.30
3.40
1.30
1.32
1.67
1.5
1.0
2.25
2.00
1.60
1.75
 	 1:2(1:0)  
363	04/04
22:00	 Almeria
Osasuna	
-0.25
+0.25
1.95
1.85
 
 	
2.25
2.00
 	
1.80
 	
2.30
3.20
3.30
1.35
1.36
1.62
1.0
1.0
1.67
2.05
2.20
1.77
 	 1:2(0:2)  
364	05/04
17:00	 Atletico Madrid
Villarreal	
–1.0
+1.0
1.87
1.93
  	
2.5
2.00
1.80
1.50
4.00
7.00
1.10
1.25
2.55
1.5
1.0
1.75
3.35
2.10
1.33
 	 1:0(1:0)  
365	05/04
19:00	 Barcelona
Real Betis	
-2.75
+2.75
1.83
1.97
 
 	
4.0
1.80
2.00
1.05
15.00
30.00
 	
1.01
10.00
3.5
1.0
1.93
3.80
1.87
1.27
 	 3:1(1:0)  
366	05/04
21:00	 Real Sociedad
Real Madrid	
+1.0
–1.0
1.83
1.97
  	
3.25
2.00
 	
1.80
 	
5.00
4.40
1.60
2.35
1.22
1.17
1.0
2.0
1.85
1.90
1.95
1.90
 	 0:4(0:1)  
367	05/04
23:00	 Rayo Vallecano
Celta	
-0.25
+0.25
1.90
1.90
 
 	
2.5
1.90
1.90
2.20
3.50
3.20
1.35
1.30
1.67
1.5
1.0
2.15
1.77
1.70
2.05
 	 3:0(1:0)  
368	06/04
13:00	 Malaga
Granada	
-0.25
+0.25
1.72
2.10
 
 	
2.25
1.95
 	
1.80
 	
2.00
3.30
3.90
1.25
1.32
1.80
1.5
1.0
2.20
2.30
1.62
1.57
 	 4:1(2:0)  
369	06/04
18:00	 Elche
Getafe	
-0.25
+0.25
1.75
2.10
 
 	
2.0
1.80
2.00
2.05
3.20
4.00
1.25
1.36
1.80
1.0
1.0
1.60
2.50
2.35
1.53
 	 1:0(0:0)  
370	06/04
20:00	 Sevilla
Espanyol	
-0.75
+0.75
1.87
1.87
 
 	
2.5
1.85
1.90
1.72
3.75
5.00
1.18
1.28
2.15
1.5
1.0
1.75
2.25
2.00
1.60
 	 4:1(2:0)  
371	06/04
22:00	 Real Valladolid
Valencia	
+0.25
-0.25
1.80
2.00
 
 	
2.25
1.85
 	
1.95
 	
3.10
3.30
2.35
1.60
1.35
1.37
1.0
1.0
1.90
1.60
1.90
2.35
 	 0:0(0:0)  
372	07/04
23:00	 Levante
Athletic Bilbao	
+0.25
-0.25
2.25
1.65
 
 	
2.25
1.90
 	
1.90
 	
4.30
3.40
1.90
1.90
1.32
1.22
1.0
1.5
2.40
2.10
1.57
1.75
 	 1:2(0:2)  
419	11/04
22:00	 Osasuna
Real Valladolid	
-0.25
+0.25
1.80
2.05
 
 	
2.25
2.00
 	
1.80
 	
2.10
3.25
3.80
1.28
1.35
1.75
1.0
1.0
1.57
2.30
2.40
1.62
 	 0:0(0:0)  
420	12/04
17:00	 Celta
Real Sociedad	
0
0
1.77
2.05
  	
2.5
1.95
1.85
2.50
3.30
2.85
1.42
1.33
1.53
1.0
1.0
1.57
1.67
2.40
2.20
 	 2:2(1:2)  
421	12/04
19:00	 Villarreal
Levante	
–1.0
+1.0
1.77
2.05
  	
2.5
2.00
1.80
1.45
4.20
8.00
1.08
1.23
2.75
1.5
1.0
1.67
3.70
2.20
1.28
 	 1:0(0:0)  
422	12/04
21:00	 Granada
Barcelona	
+1.75
-1.75
1.85
1.95
 
 	
3.5
1.95
1.85
9.50
6.00
1.28
3.70
1.13
1.05
1.0
2.5
2.50
1.87
1.53
1.93
 	 1:0(1:0)  
423	12/04
23:00	 Real Madrid
Almeria	
–3.0
+3.0
1.90
1.90
  	
4.5
1.95
1.85
1.05
15.00
30.00
 	
1.01
10.00
3.5
1.0
1.77
3.35
2.05
1.33
 	 4:0(1:0)  
424	13/04
13:00	 Real Betis
Sevilla	
+0.25
-0.25
1.95
1.85
 
 	
2.75
1.90
 	
1.90
 	
3.25
3.60
2.15
1.72
1.30
1.35
1.0
1.5
1.65
1.97
2.25
1.83
 	 0:2(0:1)  
425	13/04
18:00	 Valencia
Elche	
-0.75
+0.75
1.75
2.05
 
 	
2.5
1.90
1.90
1.60
4.00
5.70
1.14
1.25
2.35
1.5
1.0
1.75
2.65
2.10
1.48
 	 2:1(1:1)  
426	13/04
20:00	 Getafe
Atletico Madrid	
+1.0
–1.0
1.95
1.80
  	
2.25
1.80
 	
1.95
 	
7.50
4.20
1.47
2.70
1.23
1.10
1.0
1.5
3.50
1.70
1.28
2.10
 	 0:2(0:1)  
427	13/04
22:00	 Espanyol
Rayo Vallecano	
-0.75
+0.75
2.05
1.80
 
 	
2.5
1.85
1.95
1.80
3.60
4.60
1.20
1.30
2.05
1.5
1.0
1.85
2.10
1.95
1.70
 	 2:2(1:1)  
428	14/04
23:00	 Athletic Bilbao
Malaga	
-1.25
+1.25
1.97
1.83
 
 	
2.75
2.00
 	
1.80
 	
1.42
4.50
8.00
1.08
1.22
2.90
2.0
1.0
2.05
3.15
1.77
1.36
 	 3:0(1:0)  
428	18/04
21:30	 Atletico Madrid
Elche	
-1.75
+1.75
1.90
1.90
 
 	
2.5
1.80
2.00
1.20
6.00
20.00
1.01
1.13
4.70
2.0
1.0
1.67
6.50
2.20
1.11
 	 2:0(0:0)  
429	19/04
17:00	 Osasuna
Valencia	
0
0
1.85
1.95
  	
2.5
1.95
1.85
2.60
3.40
2.70
1.47
1.32
1.50
1.0
1.0
1.60
1.65
2.50
2.25
 	 1:1(1:0)  
430	19/04
19:00	 Levante
Getafe	
-0.25
+0.25
2.10
1.75
 
 	
2.25
2.05
 	
1.77
 	
2.45
3.15
3.10
1.38
1.37
1.57
1.0
1.0
1.75
2.05
2.10
1.77
 	 0:0(0:0)  
431	20/04
13:00	 Almeria
Celta	
0
0
1.80
2.00
  	
2.25
1.80
 	
2.00
 	
2.50
3.35
2.80
1.44
1.32
1.53
1.0
1.0
1.65
1.77
2.25
2.05
 	 2:4(1:1)  
432	20/04
18:00	 Rayo Vallecano
Real Betis	
-0.25
+0.25
1.75
2.10
 
 	
2.75
1.87
 	
1.93
 	
2.00
3.50
3.70
1.27
1.30
1.80
1.5
1.0
1.85
1.70
1.90
2.10
 	 3:1(2:0)  
433	20/04
20:00	 Sevilla
Granada	
-1.25
+1.25
1.90
1.90
 
 	
2.75
1.85
 	
1.95
 	
1.40
4.70
8.00
1.08
1.20
3.00
2.0
1.0
1.85
2.90
1.90
1.40
 	 4:0(1:0)  
434	20/04
22:00	 Barcelona
Athletic Bilbao	
-1.75
+1.75
1.97
1.83
 
 	
3.5
1.80
2.00
1.30
6.00
9.00
1.07
1.14
3.60
2.5
1.0
1.80
2.15
2.00
1.70
 	 2:1(0:0)  
435	19/04
21:00	 Real Sociedad
Espanyol	
-0.75
+0.75
2.05
1.80
 
 	
2.5
1.85
1.95
1.80
3.75
4.40
1.22
1.28
2.05
1.5
1.0
1.85
2.15
1.95
1.70
 	 2:1(1:1)  
436	21/04
23:00	 Malaga
Villarreal	
0
0
1.95
1.80
  	
2.25
1.87
 	
1.87
 	
2.80
3.20
2.55
1.50
1.33
1.42
1.0
1.0
1.80
1.70
1.95
2.10
 	 2:0(1:0)  
481	25/04
22:00	 Elche
Levante	
-0.75
+0.75
1.83
1.97
 
 	
2.0
1.83
1.97
1.62
3.65
6.20
1.12
1.28
2.30
1.5
1.0
2.05
3.80
1.77
1.27
 	 1:1(0:0)  
482	26/04
17:00	 Granada
Rayo Vallecano	
-0.25
+0.25
1.87
1.93
 
 	
2.5
1.85
1.95
2.15
3.50
3.30
1.33
1.30
1.70
1.5
1.0
2.10
1.77
1.75
2.05
 	 0:3(0:0)  
483	26/04
19:00	 Getafe
Malaga	
-0.25
+0.25
1.72
2.15
 
 	
2.25
1.95
 	
1.85
 	
2.00
3.40
3.90
1.27
1.32
1.85
1.5
1.0
2.25
2.35
1.65
1.60
 	 1:0(1:0)  
484	26/04
21:00	 Real Madrid
Osasuna	
-2.75
+2.75
1.85
1.95
 
 	
4.0
1.85
1.95
1.07
12.00
28.00
 	
1.03
8.50
3.5
1.0
1.97
4.00
1.83
1.25
 	 4:0(1:0)  
485	26/04
23:00	 Real Betis
Real Sociedad	
+0.25
-0.25
2.00
1.85
 
 	
2.75
1.87
 	
1.93
 	
3.30
3.70
2.10
1.75
1.28
1.35
1.0
1.5
1.65
1.93
2.25
1.87
 	 0:1(0:0)  
486	27/04
13:00	 Espanyol
Almeria	
-0.75
+0.75
1.80
2.05
 
 	
2.75
1.95
 	
1.85
 	
1.62
4.00
5.30
1.15
1.25
2.30
1.5
1.0
1.67
2.30
2.20
1.62
 	 1:2(1:0)  
487	27/04
18:00	 Valencia
Atletico Madrid	
+0.75
-0.75
1.85
1.95
 
 	
2.25
1.85
 	
1.95
 	
5.00
3.70
1.72
2.15
1.28
1.17
1.0
1.5
2.75
1.95
1.45
1.85
 	 0:1(0:1)  
488	27/04
20:00	 Athletic Bilbao
Sevilla	
-0.25
+0.25
1.70
2.15
 
 	
2.75
1.80
 	
1.95
 	
1.95
3.60
3.70
1.27
1.28
1.85
1.5
1.0
1.80
1.70
1.95
2.10
 	 3:1(1:0)  
489	27/04
22:00	 Villarreal
Barcelona	
+1.25
-1.25
1.80
1.95
 
 	
3.0
1.80
1.95
6.50
4.70
1.45
2.75
1.20
1.11
1.0
2.0
2.20
1.75
1.62
2.00
 	 2:3(1:0)  
490	28/04
23:00	 Celta
Real Valladolid	
-0.75
+0.75
2.10
1.75
 
 	
2.5
1.95
1.85
1.85
3.60
4.40
1.22
1.30
2.00
1.5
1.0
1.95
2.20
1.85
1.67
 	 4:1(2:0)  
371	02/05
22:00	 Rayo Vallecano
Athletic Bilbao	
+0.25
-0.25
2.10
1.75
 
 	
3.0
2.00
1.80
3.60
3.70
2.00
1.85
1.30
1.30
1.0
1.5
1.62
1.80
2.30
2.00
 	 0:3(0:2)  
372	03/05
17:00	 Barcelona
Getafe	
-3.25
+3.25
1.85
1.95
 
 	
4.25
1.83
 	
1.97
 	
1.05
15.00
30.00
 	
1.01
10.00
4.0
1.0
2.05
5.50
1.77
1.15
 	 2:2(1:1)  
373	03/05
19:00	 Malaga
Elche	
-0.25
+0.25
1.87
1.93
 
 	
2.25
1.90
 	
1.90
 	
2.20
3.30
3.40
1.32
1.35
1.67
1.0
1.0
1.60
2.00
2.35
1.80
 	 0:1(0:1)  
374	03/05
21:00	 Osasuna
Celta	
-0.25
+0.25
1.62
2.30
 
 	
2.5
1.90
1.90
1.85
3.70
4.10
1.24
1.27
1.95
1.5
1.0
1.87
2.20
1.92
1.67
 	 0:2(0:2)  
375	03/05
23:00	 Real Valladolid
Espanyol	
-0.25
+0.25
1.75
2.10
 
 	
2.25
1.85
 	
1.95
 	
2.00
3.40
3.80
1.27
1.32
1.80
1.5
1.0
2.15
2.20
1.70
1.67
 	 1:0(1:0)  
376	04/05
13:00	 Almeria
Real Betis	
–1.0
+1.0
1.90
1.90
  	
3.0
1.90
1.90
1.55
4.40
5.50
1.15
1.22
2.45
2.0
1.0
1.95
2.10
1.85
1.75
 	 3:2(0:0)  
377	04/05
18:00	 Levante
Atletico Madrid	
+1.75
-1.75
1.83
1.97
 
 	
2.5
1.90
1.90
18.00
5.70
1.22
4.40
1.14
 	
1.0
2.0
7.00
1.77
1.10
2.05
 	 2:0(1:0)  
378	04/05
20:00	 Sevilla
Villarreal	
-0.75
+0.75
1.95
1.85
 
 	
2.75
1.83
 	
1.97
 	
1.75
3.80
4.50
1.20
1.27
2.10
1.5
1.0
1.65
1.90
2.15
1.85
 	 0:0(0:0)  
379	04/05
22:00	 Real Madrid
Valencia	
-2.25
+2.25
1.80
1.95
 
 	
4.0
1.80
1.95
1.15
9.00
13.00
1.02
1.06
5.40
3.0
1.0
1.70
2.50
2.10
1.50
 	 2:2(0:1)  
380	05/05
23:00	 Real Sociedad
Granada	
-1.25
+1.25
2.00
1.75
 
 	
3.0
1.87
1.87
1.48
4.50
6.20
1.11
1.20
2.65
2.0
1.0
1.80
2.65
1.95
1.45
 	 1:1(0:0)  
405	10/05
21:00	 Villarreal
Rayo Vallecano	
-0.75
+0.75
1.75
2.00
 
 	
3.0
1.95
1.80
1.62
4.20
4.80
1.17
1.22
2.25
2.0
1.0
2.05
1.95
1.72
1.80
 	 4:0(2:0)  
406	10/05
23:00	 Levante
Valencia	
+0.25
-0.25
2.00
1.75
 
 	
2.5
1.95
1.80
3.60
3.40
2.05
1.75
1.32
1.28
1.0
1.5
1.95
2.10
1.80
1.70
 	 2:0(0:0)  
407	11/05
18:00	 Athletic Bilbao
Real Sociedad	
-0.25
+0.25
1.67
2.15
 
 	
3.0
1.87
1.87
1.90
3.80
3.60
1.27
1.25
1.85
1.5
1.0
1.70
1.60
2.10
2.25
 	 1:1(0:0)  
408	11/05
20:00	 Espanyol
Osasuna	
-0.25
+0.25
2.00
1.75
 
 	
2.25
1.90
 	
1.90
 	
2.35
3.20
3.05
1.36
1.33
1.57
1.0
1.0
1.65
1.87
2.20
1.87
 	 1:1(1:1)  
409	11/05
20:00	 Celta
Real Madrid	
+1.25
-1.25
1.80
2.00
 
 	
3.25
1.90
 	
1.85
 	
6.00
4.70
1.47
2.65
1.18
1.12
1.0
2.0
2.00
1.70
1.75
2.10
 	 2:0(1:0)  
410	11/05
20:00	 Real Betis
Real Valladolid	
+0.25
-0.25
2.10
1.70
 
 	
2.75
1.85
 	
1.90
 	
3.50
3.70
1.95
1.80
1.25
1.28
1.0
1.5
1.72
1.80
2.05
1.95
 	 4:3(1:1)  
411	11/05
20:00	 Granada
Almeria	
-0.75
+0.75
2.00
1.75
 
 	
2.75
1.95
 	
1.80
 	
1.80
3.70
4.20
1.22
1.27
2.00
1.5
1.0
1.80
1.95
1.95
1.80
 	 0:2(0:1)  
412	11/05
20:00	 Elche
Barcelona	
+1.75
-1.75
2.00
1.75
 
 	
3.25
1.85
 	
1.90
 	
12.00
6.30
1.22
4.20
1.11
1.02
1.0
2.5
3.20
1.85
1.32
1.90
 	 0:0(0:0)  
413	11/05
20:00	 Atletico Madrid
Malaga	
-1.75
+1.75
1.85
1.95
 
 	
2.75
1.80
 	
1.95
 	
1.20
6.00
15.00
 	
1.11
4.30
2.5
1.0
2.10
5.20
1.75
1.16
 	 1:1(0:0)  
414	11/05
20:00	 Getafe
Sevilla	
-0.75
+0.75
1.95
1.80
 
 	
2.75
1.90
 	
1.85
 	
1.75
3.80
4.30
1.20
1.24
2.05
1.5
1.0
1.72
2.00
2.05
1.75
 	 1:0(0:0)  
325	16/05
22:00	 Malaga
Levante	
-0.25
+0.25
1.72
2.10
 
 	
2.25
1.80
 	
1.95
 	
2.00
3.30
3.80
1.25
1.32
1.80
1.5
1.0
2.10
2.05
1.70
1.72
 	 1:0(0:0)  
326	17/05
17:00	 Real Madrid
Espanyol	
–1.5
+1.5
1.85
1.95
  	
3.25
1.87
 	
1.93
 	
1.30
5.80
9.00
1.06
1.14
3.60
2.5
1.0
1.95
2.40
1.80
1.55
 	 3:1(0:0)  
327	17/05
19:00	 Barcelona
Atletico Madrid	
-0.75
+0.75
2.05
1.80
 
 	
2.5
1.90
1.90
1.80
3.80
4.40
1.22
1.28
2.05
1.5
1.0
1.90
2.25
1.90
1.65
 	 1:1(1:0)  
328	17/05
23:00	 Valencia
Celta	
-0.75
+0.75
1.95
1.80
 
 	
3.0
1.87
1.87
1.75
3.80
4.30
1.20
1.25
2.05
2.0
1.0
2.15
1.72
1.65
2.05
 	 2:1(1:1)  
329	18/05
13:00	 Real Sociedad
Villarreal	
-0.25
+0.25
1.70
2.15
 
 	
3.0
2.00
1.80
1.95
3.70
3.70
1.28
1.28
1.85
1.5
1.0
1.85
1.65
2.05
2.25
 	 1:2(0:1)  
330	18/05
19:00	 Rayo Vallecano
Getafe	
+0.25
-0.25
2.05
1.72
 
 	
2.5
1.60
2.20
4.00
3.00
2.05
1.72
1.36
1.22 
2.5
1.0
2.15
2.65
1.70
1.45
 	 1:2(0:1)  
331	18/05
19:00	 Osasuna
Real Betis	
–1.5
+1.5
1.90
1.85
  	
3.0
1.80
1.95
1.33
5.30
9.00
1.06
1.16
3.40
2.5
1.0
2.15
2.65
1.70
1.45
 	 2:1(2:0)  
332	18/05
19:00	 Almeria
Athletic Bilbao	
-0.25
+0.25
2.00
1.75
 
 	
2.75
1.80
 	
1.95
 	
2.35
3.35
2.90
1.38
1.30
1.55
1.5
1.5
1.95
2.20
1.80
1.62
 	 0:0(0:0)  
333	18/05
19:00	 Real Valladolid
Granada	
-0.25
+0.25
1.80
1.95
 
 	
2.5
1.80
1.95
2.10
3.30
3.40
1.30
1.30
1.70
1.5
1.0
2.00
1.75
1.75
2.05
 	 0:1(0:1)  
334	18/05
22:00	 Sevilla
Elche	
-0.75
+0.75
2.05
1.80
 
 	
2.75
1.85
 	
1.90
 	
1.80
3.70
4.30
1.22
1.27
2.00
1.5
1.0
1.72
1.90
2.05
1.85
 	 3:1(1:0)  