136	17/08
14:45	 Liverpool
Stoke City	
-1.25
+1.25
1.80
1.95
 
 	
2.75
1.95
 	
1.77
 	
1.38
4.60
8.00
1.05
1.17
2.95
1.5
1.0
1.52
3.30
2.40
1.30
 	 1:0(1:0)  
137	17/08
17:00	 Arsenal London
Aston Villa	
-1.25
+1.25
1.80
1.92
 
 	
3.0
1.87
1.87
1.38
4.55
7.85
1.05
1.16
2.90
1.5
1.0
1.42
2.50
2.68
1.47
 	 1:3(1:1)  
138	17/08
17:00	 Norwich City
Everton	
0
0
2.25
1.57
  	
2.5
1.95
1.75
3.15
3.35
2.20
1.62
1.31
1.33
1.5
1.5
2.75
2.20
1.39
1.60
 	 2:2(0:0)  
139	17/08
17:00	 Sunderland
Fulham	
0
0
1.57
2.30
  	
2.5
1.95
1.75
2.20
3.35
3.15
1.33
1.30
1.65
1.5
1.5
2.20
2.75
1.60
1.39
 	 0:1(0:0)  
140	17/08
17:00	 West Bromwich Albion
Southampton	
-0.25
+0.25
2.00
1.75
 
 	
2.5
1.87
1.87
2.40
3.30
2.90
1.37
1.30
1.52
1.0
1.0
1.50
1.62
2.40
2.18
 	 0:1(0:0)  
141	17/08
17:00	 West Ham United
Cardiff City	
-0.25
+0.25
1.65
2.15
 
 	
2.5
1.85
1.85
1.95
3.45
3.70
1.25
1.28
1.80
1.5
1.0
1.95
1.95
1.75
1.75
 	 2:0(1:0)  
142	17/08
19:30	 Swansea City
Manchester United	
+0.25
-0.25
1.95
1.80
 
 	
2.5
1.85
1.85
3.40
3.40
2.10
1.68
1.30
1.30
1.0
1.5
1.85
2.10
1.90
1.68
 	 1:4(0:2)  
143	18/08
15:30	 Crystal Palace
Tottenham Hotspur	
+0.75
-0.75
1.75
2.00
 
 	
2.75
1.95
 	
1.75
 	
4.50
3.60
1.75
2.00
1.25
1.18
1.0
1.5
2.05
1.80
1.70
1.90
 	 0:1(0:0)  
144	18/08
18:00	 Chelsea
Hull City	
–2.0
+2.0
1.95
1.80
  	
3.0
1.87
1.87
1.18
6.75
15.00
1.01
1.09
4.65
2.5
1.0
1.95
4.50
1.80
1.18
 	 2:0(2:0)  
145	19/08
22:00	 Manchester City
Newcastle United	
-1.75
+1.75
1.95
1.80
 
 	
3.0
1.90
1.85
1.25
5.60
11.20
1.03
1.13
3.75
2.5
1.0
2.12
3.50
1.66
1.27
 	 4:0(2:0)  
147	24/08
14:45	 Fulham
Arsenal London	
+0.25
-0.25
2.25
1.60
 
 	
2.75
1.95
 	
1.75
 	
4.15
3.60
1.85
1.90
1.26
1.21
1.5
1.5
2.90
1.85
1.36
1.85
 	 1:3(0:2)  
148	24/08
17:00	 Everton
West Bromwich Albion	
–1.0
+1.0
1.82
1.95
  	
2.75
1.75
 	
1.95
 	
1.50
4.00
6.50
1.08
1.22
2.50
1.5
1.0
1.55
2.25
2.30
1.57
 	 0:0(0:0)  
149	24/08
17:00	 Hull City
Norwich City	
0
0
1.60
2.25
  	
2.25
1.85
 	
1.85
 	
2.25
3.35
3.05
1.34
1.30
1.57
1.5
1.5
2.40
2.95
1.50
1.35
 	 1:0(1:0)  
150	24/08
17:00	 Newcastle United
West Ham United	
-0.25
+0.25
1.95
1.80
 
 	
2.5
1.90
1.80
2.30
3.35
3.00
1.35
1.30
1.57
1.5
1.5
2.20
2.60
1.60
1.44
 	 0:0(0:0)  
151	24/08
17:00	 Southampton
Sunderland	
-0.75
+0.75
1.80
1.95
 
 	
2.5
1.95
1.75
1.60
3.70
5.75
1.11
1.25
2.25
1.5
1.0
1.80
2.75
1.90
1.39
 	 1:1(0:1)  
152	24/08
17:00	 Stoke City
Crystal Palace	
-0.75
+0.75
2.02
1.72
 
 	
2.25
1.90
 	
1.85
 	
1.75
3.50
4.65
1.17
1.28
2.00
1.5
1.0
2.00
2.60
1.72
1.44
 	 2:1(0:1)  
153	24/08
19:30	 Aston Villa
Liverpool	
+0.75
-0.75
1.75
2.00
 
 	
2.75
1.80
 	
1.90
 	
4.50
3.60
1.77
2.00
1.26
1.18
1.0
1.5
1.85
1.70
1.85
2.05
 	 0:1(0:1)  
154	25/08
18:00	 Cardiff City
Manchester City	
+1.25
-1.25
1.85
1.90
 
 	
3.0
1.95
1.80
7.65
4.30
1.42
2.72
1.19
1.06
1.0
1.5
2.50
1.47
1.47
2.55
 	 3:2(0:0)  
155	25/08
18:00	 Tottenham Hotspur
Swansea City	
-0.75
+0.75
1.85
1.90
 
 	
2.75
1.95
 	
1.75
 	
1.65
3.80
5.10
1.15
1.24
2.15
1.5
1.0
1.70
2.20
2.05
1.60
 	 1:0(0:0)  
156	26/08
22:00	 Manchester United
Chelsea	
0
0
1.77
2.00
  	
2.75
1.87
 	
1.87
 	
2.45
3.35
2.85
1.39
1.30
1.50
1.0
1.0
1.45
1.52
2.60
2.42
 	 0:0(0:0)  
148	21/08
21:45	 Chelsea
Aston Villa	
-1.75
+1.75
1.95
1.80
 
 	
3.0
1.85
1.90
1.25
5.60
11.50
1.03
1.13
3.75
2.5
1.0
2.05
3.50
1.72
1.27
 	 2:1(1:1)  
160	31/08
14:45	 Manchester City
Hull City	
-1.75
+1.75
1.75
2.00
 
 	
3.0
1.80
1.90
1.20
6.50
12.00
1.01
1.09
4.30
2.5
1.0
2.02
3.80
1.72
1.23
 	 2:0(0:0)  
161	31/08
17:00	 Cardiff City
Everton	
+0.25
-0.25
1.80
1.95
 
 	
2.5
1.80
1.90
2.95
3.35
2.30
1.55
1.30
1.36
1.5
1.5
2.45
2.15
1.47
1.65
 	 0:0(0:0)  
162	31/08
17:00	 Newcastle United
Fulham	
-0.25
+0.25
1.80
1.95
 
 	
2.25
1.80
 	
1.90
 	
2.10
3.45
3.30
1.30
1.28
1.68
1.5
1.0
2.25
1.95
1.57
1.75
 	 1:0(0:0)  
163	31/08
17:00	 Norwich City
Southampton	
0
0
1.90
1.80
  	
2.25
1.77
 	
1.95
 	
2.65
3.35
2.55
1.45
1.30
1.43
1.5
1.5
2.66
2.50
1.42
1.45
 	 1:0(0:0)  
164	31/08
17:00	 West Ham United
Stoke City	
-0.75
+0.75
2.30
1.55
 
 	
2.25
1.80
 	
1.90
 	
1.95
3.40
3.80
1.23
1.29
1.80
1.5
1.0
2.10
2.20
1.68
1.60
 	 0:1(0:0)  
165	31/08
19:30	 Crystal Palace
Sunderland	
-0.25
+0.25
2.02
1.72
 
 	
2.25
1.85
 	
1.85
 	
2.45
3.35
2.80
1.40
1.30
1.52
1.5
1.5
2.55
2.80
1.45
1.38
 	 3:1(1:0)  
166	01/09
15:30	 Liverpool
Manchester United	
0
0
1.76
2.00
  	
2.5
1.92
1.82
2.45
3.30
2.90
1.40
1.31
1.51
1.5
1.5
2.30
2.60
1.58
1.46
 	 1:0(1:0)  
167	01/09
15:30	 West Bromwich Albion
Swansea City	
0
0
1.82
1.93
  	
2.5
1.78
1.97
2.53
3.35
2.70
1.43
1.30
1.49
1.5
1.5
2.25
2.40
1.60
1.53
 	 0:2(0:1)  
168	01/09
18:00	 Arsenal London
Tottenham Hotspur	
-0.25
+0.25
1.72
2.05
 
 	
2.75
1.81
 	
1.93
 	
2.00
3.50
3.70
1.26
1.28
1.76
1.5
1.5
1.82
2.60
1.93
1.46
 	 1:0(1:0)  
262	14/09
14:45	 Manchester United
Crystal Palace	
–2.0
+2.0
1.95
1.80
  	
3.25
1.95
 	
1.80
 	
1.20
6.50
15.00
1.02
1.08
4.50
2.5
1.5
1.87
6.25
1.87
1.10
 	 2:0(1:0)  
263	14/09
17:00	 Aston Villa
Newcastle United	
-0.25
+0.25
1.65
2.15
 
 	
2.5
1.85
1.85
1.95
3.55
3.70
1.25
1.28
1.80
1.5
1.0
1.95
1.95
1.75
1.75
 	 1:2(0:1)  
264	14/09
17:00	 Fulham
West Bromwich Albion	
-0.25
+0.25
1.80
1.95
 
 	
2.5
1.87
1.87
2.10
3.30
3.50
1.28
1.30
1.68
1.5
1.5
2.11
3.00
1.68
1.36
 	 1:1(1:0)  
265	14/09
17:00	 Hull City
Cardiff City	
-0.25
+0.25
1.75
2.00
 
 	
2.25
1.90
 	
1.80
 	
2.10
3.35
3.45
1.27
1.30
1.68
1.5
1.5
2.25
3.30
1.57
1.30
 	 1:1(1:0)  
266	14/09
17:00	 Tottenham Hotspur
Norwich City	
-1.25
+1.25
1.95
1.77
 
 	
2.75
1.95
 	
1.75
 	
1.42
4.35
7.60
1.05
1.19
2.72
1.5
1.0
1.55
2.95
2.30
1.35
 	 2:0(1:0)  
267	14/09
17:00	 Stoke City
Manchester City	
+0.75
-0.75
2.04
1.73
 
 	
2.5
1.90
1.84
5.60
3.85
1.60
2.25
1.24
1.13
1.5
1.5
4.00
1.72
1.22
2.05
 	 0:0(0:0)  
268	14/09
17:00	 Sunderland
Arsenal London	
+0.75
-0.75
1.90
1.85
 
 	
2.5
1.80
1.90
5.20
3.75
1.65
2.20
1.25
1.14
1.0
1.5
2.40
1.72
1.50
2.00
 	 1:3(0:1)  
269	14/09
19:30	 Everton
Chelsea	
+0.25
-0.25
1.87
1.87
 
 	
2.5
1.97
1.78
3.20
3.35
2.20
1.65
1.30
1.32
1.5
1.5
2.90
2.20
1.38
1.62
 	 1:0(1:0)  
270	15/09
18:00	 Southampton
West Ham United	
-0.75
+0.75
2.05
1.74
 
 	
2.25
1.75
 	
2.00
 	
1.76
3.55
4.60
1.17
1.26
2.00
1.5
1.5
1.95
3.80
1.80
1.24
 	 0:0(0:0)  
271	16/09
22:00	 Swansea City
Liverpool	
+0.25
-0.25
1.90
1.85
 
 	
2.5
1.90
1.84
3.30
3.40
2.15
1.66
1.30
1.32
1.5
1.5
2.82
2.11
1.40
1.68
 	 2:2(1:2)  
260	21/09
14:45	 Norwich City
Aston Villa	
-0.25
+0.25
2.00
1.75
 
 	
2.5
1.90
1.80
2.30
3.35
3.00
1.36
1.30
1.55
1.5
1.5
2.20
2.60
1.60
1.44
 	 0:1(0:1)  
261	21/09
17:00	 Liverpool
Southampton	
-0.75
+0.75
1.78
1.95
 
 	
2.5
1.80
1.90
1.60
3.70
5.90
1.11
1.25
2.25
1.5
1.0
1.72
2.40
2.02
1.50
 	 0:1(0:0)  
262	21/09
17:00	 Newcastle United
Hull City	
-0.75
+0.75
2.05
1.74
 
 	
2.25
1.75
 	
2.00
 	
1.77
3.55
4.50
1.18
1.26
2.00
1.5
1.5
1.95
3.80
1.80
1.24
 	 2:3(2:1)  
263	21/09
17:00	 West Bromwich Albion
Sunderland	
-0.25
+0.25
1.65
2.15
 
 	
2.5
1.87
1.87
1.95
3.55
3.65
1.25
1.27
1.80
1.5
1.0
1.95
1.95
1.80
1.80
 	 3:0(1:0)  
264	21/09
17:00	 West Ham United
Everton	
0
0
2.25
1.60
  	
2.25
1.87
 	
1.87
 	
3.10
3.35
2.25
1.60
1.30
1.33
1.5
1.5
3.00
2.40
1.35
1.52
 	 2:3(1:0)  
265	21/09
19:30	 Chelsea
Fulham	
-1.75
+1.75
1.90
1.85
 
 	
2.75
1.77
 	
1.97
 	
1.26
5.50
11.30
1.02
1.15
3.70
2.5
1.0
2.22
3.85
1.60
1.24
 	 2:0(0:0)  
266	22/09
15:30	 Crystal Palace
Swansea City	
+0.25
-0.25
1.95
1.80
 
 	
2.25
1.80
 	
1.95
 	
3.35
3.40
2.10
1.68
1.30
1.30
1.0
1.5
1.95
2.25
1.80
1.60
 	 0:2(0:1)  
267	22/09
15:30	 Arsenal London
Stoke City	
–1.5
+1.5
1.90
1.85
  	
2.75
1.87
 	
1.87
 	
1.32
5.00
9.00
1.04
1.15
3.30
2.0
1.0
1.80
3.40
1.95
1.29
 	 3:1(2:1)  
268	22/09
18:00	 Cardiff City
Tottenham Hotspur	
+0.25
-0.25
2.25
1.60
 
 	
2.5
1.97
1.77
4.20
3.50
1.85
1.90
1.28
1.20
1.5
1.5
3.30
1.95
1.30
1.80
 	 0:1(0:0)  
269	22/09
18:00	 Manchester City
Manchester United	
-0.25
+0.25
1.80
1.95
 
 	
2.5
1.87
1.87
2.10
3.40
3.40
1.30
1.30
1.68
1.5
1.0
2.10
1.80
1.68
1.95
 	 4:1(2:0)  
321	28/09
14:45	 Tottenham Hotspur
Chelsea	
0
0
1.75
2.00
  	
2.25
1.80
 	
1.95
 	
2.45
3.35
2.80
1.42
1.30
1.52
1.5
1.5
2.55
2.66
1.47
1.44
 	 1:1(1:0)  
322	28/09
17:00	 Aston Villa
Manchester City	
+1.0
–1.0
1.90
1.85
  	
2.75
1.97
 	
1.77
 	
6.75
4.20
1.47
2.55
1.20
1.08
1.0
1.5
2.75
1.60
1.42
2.25
 	 3:2(0:1)  
323	28/09
17:00	 Fulham
Cardiff City	
-0.25
+0.25
1.80
1.95
 
 	
2.25
1.80
 	
1.95
 	
2.10
3.40
3.35
1.30
1.29
1.68
1.5
1.0
2.25
1.95
1.60
1.80
 	 1:2(1:1)  
324	28/09
17:00	 Hull City
West Ham United	
-0.25
+0.25
1.90
1.85
 
 	
2.0
1.75
2.00
2.25
3.30
3.15
1.33
1.30
1.60
1.5
1.5
2.55
3.30
1.47
1.30
 	 1:0(1:0)  
325	28/09
17:00	 Manchester United
West Bromwich Albion	
–1.5
+1.5
1.85
1.90
  	
3.0
1.95
1.80
1.28
5.10
11.50
1.02
1.15
3.55
2.5
1.0
2.20
3.50
1.62
1.27
 	 1:2(0:0)  
326	28/09
17:00	 Southampton
Crystal Palace	
-1.25
+1.25
1.95
1.80
 
 	
2.75
1.97
 	
1.77
 	
1.42
4.25
7.70
1.06
1.20
2.72
1.5
1.0
1.57
3.10
2.30
1.34
 	 2:0(0:0)  
327	28/09
19:30	 Swansea City
Arsenal London	
0
0
2.05
1.72
  	
2.75
1.97
 	
1.77
 	
2.85
3.35
2.40
1.52
1.30
1.40
1.0
1.0
1.55
1.45
2.35
2.60
 	 1:2(0:0)  
328	29/09
15:30	 Stoke City
Norwich City	
-0.75
+0.75
2.15
1.65
 
 	
2.25
1.90
 	
1.85
 	
1.90
3.40
4.00
1.22
1.29
1.85
1.5
1.0
2.20
2.36
1.63
1.55
 	 0:1(0:1)  
329	29/09
18:00	 Sunderland
Liverpool	
+0.75
-0.75
1.95
1.80
 
 	
2.5
1.95
1.80
5.80
3.70
1.60
2.22
1.25
1.12
1.0
1.5
2.72
1.80
1.42
1.95
 	 1:3(0:2)  
330	30/09
22:00	 Everton
Newcastle United	
–1.0
+1.0
1.95
1.80
  	
2.75
1.95
 	
1.80
 	
1.55
3.85
6.00
1.11
1.23
2.35
1.5
1.0
1.64
2.40
2.18
1.52
 	 3:2(3:0)  
348	05/10
14:45	 Manchester City
Everton	
–1.0
+1.0
1.97
1.77
  	
2.75
1.87
 	
1.87
 	
1.57
4.25
5.50
1.12
1.20
2.35
1.5
1.0
1.60
2.20
2.22
1.65
 	 3:1(2:1)  
349	05/10
17:00	 Cardiff City
Newcastle United	
-0.25
+0.25
1.95
1.75
 
 	
2.5
1.90
1.85
2.30
3.35
2.95
1.36
1.30
1.57
1.5
1.5
2.20
2.60
1.62
1.45
 	 1:2(0:2)  
350	05/10
17:00	 Fulham
Stoke City	
-0.25
+0.25
2.02
1.72
 
 	
2.25
1.87
 	
1.87
 	
2.40
3.35
2.80
1.40
1.30
1.52
1.5
1.5
2.55
2.80
1.47
1.40
 	 1:0(0:0)  
351	05/10
17:00	 Hull City
Aston Villa	
-0.25
+0.25
1.85
1.90
 
 	
2.25
1.95
 	
1.80
 	
2.20
3.30
3.20
1.32
1.30
1.62
1.5
1.5
2.40
3.20
1.52
1.32
 	 0:0(0:0)  
352	05/10
17:00	 Liverpool
Crystal Palace	
–2.0
+2.0
1.80
1.95
  	
3.0
1.72
2.05
1.17
7.00
16.00
1.01
1.07
4.65
2.5
1.0
1.85
4.00
1.90
1.22
 	 3:1(3:0)  
353	05/10
19:30	 Sunderland
Manchester United	
+1.0
–1.0
1.80
1.95
  	
2.75
1.95
 	
1.80
 	
6.00
4.00
1.55
2.35
1.22
1.11
1.0
1.5
2.38
1.62
1.54
2.22
 	 1:2(1:0)  
354	06/10
15:30	 Norwich City
Chelsea	
+0.75
-0.75
1.95
1.80
 
 	
2.5
1.87
1.87
5.25
3.95
1.60
2.25
1.23
1.14
1.0
1.5
2.45
1.77
1.52
1.97
 	 1:3(0:1)  
355	06/10
15:30	 Southampton
Swansea City	
0
0
1.47
2.55
  	
2.5
1.95
1.80
2.00
3.35
3.65
1.24
1.30
1.75
1.0
1.0
1.40
1.95
2.80
1.80
 	 2:0(1:0)  
356	06/10
18:00	 Tottenham Hotspur
West Ham United	
-1.25
+1.25
1.97
1.77
 
 	
2.75
1.97
 	
1.77
 	
1.42
4.25
7.70
1.06
1.20
2.72
1.5
1.0
1.57
3.10
2.30
1.34
 	 0:3(0:0)  
357	06/10
18:00	 West Bromwich Albion
Arsenal London	
+0.75
-0.75
1.75
2.00
 
 	
3.0
1.95
1.80
4.50
3.70
1.75
1.97
1.25
1.18
1.0
1.5
1.80
1.65
1.95
2.15
 	 1:1(1:0)  
466	19/10
14:45	 Newcastle United
Liverpool	
+0.75
-0.75
1.75
2.00
 
 	
3.0
1.95
1.80
4.40
3.70
1.75
2.00
1.25
1.18
1.0
1.5
1.80
1.65
1.95
2.15
 	 2:2(1:1)  
467	19/10
17:00	 Arsenal London
Norwich City	
–1.5
+1.5
1.80
1.95
  	
3.0
1.90
1.85
1.25
5.60
11.50
1.03
1.13
3.75
2.5
1.0
2.12
3.50
1.66
1.27
 	 4:1(1:0)  
468	19/10
17:00	 Chelsea
Cardiff City	
-1.75
+1.75
1.95
1.80
 
 	
2.75
1.77
 	
1.97
 	
1.25
5.50
11.50
1.01
1.12
3.65
2.5
1.0
2.20
3.85
1.62
1.23
 	 4:1(1:1)  
469	19/10
17:00	 Everton
Hull City	
–1.0
+1.0
1.85
1.90
  	
2.75
1.95
 	
1.80
 	
1.47
4.20
7.00
1.08
1.20
2.60
1.5
1.0
1.60
2.75
2.25
1.40
 	 2:1(1:1)  
470	19/10
17:00	 Manchester United
Southampton	
–1.0
+1.0
1.90
1.85
  	
2.75
1.90
 	
1.85
 	
1.52
4.00
6.25
1.11
1.22
2.45
1.5
1.0
1.60
2.40
2.22
1.52
 	 1:1(1:0)  
471	19/10
17:00	 Stoke City
West Bromwich Albion	
-0.25
+0.25
2.00
1.75
 
 	
2.25
1.87
 	
1.87
 	
2.35
3.35
2.90
1.37
1.30
1.55
1.5
1.5
2.45
2.90
1.50
1.37
 	 0:0(0:0)  
472	19/10
17:00	 Swansea City
Sunderland	
–1.0
+1.0
1.90
1.85
  	
2.75
1.90
 	
1.85
 	
1.52
4.00
6.25
1.11
1.22
2.45
1.5
1.0
1.60
2.40
2.22
1.52
 	 4:0(0:0)  
473	19/10
19:30	 West Ham United
Manchester City	
+1.0
–1.0
1.77
1.97
  	
2.75
1.80
 	
1.90
 	
5.90
4.00
1.55
2.30
1.22
1.10
1.0
1.5
2.20
1.60
1.60
2.20
 	 1:3(0:1)  
474	20/10
18:00	 Aston Villa
Tottenham Hotspur	
+0.25
-0.25
2.15
1.65
 
 	
2.5
1.87
1.87
3.70
3.50
1.95
1.80
1.27
1.25
1.0
1.5
1.95
1.95
1.80
1.80
 	 0:2(0:1)  
475	21/10
22:00	 Crystal Palace
Fulham	
0
0
1.87
1.87
  	
2.25
1.85
 	
1.90
 	
2.60
3.35
2.60
1.44
1.30
1.44
1.5
1.5
2.60
2.60
1.45
1.45
 	 1:4(1:2)  
412	26/10
14:45	 Crystal Palace
Arsenal London	
+1.75
-1.75
1.80
1.95
 
 	
3.0
1.90
1.85
11.50
5.60
1.25
3.75
1.13
1.03
1.0
2.5
3.50
2.12
1.27
1.66
 	 0:2(0:0)  
413	26/10
17:00	 Aston Villa
Everton	
+0.25
-0.25
1.97
1.77
 
 	
2.5
1.87
1.87
3.45
3.35
2.12
1.68
1.30
1.28
1.0
1.5
1.77
2.10
1.97
1.68
 	 0:2(0:0)  
414	26/10
17:00	 Liverpool
West Bromwich Albion	
-1.25
+1.25
1.80
1.95
 
 	
3.0
1.87
1.87
1.38
4.70
8.00
1.06
1.17
2.90
1.5
1.0
1.42
2.50
2.72
1.50
 	 4:1(2:0)  
415	26/10
17:00	 Manchester United
Stoke City	
–1.5
+1.5
1.90
1.85
  	
2.75
1.95
 	
1.80
 	
1.30
5.30
9.50
1.04
1.14
3.40
2.0
1.0
1.85
4.00
1.90
1.22
 	 3:2(1:2)  
416	26/10
17:00	 Norwich City
Cardiff City	
-0.75
+0.75
2.30
1.57
 
 	
2.25
1.77
 	
1.97
 	
1.95
3.45
3.80
1.24
1.28
1.80
1.5
1.0
2.12
2.20
1.66
1.62
 	 0:0(0:0)  
417	26/10
19:30	 Southampton
Fulham	
–1.0
+1.0
1.87
1.87
  	
2.5
1.82
1.92
1.54
4.00
6.25
1.09
1.22
2.36
1.5
1.0
1.66
2.70
2.12
1.42
 	 2:0(2:0)  
418	27/10
15:30	 Sunderland
Newcastle United	
0
0
1.87
1.87
  	
2.5
1.80
1.95
2.60
3.35
2.60
1.45
1.30
1.45
1.5
1.5
2.30
2.30
1.57
1.57
 	 2:1(1:0)  
419	27/10
18:00	 Chelsea
Manchester City	
-0.25
+0.25
2.00
1.75
 
 	
2.5
1.80
1.95
2.35
3.40
2.90
1.37
1.29
1.55
1.5
1.5
2.15
2.40
1.65
1.52
 	 2:1(1:0)  
420	27/10
18:00	 Tottenham Hotspur
Hull City	
-1.25
+1.25
1.80
1.95
 
 	
2.75
1.95
 	
1.80
 	
1.38
4.60
8.20
1.05
1.17
2.95
1.5
1.0
1.52
3.30
2.40
1.30
 	 1:0(0:0)  
421	27/10
18:00	 Swansea City
West Ham United	
-0.75
+0.75
1.85
1.90
 
 	
2.75
1.97
 	
1.77
 	
1.65
3.75
5.20
1.14
1.24
2.15
1.5
1.0
1.72
2.30
2.04
1.57
 	 0:0(0:0)  
468	02/11
14:45	 Newcastle United
Chelsea	
+1.0
–1.0
1.80
1.95
  	
2.75
1.95
 	
1.80
 	
6.00
3.90
1.55
2.35
1.23
1.11
1.0
1.5
2.40
1.62
1.52
2.20
 	 2:0(0:0)  
469	02/11
17:00	 Fulham
Manchester United	
+1.0
–1.0
1.90
1.85
  	
3.0
1.95
1.80
6.50
4.10
1.50
2.50
1.22
1.09
1.0
1.5
2.25
1.55
1.60
2.35
 	 1:3(0:3)  
470	02/11
17:00	 Hull City
Sunderland	
-0.25
+0.25
1.87
1.87
 
 	
2.25
1.95
 	
1.80
 	
2.20
3.40
3.10
1.33
1.29
1.62
1.5
1.5
2.40
3.20
1.52
1.32
 	 1:0(1:0)  
471	02/11
17:00	 Manchester City
Norwich City	
–2.0
+2.0
1.97
1.77
  	
3.0
1.75
2.00
1.20
6.50
13.00
1.01
1.10
4.25
2.5
1.0
1.95
3.55
1.80
1.26
 	 7:0(4:0)  
472	02/11
17:00	 Stoke City
Southampton	
+0.25
-0.25
1.80
1.95
 
 	
2.0
1.75
2.00
3.05
3.30
2.30
1.57
1.30
1.34
1.5
1.5
3.30
2.55
1.30
1.47
 	 1:1(1:1)  
473	02/11
17:00	 West Bromwich Albion
Crystal Palace	
–1.0
+1.0
1.90
1.85
  	
2.75
1.90
 	
1.85
 	
1.52
4.00
6.25
1.10
1.22
2.42
1.5
1.0
1.62
2.38
2.20
1.54
 	 2:0(1:0)  
474	02/11
17:00	 West Ham United
Aston Villa	
-0.25
+0.25
1.80
1.92
 
 	
2.25
1.80
 	
1.90
 	
2.12
3.35
3.35
1.30
1.30
1.68
1.5
1.0
2.25
1.95
1.57
1.75
 	 0:0(0:0)  
475	02/11
19:30	 Arsenal London
Liverpool	
-0.25
+0.25
1.75
2.00
 
 	
3.0
1.97
1.77
2.05
3.45
3.45
1.28
1.28
1.72
1.5
1.5
1.85
2.40
1.90
1.52
 	 2:0(1:0)  
476	03/11
15:30	 Everton
Tottenham Hotspur	
0
0
1.80
1.95
  	
2.25
1.80
 	
1.95
 	
2.50
3.35
2.75
1.42
1.30
1.50
1.5
1.5
2.55
2.66
1.47
1.44
 	 0:0(0:0)  
477	03/11
18:00	 Cardiff City
Swansea City	
+0.25
-0.25
1.80
1.95
 
 	
2.5
1.80
1.95
3.00
3.35
2.30
1.57
1.30
1.35
1.5
1.5
2.45
2.15
1.50
1.65
 	 1:0(0:0)  
458	09/11
17:00	 Aston Villa
Cardiff City	
-0.25
+0.25
1.85
1.95
 
 	
2.25
1.90
 	
1.90
 	
2.10
3.40
3.50
1.27
1.30
1.70
1.5
1.0
2.25
2.05
1.60
1.72
 	 2:0(0:0)  
459	09/11
17:00	 Chelsea
West Bromwich Albion	
–1.5
+1.5
1.80
1.95
  	
3.0
1.90
1.85
1.27
5.60
11.50
1.03
1.13
3.65
2.5
1.0
2.12
3.50
1.66
1.27
 	 2:2(1:0)  
460	09/11
17:15	 Crystal Palace
Everton	
+0.75
-0.75
2.00
1.80
 
 	
2.5
1.87
1.87
5.50
4.00
1.61
2.22
1.23
1.14
1.0
1.5
2.45
1.77
1.52
1.97
 	 0:0(0:0)  
461	09/11
17:00	 Liverpool
Fulham	
–2.0
+2.0
1.85
1.95
  	
3.5
2.00
1.75
1.20
7.00
13.50
1.01
1.08
4.35
2.5
1.0
1.85
2.90
1.90
1.37
 	 4:0(3:0)  
462	09/11
17:00	 Southampton
Hull City	
–1.0
+1.0
1.90
1.85
  	
2.25
1.95
 	
1.87
 	
1.55
3.80
6.90
1.09
1.24
2.40
1.5
1.0
1.80
3.50
1.95
1.27
 	 4:1(3:0)  
463	09/11
19:30	 Norwich City
West Ham United	
-0.25
+0.25
1.97
1.85
 
 	
2.5
1.97
1.77
2.30
3.40
3.10
1.34
1.30
1.60
1.5
1.5
2.30
2.66
1.57
1.44
 	 3:1(0:1)  
464	10/11
14:00	 Tottenham Hotspur
Newcastle United	
–1.0
+1.0
1.95
1.85
  	
2.75
2.00
 	
1.80
 	
1.55
4.00
6.30
1.10
1.22
2.40
1.5
1.0
1.62
2.75
2.20
1.42
 	 0:1(0:1)  
465	10/11
16:05	 Sunderland
Manchester City	
+1.25
-1.25
1.95
1.85
 
 	
3.0
1.90
1.85
8.20
4.80
1.38
2.90
1.17
1.05
1.0
1.5
2.50
1.44
1.50
2.68
 	 1:0(1:0)  
466	10/11
18:10	 Manchester United
Arsenal London	
-0.25
+0.25
1.85
1.95
 
 	
2.75
1.95
 	
1.85
 	
2.25
3.40
3.20
1.33
1.30
1.62
1.5
1.5
2.02
2.40
1.74
1.53
 	 1:0(1:0)  
467	10/11
18:10	 Swansea City
Stoke City	
-0.25
+0.25
1.62
2.22
 
 	
2.25
1.90
 	
1.90
 	
1.85
3.45
4.50
1.19
1.29
1.95
1.5
1.5
2.10
3.75
1.68
1.24
 	 3:3(0:2)  
520	23/11
14:45	 Everton
Liverpool	
0
0
2.00
1.80
  	
2.25
1.77
 	
2.02
 	
2.85
3.40
2.45
1.52
1.30
1.39
1.5
1.5
2.66
2.50
1.44
1.50
 	 3:3(1:2)  
521	23/11
17:00	 Arsenal London
Southampton	
–1.0
+1.0
2.02
1.77
  	
2.5
1.80
1.95
1.60
4.00
5.60
1.13
1.22
2.25
1.5
1.0
1.72
2.40
2.05
1.53
 	 2:0(1:0)  
522	23/11
17:00	 Fulham
Swansea City	
0
0
2.30
1.60
  	
2.5
1.95
1.80
3.20
3.40
2.25
1.60
1.29
1.33
1.5
1.5
2.72
2.20
1.42
1.62
 	 1:2(0:0)  
523	23/11
17:00	 Hull City
Crystal Palace	
-0.75
+0.75
2.18
1.65
 
 	
2.25
2.02
 	
1.77
 	
1.85
3.45
4.50
1.18
1.28
1.95
1.5
1.0
2.18
2.60
1.65
1.45
 	 0:1(0:0)  
524	23/11
17:00	 Newcastle United
Norwich City	
-0.75
+0.75
2.00
1.80
 
 	
2.75
2.00
 	
1.80
 	
1.75
3.75
4.70
1.17
1.25
2.05
1.5
1.0
1.85
2.05
1.90
1.72
 	 2:1(2:0)  
525	23/11
17:00	 Stoke City
Sunderland	
-0.25
+0.25
1.75
2.05
 
 	
2.25
2.02
 	
1.80
 	
2.05
3.30
3.80
1.24
1.30
1.75
1.5
1.0
2.30
2.38
1.57
1.54
 	 2:0(1:0)  
526	23/11
19:30	 West Ham United
Chelsea	
+1.0
–1.0
1.82
1.95
  	
2.5
1.87
1.87
5.75
4.10
1.57
2.37
1.22
1.12
1.0
1.5
2.45
1.77
1.52
1.97
 	 0:3(0:2)  
527	24/11
15:30	 Manchester City
Tottenham Hotspur	
-0.75
+0.75
1.85
1.95
 
 	
2.5
1.80
1.97
1.65
3.85
5.30
1.14
1.24
2.17
1.5
1.0
1.72
2.30
2.04
1.57
 	 6:0(3:0)  
528	24/11
18:00	 Cardiff City
Manchester United	
+0.75
-0.75
2.00
1.80
 
 	
2.5
1.90
1.90
5.50
4.05
1.60
2.27
1.22
1.13
1.0
1.5
2.45
1.77
1.52
1.97
 	 2:2(1:2)  
529	25/11
22:00	 West Bromwich Albion
Aston Villa	
-0.75
+0.75
2.35
1.57
 
 	
2.25
1.80
 	
2.00
 	
2.00
3.45
3.80
1.24
1.28
1.80
1.5
1.0
2.12
2.20
1.66
1.62
 	 2:2(2:0)  
463	30/11
17:00	 Aston Villa
Sunderland	
-0.75
+0.75
2.05
1.74
 
 	
2.25
1.85
 	
1.95
 	
1.76
3.55
4.50
1.18
1.26
2.00
1.5
1.5
2.05
4.00
1.74
1.22
 	 0:0(0:0)  
464	30/11
17:00	 Cardiff City
Arsenal London	
+1.0
–1.0
1.90
1.85
  	
2.75
1.97
 	
1.77
 	
7.25
4.00
1.47
2.60
1.22
1.07
1.0
1.5
2.75
1.60
1.40
2.25
 	 0:3(0:1)  
465	30/11
17:00	 Everton
Stoke City	
–1.0
+1.0
1.77
1.97
  	
2.5
1.90
1.85
1.47
4.00
7.25
1.07
1.22
2.60
1.5
1.0
1.65
3.30
2.15
1.31
 	 4:0(1:0)  
466	30/11
17:00	 Norwich City
Crystal Palace	
-0.75
+0.75
2.30
1.60
 
 	
2.25
1.85
 	
1.95
 	
1.95
3.45
3.90
1.23
1.28
1.85
1.5
1.0
2.10
2.20
1.68
1.65
 	 1:0(1:0)  
467	30/11
17:00	 West Ham United
Fulham	
-0.75
+0.75
1.85
1.90
 
 	
2.75
1.97
 	
1.77
 	
1.65
3.75
5.20
1.14
1.24
2.15
1.5
1.0
1.72
2.30
2.04
1.57
 	 3:0(0:0)  
468	30/11
19:30	 Newcastle United
West Bromwich Albion	
-0.25
+0.25
1.67
2.12
 
 	
2.75
1.97
 	
1.82
 	
1.97
3.55
3.75
1.24
1.26
1.82
1.0
1.0
1.34
1.77
3.10
1.97
 	 2:1(1:0)  
469	01/12
14:00	 Tottenham Hotspur
Manchester United	
0
0
2.00
1.80
  	
2.5
2.00
1.80
2.85
3.40
2.45
1.52
1.30
1.39
1.5
1.5
2.66
2.50
1.44
1.50
 	 2:2(1:1)  
470	01/12
16:05	 Hull City
Liverpool	
+1.0
–1.0
1.87
1.90
  	
2.5
1.85
1.95
6.50
4.00
1.52
2.42
1.22
1.09
1.0
1.5
2.70
1.66
1.42
2.12
 	 3:1(1:1)  
471	01/12
18:10	 Chelsea
Southampton	
–1.0
+1.0
2.02
1.77
  	
2.5
1.80
2.00
1.57
4.10
5.85
1.12
1.22
2.35
1.5
1.0
1.72
2.40
2.05
1.53
 	 3:1(0:1)  
472	01/12
18:10	 Manchester City
Swansea City	
-1.75
+1.75
2.00
1.80
 
 	
3.0
1.90
1.85
1.26
5.60
11.50
1.03
1.13
3.70
2.5
1.0
2.12
3.50
1.66
1.27
 	 3:0(1:0) 
286	03/12
22:00	 Crystal Palace
West Ham United	
+0.25
-0.25
1.75
2.00
 
 	
2.25
1.87
 	
1.87
 	
2.95
3.35
2.35
1.55
1.29
1.37
1.5
1.5
2.90
2.45
1.37
1.50
 	 1:0(1:0)  
287	04/12
21:45	 Arsenal London
Hull City	
-1.75
+1.75
1.85
1.95
 
 	
2.75
1.80
 	
2.00
 	
1.22
6.50
11.50
1.01
1.09
4.20
1.5
1.0
1.38
4.40
2.85
1.18
 	 2:0(1:0)  
288	04/12
21:45	 Liverpool
Norwich City	
-1.75
+1.75
1.97
1.80
 
 	
3.0
1.80
2.00
1.25
6.00
11.50
1.02
1.11
3.75
2.5
1.0
2.02
3.30
1.78
1.31
 	 5:1(3:0)  
289	04/12
21:45	 Manchester United
Everton	
-0.75
+0.75
1.85
1.95
 
 	
2.75
1.97
 	
1.80
 	
1.65
3.75
5.50
1.13
1.24
2.20
1.5
1.0
1.72
2.30
2.04
1.57
 	 0:1(0:0)  
290	04/12
21:45	 Southampton
Aston Villa	
-0.75
+0.75
1.87
1.87
 
 	
2.5
1.90
1.85
1.67
3.75
5.30
1.14
1.23
2.15
1.5
1.0
1.80
2.45
1.95
1.52
 	 2:3(0:1)  
291	04/12
21:45	 Stoke City
Cardiff City	
-0.25
+0.25
1.75
2.05
 
 	
2.25
1.95
 	
1.85
 	
2.05
3.40
3.65
1.25
1.29
1.75
1.5
1.0
2.30
2.15
1.57
1.65
 	 0:0(0:0)  
292	04/12
21:45	 Sunderland
Chelsea	
+1.0
–1.0
1.90
1.90
  	
2.5
1.80
2.00
6.50
4.15
1.52
2.45
1.20
1.09
1.0
1.5
2.70
1.66
1.43
2.12
 	 3:4(1:2)  
293	04/12
21:45	 Swansea City
Newcastle United	
-0.25
+0.25
1.80
2.00
 
 	
2.5
1.90
1.90
2.12
3.45
3.45
1.28
1.28
1.68
1.5
1.0
2.10
1.77
1.68
1.97
 	 3:0(1:0)  
294	04/12
22:00	 Fulham
Tottenham Hotspur	
+0.75
-0.75
1.95
1.85
 
 	
2.5
1.90
1.90
5.25
3.90
1.65
2.20
1.23
1.14
1.0
1.5
2.40
1.77
1.53
1.97
 	 1:2(0:0)  
295	04/12
22:00	 West Bromwich Albion
Manchester City	
+1.0
–1.0
1.85
1.95
  	
2.75
1.80
 	
2.00
 	
6.10
4.00
1.57
2.35
1.22
1.10
1.0
1.5
2.20
1.60
1.62
2.22
 	 2:3(0:2)  
513	07/12
14:45	 Manchester United
Newcastle United	
-1.25
+1.25
2.05
1.77
 
 	
2.75
1.97
 	
1.80
 	
1.45
4.35
7.70
1.06
1.20
2.65
1.5
1.0
1.57
3.10
2.32
1.34
 	 0:1(0:0)  
514	07/12
17:00	 Crystal Palace
Cardiff City	
-0.25
+0.25
2.05
1.72
 
 	
2.0
1.77
2.00
2.45
3.35
2.90
1.37
1.30
1.52
1.0
1.0
1.75
2.02
2.00
1.72
 	 2:0(1:0)  
515	07/12
17:00	 Liverpool
West Ham United	
–1.5
+1.5
1.90
1.90
  	
3.0
1.92
1.85
1.31
5.50
9.50
1.04
1.13
3.45
2.0
1.0
1.70
3.00
2.10
1.35
 	 4:1(1:0)  
516	07/12
17:00	 Southampton
Manchester City	
+0.75
-0.75
1.95
1.85
 
 	
3.0
2.00
1.80
5.00
4.00
1.65
2.22
1.22
1.15
1.0
1.5
1.95
1.62
1.80
2.22
 	 1:1(1:1)  
517	07/12
17:00	 Stoke City
Chelsea	
+1.0
–1.0
1.85
1.95
  	
2.5
1.95
1.85
6.25
4.00
1.55
2.35
1.22
1.10
1.0
1.5
2.90
1.72
1.37
2.10
 	 3:2(1:1)  
518	07/12
17:00	 West Bromwich Albion
Norwich City	
-0.75
+0.75
1.87
1.87
 
 	
2.5
1.90
1.85
1.67
3.80
4.95
1.15
1.23
2.12
1.5
1.0
1.80
2.45
1.95
1.52
 	 0:2(0:1)  
519	07/12
19:30	 Sunderland
Tottenham Hotspur	
+0.75
-0.75
1.60
2.33
 
 	
2.25
1.80
 	
2.00
 	
3.90
3.50
1.95
1.85
1.28
1.23
1.0
1.5
2.20
2.12
1.62
1.66
 	 1:2(1:1)  
520	08/12
15:30	 Fulham
Aston Villa	
0
0
1.87
1.87
  	
2.5
1.80
1.95
2.60
3.35
2.60
1.45
1.30
1.45
1.5
1.5
2.30
2.30
1.57
1.57
 	 2:0(2:0)  
521	08/12
18:00	 Arsenal London
Everton	
-0.75
+0.75
1.87
1.90
 
 	
2.75
1.97
 	
1.77
 	
1.67
3.80
5.20
1.14
1.23
2.15
1.5
1.0
1.72
2.30
2.04
1.57
 	 1:1(0:0)  
522	09/12
22:00	 Swansea City
Hull City	
-0.75
+0.75
1.87
1.87
 
 	
2.25
1.80
 	
1.95
 	
1.65
3.75
5.50
1.13
1.25
2.20
1.5
1.0
1.90
2.85
1.85
1.38
 	 1:1(0:1) 
488	14/12
14:45	 Manchester City
Arsenal London	
-0.75
+0.75
1.95
1.80
 
 	
2.75
1.80
 	
2.00
 	
1.72
3.75
4.75
1.17
1.24
2.05
1.5
1.0
1.70
1.85
2.10
1.90
 	 6:3(2:1)  
489	14/12
17:00	 Cardiff City
West Bromwich Albion	
0
0
1.90
1.80
  	
2.25
1.75
 	
1.95
 	
2.65
3.30
2.50
1.45
1.30
1.42
1.5
1.5
2.66
2.50
1.42
1.45
 	 1:0(0:0)  
490	14/12
17:00	 Chelsea
Crystal Palace	
–2.0
+2.0
2.00
1.80
  	
3.0
1.80
2.00
1.18
7.00
15.00
1.01
1.08
4.50
2.5
1.0
1.90
3.85
1.85
1.23
 	 2:1(2:1)  
491	14/12
17:00	 Everton
Fulham	
-1.25
+1.25
1.80
2.00
 
 	
3.0
2.00
1.80
1.37
4.90
8.25
1.05
1.16
2.95
1.5
1.0
1.45
2.95
2.60
1.37
 	 4:1(1:0)  
492	14/12
17:00	 Newcastle United
Southampton	
-0.25
+0.25
1.95
1.80
 
 	
2.5
1.90
1.85
2.30
3.40
3.05
1.35
1.29
1.57
1.5
1.5
2.20
2.60
1.62
1.45
 	 1:1(1:0)  
493	14/12
17:00	 West Ham United
Sunderland	
-0.75
+0.75
2.30
1.57
 
 	
2.25
1.80
 	
2.00
 	
1.97
3.50
3.85
1.23
1.27
1.80
1.5
1.0
2.10
2.20
1.68
1.62
 	 0:0(0:0)  
494	14/12
19:30	 Hull City
Stoke City	
-0.25
+0.25
1.87
1.90
 
 	
2.0
1.85
1.90
2.20
3.30
3.40
1.29
1.30
1.62
1.5
1.0
2.55
2.25
1.47
1.60
 	 0:0(0:0)  
495	15/12
15:30	 Aston Villa
Manchester United	
+0.75
-0.75
1.90
1.87
 
 	
2.75
1.97
 	
1.77
 	
5.20
3.80
1.67
2.15
1.23
1.14
1.0
1.5
2.30
1.72
1.57
2.04
 	 0:3(0:2)  
496	15/12
15:30	 Norwich City
Swansea City	
0
0
1.95
1.80
  	
2.25
1.80
 	
1.95
 	
2.80
3.30
2.50
1.50
1.30
1.42
1.5
1.5
2.66
2.55
1.44
1.47
 	 1:1(1:1)  
497	15/12
18:00	 Tottenham Hotspur
Liverpool	
0
0
1.77
1.97
  	
2.5
1.80
1.95
2.45
3.35
2.75
1.42
1.30
1.50
1.0
1.0
1.48
1.55
2.50
2.35
 	 0:5(0:2)  
431	21/12
14:45	 Liverpool
Cardiff City	
–2.0
+2.0
1.85
1.95
  	
3.0
1.72
2.08
1.19
7.00
13.50
1.01
1.08
4.40
2.5
1.0
1.85
3.55
1.90
1.26
 	 3:1(3:0)  
432	21/12
17:00	 Crystal Palace
Newcastle United	
+0.25
-0.25
1.75
2.00
 
 	
2.25
1.87
 	
1.87
 	
2.95
3.40
2.35
1.55
1.29
1.37
1.5
1.5
2.90
2.45
1.37
1.50
 	 0:3(0:2)  
433	21/12
17:00	 Fulham
Manchester City	
+1.25
-1.25
2.00
1.80
 
 	
3.0
1.66
2.12
8.50
5.00
1.35
3.00
1.15
1.05
1.0
2.0
2.40
1.65
1.52
2.15
 	 2:4(0:2)  
434	21/12
17:00	 Manchester United
West Ham United	
–1.5
+1.5
1.90
1.90
  	
3.0
1.92
1.82
1.32
5.20
9.00
1.04
1.14
3.20
2.0
1.0
1.70
3.00
2.08
1.35
 	 3:1(2:0)  
435	21/12
17:00	 Stoke City
Aston Villa	
-0.75
+0.75
2.30
1.57
 
 	
2.25
1.90
 	
1.85
 	
1.95
3.40
3.85
1.23
1.29
1.80
1.5
1.0
2.20
2.36
1.63
1.55
 	 2:1(0:0)  
436	21/12
17:00	 Sunderland
Norwich City	
-0.25
+0.25
1.80
1.95
 
 	
2.25
1.80
 	
1.95
 	
2.12
3.40
3.40
1.29
1.29
1.68
1.5
1.0
2.25
1.95
1.60
1.80
 	 0:0(0:0)  
437	21/12
17:00	 West Bromwich Albion
Hull City	
-0.25
+0.25
1.60
2.25
 
 	
2.25
1.85
 	
1.90
 	
1.85
3.50
4.30
1.19
1.27
1.90
1.5
1.5
2.10
3.75
1.68
1.24
 	 1:1(0:1)  
438	22/12
15:30	 Southampton
Tottenham Hotspur	
0
0
1.80
1.95
  	
2.25
1.80
 	
2.00
 	
2.50
3.35
2.75
1.42
1.30
1.50
1.5
1.5
2.55
2.66
1.47
1.44
 	 2:3(1:1)  
439	22/12
18:00	 Swansea City
Everton	
+0.25
-0.25
1.77
1.97
 
 	
2.5
1.90
1.85
3.00
3.35
2.35
1.55
1.30
1.35
1.5
1.5
2.60
2.20
1.45
1.62
 	 1:2(0:0)  
440	23/12
22:00	 Arsenal London
Chelsea	
-0.25
+0.25
1.97
1.80
 
 	
2.5
1.80
1.95
2.35
3.40
3.00
1.35
1.29
1.55
1.5
1.5
2.15
2.40
1.65
1.52
 	 0:0(0:0)  
291	26/12
14:45	 Hull City
Manchester United	
+0.75
-0.75
2.00
1.80
 
 	
2.25
1.85
 	
1.95
 	
6.00
3.80
1.60
2.30
1.24
1.10
1.0
1.5
2.95
1.85
1.36
1.95
 	 2:3(2:2)  
292	26/12
17:00	 Aston Villa
Crystal Palace	
-0.75
+0.75
2.30
1.57
 
 	
2.25
1.90
 	
1.85
 	
1.95
3.40
3.85
1.23
1.29
1.80
1.5
1.0
2.20
2.36
1.63
1.55
 	 0:1(0:0)  
293	26/12
17:00	 Cardiff City
Southampton	
+0.25
-0.25
1.80
1.97
 
 	
2.25
1.80
 	
1.95
 	
3.00
3.40
2.32
1.57
1.29
1.36
1.5
1.5
2.80
2.40
1.40
1.53
 	 0:3(0:3)  
294	26/12
17:00	 Chelsea
Swansea City	
–1.5
+1.5
1.90
1.90
  	
2.75
1.90
 	
1.85
 	
1.32
5.00
9.50
1.04
1.15
3.35
2.0
1.0
1.80
3.40
1.95
1.29
 	 1:0(1:0)  
295	26/12
17:00	 Everton
Sunderland	
-1.25
+1.25
1.80
1.97
 
 	
2.75
1.85
 	
1.90
 	
1.37
4.70
8.50
1.05
1.17
2.95
1.5
1.0
1.47
3.10
2.55
1.34
 	 0:1(0:1)  
296	26/12
17:00	 Newcastle United
Stoke City	
-0.75
+0.75
1.95
1.85
 
 	
2.25
1.77
 	
2.00
 	
1.72
3.65
5.00
1.15
1.26
2.10
1.5
1.5
1.95
3.80
1.80
1.24
 	 5:1(1:1)  
297	26/12
17:00	 Norwich City
Fulham	
-0.25
+0.25
1.60
2.25
 
 	
2.75
1.87
 	
1.87
 	
1.85
3.65
4.00
1.22
1.25
1.90
1.5
1.5
1.80
2.80
1.95
1.40
 	 1:2(1:1)  
298	26/12
17:00	 Tottenham Hotspur
West Bromwich Albion	
–1.0
+1.0
1.95
1.85
  	
2.75
1.80
 	
2.00
 	
1.55
4.00
6.25
1.10
1.22
2.40
1.5
1.0
1.60
2.20
2.20
1.60
 	 1:1(1:1)  
299	26/12
17:00	 West Ham United
Arsenal London	
+1.0
–1.0
1.80
2.00
  	
2.75
1.80
 	
1.95
 	
6.00
4.00
1.55
2.35
1.22
1.10
1.0
1.5
2.20
1.57
1.62
2.30
 	 1:3(0:0)  
300	26/12
19:30	 Manchester City
Liverpool	
-0.75
+0.75
1.95
1.85
 
 	
3.0
1.70
2.07
1.77
3.90
4.30
1.18
1.22
2.05
1.5
1.0
1.57
1.60
2.35
2.25
 	 2:1(2:1)  
330	28/12
14:45	 West Ham United
West Bromwich Albion	
0
0
1.80
1.95
  	
2.25
1.80
 	
1.95
 	
2.50
3.35
2.75
1.42
1.30
1.50
1.5
1.5
2.55
2.66
1.47
1.44
 	 3:3(1:2)  
331	28/12
17:00	 Aston Villa
Swansea City	
0
0
1.95
1.80
  	
2.25
1.80
 	
1.95
 	
2.75
3.35
2.50
1.50
1.30
1.42
1.5
1.5
2.66
2.55
1.44
1.47
 	 1:1(1:1)  
332	28/12
17:00	 Hull City
Fulham	
-0.25
+0.25
1.75
2.05
 
 	
2.25
1.85
 	
1.90
 	
2.05
3.45
3.60
1.26
1.29
1.75
1.5
1.0
2.25
2.05
1.60
1.72
 	 6:0(0:0)  
333	28/12
17:00	 Manchester City
Crystal Palace	
-2.25
+2.25
1.85
1.90
 
 	
3.5
2.00
1.72
1.10
9.70
23.00
 	
1.04
6.20
2.5
1.5
1.60
9.00
2.25
1.05
 	 1:0(0:0)  
334	28/12
17:00	 Norwich City
Manchester United	
+1.0
–1.0
1.80
1.95
  	
2.5
1.85
1.95
5.70
4.15
1.57
2.35
1.20
1.12
1.0
1.5
2.50
1.75
1.50
2.00
 	 0:1(0:0)  
335	28/12
19:30	 Cardiff City
Sunderland	
-0.25
+0.25
2.00
1.75
 
 	
2.25
1.87
 	
1.87
 	
2.35
3.40
2.95
1.37
1.29
1.55
1.5
1.5
2.45
2.90
1.50
1.37
 	 2:2(1:0)  
336	29/12
15:30	 Everton
Southampton	
-0.75
+0.75
2.02
1.75
 
 	
2.5
1.87
1.87
1.77
3.55
4.65
1.17
1.27
1.97
1.5
1.0
1.85
2.20
1.90
1.62
 	 2:1(1:0)  
337	29/12
15:30	 Newcastle United
Arsenal London	
+0.25
-0.25
2.12
1.67
 
 	
2.75
1.97
 	
1.77
 	
3.70
3.60
1.97
1.77
1.26
1.24
1.0
1.0
1.77
1.34
1.97
3.10
 	 0:1(0:0)  
338	29/12
18:00	 Chelsea
Liverpool	
-0.25
+0.25
1.77
1.97
 
 	
2.75
1.85
 	
1.90
 	
2.05
3.55
3.45
1.28
1.27
1.72
1.5
1.5
1.90
2.50
1.85
1.50
 	 2:1(2:1)  
339	29/12
18:00	 Tottenham Hotspur
Stoke City	
-1.25
+1.25
2.00
1.80
 
 	
2.5
1.90
1.85
1.47
4.20
7.25
1.07
1.20
2.60
1.5
1.0
1.65
3.30
2.15
1.31
 	 3:0(1:0)  
223	01/01
14:45	 Swansea City
Manchester City	
+0.75
-0.75
1.90
1.85
 
 	
2.75
1.97
 	
1.77
 	
5.20
3.75
1.65
2.15
1.24
1.14
1.0
1.5
2.30
1.72
1.57
2.04
 	 2:3(1:1)  
224	01/01
17:00	 Arsenal London
Cardiff City	
-1.75
+1.75
1.95
1.80
 
 	
3.0
1.90
1.85
1.25
5.70
12.00
1.03
1.12
3.75
2.5
1.0
2.12
3.50
1.66
1.27
 	 2:0(0:0)  
225	01/01
17:00	 Crystal Palace
Norwich City	
-0.25
+0.25
2.00
1.75
 
 	
2.25
1.87
 	
1.87
 	
2.35
3.40
2.95
1.37
1.29
1.55
1.5
1.5
2.45
2.90
1.50
1.37
 	 1:1(1:1)  
226	01/01
17:00	 Fulham
West Ham United	
-0.25
+0.25
2.00
1.80
 
 	
2.75
2.00
 	
1.80
 	
2.35
3.45
2.95
1.37
1.29
1.55
1.5
1.5
2.10
2.35
1.68
1.55
 	 2:1(1:1)  
227	01/01
17:00	 Liverpool
Hull City	
–1.5
+1.5
1.95
1.80
  	
3.0
1.92
1.82
1.32
5.20
9.50
1.04
1.14
3.30
2.0
1.0
1.70
3.00
2.08
1.35
 	 2:0(1:0)  
228	01/01
17:00	 Southampton
Chelsea	
+0.75
-0.75
1.60
2.33
 
 	
2.25
1.80
 	
2.00
 	
3.90
3.50
1.95
1.85
1.28
1.23
1.0
1.5
2.20
2.12
1.62
1.66
 	 0:3(0:0)  
229	01/01
17:00	 Stoke City
Everton	
+0.25
-0.25
2.22
1.60
 
 	
2.5
1.85
1.90
4.30
3.55
1.85
1.90
1.28
1.20
1.5
1.5
3.00
1.85
1.35
1.90
 	 1:1(0:0)  
230	01/01
17:00	 Sunderland
Aston Villa	
-0.25
+0.25
1.80
1.95
 
 	
2.25
1.85
 	
1.90
 	
2.10
3.40
3.50
1.27
1.29
1.70
1.5
1.0
2.25
2.05
1.60
1.72
 	 0:1(0:1)  
231	01/01
17:00	 West Bromwich Albion
Newcastle United	
-0.25
+0.25
2.00
1.80
 
 	
2.75
2.00
 	
1.80
 	
2.35
3.45
2.95
1.37
1.29
1.55
1.5
1.5
2.10
2.35
1.68
1.55
 	 1:0(0:0)  
232	01/01
19:30	 Manchester United
Tottenham Hotspur	
-0.75
+0.75
1.87
1.90
 
 	
2.75
1.97
 	
1.77
 	
1.67
3.80
5.20
1.14
1.23
2.15
1.5
1.0
1.72
2.30
2.04
1.57
 	 1:2(0:1)  
465	11/01
14:45	 Hull City
Chelsea	
+1.0
–1.0
1.80
1.97
  	
2.5
1.90
1.87
5.80
4.10
1.57
2.35
1.22
1.12
1.0
1.5
2.60
1.77
1.45
1.97
 	 0:2(0:0)  
466	11/01
17:00	 Cardiff City
West Ham United	
-0.25
+0.25
1.65
2.15
 
 	
2.5
1.87
1.87
1.95
3.55
3.80
1.24
1.27
1.85
1.5
1.0
1.95
1.95
1.80
1.80
 	 0:2(0:1)  
467	11/01
17:00	 Everton
Norwich City	
–1.5
+1.5
1.95
1.85
  	
2.75
1.85
 	
1.90
 	
1.37
4.70
8.50
1.05
1.17
2.95
1.5
1.0
1.45
3.10
2.65
1.34
 	 2:0(1:0)  
468	11/01
17:00	 Fulham
Sunderland	
-0.25
+0.25
1.78
1.97
 
 	
2.5
1.87
1.87
2.12
3.45
3.35
1.30
1.28
1.66
1.5
1.0
2.12
1.77
1.66
1.93
 	 1:4(0:2)  
469	11/01
17:00	 Southampton
West Bromwich Albion	
-0.75
+0.75
2.00
1.80
 
 	
2.5
1.80
1.95
1.77
3.65
4.50
1.18
1.25
1.97
1.5
1.0
1.85
2.05
1.90
1.72
 	 1:0(0:0)  
470	11/01
17:00	 Tottenham Hotspur
Crystal Palace	
-1.25
+1.25
1.90
1.85
 
 	
2.75
1.90
 	
1.85
 	
1.40
4.60
8.25
1.05
1.17
2.85
1.5
1.0
1.47
3.10
2.55
1.34
 	 2:0(0:0)  
471	11/01
19:30	 Manchester United
Swansea City	
–1.0
+1.0
1.95
1.85
  	
2.5
1.95
1.85
1.55
4.00
6.25
1.10
1.22
2.35
1.5
1.0
1.72
2.90
2.10
1.37
 	 2:0(0:0)  
472	12/01
16:05	 Newcastle United
Manchester City	
+0.75
-0.75
1.90
1.85
 
 	
3.0
1.85
1.90
5.00
4.00
1.65
2.17
1.22
1.15
1.0
1.5
1.95
1.55
1.80
2.35
 	 0:2(0:1)  
473	12/01
18:10	 Stoke City
Liverpool	
+1.0
–1.0
1.85
1.95
  	
2.75
1.90
 	
1.87
 	
6.10
4.10
1.55
2.35
1.22
1.10
1.0
1.5
2.40
1.62
1.53
2.22
 	 3:5(2:2)  
474	13/01
22:00	 Aston Villa
Arsenal London	
+1.0
–1.0
1.80
1.95
  	
2.75
1.90
 	
1.85
 	
6.00
4.00
1.55
2.35
1.22
1.10
1.0
1.5
2.40
1.62
1.52
2.20
 	 1:2(0:2)  
477	18/01
14:45	 Sunderland
Southampton	
0
0
1.95
1.80
  	
2.25
1.80
 	
1.95
 	
2.80
3.35
2.50
1.50
1.30
1.40
1.5
1.5
2.66
2.55
1.44
1.47
 	 2:2(1:2)  
478	18/01
17:00	 Arsenal London
Fulham	
-1.75
+1.75
1.78
2.02
 
 	
3.0
1.75
2.05
1.20
6.50
13.50
1.01
1.09
4.25
2.5
1.0
1.95
3.55
1.80
1.26
 	 2:0(0:0)  
479	18/01
17:00	 Crystal Palace
Stoke City	
-0.25
+0.25
1.90
1.85
 
 	
2.0
1.75
2.00
2.25
3.30
3.20
1.32
1.30
1.60
1.5
1.5
2.55
3.30
1.47
1.30
 	 1:0(0:0)  
480	18/01
17:00	 Manchester City
Cardiff City	
-2.25
+2.25
1.75
2.05
 
 	
3.5
1.80
1.95
1.13
8.50
18.00
1.01
1.05
5.50
2.5
1.0
1.60
3.90
2.22
1.23
 	 4:2(2:1)  
481	18/01
17:00	 Norwich City
Hull City	
-0.25
+0.25
2.00
1.75
 
 	
2.25
1.87
 	
1.87
 	
2.35
3.40
2.95
1.37
1.29
1.55
1.5
1.5
2.45
2.90
1.50
1.37
 	 1:0(0:0)  
482	18/01
17:00	 West Ham United
Newcastle United	
0
0
2.00
1.78
  	
2.5
1.80
1.95
2.80
3.40
2.45
1.52
1.30
1.40
1.0
1.0
1.55
1.50
2.35
2.50
 	 1:3(1:2)  
483	18/01
19:30	 Liverpool
Aston Villa	
–2.0
+2.0
1.85
1.95
  	
3.5
2.08
1.70
1.20
6.75
14.00
1.01
1.08
4.35
2.5
1.0
1.85
3.50
1.95
1.27
 	 2:2(1:2)  
484	19/01
15:30	 Swansea City
Tottenham Hotspur	
0
0
2.03
1.75
  	
2.5
1.87
1.87
2.85
3.35
2.45
1.52
1.30
1.38
1.0
1.0
1.60
1.50
2.25
2.50
 	 1:3(0:1)  
485	19/01
18:00	 Chelsea
Manchester United	
-0.75
+0.75
1.75
2.00
 
 	
2.5
2.00
1.80
1.64
3.90
4.90
1.16
1.23
2.16
1.5
1.5
1.80
3.90
1.95
1.23
 	 3:1(2:0)  
486	20/01
22:00	 West Bromwich Albion
Everton	
+0.25
-0.25
1.90
1.85
 
 	
2.5
1.90
1.85
3.10
3.40
2.25
1.62
1.29
1.34
1.5
1.5
2.70
2.20
1.43
1.65
 	 1:1(0:1)  
340	28/01
21:45	 Manchester United
Cardiff City	
-1.75
+1.75
1.77
2.00
 
 	
3.0
1.80
1.95
1.22
6.50
12.00
1.01
1.10
4.20
2.5
1.0
2.00
3.80
1.78
1.23
 	 2:0(1:0)  
341	28/01
21:45	 Norwich City
Newcastle United	
0
0
1.87
1.87
  	
2.5
1.87
1.87
2.65
3.35
2.65
1.44
1.30
1.44
1.5
1.5
2.38
2.38
1.54
1.54
 	 0:0(0:0)  
342	28/01
21:45	 Southampton
Arsenal London	
+0.75
-0.75
1.60
2.33
 
 	
2.25
1.80
 	
2.00
 	
3.90
3.50
1.95
1.85
1.28
1.23
1.0
1.5
2.20
2.12
1.62
1.66
 	 2:2(1:0)  
343	28/01
22:00	 Crystal Palace
Hull City	
-0.25
+0.25
2.02
1.74
 
 	
2.0
1.77
1.97
2.40
3.30
2.95
1.36
1.30
1.52
1.0
1.0
1.78
2.02
1.97
1.74
 	 1:0(1:0)  
344	28/01
21:45	 Swansea City
Fulham	
-0.75
+0.75
1.87
1.90
 
 	
2.75
1.97
 	
1.77
 	
1.67
3.80
5.20
1.14
1.23
2.15
1.5
1.0
1.72
2.30
2.04
1.57
 	 2:0(0:0)  
345	28/01
22:00	 Liverpool
Everton	
–1.0
+1.0
2.30
1.57
  	
3.0
1.95
1.80
1.80
3.85
4.20
1.20
1.23
2.00
1.5
1.5
1.70
2.55
2.07
1.47
 	 4:0(3:0)  
346	29/01
21:45	 Sunderland
Stoke City	
-0.25
+0.25
1.77
1.98
 
 	
2.0
1.80
1.95
2.05
3.35
3.70
1.24
1.30
1.72
1.5
1.0
2.40
2.50
1.53
1.50
 	 1:0(1:0)  
347	29/01
21:45	 Aston Villa
West Bromwich Albion	
0
0
1.75
2.00
  	
2.5
1.87
1.87
2.45
3.35
2.80
1.40
1.30
1.50
1.0
1.0
1.53
1.62
2.40
2.20
 	 4:3(3:3)  
348	29/01
21:45	 Chelsea
West Ham United	
–2.0
+2.0
1.97
1.77
  	
3.0
1.75
2.00
1.20
6.50
15.00
1.01
1.09
4.35
2.5
1.0
1.95
3.65
1.80
1.25
 	 0:0(0:0)  
349	29/01
21:45	 Tottenham Hotspur
Manchester City	
+0.25
-0.25
2.30
1.57
 
 	
3.0
1.95
1.80
4.00
3.85
1.85
1.95
1.23
1.22
1.5
1.5
2.55
1.70
1.47
2.07
 	 1:5(0:1)  
485	01/02
14:45	 Newcastle United
Sunderland	
-0.75
+0.75
2.33
1.60
 
 	
2.25
1.80
 	
2.00
 	
1.95
3.50
3.90
1.23
1.28
1.85
1.5
1.0
2.12
2.20
1.66
1.62
 	 0:3(0:2)  
486	01/02
14:45	 West Ham United
Swansea City	
0
0
1.95
1.80
  	
2.25
1.80
 	
1.95
 	
2.75
3.35
2.50
1.50
1.30
1.42
1.5
1.5
2.66
2.55
1.44
1.47
 	 2:0(2:0)  
487	01/02
17:00	 Cardiff City
Norwich City	
-0.25
+0.25
1.85
1.90
 
 	
2.25
1.80
 	
1.95
 	
2.15
3.40
3.35
1.30
1.29
1.65
1.5
1.0
2.25
1.95
1.60
1.80
 	 2:1(0:1)  
488	01/02
17:00	 Everton
Aston Villa	
–1.0
+1.0
1.87
1.90
  	
2.5
1.85
1.90
1.52
4.00
6.50
1.09
1.22
2.45
1.5
1.0
1.66
2.70
2.12
1.42
 	 2:1(0:1)  
489	01/02
17:00	 Fulham
Southampton	
+0.25
-0.25
1.90
1.85
 
 	
2.75
1.90
 	
1.85
 	
3.10
3.45
2.22
1.62
1.28
1.34
1.5
1.5
2.50
2.02
1.50
1.74
 	 0:3(0:0)  
490	01/02
17:00	 Hull City
Tottenham Hotspur	
+0.25
-0.25
1.95
1.80
 
 	
2.25
1.80
 	
1.95
 	
3.50
3.40
2.10
1.70
1.29
1.27
1.0
1.5
1.95
2.25
1.80
1.60
 	 1:1(1:0)  
491	01/02
17:00	 Stoke City
Manchester United	
+1.25
-1.25
1.77
2.00
 
 	
2.75
1.97
 	
1.80
 	
7.70
4.35
1.44
2.70
1.20
1.06
1.0
1.5
3.10
1.57
1.34
2.32
 	 2:1(1:0)  
492	02/02
15:30	 West Bromwich Albion
Liverpool	
+1.0
–1.0
1.85
1.95
  	
3.0
1.85
1.90
6.00
4.15
1.55
2.35
1.22
1.12
1.0
1.5
2.04
1.50
1.72
2.50
 	 1:1(0:1)  
493	02/02
18:00	 Arsenal London
Crystal Palace	
-1.75
+1.75
1.90
1.90
 
 	
2.75
1.80
 	
1.95
 	
1.20
6.50
15.00
1.01
1.09
4.30
1.5
1.0
1.35
4.75
3.00
1.16
 	 2:0(0:0)  
494	03/02
22:00	 Manchester City
Chelsea	
-0.25
+0.25
1.60
2.25
 
 	
2.75
1.87
 	
1.87
 	
1.85
3.65
4.20
1.20
1.26
1.90
1.5
1.5
1.80
2.80
1.95
1.40
 	 0:1(0:1)  
493	08/02
14:45	 Liverpool
Arsenal London	
-0.25
+0.25
1.80
1.97
 
 	
2.75
1.87
 	
1.90
 	
2.05
3.60
3.45
1.28
1.27
1.72
1.5
1.5
1.90
2.50
1.85
1.50
 	 5:1(4:0)  
494	08/02
17:00	 Aston Villa
West Ham United	
-0.25
+0.25
1.80
1.95
 
 	
2.25
1.85
 	
1.90
 	
2.10
3.40
3.50
1.27
1.29
1.70
1.5
1.0
2.25
2.05
1.60
1.72
 	 0:2(0:0)  
495	08/02
17:00	 Chelsea
Newcastle United	
-1.75
+1.75
1.87
1.89
 
 	
2.75
1.80
 	
1.95
 	
1.22
6.35
13.00
1.01
1.10
4.20
1.5
1.0
1.35
5.00
3.00
1.15
 	 3:0(2:0)  
496	08/02
17:00	 Crystal Palace
West Bromwich Albion	
-0.25
+0.25
2.02
1.74
 
 	
2.0
1.78
1.97
2.40
3.30
2.95
1.37
1.30
1.52
1.0
1.0
1.78
2.02
1.97
1.74
 	 3:1(2:0)  
497	08/02
17:00	 Norwich City
Manchester City	
+1.25
-1.25
2.05
1.75
 
 	
3.0
1.85
1.95
8.50
4.70
1.38
2.95
1.16
1.05
1.0
1.5
2.50
1.42
1.50
2.72
 	 0:0(0:0)  
498	08/02
17:00	 Southampton
Stoke City	
–1.0
+1.0
1.77
2.00
  	
2.5
1.95
1.80
1.47
4.10
7.50
1.07
1.21
2.60
1.5
1.0
1.65
3.30
2.15
1.31
 	 2:2(2:2)  
499	08/02
17:00	 Sunderland
Hull City	
-0.25
+0.25
1.95
1.80
 
 	
2.0
1.75
2.00
2.30
3.30
3.05
1.34
1.30
1.57
1.5
1.5
2.55
3.30
1.47
1.30
 	 0:2(0:1)  
500	08/02
19:30	 Swansea City
Cardiff City	
-0.25
+0.25
1.60
2.22
 
 	
2.5
2.00
1.77
1.85
3.55
4.25
1.20
1.27
1.90
1.5
1.5
2.00
3.30
1.75
1.30
 	 3:0(0:0)  
501	09/02
15:30	 Tottenham Hotspur
Everton	
-0.25
+0.25
1.77
1.97
 
 	
2.5
1.87
1.87
2.10
3.50
3.40
1.30
1.28
1.68
1.5
1.0
2.10
1.77
1.68
1.97
 	 1:0(0:0)  
502	09/02
18:00	 Manchester United
Fulham	
–2.0
+2.0
1.95
1.80
  	
3.0
1.75
2.05
1.20
6.70
13.50
1.01
1.09
4.35
2.5
1.0
1.95
3.65
1.80
1.25
 	 2:2(0:1)  
295	11/02
21:45	 Cardiff City
Aston Villa	
0
0
1.77
1.98
  	
2.25
1.80
 	
1.95
 	
2.50
3.40
2.75
1.42
1.29
1.50
1.5
1.5
2.55
2.66
1.47
1.44
 	 0:0(0:0)  
296	11/02
21:45	 Hull City
Southampton	
0
0
1.95
1.80
  	
2.25
1.90
 	
1.85
 	
2.75
3.35
2.50
1.50
1.30
1.42
1.5
1.5
2.70
2.55
1.42
1.47
 	 0:1(0:0)  
297	11/02
21:45	 West Ham United
Norwich City	
-0.25
+0.25
1.80
1.95
 
 	
2.25
1.80
 	
1.95
 	
2.10
3.50
3.35
1.30
1.28
1.68
1.5
1.0
2.25
1.95
1.60
1.80
 	 2:0(0:0)  
298	11/02
22:00	 West Bromwich Albion
Chelsea	
+1.0
–1.0
1.97
1.77
  	
2.5
1.90
1.85
7.25
4.20
1.47
2.60
1.20
1.07
1.0
1.5
3.30
1.65
1.31
2.15
 	 1:1(0:1)  
299	12/02
21:45	 Arsenal London
Manchester United	
-0.25
+0.25
1.87
1.90
 
 	
2.75
1.90
 	
1.85
 	
2.25
3.40
3.15
1.33
1.29
1.60
1.5
1.5
2.02
2.40
1.74
1.53
 	 0:0(0:0)  
300	12/02
21:45	 Everton
Crystal Palace	
-1.25
+1.25
1.90
1.87
 
 	
2.5
1.87
1.87
1.42
4.50
7.75
1.07
1.18
2.75
1.5
1.0
1.60
3.30
2.25
1.30
 	 cancelled  
301	12/02
21:45	 Manchester City
Sunderland	
–2.0
+2.0
2.00
1.80
  	
3.0
1.75
2.05
1.20
6.75
14.00
1.01
1.09
4.25
2.5
1.0
1.95
3.55
1.80
1.26
 	 cancelled  
302	12/02
21:45	 Newcastle United
Tottenham Hotspur	
+0.25
-0.25
1.90
1.85
 
 	
2.5
1.87
1.87
3.10
3.40
2.25
1.62
1.29
1.34
1.5
1.5
2.70
2.20
1.43
1.65
 	 0:4(0:1)  
303	12/02
22:00	 Stoke City
Swansea City	
0
0
1.90
1.85
  	
2.25
2.02
 	
1.75
 	
2.70
3.30
2.60
1.45
1.30
1.42
1.0
1.0
1.90
1.85
1.85
1.90
 	 1:1(1:0)  
304	12/02
22:00	 Fulham
Liverpool	
+1.25
-1.25
1.95
1.80
 
 	
3.5
2.12
1.66
8.25
4.90
1.36
3.00
1.15
1.05
1.0
2.0
2.30
1.62
1.57
2.22
 	 2:3(1:1)  
399	16/04
21:45	 Everton
Crystal Palace	
-1.25
+1.25
1.80
1.95
 
 	
2.75
1.90
 	
1.85
 	
1.38
4.60
8.50
1.05
1.17
2.95
1.5
1.0
1.50
3.30
2.50
1.30
 	 2:3(0:1)  
400	16/04
21:45	 Manchester City
Sunderland	
-2.25
+2.25
1.80
1.95
 
 	
3.5
1.75
2.05
1.15
8.00
17.00
1.01
1.06
5.35
2.5
1.0
1.60
3.30
2.25
1.30
 	 2:2(1:0)  
382	22/02
14:45	 Chelsea
Everton	
–1.0
+1.0
1.90
1.85
  	
2.5
1.90
1.85
1.55
4.25
5.70
1.13
1.20
2.40
1.5
1.0
1.75
2.80
2.05
1.40
 	 1:0(0:0)  
383	22/02
17:00	 Arsenal London
Sunderland	
–1.5
+1.5
1.95
1.80
  	
3.0
1.92
1.82
1.32
5.20
9.00
1.04
1.14
3.20
2.0
1.0
1.70
3.00
2.08
1.35
 	 4:1(3:0)  
384	22/02
17:00	 Cardiff City
Hull City	
0
0
1.85
1.90
  	
2.25
2.02
 	
1.75
 	
2.60
3.30
2.70
1.42
1.30
1.45
1.0
1.0
1.85
1.90
1.90
1.85
 	 0:4(0:2)  
385	22/02
17:00	 Manchester City
Stoke City	
–2.0
+2.0
1.80
1.95
  	
3.25
1.80
 	
1.95
 	
1.17
7.50
15.00
1.01
1.07
4.75
2.5
1.0
1.77
3.50
1.98
1.27
 	 1:0(0:0)  
386	22/02
17:00	 West Bromwich Albion
Fulham	
-0.75
+0.75
2.00
1.77
 
 	
2.5
1.85
1.90
1.75
3.65
4.65
1.17
1.25
2.05
1.5
1.0
1.85
2.20
1.90
1.62
 	 1:1(0:1)  
387	22/02
17:00	 West Ham United
Southampton	
+0.25
-0.25
1.95
1.80
 
 	
2.5
1.87
1.87
3.40
3.45
2.12
1.66
1.28
1.29
1.0
1.5
1.77
2.12
1.97
1.66
 	 3:1(2:1)  
388	22/02
19:30	 Crystal Palace
Manchester United	
+1.0
–1.0
1.85
1.90
  	
2.5
1.87
1.87
5.70
4.25
1.55
2.40
1.20
1.12
1.0
1.5
2.45
1.77
1.52
1.97
 	 0:2(0:0)  
389	23/02
15:30	 Liverpool
Swansea City	
-1.75
+1.75
1.97
1.77
 
 	
3.0
1.80
1.95
1.26
5.70
11.25
1.02
1.12
3.70
2.5
1.0
2.02
3.30
1.74
1.31
 	 4:3(3:2)  
390	23/02
15:30	 Newcastle United
Aston Villa	
-0.75
+0.75
2.33
1.60
 
 	
2.25
1.80
 	
2.00
 	
1.95
3.50
3.90
1.23
1.28
1.85
1.5
1.0
2.12
2.20
1.66
1.62
 	 1:0(0:0)  
391	23/02
18:00	 Norwich City
Tottenham Hotspur	
+0.25
-0.25
1.95
1.80
 
 	
2.5
1.80
1.95
3.50
3.40
2.12
1.68
1.29
1.27
1.0
1.5
1.85
2.10
1.90
1.70
 	 1:0(0:0)  
399	01/03
17:00	 Everton
West Ham United	
-1.25
+1.25
1.95
1.80
 
 	
3.0
1.95
1.77
1.42
4.10
7.25
1.06
1.20
2.72
1.5
1.0
1.47
2.45
2.45
1.47
 	 1:0(0:0)  
400	01/03
17:00	 Fulham
Chelsea	
+1.25
-1.25
1.77
2.00
 
 	
2.75
1.97
 	
1.80
 	
7.70
4.35
1.44
2.70
1.20
1.06
1.0
1.5
3.10
1.57
1.34
2.32
 	 1:3(0:0)  
401	01/03
17:00	 Hull City
Newcastle United	
-0.25
+0.25
1.95
1.80
 
 	
2.25
2.04
 	
1.72
 	
2.30
3.30
3.10
1.34
1.30
1.57
1.5
1.5
2.60
3.30
1.45
1.30
 	 1:4(0:2)  
402	01/03
17:00	 Stoke City
Arsenal London	
+0.75
-0.75
1.90
1.87
 
 	
2.5
1.95
1.85
5.00
3.90
1.67
2.12
1.23
1.15
1.0
1.5
2.45
1.80
1.52
1.95
 	 1:0(0:0)  
403	01/03
19:30	 Southampton
Liverpool	
+0.25
-0.25
2.12
1.67
 
 	
2.75
1.90
 	
1.90
 	
3.70
3.60
1.97
1.77
1.26
1.24
1.0
1.0
1.77
1.33
2.00
3.20
 	 0:3(0:1)  
404	02/03
18:30	 Aston Villa
Norwich City	
-0.25
+0.25
1.80
1.95
 
 	
2.25
1.85
 	
1.90
 	
2.10
3.40
3.50
1.27
1.29
1.70
1.5
1.0
2.25
2.05
1.60
1.72
 	 4:1(4:1)  
405	02/03
18:30	 Swansea City
Crystal Palace	
-0.25
+0.25
1.60
2.25
 
 	
2.25
1.87
 	
1.87
 	
1.85
3.50
4.25
1.20
1.27
1.90
1.5
1.5
2.10
3.75
1.68
1.24
 	 1:1(1:0)  
406	02/03
18:30	 Tottenham Hotspur
Cardiff City	
–1.5
+1.5
1.90
1.85
  	
2.75
1.87
 	
1.87
 	
1.32
5.00
9.50
1.04
1.15
3.30
2.0
1.0
1.80
3.40
1.95
1.29
 	 1:0(1:0)  
235	25/03
21:45	 Manchester United
Manchester City	
+0.25
-0.25
1.95
1.85
 
 	
2.75
1.85
 	
1.90
 	
3.20
3.45
2.22
1.62
1.29
1.33
1.5
1.5
2.40
2.02
1.53
1.74
 	 0:3(0:1)  
236	25/03
21:45	 Arsenal London
Swansea City	
–1.0
+1.0
1.85
1.90
  	
2.5
1.87
1.90
1.50
4.00
7.25
1.08
1.22
2.50
1.5
1.0
1.65
3.20
2.15
1.32
 	 2:2(0:1)  
237	25/03
21:45	 Newcastle United
Everton	
+0.25
-0.25
1.90
1.85
 
 	
2.5
1.90
1.85
3.10
3.40
2.25
1.62
1.29
1.34
1.5
1.5
2.70
2.20
1.43
1.65
 	 0:3(0:1)  
238	26/03
21:45	 West Ham United
Hull City	
-0.25
+0.25
2.00
1.75
 
 	
2.25
1.87
 	
1.87
 	
2.35
3.40
2.95
1.37
1.29
1.55
1.5
1.5
2.45
2.90
1.50
1.37
 	 2:1(1:0)  
239	26/03
22:00	 Liverpool
Sunderland	
-2.25
+2.25
1.95
1.80
 
 	
3.5
1.87
1.87
1.16
7.25
16.00
1.01
1.07
4.85
2.5
1.0
1.72
3.75
2.04
1.25
 	 2:1(1:0)  
360	07/05
21:45	 Manchester City
Aston Villa	
-2.25
+2.25
2.00
1.77
 
 	
3.5
1.85
1.90
1.16
7.50
15.50
1.01
1.07
4.85
2.5
1.0
1.66
3.30
2.15
1.32
 	 4:0(0:0)  
361	07/05
21:45	 Sunderland
West Bromwich Albion	
-0.25
+0.25
1.80
1.95
 
 	
2.25
1.80
 	
1.95
 	
2.15
3.25
3.50
1.27
1.28
1.65
1.5
1.0
2.25
1.95
1.60
1.80
 	 2:0(2:0)  
445	08/03
14:45	 West Bromwich Albion
Manchester United	
+0.75
-0.75
1.75
2.05
 
 	
2.25
1.75
 	
2.03
 	
4.70
3.65
1.77
2.03
1.26
1.17
1.5
1.5
3.80
1.95
1.24
1.80
 	 0:3(0:1)  
446	08/03
17:00	 Cardiff City
Fulham	
-0.25
+0.25
2.00
1.80
 
 	
2.5
1.85
1.95
2.35
3.45
2.95
1.36
1.28
1.55
1.5
1.5
2.15
2.42
1.65
1.52
 	 3:1(1:0)  
447	08/03
17:00	 Crystal Palace
Southampton	
+0.25
-0.25
1.95
1.80
 
 	
2.25
1.87
 	
1.87
 	
3.50
3.40
2.10
1.70
1.29
1.27
1.0
1.5
2.05
2.25
1.72
1.60
 	 0:1(0:1)  
448	08/03
17:00	 Norwich City
Stoke City	
-0.25
+0.25
1.90
1.85
 
 	
2.0
1.75
2.00
2.25
3.30
3.15
1.33
1.30
1.60
1.5
1.5
2.55
3.30
1.47
1.30
 	 1:1(0:0)  
449	08/03
19:30	 Chelsea
Tottenham Hotspur	
–1.0
+1.0
1.85
1.90
  	
2.5
1.85
1.85
1.50
3.85
6.50
1.07
1.23
2.50
1.5
1.0
1.65
2.90
2.15
1.36
 	 4:0(0:0)  
411	15/03
14:45	 Hull City
Manchester City	
+1.0
–1.0
1.85
1.95
  	
2.75
1.90
 	
1.87
 	
6.10
4.10
1.55
2.35
1.22
1.10
1.0
1.5
2.40
1.62
1.53
2.22
 	 0:2(0:1)  
412	15/03
17:00	 Everton
Cardiff City	
–1.5
+1.5
1.95
1.80
  	
2.75
1.95
 	
1.80
 	
1.32
5.00
9.75
1.04
1.15
3.40
2.0
1.0
1.85
4.00
1.90
1.22
 	 2:1(0:0)  
413	15/03
17:00	 Fulham
Newcastle United	
0
0
1.97
1.77
  	
2.5
1.80
1.95
2.85
3.35
2.45
1.50
1.30
1.40
1.0
1.0
1.55
1.48
2.35
2.50
 	 1:0(0:0)  
414	15/03
17:00	 Southampton
Norwich City	
–1.0
+1.0
1.90
1.85
  	
2.5
1.90
1.85
1.55
4.25
5.70
1.13
1.20
2.40
1.5
1.0
1.75
2.80
2.05
1.40
 	 4:2(1:0)  
415	15/03
17:00	 Stoke City
West Ham United	
-0.25
+0.25
1.90
1.85
 
 	
2.0
1.75
2.00
2.25
3.30
3.20
1.32
1.30
1.60
1.5
1.5
2.55
3.30
1.47
1.30
 	 3:1(1:1)  
416	15/03
17:00	 Sunderland
Crystal Palace	
-0.25
+0.25
1.75
2.02
 
 	
2.0
1.80
1.95
2.05
3.35
3.70
1.24
1.30
1.72
1.5
1.0
2.45
2.40
1.52
1.53
 	 0:0(0:0)  
417	15/03
17:00	 Swansea City
West Bromwich Albion	
-0.75
+0.75
2.20
1.62
 
 	
2.25
1.80
 	
2.00
 	
1.90
3.60
4.00
1.22
1.26
1.90
1.5
1.0
2.12
2.20
1.66
1.62
 	 1:2(1:0)  
418	15/03
19:30	 Aston Villa
Chelsea	
+1.0
–1.0
1.97
1.77
  	
2.5
1.90
1.85
7.25
4.20
1.47
2.60
1.20
1.07
1.0
1.5
3.30
1.65
1.31
2.15
 	 1:0(0:0)  
419	16/03
15:30	 Manchester United
Liverpool	
0
0
1.75
2.00
  	
2.75
1.87
 	
1.87
 	
2.45
3.45
2.80
1.40
1.29
1.50
1.0
1.0
1.45
1.52
2.60
2.42
 	 0:3(0:1)  
420	16/03
18:00	 Tottenham Hotspur
Arsenal London	
0
0
2.00
1.80
  	
2.25
1.77
 	
2.02
 	
2.85
3.40
2.45
1.52
1.30
1.39
1.5
1.5
2.66
2.50
1.44
1.50
 	 0:1(0:1)  
420	22/03
14:45	 Chelsea
Arsenal London	
-0.75
+0.75
2.05
1.72
 
 	
2.25
1.85
 	
1.90
 	
1.77
3.65
4.50
1.18
1.26
2.03
1.5
1.5
2.00
4.00
1.77
1.22
 	 6:0(4:0)  
421	22/03
17:00	 Cardiff City
Liverpool	
+1.5
–1.5
1.90
1.90
  	
3.0
1.70
2.07
8.75
5.20
1.34
3.10
1.15
1.05
1.0
2.0
2.35
1.62
1.55
2.22
 	 3:6(2:2)  
422	22/03
17:00	 Everton
Swansea City	
-0.75
+0.75
1.80
1.95
 
 	
2.5
1.87
1.87
1.60
3.90
5.50
1.13
1.23
2.25
1.5
1.0
1.77
2.45
1.97
1.52
 	 3:2(1:1)  
423	22/03
17:00	 Hull City
West Bromwich Albion	
-0.25
+0.25
1.90
1.85
 
 	
2.0
1.75
2.00
2.25
3.30
3.15
1.33
1.30
1.60
1.5
1.5
2.55
3.30
1.47
1.30
 	 2:0(2:0)  
424	22/03
17:00	 Manchester City
Fulham	
-2.25
+2.25
1.80
1.95
 
 	
3.5
1.80
1.92
1.16
7.50
16.00
1.01
1.05
5.00
2.5
1.0
1.65
3.30
2.15
1.30
 	 5:0(1:0)  
425	22/03
17:00	 Newcastle United
Crystal Palace	
-0.75
+0.75
2.30
1.57
 
 	
2.25
1.90
 	
1.85
 	
1.95
3.40
3.85
1.23
1.29
1.80
1.5
1.0
2.20
2.36
1.63
1.55
 	 1:0(0:0)  
426	22/03
17:00	 Norwich City
Sunderland	
-0.25
+0.25
1.80
1.95
 
 	
2.25
1.85
 	
1.90
 	
2.10
3.40
3.50
1.27
1.29
1.70
1.5
1.0
2.25
2.05
1.60
1.72
 	 2:0(2:0)  
427	22/03
19:30	 West Ham United
Manchester United	
+0.75
-0.75
1.75
2.00
 
 	
2.5
1.80
1.95
4.50
3.65
1.77
1.97
1.25
1.18
1.0
1.5
2.05
1.80
1.72
1.95
 	 0:2(0:2)  
428	23/03
15:30	 Tottenham Hotspur
Southampton	
-0.25
+0.25
1.80
1.95
 
 	
2.25
1.80
 	
1.95
 	
2.12
3.40
3.40
1.29
1.29
1.68
1.5
1.0
2.25
1.95
1.60
1.80
 	 3:2(1:2)  
429	23/03
18:00	 Aston Villa
Stoke City	
-0.25
+0.25
1.75
2.00
 
 	
2.25
1.90
 	
1.85
 	
2.10
3.40
3.50
1.27
1.28
1.68
1.5
1.5
2.25
3.30
1.57
1.30
 	 1:4(1:3)  
414	29/03
14:45	 Manchester United
Aston Villa	
-1.25
+1.25
1.85
1.95
 
 	
2.75
1.90
 	
1.90
 	
1.38
4.70
8.50
1.05
1.17
2.95
1.5
1.0
1.47
3.10
2.55
1.34
 	 4:1(2:1)  
415	29/03
17:00	 Crystal Palace
Chelsea	
+1.25
-1.25
1.87
1.87
 
 	
2.5
1.95
1.80
8.50
4.60
1.38
2.90
1.18
1.05
1.0
1.5
4.00
1.62
1.22
2.20
 	 1:0(0:0)  
416	29/03
17:00	 Southampton
Newcastle United	
-0.75
+0.75
1.87
1.90
 
 	
2.75
1.97
 	
1.77
 	
1.67
3.80
5.20
1.14
1.23
2.15
1.5
1.0
1.72
2.30
2.04
1.57
 	 4:0(1:0)  
417	29/03
17:00	 Stoke City
Hull City	
-0.25
+0.25
1.90
1.85
 
 	
2.0
1.75
2.00
2.25
3.35
3.20
1.32
1.30
1.60
1.5
1.5
2.55
3.30
1.47
1.30
 	 1:0(0:0)  
418	29/03
17:00	 Swansea City
Norwich City	
-0.75
+0.75
1.87
1.87
 
 	
2.5
1.90
1.85
1.67
3.80
5.00
1.15
1.23
2.12
1.5
1.0
1.80
2.45
1.95
1.52
 	 3:0(2:0)  
419	29/03
17:00	 West Bromwich Albion
Cardiff City	
-0.75
+0.75
2.05
1.74
 
 	
2.5
2.00
1.77
1.76
3.65
4.60
1.18
1.25
2.04
1.5
1.5
1.95
3.80
1.80
1.24
 	 3:3(2:1)  
420	29/03
19:30	 Arsenal London
Manchester City	
+0.25
-0.25
2.12
1.67
 
 	
2.75
1.95
 	
1.85
 	
3.70
3.60
1.97
1.77
1.26
1.24
1.0
1.0
1.77
1.33
2.00
3.20
 	 1:1(0:1)  
421	30/03
15:30	 Fulham
Everton	
+0.75
-0.75
1.75
2.00
 
 	
2.75
1.95
 	
1.80
 	
4.50
3.70
1.75
2.00
1.25
1.18
1.0
1.5
2.05
1.80
1.72
1.95
 	 1:3(0:0)  
422	30/03
18:00	 Liverpool
Tottenham Hotspur	
-1.25
+1.25
1.85
1.90
 
 	
3.5
2.12
1.66
1.37
4.90
8.00
1.06
1.16
2.95
2.0
1.0
1.62
2.30
2.22
1.57
 	 4:0(2:0)  
423	31/03
22:00	 Sunderland
West Ham United	
-0.25
+0.25
1.80
1.95
 
 	
2.25
1.85
 	
1.90
 	
2.10
3.40
3.50
1.27
1.29
1.70
1.5
1.0
2.25
2.05
1.60
1.72
 	 1:2(0:1)  
400	05/04
14:45	 Manchester City
Southampton	
-1.25
+1.25
1.80
2.00
 
 	
3.5
2.12
1.66
1.35
5.20
8.25
1.05
1.15
3.05
2.0
1.0
1.62
2.30
2.22
1.57
 	 4:1(3:1)  
401	05/04
17:00	 Aston Villa
Fulham	
-0.25
+0.25
1.80
1.95
 
 	
2.25
1.85
 	
1.90
 	
2.10
3.40
3.50
1.27
1.29
1.70
1.5
1.0
2.25
2.05
1.60
1.72
 	 1:2(0:0)  
402	05/04
17:00	 Cardiff City
Crystal Palace	
-0.25
+0.25
2.00
1.75
 
 	
2.25
1.87
 	
1.87
 	
2.35
3.40
2.95
1.37
1.29
1.55
1.5
1.5
2.45
2.90
1.50
1.37
 	 0:3(0:1)  
403	05/04
17:00	 Hull City
Swansea City	
0
0
1.85
1.90
  	
2.25
2.02
 	
1.75
 	
2.60
3.30
2.70
1.42
1.30
1.45
1.0
1.0
1.85
1.90
1.90
1.85
 	 1:0(1:0)  
404	05/04
17:00	 Newcastle United
Manchester United	
+0.25
-0.25
2.05
1.75
 
 	
2.5
1.85
1.95
3.50
3.60
2.04
1.75
1.27
1.28
1.0
1.5
1.77
2.05
1.97
1.75
 	 0:4(0:1)  
405	05/04
17:00	 Norwich City
West Bromwich Albion	
-0.25
+0.25
2.00
1.75
 
 	
2.25
1.87
 	
1.87
 	
2.35
3.40
2.95
1.37
1.29
1.55
1.5
1.5
2.45
2.90
1.50
1.37
 	 0:1(0:1)  
406	05/04
19:30	 Chelsea
Stoke City	
–1.5
+1.5
1.78
2.00
  	
2.5
1.87
1.87
1.26
5.50
11.50
1.02
1.13
3.65
2.0
1.0
1.87
5.50
1.87
1.12
 	 3:0(1:0)  
407	06/04
15:30	 Everton
Arsenal London	
-0.25
+0.25
2.05
1.75
 
 	
2.5
1.80
1.95
2.40
3.40
2.85
1.38
1.30
1.55
1.0
1.0
1.45
1.57
2.60
2.30
 	 3:0(2:0)  
408	06/04
18:00	 West Ham United
Liverpool	
+1.25
-1.25
1.95
1.80
 
 	
3.5
2.12
1.66
8.25
4.90
1.36
3.00
1.15
1.05
1.0
2.0
2.30
1.62
1.57
2.22
 	 1:2(1:1)  
409	07/04
22:00	 Tottenham Hotspur
Sunderland	
–1.0
+1.0
1.95
1.85
  	
2.75
1.90
 	
1.87
 	
1.55
4.10
6.10
1.10
1.22
2.35
1.5
1.0
1.62
2.40
2.22
1.53
 	 5:1(1:1)  
437	12/04
17:07	 Crystal Palace
Aston Villa	
-0.25
+0.25
1.75
2.00
 
 	
2.0
1.80
1.95
2.05
3.35
3.70
1.24
1.30
1.72
1.5
1.0
2.42
2.40
1.52
1.53
 	 1:0(0:0)  
438	12/04
17:07	 Fulham
Norwich City	
-0.25
+0.25
1.80
1.95
 
 	
2.5
1.87
1.87
2.12
3.45
3.35
1.30
1.28
1.66
1.5
1.0
2.12
1.77
1.66
1.97
 	 1:0(1:0)  
439	12/04
17:07	 Southampton
Cardiff City	
-1.25
+1.25
1.80
1.95
 
 	
3.0
1.87
1.87
1.38
4.65
8.00
1.06
1.16
2.90
1.5
1.0
1.42
2.50
2.68
1.47
 	 0:1(0:0)  
440	12/04
17:07	 Stoke City
Newcastle United	
-0.75
+0.75
2.33
1.60
 
 	
2.25
1.85
 	
1.90
 	
1.95
3.50
3.90
1.23
1.28
1.85
1.5
1.0
2.12
2.20
1.66
1.62
 	 1:0(1:0)  
441	12/04
17:07	 Sunderland
Everton	
+0.75
-0.75
1.75
2.03
 
 	
2.5
1.80
1.95
4.50
3.70
1.75
2.03
1.25
1.18
1.0
1.5
2.05
1.85
1.72
1.90
 	 0:1(0:0)  
442	12/04
17:07	 West Bromwich Albion
Tottenham Hotspur	
+0.25
-0.25
1.80
1.95
 
 	
2.5
1.90
1.85
3.00
3.40
2.30
1.57
1.30
1.35
1.5
1.5
2.60
2.20
1.45
1.62
 	 3:3(3:1)  
443	13/04
15:37	 Liverpool
Manchester City	
-0.25
+0.25
1.90
1.90
 
 	
3.0
1.72
2.04
2.25
3.40
3.15
1.33
1.29
1.60
1.5
1.5
1.80
2.02
1.95
1.74
 	 3:2(2:0)  
444	13/04
18:07	 Swansea City
Chelsea	
+0.75
-0.75
1.74
2.05
 
 	
2.25
1.77
 	
2.00
 	
4.60
3.60
1.76
2.03
1.26
1.18
1.5
1.5
3.80
1.95
1.24
1.80
 	 0:1(0:0)  
445	15/04
21:45	 Arsenal London
West Ham United	
-1.25
+1.25
1.80
1.95
 
 	
2.75
1.75
 	
2.00
 	
1.37
4.70
8.25
1.05
1.17
2.95
1.5
1.0
1.45
2.95
2.60
1.37
 	 3:1(1:1)  
337	06/05
21:45	 Manchester United
Hull City	
-1.25
+1.25
1.85
1.95
 
 	
2.75
1.90
 	
1.85
 	
1.38
4.70
8.50
1.05
1.17
2.95
1.5
1.0
1.47
3.10
2.55
1.34
 	 3:1(1:0) 
430	19/04
14:45	 Tottenham Hotspur
Fulham	
–1.0
+1.0
1.80
1.95
  	
3.0
1.80
1.95
1.50
4.30
6.50
1.09
1.20
2.50
1.5
1.0
1.47
2.07
2.55
1.70
 	 3:1(1:1)  
431	19/04
17:00	 Aston Villa
Southampton	
+0.25
-0.25
1.90
1.85
 
 	
2.5
1.90
1.85
3.10
3.40
2.25
1.62
1.29
1.34
1.5
1.5
2.70
2.20
1.43
1.65
 	 0:0(0:0)  
432	19/04
17:00	 Cardiff City
Stoke City	
0
0
1.80
1.95
  	
2.25
1.80
 	
1.95
 	
2.50
3.35
2.75
1.42
1.30
1.50
1.5
1.5
2.55
2.66
1.47
1.44
 	 1:1(0:1)  
433	19/04
17:00	 Newcastle United
Swansea City	
0
0
1.95
1.80
  	
2.25
1.80
 	
1.95
 	
2.75
3.35
2.50
1.50
1.30
1.42
1.5
1.5
2.66
2.55
1.44
1.47
 	 1:2(1:1)  
434	19/04
17:00	 West Ham United
Crystal Palace	
-0.25
+0.25
1.80
1.95
 
 	
2.25
1.85
 	
1.90
 	
2.10
3.40
3.50
1.27
1.29
1.70
1.5
1.0
2.25
2.05
1.60
1.72
 	 0:1(0:0)  
435	19/04
19:30	 Chelsea
Sunderland	
-1.75
+1.75
1.78
2.02
 
 	
3.0
1.75
2.05
1.20
6.50
13.50
1.01
1.09
4.25
2.5
1.0
1.95
3.55
1.80
1.26
 	 1:2(1:1)  
436	20/04
14:00	 Norwich City
Liverpool	
+1.25
-1.25
2.00
1.80
 
 	
3.5
2.12
1.66
8.25
5.20
1.36
3.00
1.15
1.05
1.0
2.0
2.30
1.62
1.57
2.22
 	 2:3(0:2)  
437	20/04
16:05	 Hull City
Arsenal London	
+0.75
-0.75
1.75
2.05
 
 	
2.5
2.00
1.77
4.80
3.60
1.76
2.04
1.26
1.16
1.5
1.5
3.80
1.95
1.24
1.80
 	 0:3(0:2)  
438	20/04
18:10	 Everton
Manchester United	
0
0
1.77
1.97
  	
2.5
1.80
1.95
2.45
3.45
2.75
1.42
1.30
1.52
1.0
1.0
1.48
1.55
2.50
2.35
 	 2:0(2:0)  
439	21/04
22:00	 Manchester City
West Bromwich Albion	
–2.0
+2.0
2.00
1.80
  	
3.5
1.90
1.85
1.20
7.00
13.00
1.01
1.08
4.35
2.5
1.0
1.77
3.00
1.97
1.35
 	 3:1(3:1)  
437	26/04
14:45	 Southampton
Everton	
0
0
2.02
1.77
  	
2.75
1.90
 	
1.87
 	
2.80
3.40
2.45
1.52
1.30
1.40
1.0
1.0
1.52
1.45
2.42
2.60
 	 2:0(2:0)  
438	26/04
17:00	 Fulham
Hull City	
-0.25
+0.25
1.85
1.90
 
 	
2.5
1.90
1.85
2.25
3.40
3.10
1.34
1.29
1.62
1.5
1.5
2.20
2.70
1.65
1.43
 	 2:2(0:0)  
439	26/04
17:00	 Stoke City
Tottenham Hotspur	
+0.25
-0.25
1.90
1.85
 
 	
2.5
1.90
1.85
3.10
3.40
2.25
1.62
1.29
1.34
1.5
1.5
2.70
2.20
1.43
1.65
 	 0:1(0:1)  
440	26/04
17:00	 Swansea City
Aston Villa	
-0.75
+0.75
1.87
1.90
 
 	
2.5
1.95
1.85
1.67
3.90
5.00
1.15
1.23
2.12
1.5
1.0
1.80
2.45
1.95
1.52
 	 4:1(2:1)  
441	26/04
17:00	 West Bromwich Albion
West Ham United	
-0.25
+0.25
1.62
2.22
 
 	
2.75
1.87
 	
1.87
 	
1.87
3.65
4.10
1.22
1.25
1.90
1.5
1.5
1.80
2.80
1.95
1.40
 	 1:0(1:0)  
442	26/04
19:30	 Manchester United
Norwich City	
-1.75
+1.75
1.97
1.77
 
 	
3.0
1.80
1.95
1.27
5.50
11.25
1.02
1.13
3.70
2.5
1.0
2.02
3.30
1.74
1.31
 	 4:0(1:0)  
443	27/04
14:00	 Sunderland
Cardiff City	
-0.75
+0.75
2.00
1.77
 
 	
2.75
1.95
 	
1.80
 	
1.75
3.70
4.50
1.18
1.25
2.00
1.5
1.0
1.80
2.05
1.95
1.72
 	 4:0(2:0)  
444	27/04
16:05	 Liverpool
Chelsea	
-0.75
+0.75
1.87
1.90
 
 	
3.0
1.95
1.80
1.67
4.00
4.90
1.16
1.22
2.17
1.5
1.0
1.60
1.95
2.25
1.80
 	 0:2(0:1)  
445	27/04
18:10	 Crystal Palace
Manchester City	
+1.25
-1.25
1.95
1.80
 
 	
2.75
1.85
 	
1.90
 	
8.25
4.75
1.38
2.95
1.17
1.06
1.0
1.5
3.10
1.47
1.34
2.55
 	 0:2(0:2)  
446	28/04
22:00	 Arsenal London
Newcastle United	
-1.75
+1.75
1.97
1.77
 
 	
3.0
1.80
1.95
1.26
5.60
11.25
1.02
1.13
3.75
2.5
1.0
2.02
3.30
1.74
1.31
 	 3:0(2:0)  
358	03/05
14:45	 West Ham United
Tottenham Hotspur	
+0.25
-0.25
2.22
1.62
 
 	
2.75
1.87
 	
1.87
 	
4.00
3.75
1.87
1.87
1.24
1.22
1.5
1.5
2.80
1.80
1.40
1.95
 	 2:0(2:0)  
359	03/05
17:00	 Aston Villa
Hull City	
0
0
1.80
1.95
  	
2.25
2.02
 	
1.75
 	
2.60
3.30
2.75
1.42
1.30
1.45
1.0
1.0
1.85
1.90
1.90
1.85
 	 3:1(3:1)  
360	03/05
17:00	 Manchester United
Sunderland	
-1.25
+1.25
1.80
1.95
 
 	
2.75
1.75
 	
2.00
 	
1.37
4.90
8.25
1.06
1.16
2.95
1.5
1.0
1.45
2.95
2.60
1.37
 	 0:1(0:1)  
361	03/05
17:00	 Newcastle United
Cardiff City	
-0.25
+0.25
1.77
2.00
 
 	
2.75
1.87
 	
1.90
 	
2.02
3.60
3.55
1.26
1.26
1.78
1.5
1.5
1.90
2.50
1.85
1.50
 	 3:0(1:0)  
362	03/05
17:00	 Stoke City
Fulham	
-0.25
+0.25
2.00
1.75
 
 	
2.5
1.80
1.95
2.35
3.45
2.95
1.36
1.29
1.55
1.5
1.5
2.15
2.40
1.65
1.52
 	 4:1(1:0)  
363	03/05
17:00	 Swansea City
Southampton	
-0.25
+0.25
2.00
1.75
 
 	
2.5
1.80
1.95
2.35
3.45
2.95
1.36
1.29
1.55
1.5
1.5
2.15
2.40
1.65
1.52
 	 0:1(0:0)  
364	03/05
19:30	 Everton
Manchester City	
+0.75
-0.75
1.95
1.80
 
 	
3.0
1.85
1.90
4.90
4.20
1.62
2.22
1.20
1.15
1.0
1.5
1.95
1.60
1.80
2.25
 	 2:3(1:2)  
365	04/05
15:30	 Arsenal London
West Bromwich Albion	
–1.5
+1.5
1.80
1.95
  	
3.0
1.80
1.95
1.27
5.80
11.00
1.02
1.12
3.65
2.5
1.0
2.02
3.30
1.74
1.31
 	 1:0(1:0)  
366	04/05
18:00	 Chelsea
Norwich City	
–2.0
+2.0
1.97
1.77
  	
3.0
1.75
2.00
1.20
6.50
14.00
1.01
1.09
4.35
2.5
1.0
1.95
3.55
1.80
1.26
 	 0:0(0:0)  
367	05/05
22:00	 Crystal Palace
Liverpool	
+1.25
-1.25
2.00
1.80
 
 	
3.0
2.00
1.75
8.50
4.85
1.37
3.00
1.16
1.05
1.0
1.5
2.95
1.45
1.37
2.60
 	 3:3(0:1)  
365	11/05
17:00	 Cardiff City
Chelsea	
+1.25
-1.25
1.95
1.85
 
 	
3.0
1.80
1.95
7.85
4.75
1.40
2.90
1.18
1.07
1.0
1.5
2.35
1.42
1.55
2.75
 	 1:2(1:0)  
366	11/05
17:00	 Fulham
Crystal Palace	
0
0
1.87
1.87
  	
2.75
2.00
 	
1.77
 	
2.60
3.35
2.60
1.45
1.30
1.45
1.5
1.5
2.30
2.30
1.57
1.57
 	 2:2(0:1)  
367	11/05
17:00	 Hull City
Everton	
+0.25
-0.25
2.05
1.77
 
 	
2.5
1.85
1.95
3.40
3.55
2.08
1.70
1.27
1.29
1.0
1.5
1.77
2.05
1.97
1.75
 	 0:2(0:1)  
368	11/05
17:00	 Liverpool
Newcastle United	
–2.0
+2.0
1.68
2.10
  	
3.75
1.80
 	
1.95
 	
1.18
7.50
13.00
1.03
1.07
4.80
3.0
1.0
1.87
2.50
1.87
1.50
 	 2:1(0:1)  
369	11/05
17:00	 Manchester City
West Ham United	
–2.0
+2.0
1.70
2.07
  	
3.75
1.80
 	
1.95
 	
1.18
7.50
13.00
1.03
1.07
4.80
3.0
1.0
1.87
2.75
1.87
1.42
 	 2:0(1:0)  
370	11/05
17:00	 Norwich City
Arsenal London	
+0.75
-0.75
1.90
1.87
 
 	
3.0
1.95
1.80
4.90
4.00
1.67
2.17
1.22
1.16
1.0
1.5
1.95
1.55
1.80
2.35
 	 0:2(0:0)  
371	11/05
17:00	 Southampton
Manchester United	
0
0
2.00
1.75
  	
3.0
1.95
1.77
2.75
3.50
2.45
1.50
1.30
1.42
1.0
1.0
1.42
1.35
2.70
2.95
 	 1:1(1:0)  
372	11/05
17:00	 Sunderland
Swansea City	
-0.25
+0.25
1.95
1.80
 
 	
2.5
1.80
1.90
2.30
3.40
3.00
1.36
1.30
1.57
1.5
1.5
2.15
2.45
1.65
1.47
 	 1:3(0:2)  
373	11/05
17:00	 Tottenham Hotspur
Aston Villa	
-1.25
+1.25
2.00
1.75
 
 	
3.0
1.95
1.80
1.45
4.35
7.00
1.09
1.20
2.60
1.5
1.0
1.47
2.45
2.55
1.50
 	 3:0(3:0)  
374	11/05
17:00	 West Bromwich Albion
Stoke City	
-0.25
+0.25
1.77
1.97
 
 	
2.5
1.85
1.90
2.10
3.50
3.35
1.30
1.30
1.68
1.5
1.0
2.10
1.77
1.68
1.93
 	 1:2(0:1)  
