775	02/11
17:00	 Celtic
Dundee United	
–1.5
+1.5
1.95
1.80
  	
3.0
1.90
1.85
1.33
5.00
8.50
1.05
1.15
3.20
2.0
1.0
1.70
2.80
2.10
1.40
 	 1:1(0:1)  
776	02/11
17:00	 Hearts
Saint Johnstone	
+0.25
-0.25
1.87
1.87
 
 	
2.25
1.85
 	
1.90
 	
3.30
3.30
2.20
1.65
1.32
1.32
1.0
1.5
1.95
2.30
1.80
1.58
 	 0:2(0:1)  
777	02/11
17:00	 Inverness Caledonian Thistle
Kilmarnock	
-0.75
+0.75
1.95
1.80
 
 	
2.5
1.85
1.90
1.75
3.60
4.70
1.18
1.28
2.05
1.5
1.0
1.85
2.20
1.90
1.65
 	 2:1(1:0)  
778	02/11
17:00	 Saint Mirren
Ross County	
0
0
1.80
1.95
  	
2.5
1.85
1.90
2.50
3.40
2.70
1.45
1.30
1.50
1.5
1.5
2.25
2.35
1.60
1.55
 	 cancelled  
779	03/11
14:30	 Motherwell
Hibernian	
-0.75
+0.75
1.95
1.76
 
 	
2.25
1.75
 	
1.96
 	
1.75
3.60
4.70
1.18
1.28
2.05
1.5
1.0
1.90
2.40
1.85
1.53
 	 1:0(1:0)  
780	04/11
21:45	 Aberdeen
Partick Thistle	
-0.75
+0.75
2.05
1.68
 
 	
2.25
1.80
 	
1.90
 	
1.80
3.50
4.50
1.20
1.30
2.00
1.5
1.0
1.95
2.35
1.80
1.55
 	 4:0(2:0)  
794	09/11
14:45	 Ross County
Celtic	
+1.25
-1.25
1.95
1.80
 
 	
2.75
1.80
 	
1.95
 	
7.50
4.70
1.38
2.90
1.17
1.07
1.0
2.0
2.80
1.80
1.40
1.95
 	 1:4(0:1)  
795	09/11
17:00	 Aberdeen
Hearts	
–1.0
+1.0
1.87
1.87
  	
2.25
1.75
 	
2.00
 	
1.50
3.90
6.75
1.08
1.23
2.50
1.5
1.0
1.72
3.50
2.05
1.28
 	 1:3(1:0)  
796	09/11
17:00	 Motherwell
Dundee United	
+0.25
-0.25
1.72
2.00
 
 	
2.75
1.90
 	
1.85
 	
2.85
3.30
2.40
1.53
1.30
1.39
1.0
1.5
1.60
2.15
2.25
1.65
 	 0:4(0:2)  
797	09/11
17:00	 Partick Thistle
Saint Mirren	
-0.25
+0.25
1.67
2.10
 
 	
2.25
1.80
 	
1.95
 	
1.95
3.35
3.80
1.23
1.29
1.80
1.5
1.0
2.05
2.20
1.72
1.62
 	 0:3(0:1)  
798	09/11
17:00	 Saint Johnstone
Kilmarnock	
-0.25
+0.25
1.65
2.11
 
 	
2.5
1.95
1.80
1.90
3.35
4.10
1.22
1.30
1.85
1.5
1.0
2.00
2.15
1.75
1.67
 	 3:1(2:0)  
799	09/11
17:00	 Hibernian
Inverness Caledonian Thistle	
+0.25
-0.25
1.75
2.00
 
 	
2.25
1.80
 	
1.95
 	
2.95
3.25
2.35
1.55
1.31
1.37
1.0
1.0
1.85
1.60
1.90
2.25
 	 0:2(0:2)  
854	23/11
14:45	 Saint Mirren
Hibernian	
0
0
1.80
1.95
  	
2.25
1.75
 	
2.00
 	
2.55
3.30
2.75
1.45
1.32
1.50
1.0
1.0
1.65
1.70
2.20
2.10
 	 0:0(0:0)  
855	23/11
17:00	 Celtic
Aberdeen	
-1.25
+1.25
1.95
1.80
 
 	
2.75
1.95
 	
1.80
 	
1.42
4.40
7.25
1.07
1.19
2.75
2.0
1.0
2.00
3.10
1.80
1.35
 	 3:1(1:1)  
856	23/11
17:00	 Dundee United
Partick Thistle	
-0.75
+0.75
1.82
1.92
 
 	
2.5
1.90
1.85
1.65
3.70
5.20
1.14
1.25
2.15
1.5
1.0
1.80
2.60
1.95
1.46
 	 4:1(1:0)  
857	23/11
17:00	 Hearts
Ross County	
-0.25
+0.25
1.85
1.90
 
 	
2.5
1.87
1.87
2.15
3.35
3.25
1.31
1.29
1.65
1.5
1.0
2.10
1.82
1.70
1.92
 	 2:2(1:1)  
858	23/11
17:00	 Inverness Caledonian Thistle
Saint Johnstone	
-0.25
+0.25
1.90
1.80
 
 	
2.25
1.80
 	
1.90
 	
2.25
3.25
3.15
1.33
1.31
1.60
1.5
1.0
2.30
1.90
1.58
1.85
 	 1:0(1:0)  
859	23/11
17:00	 Kilmarnock
Motherwell	
+0.25
-0.25
1.80
1.90
 
 	
2.5
1.87
1.87
3.10
3.20
2.30
1.57
1.32
1.34
1.0
1.5
1.75
2.20
2.00
1.62
 	 0:2(0:0)  
624	06/12
21:45	 Motherwell
Celtic	
+1.25
-1.25
1.85
1.85
 
 	
2.75
1.80
 	
1.90
 	
7.25
4.40
1.42
2.75
1.19
1.07
1.0
2.0
2.65
1.87
1.45
1.87
 	 0:5(0:1)  
625	07/12
17:00	 Dundee United
Hearts	
-1.25
+1.25
1.90
1.85
 
 	
2.75
1.82
 	
1.88
 	
1.40
4.55
7.40
1.07
1.18
2.80
2.0
1.0
1.87
2.95
1.87
1.37
 	 4:1(1:1)  
626	07/12
17:00	 Hibernian
Partick Thistle	
-0.25
+0.25
1.80
1.95
 
 	
2.25
1.85
 	
1.90
 	
2.10
3.25
3.45
1.28
1.32
1.70
1.5
1.0
2.25
2.10
1.60
1.70
 	 1:1(0:0)  
627	07/12
17:00	 Ross County
Kilmarnock	
0
0
1.87
1.87
  	
2.5
1.85
1.90
2.55
3.45
2.55
1.47
1.27
1.47
1.0
1.0
1.60
1.60
2.30
2.30
 	 1:2(1:2)  
628	07/12
17:00	 Saint Johnstone
Aberdeen	
0
0
1.80
1.95
  	
2.25
1.95
 	
1.80
 	
2.55
3.10
2.80
1.40
1.34
1.47
1.0
1.0
1.75
1.85
2.00
1.90
 	 0:2(0:1)  
629	07/12
17:00	 Saint Mirren
Inverness Caledonian Thistle	
+0.25
-0.25
1.90
1.85
 
 	
2.25
1.80
 	
1.90
 	
3.40
3.20
2.15
1.65
1.32
1.29
1.0
1.5
2.00
2.20
1.75
1.62
 	 0:0(0:0)  
740	14/12
17:00	 Aberdeen
Saint Mirren	
-0.75
+0.75
1.75
2.00
 
 	
2.5
1.95
1.80
1.60
3.70
5.70
1.12
1.25
2.25
1.5
1.0
1.85
2.55
1.95
1.48
 	 2:0(1:0)  
741	14/12
17:00	 Kilmarnock
Dundee United	
+0.75
-0.75
1.80
1.95
 
 	
3.0
1.95
1.80
4.00
3.85
1.75
1.96
1.22
1.20
1.0
1.5
1.75
1.62
2.00
2.20
 	 1:4(0:0)  
742	14/12
17:00	 Partick Thistle
Saint Johnstone	
0
0
2.00
1.75
  	
2.25
1.85
 	
1.90
 	
2.85
3.20
2.45
1.52
1.32
1.39
1.0
1.0
1.85
1.70
1.95
2.15
 	 cancelled  
743	14/12
17:00	 Ross County
Motherwell	
+0.25
-0.25
1.72
2.05
 
 	
2.5
1.85
1.90
2.85
3.30
2.40
1.53
1.30
1.39
1.0
1.5
1.62
2.20
2.20
1.62
 	 1:2(0:2)  
744	14/12
17:00	 Celtic
Hibernian	
–2.0
+2.0
1.95
1.80
  	
3.0
1.85
1.90
1.18
6.50
15.00
1.01
1.10
4.60
2.5
1.0
1.95
4.30
1.80
1.20
 	 1:0(1:0)  
745	14/12
17:00	 Hearts
Inverness Caledonian Thistle	
+0.75
-0.75
1.85
1.90
 
 	
2.25
1.75
 	
2.00
 	
4.75
3.60
1.72
2.05
1.26
1.16
1.0
1.5
2.55
1.90
1.48
1.85
 	 0:2(0:0)  
667	21/12
14:15	 Celtic
Hearts	
-2.75
+2.75
1.90
1.85
 
 	
3.5
1.85
1.90
1.07
11.00
25.00
 	
1.03
7.70
3.0
1.0
1.80
6.50
1.95
1.10
 	 2:0(0:0)  
668	21/12
17:00	 Dundee United
Ross County	
–1.5
+1.5
1.95
1.80
  	
3.25
1.95
 	
1.80
 	
1.36
5.00
7.50
1.07
1.15
3.00
2.5
1.0
2.05
2.25
1.72
1.60
 	 1:0(0:0)  
669	21/12
17:00	 Kilmarnock
Partick Thistle	
0
0
1.75
2.00
  	
2.5
1.95
1.80
2.45
3.35
2.75
1.42
1.30
1.52
1.5
1.0
2.30
1.65
1.60
2.15
 	 2:1(1:0)  
670	21/12
17:00	 Motherwell
Saint Mirren	
-0.25
+0.25
1.65
2.20
 
 	
2.5
1.80
1.95
1.90
3.55
3.85
1.24
1.27
1.85
1.5
1.0
1.87
1.90
1.87
1.85
 	 3:0(2:0)  
671	21/12
17:00	 Hibernian
Saint Johnstone	
0
0
1.95
1.80
  	
2.25
1.90
 	
1.85
 	
2.80
3.05
2.60
1.46
1.35
1.40
1.0
1.0
1.80
1.75
1.95
2.00
 	 0:0(0:0)  
672	21/12
19:30	 Inverness Caledonian Thistle
Aberdeen	
0
0
1.75
2.00
  	
2.25
1.95
 	
1.80
 	
2.50
3.20
2.80
1.40
1.32
1.50
1.0
1.0
1.80
1.95
1.95
1.80
 	 3:4(0:4)  
447	26/12
17:00	 Ross County
Hibernian	
0
0
1.95
1.80
  	
2.25
1.87
 	
1.87
 	
2.75
3.15
2.55
1.47
1.32
1.42
1.0
1.0
1.80
1.70
1.95
2.10
 	 0:2(0:1)  
448	26/12
17:00	 Saint Johnstone
Celtic	
+1.25
-1.25
1.85
1.90
 
 	
2.75
1.90
 	
1.85
 	
7.50
4.50
1.40
2.80
1.18
1.07
1.0
2.0
3.05
1.95
1.35
1.80
 	 0:1(0:1)  
449	26/12
17:00	 Partick Thistle
Inverness Caledonian Thistle	
+0.25
-0.25
1.85
1.90
 
 	
2.25
1.90
 	
1.85
 	
3.20
3.20
2.25
1.60
1.32
1.32
1.0
1.0
2.00
1.60
1.75
2.25
 	 0:0(0:0)  
450	26/12
17:00	 Aberdeen
Motherwell	
-0.75
+0.75
2.00
1.72
 
 	
2.5
1.95
1.80
1.80
3.55
4.30
1.20
1.28
1.95
1.5
1.0
1.95
2.25
1.80
1.60
 	 0:1(0:0)  
451	26/12
17:00	 Hearts
Kilmarnock	
+0.25
-0.25
1.85
1.90
 
 	
2.5
1.90
1.85
3.25
3.25
2.20
1.62
1.31
1.31
1.0
1.5
1.80
2.15
1.95
1.65
 	 0:4(0:2)  
452	26/12
17:00	 Saint Mirren
Dundee United	
+0.75
-0.75
1.85
1.90
 
 	
2.75
1.80
 	
1.95
 	
4.25
3.90
1.72
2.05
1.22
1.19
1.0
1.5
1.87
1.65
1.87
2.20
 	 4:1(2:1)  
469	29/12
14:30	 Inverness Caledonian Thistle
Celtic	
+1.25
-1.25
1.75
2.00
 
 	
2.75
1.85
 	
1.90
 	
6.55
4.40
1.45
2.63
1.19
1.09
1.0
2.0
2.65
1.95
1.45
1.80
 	 0:1(0:1)  
470	29/12
16:00	 Saint Johnstone
Dundee United	
+0.25
-0.25
1.85
1.90
 
 	
2.5
1.90
1.85
3.20
3.30
2.20
1.62
1.30
1.32
1.0
1.5
1.80
2.15
1.95
1.65
 	 3:0(1:0)  
471	29/12
17:00	 Aberdeen
Ross County	
-1.25
+1.25
1.95
1.80
 
 	
2.75
1.95
 	
1.80
 	
1.40
4.40
7.75
1.06
1.19
2.80
2.0
1.0
2.00
3.10
1.80
1.35
 	 1:0(1:0)  
472	29/12
17:00	 Hibernian
Kilmarnock	
-0.25
+0.25
1.75
2.00
 
 	
2.5
1.95
1.80
2.05
3.30
3.55
1.26
1.30
1.72
1.5
1.0
2.00
1.95
1.75
1.80
 	 3:0(1:0)  
473	29/12
17:00	 Partick Thistle
Motherwell	
0
0
1.87
1.87
  	
2.5
1.95
1.80
2.65
3.20
2.65
1.45
1.33
1.45
1.0
1.0
1.62
1.62
2.25
2.25
 	 1:5(1:3)  
474	29/12
17:00	 Saint Mirren
Hearts	
-0.75
+0.75
1.85
1.90
 
 	
2.5
1.95
1.80
1.65
3.70
5.20
1.14
1.25
2.15
1.5
1.0
1.75
2.50
2.00
1.50
 	 1:1(1:0)  
368	01/01
17:00	 Celtic
Partick Thistle	
-2.25
+2.25
1.95
1.80
 
 	
3.25
1.87
 	
1.87
 	
1.13
7.50
18.00
1.01
1.07
5.50
3.0
1.0
2.20
4.50
1.62
1.18
 	 1:0(1:0)  
369	01/01
17:00	 Dundee United
Aberdeen	
0
0
1.75
2.00
  	
2.5
1.80
1.95
2.45
3.30
2.80
1.41
1.31
1.52
1.5
1.5
2.20
2.35
1.62
1.57
 	 1:2(0:0)  
370	01/01
17:00	 Inverness Caledonian Thistle
Ross County	
–1.0
+1.0
1.85
1.90
  	
2.75
1.95
 	
1.80
 	
1.50
4.20
6.05
1.11
1.20
2.50
1.5
1.0
1.62
2.65
2.20
1.45
 	 1:2(0:2)  
371	01/01
17:00	 Motherwell
Saint Johnstone	
-0.25
+0.25
1.95
1.80
 
 	
2.5
1.90
1.85
2.25
3.40
3.00
1.35
1.29
1.60
1.5
1.0
2.15
1.75
1.65
2.00
 	 4:0(1:0)  
372	02/01
17:00	 Kilmarnock
Saint Mirren	
-0.25
+0.25
1.90
1.85
 
 	
2.5
1.77
1.98
2.20
3.35
3.15
1.33
1.30
1.62
1.5
1.0
2.05
1.70
1.72
2.10
 	 2:1(1:1)  
373	02/01
21:45	 Hibernian
Hearts	
-0.75
+0.75
1.80
1.95
 
 	
2.25
1.87
 	
1.87
 	
1.62
3.70
5.40
1.13
1.25
2.20
1.5
1.0
1.85
2.90
1.90
1.38
 	 2:1(0:0)  
536	04/01
17:00	 Ross County
Saint Johnstone	
+0.25
-0.25
1.95
1.80
 
 	
2.25
1.75
 	
2.00
 	
3.45
3.30
2.10
1.70
1.31
1.28
1.0
1.5
1.95
2.15
1.80
1.67
 	 1:0(0:0)  
537	05/01
14:45	 Saint Mirren
Celtic	
+1.5
–1.5
1.80
1.95
  	
2.75
1.80
 	
1.95
 	
9.00
5.00
1.32
3.20
1.15
1.04
1.0
2.0
3.30
1.75
1.28
2.05
 	 0:4(0:0)  
538	05/01
17:00	 Dundee United
Hibernian	
-0.25
+0.25
1.65
2.20
 
 	
2.5
1.90
1.85
1.90
3.50
3.85
1.23
1.27
1.85
1.5
1.0
1.95
2.05
1.80
1.72
 	 2:2(0:1)  
539	05/01
17:00	 Hearts
Partick Thistle	
+0.25
-0.25
1.85
1.90
 
 	
2.5
1.95
1.80
3.15
3.25
2.25
1.60
1.31
1.33
1.0
1.5
1.85
2.20
1.90
1.62
 	 0:2(0:2)  
540	05/01
17:00	 Kilmarnock
Aberdeen	
+0.25
-0.25
2.10
1.70
 
 	
2.5
1.85
1.90
3.70
3.50
1.95
1.80
1.28
1.25
1.0
1.5
1.90
1.95
1.85
1.80
 	 0:1(0:0)  
536	10/01
21:45	 Aberdeen
Hibernian	
-0.75
+0.75
1.95
1.80
 
 	
2.25
1.85
 	
1.90
 	
1.75
3.60
4.50
1.18
1.26
2.00
1.5
1.0
1.95
2.55
1.80
1.48
 	 1:0(0:0)  
537	11/01
17:00	 Hearts
Motherwell	
+1.0
–1.0
1.95
1.80
  	
2.75
1.98
 	
1.77
 	
6.50
4.25
1.47
2.55
1.20
1.09
1.0
1.5
2.80
1.60
1.40
2.25
 	 0:1(0:1)  
538	11/01
17:00	 Partick Thistle
Ross County	
-0.25
+0.25
1.72
2.05
 
 	
2.5
1.90
1.85
2.00
3.45
3.55
1.27
1.28
1.75
1.5
1.0
2.05
1.95
1.72
1.80
 	 3:3(2:1)  
539	11/01
17:00	 Saint Johnstone
Saint Mirren	
-0.75
+0.75
1.95
1.80
 
 	
2.25
1.87
 	
1.87
 	
1.75
3.40
4.85
1.16
1.29
2.00
1.5
1.0
1.95
2.55
1.80
1.48
 	 2:0(0:0)  
716	18/01
17:00	 Aberdeen
Inverness Caledonian Thistle	
-0.75
+0.75
1.95
1.80
 
 	
2.25
1.85
 	
1.90
 	
1.72
3.50
4.90
1.15
1.27
2.05
1.5
1.0
1.95
2.65
1.80
1.45
 	 0:1(0:1)  
717	18/01
17:00	 Celtic
Motherwell	
–1.5
+1.5
1.80
1.95
  	
3.0
1.95
1.80
1.28
5.00
11.00
1.02
1.15
3.45
2.0
1.0
1.60
3.30
2.25
1.32
 	 3:0(2:0)  
718	18/01
17:00	 Hibernian
Saint Mirren	
-0.75
+0.75
1.90
1.85
 
 	
2.25
1.85
 	
1.90
 	
1.70
3.55
5.00
1.15
1.27
2.10
1.5
1.0
1.95
2.75
1.80
1.42
 	 2:3(0:3)  
719	18/01
17:00	 Partick Thistle
Kilmarnock	
-0.25
+0.25
1.85
1.90
 
 	
2.5
1.85
1.90
2.15
3.40
3.20
1.32
1.29
1.65
1.5
1.0
2.05
1.75
1.72
2.00
 	 1:1(1:0)  
720	18/01
17:00	 Ross County
Dundee United	
+0.25
-0.25
2.00
1.75
 
 	
2.75
1.95
 	
1.80
 	
3.35
3.50
2.05
1.72
1.27
1.29
1.0
1.5
1.75
1.95
2.05
1.85
 	 3:0(1:0)  
721	18/01
17:00	 Saint Johnstone
Hearts	
-1.25
+1.25
1.80
1.95
 
 	
2.75
1.95
 	
1.80
 	
1.35
4.55
9.00
1.04
1.17
3.05
2.0
1.0
1.90
3.75
1.85
1.25
 	 3:3(1:0)  
692	25/01
17:00	 Kilmarnock
Inverness Caledonian Thistle	
+0.25
-0.25
1.95
1.80
 
 	
2.25
1.75
 	
2.00
 	
3.45
3.30
2.10
1.70
1.31
1.28
1.0
1.5
1.95
2.15
1.80
1.67
 	 2:0(1:0)  
693	25/01
17:00	 Motherwell
Aberdeen	
+0.25
-0.25
1.75
2.00
 
 	
2.5
1.95
1.80
3.00
3.30
2.35
1.57
1.32
1.37
1.0
1.5
1.75
2.30
2.05
1.60
 	 2:2(0:0)  
694	25/01
17:00	 Ross County
Hearts	
-0.75
+0.75
1.80
1.95
 
 	
2.5
1.80
1.95
1.65
3.75
5.50
1.15
1.27
2.25
1.5
1.0
1.75
2.35
2.05
1.57
 	 1:2(1:1)  
695	25/01
17:00	 Saint Mirren
Partick Thistle	
0
0
1.75
2.00
  	
2.5
1.90
1.85
2.45
3.35
2.75
1.42
1.30
1.51
1.5
1.0
2.30
1.65
1.60
2.15
 	 0:0(0:0)  
696	26/01
14:45	 Hibernian
Celtic	
+1.25
-1.25
1.90
1.85
 
 	
2.75
1.90
 	
1.85
 	
8.00
4.65
1.37
2.95
1.17
1.06
1.0
2.0
3.15
1.90
1.33
1.85
 	 0:4(0:1)  
487	29/01
21:45	 Celtic
Kilmarnock	
-2.25
+2.25
2.00
1.75
 
 	
3.0
1.75
2.00
1.15
7.25
16.00
1.01
1.07
5.00
2.5
1.0
1.75
5.00
2.00
1.15
 	 4:0(2:0)  
488	29/01
21:45	 Hearts
Saint Mirren	
+0.25
-0.25
1.85
1.90
 
 	
2.5
1.90
1.85
3.00
3.40
2.25
1.60
1.29
1.35
1.0
1.5
1.75
2.20
2.00
1.62
 	 2:1(1:1)  
1853	02/02
17:00	 Celtic
Saint Mirren	
-2.25
+2.25
2.00
1.75
 
 	
3.0
1.78
1.97
1.13
7.80
18.00
 	
1.06
5.45
2.5
1.0
1.80
6.20
1.95
1.11
 	 1:0(1:0)  
716	15/02
14:45	 Saint Mirren
Aberdeen	
+0.75
-0.75
1.90
1.85
 
 	
2.25
1.85
 	
1.90
 	
5.20
3.70
1.65
2.15
1.25
1.14
1.0
1.5
2.80
1.90
1.40
1.85
 	 0:1(0:0)  
717	15/02
17:00	 Dundee United
Kilmarnock	
-0.75
+0.75
1.85
1.90
 
 	
2.75
1.90
 	
1.85
 	
1.67
3.85
4.65
1.16
1.23
2.12
1.5
1.0
1.65
2.15
2.15
1.65
 	 3:2(1:1)  
718	15/02
17:00	 Hibernian
Ross County	
-0.25
+0.25
1.62
2.20
 
 	
2.25
1.90
 	
1.85
 	
1.85
3.40
4.20
1.22
1.30
1.90
1.5
1.0
2.10
2.50
1.70
1.50
 	 2:1(2:0)  
719	15/02
17:00	 Inverness Caledonian Thistle
Hearts	
-1.25
+1.25
1.95
1.80
 
 	
2.5
1.85
1.90
1.42
4.30
7.50
1.07
1.19
2.70
2.0
1.0
2.15
3.20
1.70
1.32
 	 0:0(0:0)  
720	15/02
17:00	 Motherwell
Partick Thistle	
-0.25
+0.25
1.70
2.10
 
 	
2.5
1.85
1.90
1.95
3.50
3.70
1.25
1.28
1.80
1.5
1.0
1.95
1.90
1.80
1.85
 	 4:3(1:1)  
721	16/02
14:45	 Celtic
Saint Johnstone	
-1.75
+1.75
1.95
1.80
 
 	
2.75
1.80
 	
1.95
 	
1.25
5.50
11.50
1.02
1.13
3.70
2.5
1.0
2.15
4.50
1.65
1.18
 	 3:0(1:0)  
520	21/02
21:45	 Dundee United
Motherwell	
-0.25
+0.25
1.85
1.95
 
 	
3.0
1.90
1.85
2.10
3.60
3.10
1.35
1.27
1.70
1.5
1.5
1.80
2.25
1.95
1.60
 	 3:1(2:0)  
521	22/02
14:45	 Hearts
Celtic	
+2.0
–2.0
1.95
1.80
  	
3.0
1.85
1.90
15.50
6.80
1.16
4.75
1.08
1.01
1.0
2.5
4.75
1.95
1.14
1.80
 	 0:2(0:0)  
522	22/02
17:00	 Kilmarnock
Hibernian	
0
0
1.95
1.80
  	
2.25
1.75
 	
2.00
 	
2.75
3.25
2.50
1.50
1.31
1.41
1.0
1.0
1.70
1.62
2.10
2.20
 	 1:1(1:0)  
523	22/02
17:00	 Partick Thistle
Aberdeen	
+0.75
-0.75
1.72
2.05
 
 	
2.25
1.85
 	
1.90
 	
4.40
3.45
1.80
1.95
1.28
1.18
1.0
1.5
2.50
2.00
1.50
1.75
 	 3:1(0:0)  
524	22/02
17:00	 Ross County
Saint Mirren	
-0.25
+0.25
1.85
1.90
 
 	
2.5
1.90
1.85
2.15
3.35
3.25
1.31
1.29
1.65
1.5
1.0
2.10
1.80
1.70
1.95
 	 2:1(1:0)  
525	22/02
17:00	 Saint Johnstone
Inverness Caledonian Thistle	
-0.25
+0.25
2.05
1.72
 
 	
2.25
1.85
 	
1.90
 	
2.45
3.20
2.85
1.39
1.32
1.52
1.0
1.0
1.65
1.85
2.15
1.90
 	 0:1(0:1)  
555	28/02
21:45	 Hibernian
Dundee United	
+0.25
-0.25
1.75
2.00
 
 	
2.75
1.98
 	
1.77
 	
2.85
3.40
2.35
1.55
1.29
1.39
1.5
1.5
2.40
2.15
1.53
1.65
 	 1:3(1:1)  
556	01/03
17:00	 Aberdeen
Saint Johnstone	
-0.75
+0.75
1.90
1.85
 
 	
2.25
1.85
 	
1.90
 	
1.70
3.50
5.10
1.14
1.28
2.10
1.5
1.0
1.95
2.75
1.80
1.42
 	 1:0(1:0)  
557	01/03
17:00	 Celtic
Inverness Caledonian Thistle	
–1.5
+1.5
1.85
1.90
  	
2.75
1.80
 	
1.95
 	
1.27
5.25
10.50
1.02
1.13
3.50
2.0
1.0
1.65
3.80
2.15
1.25
 	 5:0(2:0)  
558	01/03
17:00	 Motherwell
Hearts	
–1.0
+1.0
1.90
1.85
  	
2.5
1.78
1.97
1.53
4.00
6.00
1.11
1.22
2.40
1.5
1.0
1.62
2.60
2.20
1.46
 	 4:1(2:0)  
559	01/03
17:00	 Ross County
Partick Thistle	
0
0
1.75
2.00
  	
2.5
1.80
1.95
2.45
3.35
2.75
1.42
1.30
1.52
1.5
1.5
2.20
2.35
1.62
1.57
 	 1:1(1:1)  
560	01/03
17:00	 Saint Mirren
Kilmarnock	
0
0
1.80
1.95
  	
2.5
1.95
1.80
2.50
3.25
2.75
1.41
1.31
1.50
1.0
1.0
1.62
1.70
2.25
2.10
 	 2:0(0:0)  
599	14/03
21:45	 Kilmarnock
Celtic	
+1.75
-1.75
1.80
1.95
 
 	
3.25
1.95
 	
1.80
 	
10.00
5.80
1.25
3.70
1.11
1.03
 
 	 0:3(0:0)  
600	15/03
17:00	 Dundee United
Saint Mirren	
–1.0
+1.0
1.90
1.85
  	
2.75
1.85
 	
1.90
 	
1.55
4.10
5.50
1.12
1.21
2.35
2.0
1.0
2.10
2.30
1.70
1.57
 	 3:2(0:2)  
601	15/03
17:00	 Partick Thistle
Hibernian	
0
0
1.75
2.00
  	
2.5
1.98
1.77
2.45
3.25
2.80
1.40
1.31
1.51
1.0
1.0
1.57
1.70
2.30
2.10
 	 3:1(1:0)  
602	15/03
19:30	 Saint Johnstone
Ross County	
-0.75
+0.75
1.90
1.85
 
 	
2.5
1.87
1.87
1.70
3.45
5.20
1.14
1.28
2.10
1.5
1.0
1.80
2.30
1.95
1.57
 	 0:1(0:1)  
550	21/03
21:45	 Hearts
Dundee United	
+0.75
-0.75
2.00
1.75
 
 	
2.75
1.78
 	
1.97
 	
5.10
4.00
1.60
2.25
1.22
1.14
1.0
1.5
2.05
1.57
1.72
2.30
 	 1:2(0:1)  
551	22/03
17:00	 Aberdeen
Kilmarnock	
–1.0
+1.0
1.75
2.00
  	
2.5
1.85
1.90
1.47
4.20
6.50
1.09
1.20
2.55
2.0
1.0
2.15
3.20
1.65
1.32
 	 2:1(1:1)  
552	22/03
17:00	 Inverness Caledonian Thistle
Partick Thistle	
-0.25
+0.25
1.85
1.90
 
 	
2.5
1.98
1.77
2.15
3.30
3.30
1.30
1.30
1.65
1.5
1.0
2.20
1.95
1.62
1.80
 	 1:0(0:0)  
553	22/03
17:00	 Motherwell
Ross County	
-0.75
+0.75
2.10
1.70
 
 	
2.75
1.87
 	
1.87
 	
1.85
3.65
3.90
1.23
1.25
1.90
1.5
1.0
1.75
1.85
2.00
1.90
 	 2:1(0:0)  
554	22/03
17:00	 Celtic
Saint Mirren	
-2.25
+2.25
1.95
1.80
 
 	
3.25
2.00
 	
1.75
 	
1.15
7.25
16.00
1.01
1.07
5.00
2.5
1.0
1.75
7.50
2.00
1.07
 	 3:0(1:0)  
555	22/03
17:00	 Saint Johnstone
Hibernian	
-0.25
+0.25
1.85
1.90
 
 	
2.25
1.95
 	
1.80
 	
2.15
3.10
3.50
1.27
1.33
1.65
1.0
1.0
1.60
2.15
2.25
1.65
 	 2:0(1:0)  
758	08/03
17:00	 Kilmarnock
Hearts	
-0.75
+0.75
1.95
1.80
 
 	
2.5
1.87
1.87
1.75
3.60
4.50
1.18
1.27
2.00
1.5
1.0
1.87
2.25
1.87
1.60
 	 4:2(1:1)  
759	08/03
17:00	 Hibernian
Motherwell	
0
0
1.75
2.00
  	
2.5
1.78
1.97
2.40
3.35
2.80
1.40
1.29
1.53
1.5
1.0
2.15
1.60
1.65
2.25
 	 3:3(1:2)  
443	25/03
21:45	 Ross County
Aberdeen	
+0.75
-0.75
1.80
1.95
 
 	
2.5
1.98
1.77
4.55
3.55
1.75
2.00
1.26
1.17
1.0
1.5
2.40
1.90
1.53
1.85
 	 1:1(1:0)  
444	25/03
21:45	 Saint Mirren
Saint Johnstone	
0
0
2.00
1.75
  	
2.25
1.95
 	
1.80
 	
2.85
3.10
2.50
1.50
1.33
1.38
1.0
1.0
1.90
1.75
1.85
2.00
 	 0:1(0:1)  
445	26/03
21:45	 Dundee United
Inverness Caledonian Thistle	
-0.25
+0.25
1.65
2.15
 
 	
2.75
1.95
 	
1.80
 	
1.90
3.50
3.90
1.23
1.28
1.85
1.5
1.0
1.87
1.87
1.87
1.87
 	 2:1(0:0)  
446	26/03
21:45	 Partick Thistle
Celtic	
+1.5
–1.5
1.80
1.95
  	
2.75
1.80
 	
1.95
 	
9.00
5.00
1.32
3.20
1.15
1.04
1.0
2.0
3.20
1.75
1.33
2.00
 	 1:5(0:1)  
745	29/03
17:00	 Aberdeen
Dundee United	
-0.25
+0.25
1.75
2.00
 
 	
2.75
2.00
 	
1.75
 	
2.05
3.35
3.50
1.27
1.29
1.72
1.5
1.0
1.95
1.80
1.80
1.95
 	 1:1(0:1)  
746	29/03
17:00	 Celtic
Ross County	
–2.0
+2.0
1.85
1.90
  	
3.25
1.85
 	
1.90
 	
1.16
7.00
15.00
1.01
1.08
4.80
3.0
1.0
2.25
3.80
1.60
1.25
 	 1:1(1:1)  
747	29/03
17:00	 Inverness Caledonian Thistle
Saint Mirren	
-0.75
+0.75
1.95
1.80
 
 	
2.25
1.75
 	
2.00
 	
1.75
3.60
4.50
1.18
1.26
2.00
1.5
1.0
1.90
2.40
1.85
1.53
 	 2:2(2:1)  
748	29/03
17:00	 Motherwell
Kilmarnock	
-0.75
+0.75
1.95
1.80
 
 	
2.75
1.85
 	
1.90
 	
1.75
3.80
4.20
1.20
1.24
2.00
1.5
1.0
1.70
1.95
2.10
1.80
 	 1:2(1:0)  
749	29/03
17:00	 Saint Johnstone
Partick Thistle	
-0.25
+0.25
1.65
2.15
 
 	
2.25
1.85
 	
1.90
 	
1.95
3.40
3.80
1.24
1.29
1.80
1.5
1.0
2.10
2.25
1.70
1.60
 	 1:1(1:0)  
750	30/03
14:45	 Hearts
Hibernian	
+0.25
-0.25
2.05
1.72
 
 	
2.5
1.98
1.77
3.60
3.40
2.00
1.75
1.29
1.26
1.0
1.5
2.00
2.05
1.75
1.72
 	 2:0(1:0)  
626	04/04
21:45	 Ross County
Inverness Caledonian Thistle	
0
0
2.00
1.75
  	
2.5
1.95
1.80
2.80
3.20
2.50
1.50
1.32
1.40
1.0
1.0
1.65
1.60
2.15
2.30
 	 1:2(0:1)  
627	05/04
14:45	 Dundee United
Celtic	
+1.0
–1.0
1.80
1.95
  	
2.75
1.75
 	
2.00
 	
5.20
4.20
1.57
2.30
1.21
1.14
1.0
1.5
2.10
1.55
1.70
2.35
 	 0:2(0:2)  
628	05/04
17:00	 Kilmarnock
Saint Johnstone	
0
0
1.95
1.80
  	
2.5
1.98
1.77
2.75
3.30
2.50
1.50
1.32
1.42
1.0
1.0
1.72
1.62
2.05
2.20
 	 1:2(1:2)  
629	05/04
17:00	 Partick Thistle
Hearts	
-0.75
+0.75
1.87
1.87
 
 	
2.75
1.95
 	
1.80
 	
1.70
3.70
4.70
1.16
1.25
2.10
1.5
1.0
1.72
2.15
2.05
1.65
 	 2:4(1:1)  
630	05/04
17:00	 Saint Mirren
Motherwell	
+0.25
-0.25
1.85
1.90
 
 	
2.75
1.95
 	
1.80
 	
3.05
3.50
2.20
1.62
1.28
1.35
1.0
1.5
1.62
2.05
2.20
1.72
 	 3:2(1:2)  
631	07/04
21:45	 Hibernian
Aberdeen	
+0.25
-0.25
2.10
1.70
 
 	
2.25
1.85
 	
1.90
 	
3.90
3.30
1.95
1.80
1.30
1.23
1.0
1.5
2.25
2.10
1.62
1.70
 	 0:2(0:1)  
612	18/04
21:45	 Inverness Caledonian Thistle
Aberdeen	
+0.25
-0.25
1.80
1.95
 
 	
2.25
1.85
 	
1.90
 	
3.00
3.20
2.35
1.55
1.32
1.36
1.0
1.0
1.90
1.60
1.85
2.25
 	 0:0(0:0)  
613	19/04
14:45	 Motherwell
Celtic	
+1.0
–1.0
1.90
1.85
  	
3.0
1.85
1.90
5.60
4.25
1.52
2.40
1.20
1.12
1.0
2.0
2.00
1.85
1.75
1.90
 	 3:3(2:1)  
614	19/04
17:00	 Kilmarnock
Partick Thistle	
0
0
1.85
1.90
  	
2.5
1.80
1.95
2.55
3.35
2.65
1.45
1.30
1.48
1.5
1.5
2.25
2.30
1.60
1.57
 	 1:2(0:0)  
615	19/04
17:00	 Saint Johnstone
Dundee United	
0
0
1.95
1.80
  	
2.5
1.90
1.85
2.70
3.30
2.50
1.50
1.30
1.42
1.5
1.5
2.40
2.30
1.53
1.57
 	 2:0(1:0)  
616	19/04
17:00	 Saint Mirren
Hibernian	
-0.25
+0.25
1.95
1.80
 
 	
2.25
1.80
 	
1.95
 	
2.30
3.25
3.05
1.35
1.31
1.57
1.5
1.0
2.30
1.85
1.57
1.90
 	 2:0(2:0)  
617	19/04
17:00	 Hearts
Ross County	
0
0
2.00
1.75
  	
2.5
1.87
1.87
2.75
3.35
2.45
1.52
1.30
1.42
1.0
1.5
1.65
2.25
2.15
1.60
 	 2:0(0:0)  
725	25/04
21:45	 Partick Thistle
Saint Mirren	
-0.25
+0.25
1.75
2.00
 
 	
2.5
1.98
1.77
2.05
3.35
3.50
1.27
1.29
1.72
1.5
1.0
2.10
1.95
1.70
1.80
 	 1:1(1:1)  
726	26/04
17:00	 Aberdeen
Saint Johnstone	
-0.75
+0.75
2.00
1.75
 
 	
2.0
1.75
2.00
1.75
3.40
4.90
1.16
1.29
2.00
1.5
1.0
2.10
3.00
1.70
1.36
 	 1:1(1:1)  
727	26/04
17:00	 Dundee United
Motherwell	
-0.75
+0.75
2.05
1.72
 
 	
3.0
1.80
1.95
1.80
3.75
4.00
1.22
1.24
1.95
2.0
1.0
2.15
1.60
1.65
2.25
 	 5:1(2:0)  
728	26/04
17:00	 Ross County
Kilmarnock	
-0.25
+0.25
1.80
1.95
 
 	
2.75
1.95
 	
1.80
 	
2.10
3.50
3.25
1.31
1.28
1.70
1.5
1.0
1.95
1.72
1.80
2.05
 	 2:1(1:0)  
729	27/04
14:45	 Hibernian
Hearts	
-0.75
+0.75
2.00
1.75
 
 	
2.5
1.95
1.80
1.80
3.55
4.30
1.20
1.28
1.95
1.5
1.0
1.95
2.25
1.80
1.60
 	 1:2(0:2)  
730	27/04
17:00	 Celtic
Inverness Caledonian Thistle	
–1.5
+1.5
1.80
1.95
  	
3.0
1.85
1.90
1.27
5.50
10.00
1.03
1.13
3.55
2.5
1.0
2.05
3.10
1.72
1.35
 	 6:0(2:0)  
626	03/05
17:00	 Celtic
Aberdeen	
–1.5
+1.5
1.95
1.80
  	
2.75
1.80
 	
1.95
 	
1.33
4.85
9.00
1.04
1.16
3.15
2.0
1.0
1.75
3.20
2.00
1.33
 	 5:2(2:1)  
627	03/05
17:00	 Inverness Caledonian Thistle
Dundee United	
+0.25
-0.25
1.90
1.85
 
 	
2.5
1.77
1.98
3.20
3.40
2.15
1.65
1.29
1.32
1.0
1.5
1.72
2.00
2.05
1.75
 	 1:1(1:0)  
628	03/05
17:00	 Motherwell
Saint Johnstone	
-0.25
+0.25
2.00
1.75
 
 	
2.75
1.95
 	
1.80
 	
2.30
3.40
2.90
1.37
1.28
1.57
1.5
1.5
2.10
2.35
1.70
1.55
 	 2:1(2:1)  
629	03/05
17:00	 Hibernian
Partick Thistle	
0
0
1.87
1.87
  	
2.25
1.75
 	
2.00
 	
2.60
3.30
2.60
1.45
1.30
1.45
1.0
1.0
1.75
1.75
2.00
2.00
 	 1:1(0:1)  
630	03/05
17:00	 Saint Mirren
Ross County	
-0.25
+0.25
2.00
1.75
 
 	
2.5
1.78
1.97
2.35
3.40
2.85
1.39
1.29
1.55
1.5
1.5
2.15
2.40
1.65
1.53
 	 1:0(0:0)  
631	04/05
17:00	 Hearts
Kilmarnock	
0
0
1.87
1.87
  	
2.75
1.95
 	
1.80
 	
2.60
3.30
2.60
1.45
1.30
1.45
1.5
1.5
2.25
2.25
1.62
1.62
 	 5:0(3:0)  
394	06/05
21:45	 Dundee United
Aberdeen	
0
0
2.05
1.75
  	
2.5
1.87
1.87
2.80
3.45
2.45
1.55
1.32
1.42
1.0
1.5
1.65
2.25
2.20
1.60
 	 1:3(1:1)  
395	06/05
21:45	 Ross County
Hibernian	
0
0
1.80
1.95
  	
2.25
1.80
 	
1.95
 	
2.55
3.25
2.70
1.43
1.31
1.47
1.0
1.0
1.65
1.72
2.15
2.05
 	 1:0(0:0)  
396	07/05
21:45	 Motherwell
Inverness Caledonian Thistle	
-0.25
+0.25
1.75
2.00
 
 	
2.75
1.80
 	
1.95
 	
2.05
3.45
3.40
1.29
1.28
1.72
1.5
1.0
1.80
1.65
1.95
2.15
 	 2:1(2:0)  
397	07/05
21:45	 Saint Johnstone
Celtic	
+1.25
-1.25
1.80
1.95
 
 	
3.0
1.95
1.80
6.50
4.40
1.45
2.65
1.19
1.09
1.0
2.0
2.40
1.85
1.53
1.90
 	 3:3(1:0)  
398	07/05
21:45	 Hearts
Partick Thistle	
0
0
1.85
1.90
  	
2.75
1.95
 	
1.80
 	
2.50
3.40
2.65
1.44
1.29
1.50
1.5
1.5
2.15
2.25
1.65
1.57
 	 2:4(2:1)  
399	07/05
21:45	 Kilmarnock
Saint Mirren	
0
0
1.75
2.00
  	
2.75
1.87
 	
1.87
 	
2.40
3.45
2.75
1.42
1.28
1.53
1.5
1.5
2.05
2.30
1.72
1.57
 	 1:0(1:0)  
584	10/05
14:15	 Hibernian
Kilmarnock	
-0.25
+0.25
1.87
1.87
 
 	
2.5
1.85
1.90
2.20
3.30
3.20
1.32
1.30
1.62
1.5
1.0
2.10
1.72
1.70
2.05
 	 0:1(0:1)  
585	10/05
14:15	 Partick Thistle
Ross County	
-0.25
+0.25
1.65
2.15
 
 	
2.75
1.85
 	
1.90
 	
1.90
3.65
3.70
1.25
1.26
1.85
1.5
1.0
1.80
1.80
1.95
1.95
 	 2:3(0:1)  
586	10/05
14:15	 Saint Mirren
Hearts	
-0.25
+0.25
1.85
1.90
 
 	
2.75
1.85
 	
1.90
 	
2.15
3.40
3.20
1.32
1.29
1.65
1.5
1.0
1.90
1.57
1.85
2.30
 	 1:1(1:0)  
587	11/05
14:15	 Aberdeen
Motherwell	
-0.75
+0.75
2.15
1.65
 
 	
2.75
1.90
 	
1.85
 	
1.90
3.55
3.80
1.24
1.27
1.85
1.5
1.0
1.80
1.85
1.95
1.90
 	 0:1(0:0)  
588	11/05
14:15	 Celtic
Dundee United	
-1.75
+1.75
1.95
1.80
 
 	
3.25
1.87
 	
1.87
 	
1.27
5.50
10.00
1.03
1.13
3.55
2.5
1.0
1.95
2.80
1.80
1.40
 	 3:1(0:0)  
589	11/05
14:15	 Inverness Caledonian Thistle
Saint Johnstone	
-0.25
+0.25
2.05
1.72
 
 	
2.25
1.75
 	
2.00
 	
2.40
3.30
2.85
1.40
1.30
1.53
1.5
1.0
2.30
1.72
1.57
2.05
 	 2:0(0:0)  
492	17/11
17:00	 Saint Mirren
Ross County	
-0.25
+0.25
1.80
1.95
 
 	
2.5
1.80
1.95
2.10
3.40
3.40
1.30
1.30
1.70
1.5
1.0
2.05
1.80
1.75
1.95
 	 2:1(1:0)
490	12/01
14:45	 Inverness CT
Dundee United	
0
0
1.80
1.95
  	
2.5
1.90
1.85
2.50
3.30
2.70
1.42
1.30
1.50
1.5
1.0
2.35
1.65
1.57
2.20
 	 1:1(1:1
417	21/01
21:45	 Partick Thistle
Saint Johnstone	
+0.25
-0.25
1.72
2.05
 
 	
2.25
1.80
 	
1.95
 	
2.90
3.25
2.40
1.53
1.31
1.38
1.0
1.0
1.75
1.60
2.00
2.25
 	 0:1(0:1) 
752	01/02
17:00	 Kilmarnock
Ross County	
-0.25
+0.25
1.85
1.90
 
 	
2.5
1.95
1.80
2.15
3.30
3.30
1.30
1.30
1.65
1.5
1.0
2.10
1.80
1.70
1.95
 	 2:2(0:2)  
753	01/02
17:00	 Partick Thistle
Dundee United	
+0.25
-0.25
1.95
1.80
 
 	
2.5
1.87
1.87
3.30
3.40
2.10
1.70
1.28
1.30
1.0
1.5
1.80
2.05
1.95
1.72
 	 1:1(0:1)  
386	25/02
21:45	 Ross County
Inverness CT	
+0.25
-0.25
1.85
1.90
 
 	
2.5
1.90
1.85
3.15
3.35
2.20
1.62
1.30
1.33
1.0
1.5
1.80
2.15
1.95
1.65
 	 0:3(0:2)  
387	25/02
21:45	 Aberdeen F.C.
Celtic	
+0.75
-0.75
1.95
1.80
 
 	
2.5
1.97
1.78
5.30
3.75
1.65
2.20
1.26
1.15
1.0
1.5
2.60
1.80
1.47
1.95
 	 2:1(2:0)  
388	25/02
21:45	 Saint Johnstone
Motherwell	
-0.25
+0.25
1.95
1.80
 
 	
2.25
1.80
 	
1.95
 	
2.30
3.30
3.00
1.36
1.30
1.57
1.5
1.0
2.30
1.85
1.57
1.90
 	 3:0(2:0)  
451	12/03
21:45	 Dundee United
Saint Johnstone	
-0.75
+0.75
2.00
1.75
 
 	
2.75
1.85
 	
1.90
 	
1.80
3.55
4.25
1.19
1.26
1.95
1.5
1.0
1.75
1.87
2.00
1.87
 	 0:1(0:0)  
452	12/03
21:45	 Inverness CT
Hibernian	
-0.25
+0.25
1.95
1.80
 
 	
2.25
1.87
 	
1.87
 	
2.30
3.15
3.15
1.33
1.33
1.57
1.0
1.0
1.60
1.90
2.25
1.85
 	 0:0(0:0) 
404	19/03
21:45	 Motherwell
Inverness CT	
-0.25
+0.25
1.80
1.95
 
 	
2.5
1.85
1.90
2.10
3.35
3.40
1.29
1.30
1.70
1.5
1.0
2.00
1.80
1.75
1.95
 	 2:0(2:0)
377	01/04
21:45	 Inverness CT
Motherwell	
-0.25
+0.25
2.05
1.72
 
 	
2.5
1.87
1.87
2.40
3.30
2.85
1.39
1.30
1.53
1.5
1.0
2.25
1.70
1.60
2.10
 	 1:2(0:1) 
378	02/04
21:45	 Hearts
Aberdeen F.C.	
+1.0
–1.0
1.80
1.95
  	
2.5
1.87
1.87
5.70
4.00
1.55
2.35
1.22
1.12
1.0
1.5
2.75
1.65
1.42
2.15
 	 1:1(0:0) 