108	10/06
14:30	 Tom
Lokomotiv Moscow	
0
0
2.10
1.68
2.5
2.10
1.68
2.90
3.10
2.40
1.55
1.32
1.36
1.0
1.0
1.80
1.70
1.90
2.00
 	 2:2(2:0)  
109	10/06
16:40	 Anzhi
Spartak Nalchik	
–1.0
+1.0
2.20
1.60
2.0
1.65
2.10
1.65
3.60
5.00
1.13
1.25
2.20
1.5
1.0
1.90
2.80
1.80
1.37
 	 2:0(1:0)  
110	10/06
17:45	 Kuban
Amkar	
–1.0
+1.0
2.30
1.55
2.0
1.65
2.10
1.75
3.40
4.60
1.15
1.28
2.00
1.5
1.0
2.00
2.70
1.70
1.40
 	 3:2(1:1)  
111	10/06
17:45	 Terek
CSKA Moscow	
+1.0
–1.0
1.50
2.40
2.0
1.65
2.10
4.60
3.20
1.80
1.95
1.31
1.16
1.0
1.5
2.70
2.00
1.40
1.70
 	 2:4(0:2)  
112	10/06
18:30	 Volga Nizhny Novgorod
Krylia Sovetov	
–1.0
+1.0
2.55
1.45
2.0
1.70
2.00
1.80
3.20
4.60
1.16
1.31
1.95
1.5
1.0
2.20
2.40
1.60
1.50
 	 2:0(0:0)  
113	10/06
19:00	 Dynamo Moscow
Zenit	
0
0
2.07
1.70
2.5
1.95
1.80
3.00
3.00
2.40
1.53
1.33
1.33
1.0
1.5
1.80
2.30
1.90
1.55
 	 1:1(0:0)  
114	10/06
20:00	 Rostov
FK Krasnodar	
0
0
1.45
2.60
2.0
1.65
2.10
2.05
3.00
3.80
1.22
1.33
1.72
1.5
1.0
2.30
2.30
1.55
1.55
 	 1:3(1:1)  
115	10/06
20:00	 Spartak Moscow
Rubin	
0
0
2.00
1.75
2.0
1.65
2.10
2.80
3.00
2.55
1.45
1.33
1.37
1.5
1.0
2.50
1.80
1.47
1.90
 	 0:0(0:0)  
93	14/06
14:30	 Tom
Spartak Moscow	
0
0
1.95
1.80
2.5
1.90
1.85
2.75
3.00
2.60
1.46
1.33
1.40
1.5
1.5
2.40
2.50
1.50
1.47
 	 1:1(0:1)  
94	14/06
16:45	 Amkar
Terek	
0
0
1.57
2.30
2.0
1.70
2.00
2.25
3.00
3.30
1.30
1.33
1.60
1.5
1.0
2.40
2.10
1.50
1.65
 	 1:0(0:0)  
95	14/06
17:45	 Zenit
Rostov	
–1.5
+1.5
1.65
2.18
2.5
1.75
2.00
1.23
5.50
11.00
1.02
1.12
4.00
1.5
1.0
1.42
4.00
2.65
1.20
 	 4:0(2:0)  
96	14/06
17:45	 Lokomotiv Moscow
Spartak Nalchik	
–1.5
+1.5
2.05
1.72
2.5
1.90
1.85
1.37
4.20
8.70
1.04
1.20
2.95
1.5
1.0
1.60
3.40
2.20
1.27
 	 3:1(1:1)  
97	14/06
18:30	 Krylia Sovetov
Kuban	
0
0
2.00
1.75
2.0
1.70
2.00
2.85
3.00
2.50
1.47
1.33
1.37
1.5
1.5
2.70
2.55
1.40
1.45
 	 1:0(0:0)  
98	14/06
19:00	 CSKA Moscow
Anzhi	
–1.5
+1.5
2.15
1.65
2.5
1.68
2.10
1.42
3.90
7.75
1.06
1.22
2.72
1.5
1.0
1.60
2.70
2.20
1.40
 	 3:0(2:0)  
99	14/06
20:00	 FK Krasnodar
Volga Nizhny Novgorod	
0
0
1.60
2.20
2.0
1.70
2.00
2.25
3.25
3.00
1.33
1.32
1.57
1.5
1.0
2.36
2.10
1.52
1.68
 	 4:2(2:1)  
100	14/06
20:00	 Rubin
Dynamo Moscow	
–1.0
+1.0
2.70
1.40
2.0
1.65
2.10
1.85
3.35
4.00
1.20
1.30
1.90
1.5
1.0
2.25
2.10
1.57
1.65
 	 3:0(1:0)  
121	18/06
15:30	 Amkar
Anzhi	
0
0
2.40
1.53
  	
2.0
1.87
1.87
3.45
3.05
2.20
1.62
1.35
1.28
1.5
1.5
3.55
2.57
1.27
1.47
 	 0:0(0:0)  
122	18/06
15:30	 Dynamo Moscow
Tom	
–1.0
+1.0
1.80
1.95
  	
2.5
1.87
1.87
1.45
4.15
7.20
1.07
1.21
2.65
1.5
1.5
1.62
5.00
2.20
1.15
 	 3:0(3:0)  
123	18/06
17:45	 Terek
Krylia Sovetov	
-0.75
+0.75
1.75
2.00
 
 	
2.25
1.83
 	
1.92
 	
1.55
3.75
6.40
1.10
1.25
2.36
1.5
1.5
1.75
5.00
2.00
1.15
 	 2:0(1:0)  
124	18/06
17:45	 Volga Nizhny Novgorod
Zenit	
+1.0
–1.0
1.92
1.83
  	
2.5
1.87
1.87
7.00
4.25
1.45
2.65
1.20
1.08
1.5
1.5
5.00
1.62
1.15
2.20
 	 0:2(0:2)  
125	18/06
17:45	 Spartak Nalchik
CSKA Moscow	
+1.25
-1.25
1.79
1.96
 
 	
2.5
1.80
1.95
7.50
4.50
1.40
2.80
1.18
1.08
1.5
1.5
5.00
1.56
1.15
2.34
 	 0:2(0:1)  
126	18/06
19:00	 Kuban
FK Krasnodar	
-0.25
+0.25
1.68
2.11
 
 	
2.25
1.85
 	
1.89
 	
1.95
3.30
3.95
1.23
1.31
1.80
1.5
1.5
2.18
3.50
1.64
1.26
 	 0:1(0:0)  
127	18/06
20:00	 Lokomotiv Moscow
Spartak Moscow	
-0.25
+0.25
1.75
2.00
 
 	
2.5
1.87
1.87
2.05
3.40
3.50
1.27
1.29
1.72
1.5
1.5
2.10
3.00
1.68
1.35
 	 0:2(0:2)  
128	18/06
20:00	 Rostov
Rubin	
+0.75
-0.75
1.87
1.87
 
 	
2.25
1.84
 	
1.90
 	
4.80
3.55
1.72
2.05
1.27
1.16
1.5
1.5
4.30
1.93
1.18
1.82
 	 1:3(0:1) 
91	22/06
14:30	 Tom
Rostov	
-0.75
+0.75
1.90
1.85
 
 	
2.25
1.80
 	
1.95
 	
1.72
3.55
4.85
1.16
1.27
2.05
1.5
1.5
1.93
4.20
1.82
1.20
 	 1:1(0:0)  
92	22/06
16:45	 Amkar
Spartak Nalchik	
-0.75
+0.75
2.25
1.60
 
 	
2.0
1.89
1.85
1.90
3.40
4.00
1.22
1.29
1.84
1.5
1.5
2.30
5.00
1.58
1.15
 	 1:0(0:0)  
93	22/06
17:45	 Rubin
Volga Nizhny Novgorod	
-1.75
+1.75
1.80
1.95
 
 	
2.75
1.94
 	
1.80
 	
1.16
6.50
18.00
1.01
1.09
4.80
1.5
1.5
1.32
9.70
3.20
1.03
 	 2:0(0:0)  
94	22/06
17:45	 Spartak Moscow
Dynamo Moscow	
0
0
1.83
1.92
  	
2.5
1.95
1.80
2.60
3.15
2.72
1.42
1.33
1.46
1.5
1.5
2.45
2.50
1.52
1.49
 	 0:2(0:1)  
95	22/06
18:30	 Krylia Sovetov
Anzhi	
+0.25
-0.25
1.87
1.87
 
 	
2.0
1.76
2.00
3.40
3.15
2.20
1.62
1.33
1.29
1.5
1.5
3.60
2.45
1.26
1.48
 	 0:3(0:2)  
96	22/06
19:00	 CSKA Moscow
Lokomotiv Moscow	
–1.0
+1.0
1.95
1.80
  	
2.5
1.86
1.88
1.56
3.85
6.00
1.11
1.24
2.35
1.5
1.5
1.72
4.00
2.05
1.22
 	 3:1(2:1)  
97	22/06
20:00	 FK Krasnodar
Terek	
-0.25
+0.25
1.82
1.93
 
 	
2.25
2.00
 	
1.75
 	
2.15
3.10
3.55
1.27
1.33
1.65
1.5
1.5
2.50
3.40
1.48
1.28
 	 0:2(0:1)  
98	22/06
20:00	 Zenit
Kuban	
-1.75
+1.75
1.95
1.80
 
 	
2.75
1.87
 	
1.87
 	
1.22
5.50
15.00
1.01
1.12
4.00
2.5
1.5
2.10
6.60
1.69
1.09
 	 1:0(1:0)  
110	26/06
13:15	 Tom
Volga Nizhny Novgorod	
–1.0
+1.0
2.57
1.47
  	
2.25
1.83
 	
1.92
 	
1.95
3.25
4.00
1.22
1.31
1.80
1.5
1.5
2.00
4.00
1.75
1.22
 	 0:3(0:2)  
111	26/06
15:30	 Amkar
CSKA Moscow	
+1.0
–1.0
1.90
1.84
  	
2.5
2.00
1.76
7.50
4.10
1.45
2.65
1.21
1.07
1.5
1.5
5.00
1.60
1.15
2.25
 	 0:2(0:1)  
112	26/06
17:45	 Krylia Sovetov
Spartak Nalchik	
0
0
1.70
2.08
  	
2.0
1.77
1.98
2.45
3.05
3.00
1.36
1.35
1.52
1.5
1.5
2.80
3.20
1.40
1.32
 	 0:2(0:2)  
113	26/06
17:45	 Rubin
Kuban	
–1.0
+1.0
1.84
1.90
  	
2.25
1.80
 	
1.95
 	
1.44
4.00
8.00
1.06
1.22
2.65
1.5
1.5
1.62
5.95
2.20
1.11
 	 0:2(0:0)  
114	26/06
17:45	 Zenit
Terek	
-1.75
+1.75
1.82
1.93
 
 	
2.75
1.87
 	
1.87
 	
1.20
6.20
13.50
1.02
1.10
4.20
2.5
1.5
2.15
7.40
1.65
1.07
 	 0:0(0:0)  
115	26/06
20:00	 Dynamo Moscow
Lokomotiv Moscow	
-0.75
+0.75
2.18
1.64
 
 	
2.25
1.77
 	
1.98
 	
1.90
3.40
4.00
1.22
1.28
1.84
1.5
1.5
2.05
3.60
1.72
1.26
 	 4:1(3:0)  
116	26/06
20:00	 Spartak Moscow
Rostov	
-1.25
+1.25
1.82
1.93
 
 	
2.5
1.80
1.95
1.35
4.50
9.50
1.04
1.18
3.05
1.5
1.5
1.52
5.65
2.40
1.12
 	 3:2(0:0)  
117	26/06
20:00	 FK Krasnodar
Anzhi	
0
0
1.70
2.08
  	
2.0
1.84
1.90
2.60
2.75
3.10
1.34
1.42
1.46
1.5
1.5
2.82
3.20
1.40
1.32
 	 2:2(0:1)  
134	22/07
18:45	 Terek
Rubin	
0
0
2.20
1.63
2.0
1.70
2.00
3.05
3.10
2.30
1.58
1.32
1.33
1.0
1.5
2.10
2.50
1.65
1.47
 	 0:1(0:0)  
135	23/07
19:00	 Kuban
Tom	
–1.0
+1.0
2.25
1.57
2.0
1.65
2.10
1.70
3.40
5.00
1.13
1.28
2.10
1.5
1.0
1.90
2.80
1.80
1.37
 	 1:3(0:1)  
136	24/07
15:30	 Volga Nizhny Novgorod
Spartak Moscow	
0
0
2.65
1.45
2.5
2.00
1.75
3.70
3.20
2.00
1.75
1.31
1.25
 
 	 0:2(0:1)  
137	24/07
17:45	 Lokomotiv Moscow
Amkar	
–1.0
+1.0
2.00
1.75
2.5
2.15
1.65
1.60
3.60
5.50
1.11
1.26
2.25
 
 	 4:0(2:0)  
138	24/07
18:15	 Spartak Nalchik
FK Krasnodar	
0
0
1.60
2.25
2.5
2.10
1.68
2.25
3.00
3.30
1.30
1.33
1.60
 
 	 2:2(0:0)  
139	24/07
19:00	 Rostov
Dynamo Moscow	
0
0
2.80
1.40
2.5
1.95
1.80
3.90
3.30
1.90
1.85
1.30
1.22
 
 	 0:2(0:1)  
140	24/07
20:00	 Anzhi
Zenit	
0
0
2.35
1.55
2.5
2.10
1.68
3.25
3.10
2.20
1.63
1.31
1.30
 
 	 0:1(0:0)  
141	25/07
18:30	 CSKA Moscow
Krylia Sovetov	
–1.5
+1.5
1.65
2.15
2.5
1.68
2.10
1.18
6.50
12.00
1.01
1.08
4.50
 
 	 2:1(2:1)  
153	30/07
14:30	 Tom
Terek	
0
0
1.45
2.60
2.0
1.65
2.10
2.05
3.20
3.50
1.25
1.31
1.70
1.5
1.0
2.20
2.15
1.60
1.62
 	 0:1(0:0)  
154	30/07
16:45	 Rubin
Anzhi	
–1.0
+1.0
2.60
1.44
2.0
1.65
2.10
1.75
3.40
4.60
1.15
1.28
2.00
1.5
1.0
2.15
2.40
1.62
1.50
 	 0:3(0:0)  
155	30/07
19:00	 Spartak Moscow
Kuban	
–1.0
+1.0
2.07
1.70
2.5
2.15
1.65
1.55
3.70
6.00
1.08
1.24
2.35
1.5
1.0
1.70
2.80
2.00
1.38
 	 1:1(0:1)  
156	31/07
15:30	 Zenit
Spartak Nalchik	
–2.0
+2.0
2.10
1.65
2.5
1.65
2.15
1.15
7.00
13.50
1.01
1.07
5.00
1.5
1.0
1.35
4.50
2.90
1.15
 	 1:0(1:0)  
157	31/07
17:45	 Dynamo Moscow
Volga Nizhny Novgorod	
–1.5
+1.5
1.70
2.07
2.5
1.70
2.07
1.22
5.40
12.50
1.01
1.12
4.00
1.5
1.0
1.38
4.00
2.80
1.20
 	 2:0(0:0)  
158	31/07
19:00	 FK Krasnodar
CSKA Moscow	
+1.0
–1.0
1.85
1.90
2.5
1.95
1.80
6.50
3.80
1.50
2.50
1.24
1.08
1.0
1.5
3.00
1.65
1.32
2.10
 	 1:1(0:1)  
159	31/07
20:00	 Rostov
Lokomotiv Moscow	
0
0
2.65
1.44
2.5
2.07
1.70
4.00
3.10
1.95
1.80
1.32
1.22
1.0
1.5
2.05
2.00
1.67
1.70
 	 0:3(0:1)  
160	01/08
18:00	 Krylia Sovetov
Amkar	
0
0
1.50
2.45
2.5
2.15
1.65
2.15
3.00
3.55
1.26
1.33
1.65
 
 	 1:1(1:0)  
207	06/08
17:45	 Anzhi
Tom	
–1.5
+1.5
2.10
1.65
2.5
1.90
1.85
1.35
4.30
9.00
1.03
1.20
3.10
1.5
1.0
1.60
3.00
2.20
1.32
 	 2:0(1:0)  
208	06/08
17:45	 CSKA Moscow
Zenit	
0
0
1.63
2.20
2.5
2.00
1.75
2.20
3.20
3.20
1.31
1.31
1.63
1.5
1.0
2.25
1.85
1.57
1.85
 	 0:2(0:0)  
209	06/08
20:00	 Volga Nizhny Novgorod
Rostov	
0
0
1.57
2.30
2.0
1.70
2.00
2.20
3.20
3.15
1.32
1.31
1.63
1.5
1.0
2.40
2.10
1.50
1.65
 	 0:1(0:0)  
210	06/08
20:00	 Kuban
Dynamo Moscow	
0
0
2.45
1.50
2.5
2.10
1.68
3.50
3.25
2.05
1.72
1.30
1.26
1.0
1.5
2.00
2.10
1.70
1.65
 	 3:1(1:0)  
211	07/08
14:30	 Amkar
FK Krasnodar	
0
0
1.60
2.25
2.0
1.70
2.00
2.30
3.10
3.10
1.32
1.32
1.57
1.5
1.0
2.40
2.00
1.50
1.70
 	 0:2(0:1)  
212	07/08
16:45	 Spartak Nalchik
Rubin	
+1.0
–1.0
1.42
2.65
2.5
2.15
1.65
4.00
3.20
1.90
1.85
1.31
1.22
1.0
1.5
2.30
2.10
1.55
1.65
 	 0:1(0:0)  
213	07/08
18:15	 Terek
Spartak Moscow	
0
0
2.07
1.70
2.5
2.15
1.65
2.90
3.10
2.40
1.55
1.32
1.37
1.0
1.5
1.90
2.40
1.80
1.50
 	 2:4(2:0)  
214	07/08
19:00	 Lokomotiv Moscow
Krylia Sovetov	
–1.5
+1.5
1.85
1.90
2.5
1.80
1.95
1.30
5.00
9.00
1.04
1.14
3.40
1.5
1.0
1.40
3.50
2.70
1.25
 	 0:0(0:0)  
265	13/08
13:00	 Tom
Spartak Nalchik	
0
0
1.63
2.20
2.0
1.70
2.00
2.30
3.20
3.00
1.33
1.31
1.58
1.5
1.0
2.40
2.00
1.50
1.70
 	 0:2(0:0)  
266	13/08
15:15	 Dynamo Moscow
Terek	
–1.0
+1.0
1.75
2.00
2.5
1.90
1.85
1.47
3.70
7.60
1.06
1.24
2.60
1.5
1.0
1.65
2.80
2.10
1.37
 	 6:2(3:1)  
267	13/08
17:30	 Rubin
CSKA Moscow	
0
0
1.95
1.80
2.0
1.70
2.00
2.80
3.00
2.55
1.46
1.33
1.38
1.0
1.0
1.90
1.75
1.80
1.95
 	 1:1(1:0)  
268	13/08
20:00	 Rostov
Kuban	
0
0
1.90
1.85
2.0
1.70
2.00
2.70
3.00
2.65
1.44
1.33
1.42
1.0
1.0
1.80
1.85
1.90
1.85
 	 1:2(0:1)  
269	14/08
16:00	 Volga Nizhny Novgorod
Lokomotiv Moscow	
+1.0
–1.0
1.45
2.55
2.5
2.20
1.63
4.50
3.35
1.78
2.00
1.30
1.16
1.0
1.5
2.30
2.10
1.55
1.65
 	 0:0(0:0)  
270	14/08
16:45	 Zenit
Amkar	
–2.0
+2.0
1.95
1.75
2.5
1.63
2.20
1.18
7.00
11.00
1.02
1.07
4.50
1.5
1.0
1.30
4.30
3.20
1.18
 	 1:1(0:1)  
271	14/08
18:15	 Spartak Moscow
Anzhi	
0
0
1.50
2.50
2.5
2.10
1.68
2.10
3.20
3.40
1.28
1.31
1.68
1.5
1.0
2.10
2.00
1.65
1.70
 	 3:0(2:0)
220	20/08
15:00	 Amkar
Rubin	
0
0
2.45
1.52
2.0
1.70
2.00
3.30
3.30
2.10
1.68
1.30
1.30
1.0
1.5
2.00
2.40
1.70
1.50
 	 1:1(1:0)  
221	20/08
17:00	 CSKA Moscow
Tom	
–2.0
+2.0
2.07
1.70
2.5
1.70
2.07
1.15
7.30
13.00
1.01
1.05
5.00
1.5
1.0
1.35
4.20
2.90
1.18
 	 3:0(0:0)  
222	20/08
17:15	 Krylia Sovetov
Zenit	
+1.5
–1.5
1.75
2.00
2.5
1.95
1.80
9.50
4.50
1.32
3.20
1.16
1.03
1.0
1.5
3.50
1.50
1.25
2.40
 	 2:5(1:4)  
223	20/08
19:30	 Terek
Rostov	
–1.0
+1.0
2.20
1.63
2.5
2.00
1.75
1.70
3.40
5.00
1.14
1.28
2.07
1.5
1.0
1.75
2.70
1.95
1.40
 	 1:1(0:1)  
224	21/08
17:45	 Spartak Nalchik
Spartak Moscow	
+1.0
–1.0
1.47
2.50
2.5
1.95
1.80
3.95
3.30
1.90
1.85
1.30
1.22
1.0
1.5
2.00
1.90
1.70
1.80
 	 1:1(1:0)  
225	21/08
19:45	 Lokomotiv Moscow
FK Krasnodar	
–1.0
+1.0
1.95
1.80
2.5
1.90
1.85
1.57
3.70
5.70
1.11
1.24
2.35
1.5
1.0
1.70
2.50
2.00
1.47
 	 1:0(1:0)  
226	21/08
20:00	 Anzhi
Dynamo Moscow	
0
0
1.80
1.95
2.5
2.00
1.75
2.55
3.20
2.65
1.44
1.31
1.50
1.5
1.5
2.40
2.55
1.50
1.45
 	 2:1(1:1)  
241	27/08
14:30	 Tom
Amkar	
0
0
1.85
1.85
2.0
1.70
2.00
2.60
3.10
2.60
1.44
1.32
1.44
 
 	 0:0(0:0)  
242	27/08
16:45	 Volga Nizhny Novgorod
Terek	
0
0
1.60
2.20
2.5
2.20
1.60
2.25
3.20
3.00
1.33
1.30
1.57
 
 	 3:1(2:0)  
243	27/08
19:00	 Rostov
Anzhi	
+1.0
–1.0
1.47
2.50
2.5
2.00
1.75
3.90
3.30
1.90
1.85
1.30
1.22
1.0
1.5
2.55
1.75
1.45
1.95
 	 1:1(0:0)  
244	28/08
15:30	 Dynamo Moscow
Spartak Nalchik	
–1.5
+1.5
1.80
1.95
2.5
1.75
2.00
1.27
5.50
9.00
1.03
1.11
3.55
1.5
1.0
1.37
3.80
2.80
1.22
 	 2:0(2:0)  
245	28/08
15:45	 Zenit
FK Krasnodar	
–2.0
+2.0
2.10
1.65
2.5
1.63
2.20
1.22
6.20
10.00
1.02
1.08
4.00
1.5
1.0
1.32
4.30
3.00
1.18
 	 5:0(2:0)  
246	28/08
17:45	 Rubin
Krylia Sovetov	
–1.5
+1.5
1.75
2.00
2.5
1.75
2.00
1.25
5.50
10.00
1.02
1.11
3.70
1.5
1.0
1.40
4.00
2.70
1.20
 	 1:0(1:0)  
247	28/08
18:00	 Spartak Moscow
CSKA Moscow	
0
0
2.35
1.55
2.5
2.00
1.75
3.30
3.20
2.15
1.65
1.31
1.30
1.0
1.5
1.85
2.25
1.85
1.57
 	 2:2(1:0)  
248	28/08
20:00	 Kuban
Lokomotiv Moscow	
0
0
1.95
1.80
2.0
1.70
2.00
2.75
3.00
2.60
1.45
1.33
1.40
1.5
1.5
2.65
2.50
1.42
1.47
 	 0:1(0:1) 
248	10/09
13:00	 CSKA Moscow
Dynamo Moscow	
0
0
1.50
2.50
2.5
1.85
1.90
2.10
3.20
3.40
1.28
1.31
1.68
1.5
1.0
2.10
1.80
1.65
1.90
 	 0:4(0:2)  
249	10/09
15:30	 Lokomotiv Moscow
Zenit	
0
0
2.30
1.58
2.5
2.10
1.68
3.20
3.20
2.20
1.65
1.31
1.31
1.0
1.5
1.90
2.40
1.80
1.50
 	 4:2(0:2)  
250	10/09
18:00	 FK Krasnodar
Rubin	
+1.0
–1.0
1.42
2.65
2.5
2.15
1.65
4.20
3.30
1.85
1.90
1.30
1.20
1.0
1.5
2.30
2.10
1.55
1.65
 	 3:1(1:0)  
251	11/09
12:45	 Amkar
Spartak Moscow	
0
0
2.60
1.45
2.0
1.67
2.05
3.70
3.20
2.00
1.75
1.31
1.24
1.0
1.5
2.20
2.30
1.60
1.55
 	 0:1(0:0)  
252	11/09
15:00	 Spartak Nalchik
Rostov	
0
0
1.63
2.20
2.0
1.65
2.10
2.30
3.20
3.00
1.33
1.31
1.60
1.5
1.0
2.40
1.95
1.50
1.75
 	 0:1(0:0)  
253	11/09
17:15	 Krylia Sovetov
Tom	
–1.0
+1.0
2.40
1.50
2.5
2.10
1.68
1.85
3.20
4.40
1.18
1.31
1.90
1.5
1.0
2.10
2.30
1.65
1.55
 	 2:0(2:0)  
254	12/09
17:30	 Terek
Kuban	
0
0
1.57
2.30
2.5
2.20
1.63
2.25
3.20
3.10
1.32
1.31
1.60
 
 	 1:2(1:1)  
244	17/09
13:00	 Tom
FK Krasnodar	
0
0
1.87
1.87
2.0
1.65
2.10
2.65
3.05
2.65
1.44
1.33
1.44
1.0
1.0
1.80
1.80
1.90
1.90
 	 0:4(0:1)  
245	17/09
15:30	 Volga Nizhny Novgorod
Spartak Nalchik	
0
0
1.50
2.50
2.0
1.70
2.00
2.10
3.20
3.40
1.28
1.31
1.68
1.5
1.0
2.25
2.20
1.57
1.60
 	 1:0(0:0)  
246	18/09
13:00	 Rostov
CSKA Moscow	
+1.0
–1.0
1.60
2.20
2.5
2.10
1.68
4.80
3.50
1.70
2.10
1.26
1.14
1.0
1.5
2.55
1.85
1.45
1.85
 	 1:1(1:0)  
247	18/09
15:15	 Dynamo Moscow
Amkar	
–1.5
+1.5
1.80
1.95
2.5
1.80
1.95
1.27
5.30
9.50
1.03
1.12
3.55
1.5
1.0
1.40
4.00
2.70
1.20
 	 3:0(1:0)  
248	18/09
16:00	 Rubin
Zenit	
0
0
2.00
1.75
2.0
1.65
2.10
2.80
3.10
2.50
1.53
1.32
1.40
1.0
1.5
1.85
2.50
1.85
1.47
 	 2:3(2:1)  
249	18/09
17:30	 Spartak Moscow
Krylia Sovetov	
–1.5
+1.5
1.90
1.85
2.5
1.80
1.95
1.32
5.00
8.00
1.06
1.14
3.20
1.5
1.0
1.45
3.50
2.55
1.25
 	 3:0(2:0)  
250	18/09
18:30	 Terek
Lokomotiv Moscow	
0
0
2.20
1.63
2.5
2.10
1.68
3.00
3.20
2.30
1.58
1.31
1.33
1.0
1.5
1.90
2.40
1.80
1.50
 	 0:4(0:2)  
251	18/09
19:45	 Kuban
Anzhi	
0
0
2.15
1.65
2.5
2.15
1.65
3.10
3.10
2.30
1.58
1.32
1.32
1.0
1.5
1.90
2.40
1.80
1.50
 	 1:0(1:0)
259	24/09
15:00	 Zenit
Tom	
–2.0
+2.0
1.70
2.07
3.0
1.65
2.10
1.13
8.00
14.00
1.01
1.05
5.00
2.5
1.0
1.80
4.50
1.90
1.15
 	 4:0(3:0)  
260	24/09
17:15	 CSKA Moscow
Volga Nizhny Novgorod	
–1.5
+1.5
1.70
2.07
2.5
1.75
2.00
1.22
5.50
12.00
1.01
1.12
4.00
1.5
1.0
1.35
4.00
2.90
1.20
 	 3:1(1:1)  
261	25/09
13:00	 FK Krasnodar
Spartak Moscow	
0
0
2.45
1.52
2.5
1.95
1.80
3.40
3.20
2.10
1.68
1.31
1.28
1.0
1.5
1.80
2.20
1.90
1.60
 	 2:4(1:3)  
262	25/09
13:00	 Spartak Nalchik
Kuban	
0
0
2.25
1.58
2.0
1.70
2.00
3.20
3.10
2.20
1.63
1.33
1.30
1.0
1.0
2.10
1.70
1.65
2.00
 	 0:1(0:1)  
263	25/09
15:15	 Amkar
Rostov	
0
0
1.63
2.20
2.0
1.70
2.00
2.30
3.00
3.20
1.31
1.33
1.58
1.5
1.0
2.40
1.95
1.50
1.75
 	 0:1(0:0)  
264	25/09
17:30	 Krylia Sovetov
Dynamo Moscow	
+1.0
–1.0
1.57
2.25
2.5
1.80
1.95
5.00
3.40
1.70
2.07
1.28
1.14
1.0
1.5
2.10
1.75
1.65
1.95
 	 1:0(1:0)  
265	25/09
17:30	 Lokomotiv Moscow
Rubin	
0
0
1.58
2.30
2.0
1.65
2.10
2.25
3.10
3.20
1.31
1.32
1.60
1.5
1.0
2.40
1.90
1.50
1.80
 	 1:1(0:0)  
266	26/09
17:30	 Anzhi
Terek	
–1.5
+1.5
1.90
1.85
2.5
1.90
1.85
1.27
5.50
8.50
1.04
1.11
3.50
 
 	 2:2(1:1)
282	01/10
13:00	 Terek
Spartak Nalchik	
–1.0
+1.0
2.20
1.60
2.5
2.00
1.75
1.65
3.60
5.00
1.13
1.26
2.15
1.5
1.0
1.85
2.55
1.85
1.45
 	 0:1(0:1)  
283	01/10
14:30	 Rostov
Krylia Sovetov	
–1.0
+1.0
2.50
1.47
2.5
2.10
1.68
1.90
3.30
4.00
1.20
1.30
1.85
1.5
1.0
1.95
2.10
1.75
1.65
 	 1:0(0:0)  
284	01/10
15:15	 Volga Nizhny Novgorod
Amkar	
0
0
1.55
2.35
2.0
1.70
2.00
2.20
3.10
3.30
1.30
1.32
1.63
1.0
1.0
1.70
2.10
2.00
1.65
 	 0:0(0:0)  
285	01/10
17:30	 Dynamo Moscow
FK Krasnodar	
–1.5
+1.5
1.90
1.85
2.5
1.60
2.25
1.32
4.70
9.00
1.03
1.15
3.20
1.5
1.0
1.40
3.40
2.70
1.27
 	 2:1(1:1)  
286	02/10
13:00	 Tom
Rubin	
+1.0
–1.0
1.85
1.90
2.5
1.90
1.85
7.00
4.00
1.45
2.60
1.22
1.08
1.0
1.5
2.70
1.60
1.40
2.20
 	 0:2(0:0)  
287	02/10
15:15	 Spartak Moscow
Zenit	
0
0
2.07
1.70
2.5
1.85
1.90
2.75
3.30
2.40
1.53
1.30
1.42
1.5
1.5
2.65
2.25
1.42
1.57
 	 2:2(1:1)  
288	02/10
16:00	 Kuban
CSKA Moscow	
0
0
2.35
1.55
2.5
2.10
1.68
3.40
3.10
2.15
1.65
1.32
1.30
1.0
1.5
1.90
2.30
1.80
1.55
 	 0:0(0:0)  
289	02/10
18:15	 Anzhi
Lokomotiv Moscow	
0
0
1.70
2.07
2.5
2.10
1.68
2.40
3.20
2.85
1.38
1.31
1.55
1.5
1.0
2.40
1.90
1.50
1.80
 	 0:1(0:1)  
303	15/10
13:00	 CSKA Moscow
Terek	
–1.5
+1.5
1.75
2.00
2.5
1.75
2.00
1.25
5.50
10.00
1.02
1.12
3.70
1.5
1.0
1.37
4.00
2.80
1.20
 	 2:2(1:0)  
304	15/10
15:15	 FK Krasnodar
Rostov	
0
0
1.47
2.55
2.5
2.10
1.68
2.15
3.20
3.30
1.30
1.31
1.65
1.5
1.0
2.30
1.90
1.55
1.80
 	 2:0(1:0)  
305	15/10
17:30	 Zenit
Dynamo Moscow	
–1.0
+1.0
2.65
1.42
2.5
1.80
1.95
1.90
3.30
4.00
1.22
1.30
1.85
1.5
1.0
1.85
1.90
1.85
1.80
 	 0:0(0:0)  
306	15/10
17:30	 Krylia Sovetov
Volga Nizhny Novgorod	
0
0
1.42
2.70
2.0
1.62
2.15
2.00
3.20
3.70
1.24
1.31
1.75
1.5
1.0
2.20
2.20
1.60
1.60
 	 0:0(0:0)  
307	16/10
11:30	 Amkar
Kuban	
0
0
2.25
1.60
2.0
1.85
1.85
3.20
3.05
2.25
1.60
1.32
1.31
1.0
1.5
2.10
2.70
1.65
1.40
 	 3:1(1:0)  
308	16/10
13:45	 Spartak Nalchik
Anzhi	
+1.0
–1.0
1.50
2.40
2.5
2.00
1.75
4.60
3.40
1.75
2.00
1.28
1.16
1.0
1.5
2.30
1.90
1.55
1.80
 	 1:1(0:1)  
309	16/10
16:00	 Rubin
Spartak Moscow	
0
0
1.68
2.10
2.5
2.07
1.70
2.35
3.10
3.00
1.33
1.32
1.57
1.5
1.0
2.30
1.90
1.55
1.80
 	 3:0(0:0)  
310	16/10
18:15	 Lokomotiv Moscow
Tom	
–1.5
+1.5
1.60
2.25
2.5
1.65
2.15
1.20
6.50
10.00
1.02
1.08
4.30
 
 	 3:0(1:0) 
320	22/10
13:00	 Volga Nizhny Novgorod
FK Krasnodar	
0
0
1.80
1.95
2.5
2.15
1.65
2.50
3.10
2.75
1.42
1.32
1.50
1.0
1.0
1.70
1.75
2.00
1.95
 	 0:2(0:0)  
321	22/10
15:15	 Terek
Amkar	
0
0
1.45
2.65
2.0
1.65
2.10
2.00
3.20
3.70
1.24
1.31
1.75
1.5
1.0
2.25
2.10
1.57
1.65
 	 1:0(0:0)  
322	22/10
17:30	 Kuban
Krylia Sovetov	
–1.0
+1.0
2.10
1.68
2.5
2.15
1.65
1.60
3.70
5.50
1.11
1.24
2.25
1.5
1.0
1.70
2.80
2.00
1.38
 	 1:1(0:1)  
323	23/10
14:00	 Rostov
Zenit	
+1.0
–1.0
1.85
1.90
2.5
1.85
1.90
6.00
3.70
1.55
2.35
1.26
1.10
 
 	 1:3(0:3)  
324	23/10
16:15	 Spartak Moscow
Tom	
–2.0
+2.0
1.80
1.90
3.0
1.80
1.90
1.12
7.50
17.00
1.01
1.06
5.50
2.5
1.5
1.70
4.50
2.00
1.15
 	 4:0(2:0)  
325	23/10
18:30	 Anzhi
CSKA Moscow	
0
0
1.95
1.80
2.5
2.10
1.68
2.80
3.15
2.50
1.50
1.32
1.40
1.0
1.0
1.80
1.70
1.90
2.00
 	 3:5(1:1)  
326	24/10
15:00	 Spartak Nalchik
Lokomotiv Moscow	
+1.0
–1.0
1.45
2.55
2.0
1.62
2.15
3.90
3.20
1.95
1.80
1.31
1.22
1.0
1.5
2.40
2.10
1.50
1.65
 	 1:2(1:0)  
327	24/10
19:00	 Dynamo Moscow
Rubin	
0
0
1.50
2.50
2.5
2.05
1.72
2.10
3.10
3.60
1.25
1.32
1.68
1.5
1.0
2.10
2.00
1.65
1.70
 	 0:2(0:0) 
109	27/10
18:00	 Zenit
Volga Nizhny Novgorod	
–2.0
+2.0
1.80
1.95
3.0
1.80
1.90
1.15
7.00
14.00
1.01
1.07
5.00
2.5
1.0
1.80
5.00
1.90
1.13
 	 3:0(2:0)  
110	28/10
16:00	 Rubin
Rostov	
–1.0
+1.0
1.50
2.45
2.5
1.90
1.85
1.35
4.70
7.50
1.06
1.15
3.00
 
 	 1:1(0:0)  
111	28/10
18:15	 CSKA Moscow
Spartak Nalchik	
–1.5
+1.5
1.70
2.07
2.5
1.80
1.95
1.25
5.50
10.00
1.02
1.12
3.70
 
 	 4:0(1:0)  
112	29/10
14:00	 Anzhi
Amkar	
–1.0
+1.0
1.90
1.85
2.5
2.00
1.75
1.50
4.00
6.20
1.08
1.20
2.50
 
 	 2:1(1:0)  
113	29/10
16:15	 FK Krasnodar
Kuban	
0
0
2.00
1.75
2.5
2.07
1.70
2.85
3.20
2.40
1.53
1.32
1.40
 
 	 0:2(0:1)  
114	29/10
18:30	 Spartak Moscow
Lokomotiv Moscow	
0
0
1.80
1.95
2.5
1.90
1.85
2.50
3.20
2.70
1.42
1.32
1.50
 
 	 3:0(2:0)  
312	05/11
12:00	 Rostov
Tom	
–1.0
+1.0
1.90
1.85
2.5
1.95
1.80
1.50
3.80
6.50
1.08
1.24
2.50
1.5
1.0
1.62
3.00
2.15
1.32
 	 2:1(1:0)  
313	05/11
14:15	 Anzhi
Krylia Sovetov	
–1.0
+1.0
1.70
2.07
2.5
1.95
1.80
1.42
4.20
7.20
1.07
1.22
2.75
1.5
1.0
1.55
3.00
2.30
1.32
 	 3:1(0:0)  
314	05/11
16:30	 Dynamo Moscow
Spartak Moscow	
0
0
1.63
2.20
2.5
1.85
1.90
2.30
3.20
3.00
1.33
1.31
1.58
1.0
1.0
1.42
1.80
2.65
1.90
 	 1:1(1:0)  
315	05/11
16:30	 Terek
FK Krasnodar	
0
0
1.50
2.50
2.5
1.95
1.80
2.15
3.20
3.30
1.30
1.31
1.65
1.5
1.0
2.25
1.90
1.57
1.80
 	 2:0(0:0)  
316	06/11
12:00	 Spartak Nalchik
Amkar	
0
0
1.47
2.55
2.0
1.67
2.05
2.05
3.10
3.65
1.25
1.32
1.72
1.5
1.0
2.30
2.25
1.55
1.57
 	 2:1(1:0)  
317	06/11
14:15	 Kuban
Zenit	
0
0
3.40
1.28
2.5
1.90
1.85
5.00
3.40
1.70
2.08
1.28
1.14
 
 	 1:1(0:1)  
318	06/11
16:30	 Volga Nizhny Novgorod
Rubin	
+1.0
–1.0
1.72
2.05
2.5
2.07
1.70
6.50
3.50
1.55
2.40
1.26
1.08
 
 	 1:0(1:0)  
319	06/11
18:45	 Lokomotiv Moscow
CSKA Moscow	
0
0
2.07
1.70
2.5
1.90
1.85
2.85
3.20
2.40
1.55
1.31
1.38
 
 	 1:1(1:0) 