801	02/11
17:30	 Rapid Wien
Trenkwalder Admira	
-1.25
+1.25
1.95
1.80
 
 	
2.75
1.85
 	
1.90
 	
1.42
4.50
7.00
1.08
1.18
2.75
2.0
1.0
1.90
2.60
1.85
1.46
 	 4:2(2:1)  
802	02/11
20:00	 FC Red Bull Salzburg
Sturm Graz	
–2.0
+2.0
1.87
1.87
  	
3.5
1.95
1.80
1.18
7.00
11.00
1.01
1.08
4.60
2.5
1.0
1.75
3.20
2.05
1.32
 	 1:0(0:0)  
803	02/11
20:00	 Ried
Wacker Innsbruck	
-0.75
+0.75
1.75
2.00
 
 	
3.0
2.00
1.80
1.62
4.00
5.00
1.15
1.22
2.25
2.0
1.0
2.10
2.00
1.70
1.75
 	 4:0(1:0)  
804	02/11
20:00	 Wolfsberger AC
Grodig	
-0.25
+0.25
2.00
1.75
 
 	
3.25
1.95
 	
1.85
 	
2.30
3.70
2.80
1.42
1.27
1.60
1.5
1.5
1.75
1.95
2.00
1.80
 	 1:1(0:0)  
805	03/11
17:30	 Wiener Neustadt
Austria Wien	
+1.0
–1.0
1.75
2.00
  	
3.0
1.95
1.80
5.30
4.00
1.60
2.30
1.23
1.14
1.0
1.5
2.05
1.57
1.75
2.30
 	 0:3(0:2) 
820	09/11
17:30	 Wacker Innsbruck
Wiener Neustadt	
-0.75
+0.75
1.95
1.80
 
 	
3.0
1.95
1.80
1.75
3.60
4.50
1.18
1.28
2.05
1.5
1.0
1.62
1.75
2.20
2.00
 	 4:0(3:0)  
821	09/11
20:00	 Austria Wien
Wolfsberger AC	
-1.25
+1.25
1.95
1.80
 
 	
3.0
1.85
1.90
1.45
4.60
6.00
1.10
1.20
2.70
2.0
1.0
1.75
2.25
2.00
1.62
 	 1:0(0:0)  
822	09/11
20:00	 Sturm Graz
Ried	
-0.25
+0.25
1.95
1.80
 
 	
2.75
1.85
 	
1.90
 	
2.30
3.35
3.00
1.35
1.35
1.57
1.5
1.5
2.00
2.25
1.72
1.57
 	 cancelled  
823	10/11
17:30	 Grodig
Rapid Wien	
+0.25
-0.25
1.90
1.85
 
 	
2.75
1.80
 	
1.95
 	
3.20
3.50
2.15
1.70
1.30
1.33
1.0
1.5
1.57
1.90
2.30
1.85
 	 2:2(1:0)  
824	10/11
20:00	 Trenkwalder Admira
FC Red Bull Salzburg	
+1.75
-1.75
1.85
1.90
 
 	
3.25
1.80
 	
1.95
 	
10.00
6.00
1.25
3.80
1.12
1.03
1.0
2.5
2.65
1.87
1.45
1.87
 	 3:1(0:0)  
885	23/11
17:30	 Wolfsberger AC
Sturm Graz	
-0.25
+0.25
1.95
1.80
 
 	
2.75
1.85
 	
1.90
 	
2.30
3.35
3.00
1.35
1.35
1.57
1.5
1.5
2.00
2.25
1.72
1.57
 	 cancelled  
886	23/11
20:00	 Wacker Innsbruck
Austria Wien	
+0.25
-0.25
2.00
1.75
 
 	
2.75
1.85
 	
1.90
 	
3.50
3.50
2.05
1.75
1.30
1.30
1.0
1.5
1.65
1.87
2.15
1.87
 	 0:5(0:3)  
887	23/11
20:00	 Wiener Neustadt
Grodig	
+0.25
-0.25
2.15
1.65
 
 	
3.0
1.95
1.80
3.80
3.60
1.90
1.85
1.27
1.25
1.0
1.5
1.65
1.72
2.15
2.05
 	 0:2(0:1)  
888	23/11
20:00	 Ried
Trenkwalder Admira	
-0.75
+0.75
2.00
1.80
 
 	
2.75
1.75
 	
2.00
 	
1.75
3.75
4.55
1.19
1.26
2.06
1.5
1.0
1.55
2.10
2.30
1.65
 	 2:2(1:1)  
889	24/11
17:30	 Rapid Wien
FC Red Bull Salzburg	
+0.75
-0.75
1.75
2.01
 
 	
3.0
1.99
1.76
4.15
3.60
1.82
1.93
1.26
1.21
1.5
1.5
2.75
1.67
1.42
2.12
 	 2:1(1:1) 
803	30/11
17:30	 Grodig
Austria Wien	
0
0
2.00
1.75
  	
3.0
1.95
1.80
2.75
3.30
2.40
1.55
1.28
1.42
1.5
1.5
2.10
1.95
1.70
1.80
 	 1:0(0:0)  
804	30/11
20:00	 Trenkwalder Admira
Wolfsberger AC	
-0.25
+0.25
1.85
1.95
 
 	
2.75
1.85
 	
1.90
 	
2.12
3.40
3.20
1.33
1.27
1.70
1.5
1.0
1.90
1.62
1.85
2.20
 	 3:0(1:0)  
805	30/11
20:00	 Sturm Graz
Wiener Neustadt	
-1.25
+1.25
2.00
1.75
 
 	
2.75
1.85
 	
1.90
 	
1.45
4.50
7.00
1.10
1.20
2.75
2.0
1.0
1.95
2.65
1.80
1.45
 	 2:3(1:3)  
806	01/12
17:30	 FC Red Bull Salzburg
Ried	
-1.75
+1.75
1.90
1.85
 
 	
3.5
1.90
1.85
1.27
5.90
9.50
1.05
1.12
3.70
2.5
1.0
1.85
2.40
1.90
1.53
 	 4:0(1:0)  
807	01/12
20:00	 Rapid Wien
Wacker Innsbruck	
-1.25
+1.25
1.75
2.00
 
 	
3.25
2.00
 	
1.75
 	
1.36
5.00
7.50
1.07
1.15
3.00
2.5
1.0
2.15
2.40
1.65
1.53
 	 3:0(1:0)
440	03/12
21:30	 Austria Wien
Sturm Graz	
-0.75
+0.75
1.95
1.80
 
 	
2.75
1.95
 	
1.80
 	
1.75
3.50
4.80
1.17
1.28
2.05
1.5
1.0
1.75
2.05
2.00
1.75
 	 3:2(2:1)  
441	04/12
21:30	 Wacker Innsbruck
Grodig	
+0.25
-0.25
1.85
2.00
 
 	
3.0
1.90
1.85
2.90
3.70
2.25
1.65
1.27
1.40
1.5
1.5
2.15
1.87
1.65
1.87
 	 5:3(1:1)  
442	04/12
21:30	 Wiener Neustadt
Trenkwalder Admira	
+0.25
-0.25
1.80
1.95
 
 	
2.75
1.85
 	
1.90
 	
3.00
3.35
2.30
1.57
1.35
1.35
1.5
1.5
2.25
2.00
1.57
1.72
 	 1:0(0:0)  
443	04/12
21:30	 Ried
Rapid Wien	
+0.25
-0.25
1.80
1.95
 
 	
2.5
1.80
1.95
3.00
3.30
2.30
1.60
1.32
1.36
1.0
1.5
1.70
2.15
2.10
1.67
 	 2:0(1:0)  
444	04/12
21:30	 Wolfsberger AC
FC Red Bull Salzburg	
+1.5
–1.5
1.90
1.85
  	
3.25
1.80
 	
1.95
 	
8.50
5.50
1.32
3.40
1.14
1.06
1.0
2.5
2.30
1.95
1.57
1.80
 	 1:2(0:0)  
822	07/12
20:00	 Wacker Innsbruck
Sturm Graz	
0
0
1.95
1.85
  	
2.75
1.85
 	
1.90
 	
2.70
3.40
2.55
1.50
1.32
1.47
1.5
1.5
2.15
2.10
1.65
1.70
 	 0:1(0:1)  
823	07/12
20:00	 Austria Wien
Trenkwalder Admira	
–1.0
+1.0
1.80
1.95
  	
2.75
1.80
 	
1.95
 	
1.50
4.20
6.30
1.11
1.22
2.55
2.0
1.0
2.00
2.35
1.75
1.55
 	 2:2(2:1)  
824	07/12
20:00	 Grodig
Ried	
0
0
2.00
1.75
  	
3.0
1.95
1.80
2.80
3.30
2.40
1.55
1.28
1.42
1.5
1.5
2.10
1.95
1.70
1.80
 	 3:0(0:0)  
825	08/12
17:30	 Wolfsberger AC
Rapid Wien	
+0.25
-0.25
2.15
1.70
 
 	
2.75
1.93
 	
1.87
 	
3.80
3.40
2.00
1.80
1.32
1.27
1.0
1.5
1.75
1.87
2.00
1.87
 	 2:1(0:0) 
765	14/12
17:30	 Trenkwalder Admira
Wacker Innsbruck	
-0.75
+0.75
2.00
1.80
 
 	
3.0
1.95
1.80
1.80
4.00
4.20
1.25
1.27
2.05
1.5
1.0
1.70
1.75
2.15
2.00
 	 3:0(2:0)  
766	14/12
20:00	 Sturm Graz
Grodig	
-0.25
+0.25
1.90
1.85
 
 	
2.75
1.90
 	
1.85
 	
2.20
3.40
3.10
1.35
1.30
1.65
1.5
1.0
2.00
1.65
1.75
2.15
 	 2:2(1:1)  
767	14/12
20:00	 Ried
Wolfsberger AC	
-0.25
+0.25
1.67
2.15
 
 	
2.75
1.80
 	
1.95
 	
1.90
3.50
3.90
1.23
1.28
1.85
1.5
1.0
1.80
1.75
2.00
2.00
 	 1:3(0:2)  
768	15/12
17:30	 FC Red Bull Salzburg
Austria Wien	
–1.5
+1.5
1.85
1.90
  	
3.25
1.87
 	
1.87
 	
1.32
5.50
8.50
1.06
1.14
3.40
2.5
1.0
2.00
2.40
1.75
1.53
 	 4:0(2:0)  
769	15/12
20:00	 Rapid Wien
Wiener Neustadt	
–1.5
+1.5
1.80
1.95
  	
3.0
1.78
1.97
1.29
5.40
10.00
1.04
1.13
3.50
2.5
1.5
2.08
4.65
1.70
1.17
 	 0:0(0:0) 
405	17/12
21:30	 Grodig
Trenkwalder Admira	
-0.25
+0.25
1.62
2.20
 
 	
3.0
1.85
1.90
1.85
3.70
3.80
1.25
1.23
1.90
1.5
1.5
1.65
2.40
2.15
1.53
 	 2:1(1:0)  
406	18/12
21:30	 Wacker Innsbruck
FC Red Bull Salzburg	
+2.0
–2.0
1.87
1.87
  	
3.5
1.95
1.80
13.00
7.00
1.18
4.60
1.08
1.01
1.0
2.5
3.20
1.75
1.32
2.05
 	 0:1(0:0)  
407	18/12
21:30	 Austria Wien
Ried	
-0.75
+0.75
1.75
2.00
 
 	
3.0
1.95
1.80
1.62
4.20
4.80
1.17
1.22
2.25
2.0
1.0
2.05
1.95
1.72
1.80
 	 1:1(0:0)  
408	18/12
21:30	 Wiener Neustadt
Wolfsberger AC	
+0.25
-0.25
1.95
1.80
 
 	
2.75
1.95
 	
1.80
 	
3.40
3.40
2.10
1.70
1.30
1.30
1.0
1.5
1.72
1.95
2.05
1.80
 	 1:1(0:1)  
409	18/12
21:30	 Sturm Graz
Rapid Wien	
+0.25
-0.25
1.85
1.95
 
 	
2.5
1.80
1.95
3.05
3.40
2.25
1.62
1.30
1.36
1.0
1.5
1.70
2.10
2.10
1.70
 	 2:0(0:0)  
804	08/02
17:30	 FC Red Bull Salzburg
Grodig	
-2.25
+2.25
1.90
1.90
 
 	
3.75
1.90
 	
1.90
 	
1.15
8.50
17.00
1.01
1.08
5.70
3.0
1.0
1.87
3.00
1.87
1.36
 	 6:0(2:0)  
805	08/02
20:00	 Trenkwalder Admira
Sturm Graz	
0
0
1.75
2.00
  	
2.5
1.80
1.95
2.45
3.40
2.80
1.42
1.32
1.55
1.5
1.5
2.20
2.35
1.62
1.57
 	 1:1(0:0)  
806	08/02
20:00	 Ried
Wiener Neustadt	
–1.0
+1.0
1.87
1.87
  	
2.75
1.90
 	
1.85
 	
1.53
4.20
5.50
1.13
1.20
2.40
2.0
1.0
1.95
2.15
1.80
1.65
 	 2:1(1:1)  
807	08/02
20:00	 Wolfsberger AC
Wacker Innsbruck	
-0.75
+0.75
1.95
1.85
 
 	
2.75
1.90
 	
1.85
 	
1.75
3.90
4.30
1.22
1.25
2.05
2.0
1.0
2.25
1.80
1.62
1.95
 	 3:2(0:1)  
808	09/02
17:30	 Rapid Wien
Austria Wien	
-0.25
+0.25
2.05
1.75
 
 	
2.5
1.85
1.90
2.40
3.30
2.80
1.42
1.32
1.57
1.5
1.0
2.20
1.65
1.65
2.20
 	 3:1(1:1)
743	15/02
17:30	 Sturm Graz
FC Red Bull Salzburg	
+1.0
–1.0
2.00
1.75
  	
2.75
1.90
 	
1.85
 	
7.00
4.30
1.48
2.70
1.22
1.10
1.0
1.5
2.65
1.57
1.45
2.35
 	 1:4(0:3)  
744	15/02
20:00	 Wacker Innsbruck
Ried	
0
0
1.90
1.85
  	
2.75
1.95
 	
1.80
 	
2.70
3.20
2.60
1.50
1.35
1.48
1.5
1.5
2.20
2.20
1.65
1.65
 	 1:1(1:1)  
745	15/02
20:00	 Austria Wien
Wiener Neustadt	
-1.25
+1.25
1.87
1.87
 
 	
3.0
1.85
1.90
1.40
4.60
7.50
1.07
1.18
2.90
2.0
1.0
1.75
2.40
2.05
1.53
 	 1:1(1:0)  
746	15/02
20:00	 Grodig
Wolfsberger AC	
-0.25
+0.25
1.80
1.95
 
 	
3.0
1.87
1.87
2.12
3.45
3.25
1.32
1.28
1.68
1.5
1.5
1.78
2.30
1.97
1.58
 	 3:0(2:0)  
747	16/02
18:00	 Trenkwalder Admira
Rapid Wien	
+0.25
-0.25
1.85
1.90
 
 	
2.5
1.85
1.90
3.20
3.30
2.20
1.62
1.30
1.32
1.0
1.5
1.72
2.10
2.05
1.70
 	 2:1(0:0) 
695	22/02
17:30	 Ried
Sturm Graz	
-0.25
+0.25
1.95
1.80
 
 	
2.5
1.85
1.90
2.30
3.20
3.05
1.38
1.32
1.62
1.5
1.0
2.20
1.65
1.65
2.20
 	 2:2(1:1)  
696	22/02
20:00	 Wiener Neustadt
Wacker Innsbruck	
-0.25
+0.25
1.95
1.80
 
 	
2.5
1.85
1.90
2.30
3.40
3.05
1.38
1.32
1.62
1.5
1.0
2.20
1.65
1.65
2.20
 	 1:0(1:0)  
697	22/02
20:00	 Rapid Wien
Grodig	
-0.75
+0.75
1.95
1.80
 
 	
2.75
1.85
 	
1.90
 	
1.75
3.70
4.30
1.20
1.25
2.05
1.5
1.0
1.70
1.95
2.10
1.80
 	 0:0(0:0)  
698	22/02
20:00	 Wolfsberger AC
Austria Wien	
+0.25
-0.25
1.90
1.85
 
 	
2.5
1.80
1.95
3.20
3.50
2.15
1.67
1.30
1.33
1.0
1.5
1.72
2.05
2.05
1.75
 	 0:0(0:0)  
699	23/02
17:30	 FC Red Bull Salzburg
Trenkwalder Admira	
-2.25
+2.25
1.80
1.95
 
 	
3.75
1.87
 	
1.87
 	
1.13
8.50
17.00
1.02
1.06
5.70
3.0
1.0
1.85
3.20
1.90
1.32
 	 6:1(2:1)
718	01/03
17:30	 Austria Wien
Wacker Innsbruck	
-1.25
+1.25
2.00
1.75
 
 	
2.75
1.80
 	
1.95
 	
1.45
4.50
6.50
1.10
1.20
2.75
2.0
1.0
1.90
2.50
1.85
1.50
 	 2:1(1:1)  
719	01/03
20:00	 Trenkwalder Admira
Ried	
-0.25
+0.25
1.85
1.95
 
 	
2.75
1.89
 	
1.90
 	
2.10
3.50
3.30
1.33
1.30
1.70
1.5
1.0
1.95
1.62
1.80
2.20
 	 2:2(0:0)  
720	01/03
20:00	 Sturm Graz
Wolfsberger AC	
-0.25
+0.25
1.70
2.05
 
 	
2.5
1.87
1.87
2.00
3.50
3.60
1.28
1.30
1.80
1.5
1.0
2.00
1.90
1.75
1.85
 	 1:4(1:2)  
721	01/03
20:00	 Grodig
Wiener Neustadt	
–1.0
+1.0
1.87
1.87
  	
2.75
1.80
 	
1.95
 	
1.53
4.20
5.80
1.12
1.22
2.45
2.0
1.0
2.05
2.25
1.75
1.60
 	 1:2(0:2)  
722	02/03
17:30	 FC Red Bull Salzburg
Rapid Wien	
-1.75
+1.75
1.95
1.80
 
 	
3.25
1.90
 	
1.85
 	
1.27
5.70
10.00
1.04
1.13
3.70
2.5
1.0
1.95
2.80
1.80
1.40
 	 6:3(2:1)  
788	08/03
17:30	 Wolfsberger AC
Trenkwalder Admira	
-0.25
+0.25
1.75
2.00
 
 	
2.75
1.75
 	
2.00
 	
2.00
3.70
3.40
1.30
1.27
1.80
1.5
1.0
1.80
1.62
1.95
2.20
 	 2:3(0:1)  
789	08/03
20:00	 Austria Wien
Grodig	
-0.75
+0.75
1.95
1.80
 
 	
2.75
1.85
 	
1.90
 	
1.75
3.80
4.30
1.20
1.25
2.05
1.5
1.0
1.70
1.95
2.10
1.80
 	 2:0(1:0)  
790	08/03
20:00	 Wiener Neustadt
Sturm Graz	
0
0
2.05
1.72
  	
2.25
1.80
 	
1.95
 	
2.90
3.20
2.45
1.53
1.33
1.40
1.0
1.0
1.75
1.60
2.00
2.25
 	 2:1(2:0)  
791	08/03
20:00	 Ried
FC Red Bull Salzburg	
+1.5
–1.5
1.95
1.80
  	
3.25
1.85
 	
1.90
 	
9.00
5.80
1.30
3.60
1.14
1.06
1.0
2.5
2.40
1.95
1.55
1.80
 	 1:3(1:3)  
792	09/03
17:30	 Wacker Innsbruck
Rapid Wien	
+0.25
-0.25
2.05
1.70
 
 	
2.5
1.85
1.90
3.50
3.50
2.00
1.75
1.28
1.28
1.0
1.5
1.90
2.00
1.85
1.75
 	 1:1(1:0)  
773	15/03
17:30	 Grodig
Wacker Innsbruck	
-0.75
+0.75
1.95
1.85
 
 	
2.75
1.83
 	
1.97
 	
1.75
3.80
4.50
1.20
1.27
2.10
1.5
1.0
1.65
1.90
2.15
1.85
 	 1:1(0:0)  
774	15/03
20:00	 Trenkwalder Admira
Wiener Neustadt	
-0.75
+0.75
1.95
1.80
 
 	
2.75
1.85
 	
1.90
 	
1.75
3.80
4.30
1.20
1.25
2.05
1.5
1.0
1.70
1.95
2.10
1.80
 	 3:0(2:0)  
775	15/03
20:00	 Rapid Wien
Ried	
-0.75
+0.75
1.80
1.95
 
 	
2.5
1.80
1.95
1.65
3.50
5.50
1.12
1.28
2.15
1.5
1.0
1.72
2.55
2.00
1.45
 	 1:0(0:0)  
776	15/03
20:00	 Sturm Graz
Austria Wien	
+0.25
-0.25
1.72
2.05
 
 	
2.5
1.90
1.85
2.85
3.40
2.40
1.55
1.30
1.42
1.0
1.5
1.70
2.25
2.10
1.60
 	 1:1(0:0)  
777	16/03
17:30	 FC Red Bull Salzburg
Wolfsberger AC	
–2.5
+2.5
1.95
1.80
  	
3.75
1.85
 	
1.90
 	
1.12
8.50
17.00
1.01
1.06
6.30
3.0
1.0
1.75
3.60
2.00
1.27
 	 5:0(1:0)  
746	22/03
17:30	 Trenkwalder Admira
Austria Wien	
0
0
2.00
1.80
  	
2.75
1.90
 	
1.85
 	
2.80
3.30
2.50
1.55
1.33
1.45
1.5
1.5
2.30
2.15
1.60
1.70
 	 0:1(0:1)  
747	22/03
20:00	 Rapid Wien
Wolfsberger AC	
-0.75
+0.75
1.75
2.05
 
 	
2.75
1.90
 	
1.85
 	
1.60
3.90
5.50
1.13
1.25
2.30
1.5
1.0
1.65
2.25
2.15
1.60
 	 3:0(1:0)  
748	22/03
20:00	 Sturm Graz
Wacker Innsbruck	
-0.75
+0.75
2.00
1.75
 
 	
2.5
1.87
1.87
1.80
3.60
4.20
1.20
1.27
1.95
1.5
1.0
1.85
2.15
1.90
1.65
 	 3:1(0:0)  
749	22/03
20:00	 Ried
Grodig	
0
0
1.72
2.05
  	
2.75
1.86
 	
1.90
 	
2.40
3.40
2.75
1.42
1.30
1.57
1.5
1.5
2.05
2.25
1.72
1.60
 	 1:4(0:0)  
750	23/03
17:30	 FC Red Bull Salzburg
Wiener Neustadt	
–2.5
+2.5
1.80
1.95
  	
3.75
1.85
 	
1.90
 	
1.10
9.00
20.00
1.01
1.04
6.50
3.0
1.0
1.72
4.30
2.05
1.20
 	 5:0(2:0) 
455	25/03
21:30	 Wacker Innsbruck
Trenkwalder Admira	
0
0
1.90
1.90
  	
2.75
1.87
 	
1.87
 	
2.65
3.35
2.65
1.48
1.32
1.48
1.5
1.5
2.20
2.20
1.65
1.65
 	 0:0(0:0)  
456	26/03
21:30	 Austria Wien
FC Red Bull Salzburg	
+1.25
-1.25
1.80
2.05
 
 	
3.0
1.85
1.95
6.20
4.60
1.48
2.64
1.19
1.12
1.0
2.0
2.20
1.83
1.67
1.97
 	 3:0(2:0)  
457	26/03
21:30	 Wiener Neustadt
Rapid Wien	
+0.75
-0.75
1.70
2.05
 
 	
2.75
1.95
 	
1.80
 	
4.25
3.55
1.80
1.95
1.28
1.18
1.0
1.5
1.95
1.70
1.76
2.03
 	 0:3(0:1)  
458	26/03
21:30	 Grodig
Sturm Graz	
-0.25
+0.25
1.75
2.00
 
 	
2.5
1.80
1.95
2.05
3.50
3.50
1.30
1.30
1.75
1.5
1.0
1.95
1.80
1.80
1.95
 	 0:6(0:4)  
459	26/03
21:30	 Wolfsberger AC
Ried	
-0.25
+0.25
1.75
2.00
 
 	
2.75
1.85
 	
1.90
 	
2.05
3.50
3.50
1.30
1.30
1.75
1.5
1.0
1.87
1.65
1.87
2.15
 	 0:2(0:1)  
778	29/03
17:30	 Rapid Wien
Sturm Graz	
-0.75
+0.75
1.90
1.85
 
 	
2.5
1.80
1.95
1.72
3.70
4.80
1.17
1.27
2.10
1.5
1.0
1.75
2.15
2.00
1.65
 	 2:0(2:0)  
779	29/03
20:00	 Trenkwalder Admira
Grodig	
-0.25
+0.25
1.80
1.95
 
 	
2.75
1.85
 	
1.90
 	
2.10
3.30
3.30
1.32
1.32
1.70
1.5
1.0
1.90
1.62
1.85
2.20
 	 4:0(2:0)  
780	29/03
20:00	 FC Red Bull Salzburg
Wacker Innsbruck	
-2.75
+2.75
1.80
1.95
 
 	
4.0
1.85
1.90
1.08
11.00
22.00
1.01
1.03
7.50
3.5
1.0
1.95
4.30
1.85
1.20
 	 0:0(0:0)  
781	29/03
20:00	 Wolfsberger AC
Wiener Neustadt	
-0.75
+0.75
2.00
1.75
 
 	
2.75
1.95
 	
1.80
 	
1.80
3.70
4.20
1.22
1.27
2.00
1.5
1.0
1.80
1.95
1.95
1.80
 	 4:0(3:0)  
782	30/03
17:30	 Ried
Austria Wien	
+0.25
-0.25
2.10
1.75
 
 	
2.75
1.95
 	
1.85
 	
3.60
3.40
2.00
1.80
1.30
1.30
1.0
1.5
1.80
1.87
2.00
1.87
 	 2:2(1:0)  
735	05/04
17:30	 Grodig
FC Red Bull Salzburg	
+1.5
–1.5
1.95
1.80
  	
3.5
1.90
1.85
8.00
5.50
1.30
3.30
1.14
1.07
1.0
2.5
2.10
1.90
1.70
1.85
 	 1:3(0:0)  
736	05/04
20:00	 Wacker Innsbruck
Wolfsberger AC	
-0.25
+0.25
2.05
1.72
 
 	
2.5
1.80
1.95
2.40
3.30
2.90
1.40
1.32
1.55
1.5
1.0
2.15
1.60
1.65
2.25
 	 0:1(0:0)  
737	05/04
20:00	 Wiener Neustadt
Ried	
0
0
1.85
1.90
  	
2.75
1.90
 	
1.85
 	
2.55
3.30
2.65
1.44
1.30
1.47
1.5
1.5
2.15
2.20
1.65
1.62
 	 1:1(0:1)  
738	05/04
20:00	 Sturm Graz
Trenkwalder Admira	
-0.25
+0.25
1.75
2.00
 
 	
2.75
1.90
 	
1.85
 	
2.05
3.45
3.45
1.28
1.28
1.72
1.5
1.5
1.95
2.60
1.80
1.45
 	 1:1(1:0)  
739	06/04
16:00	 Austria Wien
Rapid Wien	
-0.25
+0.25
1.90
1.90
 
 	
2.5
1.90
1.90
2.22
3.20
3.20
1.35
1.32
1.67
1.5
1.0
2.10
1.75
1.70
2.00
 	 0:1(0:0)  
771	12/04
17:30	 FC Red Bull Salzburg
Sturm Graz	
-1.75
+1.75
1.90
1.85
 
 	
3.25
1.75
 	
2.00
 	
1.25
5.55
11.50
1.02
1.12
3.60
2.5
1.5
1.85
5.10
1.85
1.13
 	 1:2(1:0)  
772	12/04
20:00	 Rapid Wien
Trenkwalder Admira	
–1.0
+1.0
2.00
1.75
  	
2.75
1.86
 	
1.90
 	
1.60
4.00
5.50
1.14
1.25
2.35
2.0
1.0
2.15
2.20
1.65
1.62
 	 0:0(0:0)  
773	12/04
20:00	 Ried
Wacker Innsbruck	
-0.25
+0.25
1.67
2.15
 
 	
2.75
1.87
 	
1.87
 	
1.90
3.50
3.80
1.25
1.30
1.90
1.5
1.0
1.80
1.85
1.95
1.95
 	 1:2(0:0)  
774	12/04
20:00	 Wolfsberger AC
Grodig	
-0.25
+0.25
1.80
1.95
 
 	
2.75
1.75
 	
2.00
 	
2.10
3.70
3.20
1.35
1.27
1.72
1.5
1.5
1.85
2.30
1.90
1.57
 	 1:2(0:1)  
775	13/04
17:30	 Wiener Neustadt
Austria Wien	
+0.75
-0.75
1.80
1.95
 
 	
2.5
1.85
1.90
4.50
3.70
1.75
2.05
1.27
1.20
1.0
1.5
2.15
1.80
1.65
1.95
 	 0:2(0:0)  
707	19/04
17:30	 Austria Wien
Wolfsberger AC	
-1.25
+1.25
1.95
1.80
 
 	
2.75
1.75
 	
2.00
 	
1.45
4.50
7.00
1.10
1.20
2.75
2.0
1.0
1.87
2.50
1.87
1.50
 	 3:1(0:1)  
708	19/04
20:00	 Trenkwalder Admira
FC Red Bull Salzburg	
+1.5
–1.5
1.80
1.95
  	
3.5
1.90
1.85
7.00
5.30
1.35
3.10
1.14
1.07
1.0
2.5
2.10
1.90
1.70
1.85
 	 2:3(1:1)  
709	19/04
20:00	 Wacker Innsbruck
Wiener Neustadt	
-0.25
+0.25
1.70
2.10
 
 	
2.75
1.95
 	
1.85
 	
2.00
3.30
3.60
1.30
1.30
1.80
1.5
1.0
1.87
1.80
1.87
2.00
 	 3:1(1:0)  
710	19/04
20:00	 Sturm Graz
Ried	
-0.75
+0.75
1.75
2.00
 
 	
3.0
1.95
1.80
1.60
4.00
5.30
1.14
1.23
2.30
1.5
1.0
1.57
2.05
2.30
1.75
 	 2:1(1:0)  
711	20/04
17:30	 Grodig
Rapid Wien	
+0.25
-0.25
1.90
1.85
 
 	
2.75
1.80
 	
1.95
 	
3.20
3.30
2.15
1.70
1.30
1.33
1.0
1.5
1.57
1.90
2.30
1.85
 	 2:2(1:2) 
750	26/04
17:30	 Ried
Trenkwalder Admira	
0
0
1.80
2.00
  	
3.25
1.85
 	
1.90
 	
2.40
3.70
2.65
1.47
1.27
1.55
1.5
1.5
1.75
1.85
2.00
1.90
 	 3:0(2:0)  
751	26/04
20:00	 Wacker Innsbruck
Austria Wien	
+0.25
-0.25
2.15
1.67
 
 	
2.75
1.80
 	
1.95
 	
3.80
3.50
1.90
1.90
1.30
1.24
1.0
1.5
1.75
1.75
2.00
2.00
 	 1:1(1:0)  
752	26/04
20:00	 Wiener Neustadt
Grodig	
+0.25
-0.25
1.70
2.05
 
 	
3.0
1.95
1.80
2.75
3.50
2.40
1.55
1.28
1.42
1.5
1.5
2.10
1.95
1.70
1.80
 	 1:3(0:2)  
753	26/04
20:00	 Rapid Wien
FC Red Bull Salzburg	
+0.75
-0.75
1.80
2.00
 
 	
3.0
1.75
2.00
4.20
3.70
1.80
2.05
1.27
1.25
1.0
2.0
1.57
2.05
2.30
1.75
 	 2:1(1:0)  
754	27/04
17:30	 Wolfsberger AC
Sturm Graz	
0
0
1.95
1.80
  	
2.75
1.80
 	
1.95
 	
2.65
3.30
2.50
1.52
1.30
1.48
1.5
1.5
2.10
2.05
1.70
1.72
 	 0:1(0:0) 
482	04/05
17:30	 Trenkwalder Admira
Wolfsberger AC	
-0.75
+0.75
1.95
1.80
 
 	
3.0
1.75
2.00
1.75
3.90
4.30
1.22
1.25
2.05
2.0
1.0
2.05
1.65
1.72
2.15
 	 1:0(0:0)  
483	04/05
17:30	 FC Red Bull Salzburg
Ried	
-2.25
+2.25
1.80
1.95
 
 	
4.0
1.80
1.95
1.16
7.50
13.00
1.02
1.07
4.80
3.0
1.0
1.70
2.70
2.10
1.40
 	 4:0(3:0)  
484	04/05
17:30	 Rapid Wien
Wacker Innsbruck	
-1.25
+1.25
1.90
1.85
 
 	
3.0
1.75
2.00
1.45
4.80
6.50
1.11
1.20
2.80
2.0
1.0
1.70
2.15
2.10
1.65
 	 2:0(1:0)  
485	04/05
17:30	 Sturm Graz
Wiener Neustadt	
–1.0
+1.0
1.80
1.95
  	
3.0
1.80
1.95
1.52
4.30
6.10
1.11
1.22
2.50
2.0
1.0
1.75
2.05
2.00
1.70
 	 1:2(1:1)  
486	04/05
17:30	 Grodig
Austria Wien	
+0.25
-0.25
1.85
1.95
 
 	
3.0
1.90
1.85
3.00
3.50
2.25
1.65
1.27
1.35
1.5
1.5
2.15
1.87
1.65
1.87
 	 2:1(2:0)  
510	11/05
17:30	 Wacker Innsbruck
Grodig	
+0.75
-0.75
1.90
1.85
 
 	
3.25
1.95
 	
1.80
 	
4.00
4.00
1.75
2.00
1.22
1.20
1.0
2.0
1.72
1.90
2.05
1.85
 	 3:3(0:1)  
511	11/05
17:30	 Austria Wien
Sturm Graz	
-0.75
+0.75
1.87
1.87
 
 	
3.0
1.80
1.95
1.70
3.90
4.70
1.18
1.25
2.15
2.0
1.0
2.05
1.72
1.72
2.05
 	 1:2(0:0)  
512	12/05
19:30	 Wiener Neustadt
Trenkwalder Admira	
0
0
1.95
1.80
  	
3.0
1.80
1.95
2.75
3.30
2.50
1.53
1.32
1.45
1.5
1.5
1.95
1.85
1.85
1.90
 	 5:2(2:0)  
513	11/05
17:30	 Ried
Rapid Wien	
+0.25
-0.25
2.10
1.70
 
 	
3.25
2.00
 	
1.75
 	
3.60
3.50
1.95
1.85
1.30
1.28
1.5
1.5
2.20
1.65
1.62
2.15
 	 2:5(1:2)  
514	11/05
17:30	 Wolfsberger AC
FC Red Bull Salzburg	
+2.25
-2.25
1.80
1.95
 
 	
4.0
1.90
1.85
12.00
7.50
1.20
4.50
1.08
1.02
1.0
3.0
2.40
1.85
1.53
1.95
 	 2:0(1:0)  