75	31/12
14:45	 Manchester United
Blackburn Rovers	
-2.25
+2.25
1.75
1.97
 
 	
3.25
1.68
 	
2.10
 	
1.11
7.75
17.00
1.01
1.05
5.65
2.5
1.0
1.60
4.50
2.20
1.16
 	 2:3(0:1)  
76	31/12
17:00	 Arsenal London
QPR	
-1.75
+1.75
1.80
1.90
 
 	
2.75
1.62
 	
2.18
 	
1.22
5.60
11.00
1.01
1.10
4.00
2.5
1.0
2.02
3.60
1.72
1.25
 	 1:0(0:0)  
77	31/12
17:00	 Bolton Wanderers
Wolverhampton Wanderers	
0
0
1.57
2.25
  	
2.75
2.00
 	
1.75
 	
2.20
3.25
3.10
1.32
1.31
1.62
1.5
1.5
2.10
2.60
1.68
1.44
 	 1:1(1:0)  
78	31/12
17:00	 Chelsea
Aston Villa	
-1.75
+1.75
2.05
1.70
 
 	
2.75
1.75
 	
1.95
 	
1.26
5.10
11.00
1.01
1.13
3.65
2.5
1.0
2.20
3.50
1.60
1.26
 	 1:3(1:1)  
79	31/12
17:00	 Norwich City
Fulham	
0
0
1.85
1.85
  	
2.75
2.10
 	
1.68
 	
2.60
3.25
2.60
1.44
1.32
1.44
1.5
1.5
2.38
2.38
1.52
1.52
 	 1:1(0:1)  
80	31/12
17:00	 Stoke City
Wigan Athletic	
-0.75
+0.75
2.00
1.75
 
 	
2.25
1.80
 	
1.90
 	
1.75
3.40
4.55
1.15
1.28
2.00
1.5
1.0
1.95
2.45
1.75
1.47
 	 2:2(0:1)  
57	26/12
15:00	 Chelsea
Fulham	
-1.75
+1.75
2.05
1.70
 
 	
2.75
1.90
 	
1.80
 	
1.25
5.25
10.50
1.02
1.12
3.75
2.0
1.0
1.75
4.50
1.95
1.16
 	 1:1(0:0)  
58	27/12
17:00	 Arsenal London
Wolverhampton Wanderers	
-1.75
+1.75
1.85
1.90
 
 	
2.75
1.57
 	
2.25
 	
1.22
5.85
12.50
1.01
1.10
4.00
2.5
1.0
2.00
3.45
1.75
1.27
 	 1:1(1:1)  
59	26/12
17:00	 Bolton Wanderers
Newcastle United	
0
0
1.80
1.90
  	
2.75
1.90
 	
1.80
 	
2.50
3.25
2.60
1.44
1.31
1.45
1.5
1.5
2.20
2.25
1.60
1.57
 	 0:2(0:0)  
60	26/12
17:00	 Liverpool
Blackburn Rovers	
-1.75
+1.75
1.85
1.90
 
 	
2.75
1.72
 	
2.02
 	
1.22
5.65
11.00
1.01
1.11
4.00
2.0
1.0
1.60
3.85
2.20
1.22
 	 1:1(0:1)  
61	26/12
17:00	 Manchester United
Wigan Athletic	
-2.25
+2.25
1.95
1.80
 
 	
3.25
1.85
 	
1.85
 	
1.15
6.50
15.00
1.01
1.07
4.85
2.5
1.0
1.80
4.20
1.90
1.18
 	 5:0(2:0)  
62	26/12
17:00	 Sunderland
Everton	
0
0
1.75
1.95
  	
2.25
1.80
 	
1.90
 	
2.45
3.25
2.70
1.40
1.32
1.47
1.5
1.5
2.45
2.70
1.47
1.40
 	 1:1(1:0)  
63	26/12
17:00	 West Bromwich Albion
Manchester City	
+1.25
-1.25
1.80
1.90
 
 	
2.75
1.75
 	
1.95
 	
7.50
4.00
1.42
2.72
1.20
1.05
1.0
1.5
2.50
1.47
1.45
2.45
 	 0:0(0:0)  
64	26/12
21:45	 Stoke City
Aston Villa	
-0.25
+0.25
1.60
2.25
 
 	
2.25
1.72
 	
2.02
 	
1.85
3.40
4.00
1.20
1.28
1.87
1.5
1.5
1.95
3.30
1.75
1.30
 	 0:0(0:0)  
65	27/12
19:00	 Swansea City
QPR	
0
0
1.47
2.50
  	
2.25
1.72
 	
1.92
 	
2.00
3.30
3.50
1.25
1.30
1.72
1.0
1.0
1.40
1.95
2.70
1.75
 	 1:1(1:0)  
66	27/12
21:30	 Norwich City
Tottenham Hotspur	
+0.75
-0.75
1.75
2.00
 
 	
2.75
1.80
 	
1.90
 	
4.35
3.50
1.75
2.00
1.26
1.17
1.0
1.5
1.85
1.70
1.85
2.05
 	 0:2(0:0)  
134	17/12
17:00	 Blackburn Rovers
West Bromwich Albion	
-0.25
+0.25
2.05
1.70
 
 	
2.75
1.95
 	
1.75
 	
2.40
3.30
2.80
1.38
1.30
1.50
1.0
1.0
1.45
1.55
2.55
2.30
 	 1:2(0:0)  
135	17/12
17:00	 Everton
Norwich City	
-1.25
+1.25
2.05
1.75
 
 	
2.75
1.95
 	
1.75
 	
1.47
3.85
6.50
1.07
1.22
2.55
1.5
1.0
1.60
2.75
2.25
1.39
 	 1:1(0:1)  
136	17/12
17:00	 Fulham
Bolton Wanderers	
-0.75
+0.75
1.72
2.05
 
 	
2.75
1.90
 	
1.80
 	
1.55
3.75
6.00
1.09
1.24
2.35
1.5
1.0
1.62
2.38
2.18
1.52
 	 2:0(2:0)  
137	17/12
17:00	 Newcastle United
Swansea City	
-0.75
+0.75
2.00
1.75
 
 	
2.75
1.95
 	
1.75
 	
1.75
3.50
4.35
1.17
1.26
2.00
1.5
1.0
1.80
2.05
1.90
1.70
 	 0:0(0:0)  
138	17/12
17:00	 Wolverhampton Wanderers
Stoke City	
-0.25
+0.25
2.02
1.72
 
 	
2.25
1.85
 	
1.85
 	
2.40
3.25
2.80
1.38
1.32
1.50
1.5
1.5
2.55
2.80
1.45
1.38
 	 1:2(1:0)  
139	17/12
19:30	 Wigan Athletic
Chelsea	
+1.25
-1.25
1.95
1.75
 
 	
2.75
1.75
 	
1.95
 	
9.20
4.35
1.33
3.15
1.18
1.03
1.0
2.0
2.75
1.80
1.39
1.90
 	 1:1(0:0)  
140	18/12
14:00	 QPR
Manchester United	
+1.25
-1.25
1.75
1.95
 
 	
2.75
1.95
 	
1.75
 	
7.50
4.00
1.42
2.72
1.20
1.05
1.0
1.5
3.00
1.55
1.34
2.30
 	 0:2(0:1)  
141	18/12
16:05	 Aston Villa
Liverpool	
+0.75
-0.75
1.75
2.00
 
 	
2.25
1.80
 	
1.90
 	
4.55
3.45
1.75
2.00
1.27
1.15
1.0
1.5
2.45
1.95
1.47
1.75
 	 0:2(0:2)  
142	18/12
17:00	 Tottenham Hotspur
Sunderland	
-1.25
+1.25
1.80
1.90
 
 	
2.75
1.75
 	
1.95
 	
1.35
4.25
9.00
1.03
1.18
3.15
2.0
1.0
1.80
2.75
1.90
1.39
 	 1:0(0:0)  
143	18/12
18:10	 Manchester City
Arsenal London	
-0.75
+0.75
1.85
1.85
 
 	
2.75
1.75
 	
1.95
 	
1.65
3.65
4.90
1.13
1.25
2.15
1.5
1.0
1.62
1.97
2.18
1.75
 	 1:0(0:0)  
166	10/12
17:00	 Arsenal London
Everton	
-1.25
+1.25
2.05
1.75
 
 	
2.75
1.95
 	
1.75
 	
1.47
3.85
6.50
1.07
1.22
2.55
1.5
1.0
1.60
2.75
2.25
1.39
 	 1:0(0:0)  
167	10/12
17:00	 Bolton Wanderers
Aston Villa	
-0.25
+0.25
2.00
1.75
 
 	
2.75
2.10
 	
1.66
 	
2.40
3.25
2.85
1.37
1.32
1.50
1.0
1.0
1.50
1.62
2.40
2.18
 	 1:2(0:2)  
168	10/12
17:00	 Liverpool
QPR	
-1.75
+1.75
1.97
1.75
 
 	
2.75
1.75
 	
1.95
 	
1.26
5.10
11.00
1.01
1.13
3.65
2.5
1.0
2.20
3.50
1.60
1.26
 	 1:0(0:0)  
169	10/12
17:00	 Manchester United
Wolverhampton Wanderers	
-1.75
+1.75
1.85
1.85
 
 	
2.75
1.68
 	
2.10
 	
1.22
5.60
10.50
1.01
1.11
4.00
2.0
1.0
1.57
3.85
2.25
1.22
 	 4:1(2:0)  
170	10/12
17:00	 Norwich City
Newcastle United	
-0.25
+0.25
1.95
1.80
 
 	
2.75
1.95
 	
1.75
 	
2.30
3.30
2.90
1.36
1.30
1.55
1.5
1.5
2.15
2.45
1.65
1.47
 	 4:2(1:1)  
171	10/12
17:00	 Swansea City
Fulham	
0
0
1.80
1.90
  	
2.25
1.95
 	
1.75
 	
2.55
3.20
2.65
1.42
1.33
1.45
1.0
1.0
1.80
1.85
1.90
1.85
 	 2:0(0:0)  
172	10/12
17:00	 West Bromwich Albion
Wigan Athletic	
-0.75
+0.75
1.85
1.90
 
 	
2.5
1.85

1.85

1.65
3.55
5.00
1.13
1.25
2.20
1.5
1.0
1.75
2.40
1.97
1.50
 	 1:2(1:1)  
173	11/12
15:30	 Sunderland
Blackburn Rovers	
-0.25
+0.25
1.60
2.25
 
 	
2.75
2.02
 	
1.72
 	
1.85
3.45
4.00
1.20
1.27
1.85
1.5
1.5
1.85
2.85
1.85
1.36
 	 2:1(0:1)  
174	11/12
18:00	 Stoke City
Tottenham Hotspur	
+0.25
-0.25
2.15
1.65
 
 	
2.75
2.05
 	
1.70
 	
3.60
3.35
1.95
1.77
1.29
1.25
1.0
1.5
1.95
1.95
1.75
1.75
 	 2:1(2:0)  
175	12/12
22:00	 Chelsea
Manchester City	
-0.25
+0.25
1.95
1.80
 
 	
2.75
2.02
 	
1.72
 	
2.30
3.30
2.90
1.36
1.30
1.55
1.5
1.5
2.15
2.45
1.65
1.47
 	 2:1(1:1)  
135	03/12
14:45	 Newcastle United
Chelsea	
+0.25
-0.25
2.15
1.65
 
 	
2.75
2.05
 	
1.70
 	
3.60
3.45
1.95
1.77
1.28
1.25
1.0
1.5
1.95
1.95
1.75
1.75
 	 0:3(0:1)  
136	03/12
17:00	 Blackburn Rovers
Swansea City	
0
0
1.47
2.50
  	
2.25
1.72
 	
1.92
 	
2.00
3.30
3.60
1.25
1.32
1.72
1.0
1.0
1.40
1.95
2.70
1.75
 	 4:2(2:1)  
137	03/12
17:00	 Manchester City
Norwich City	
-2.25
+2.25
2.10
1.66
 
 	
3.25
1.75
 	
1.95
 	
1.17
6.50
13.00
1.01
1.07
4.45
2.5
1.0
1.80
3.50
1.90
1.25
 	 5:1(1:0)  
138	03/12
17:00	 QPR
West Bromwich Albion	
0
0
1.60
2.20
  	
2.25
1.72
 	
2.02
 	
2.20
3.25
3.05
1.33
1.31
1.60
1.5
1.5
2.20
2.75
1.60
1.39
 	 1:1(1:0)  
139	03/12
17:00	 Tottenham Hotspur
Bolton Wanderers	
-1.75
+1.75
1.90
1.80
 
 	
2.75
1.55
 	
2.30
 	
1.26
5.50
10.00
1.02
1.11
3.75
2.5
1.0
2.02
3.00
1.72
1.34
 	 3:0(1:0)  
140	03/12
17:00	 Wigan Athletic
Arsenal London	
+1.25
-1.25
1.75
2.05
 
 	
2.75
1.90
 	
1.80
 	
6.50
3.85
1.47
2.55
1.22
1.07
1.0
1.5
2.75
1.60
1.39
2.25
 	 0:4(0:2)  
141	03/12
19:30	 Aston Villa
Manchester United	
+0.75
-0.75
1.95
1.80
 
 	
2.25
1.72
 	
2.02
 	
5.75
3.50
1.60
2.25
1.26
1.10
1.0
1.5
2.75
1.80
1.39
1.90
 	 0:1(0:1)  
142	04/12
17:00	 Everton
Stoke City	
-0.75
+0.75
1.85
1.90
 
 	
2.25
1.72
 	
2.02
 	
1.65
3.55
5.20
1.12
1.25
2.20
1.5
1.0
1.80
2.66
1.90
1.42
 	 0:1(0:1)  
143	04/12
18:00	 Wolverhampton Wanderers
Sunderland	
-0.25
+0.25
1.95
1.75
 
 	
2.25
1.72
 	
2.02
 	
2.30
3.25
2.90
1.36
1.32
1.55
1.5
1.5
2.30
2.66
1.55
1.42
 	 2:1(0:0)  
144	05/12
22:00	 Fulham
Liverpool	
+0.25
-0.25
1.95
1.80
 
 	
2.25
1.80
 	
1.90
 	
3.30
3.30
2.10
1.68
1.30
1.30
1.0
1.5
1.95
2.25
1.75
1.57
 	 1:0(0:0)  
139	26/11
14:45	 Stoke City
Blackburn Rovers	
-0.75
+0.75
2.00
1.76
 
 	
2.75
1.95
 	
1.80
 	
1.76
3.70
4.40
1.19
1.25
2.00
1.5
1.5
1.74
3.20
2.02
1.32
 	 3:1(1:0)  
140	26/11
17:00	 Bolton Wanderers
Everton	
+0.25
-0.25
1.80
1.95
 
 	
2.75
2.02
 	
1.72
 	
3.00
3.20
2.35
1.55
1.32
1.36
1.5
1.5
2.45
2.15
1.47
1.65
 	 0:2(0:0)  
141	26/11
17:00	 Chelsea
Wolverhampton Wanderers	
-1.75
+1.75
1.72
2.05
 
 	
3.25
1.90
 	
1.84
 	
1.16
6.60
18.00
1.01
1.09
4.85
2.5
1.5
1.82
6.25
1.93
1.10
 	 3:0(3:0)  
142	26/11
17:00	 Manchester United
Newcastle United	
-1.25
+1.25
1.75
2.01
 
 	
2.75
1.83
 	
1.92
 	
1.30
5.00
10.00
1.03
1.15
3.35
2.0
1.0
1.75
3.20
2.00
1.32
 	 1:1(0:0)  
143	26/11
17:00	 Norwich City
QPR	
-0.25
+0.25
1.77
1.98
 
 	
2.75
2.00
 	
1.76
 	
2.05
3.40
3.48
1.28
1.29
1.72
1.5
1.5
1.95
2.80
1.80
1.40
 	 2:1(1:0)  
144	26/11
17:00	 Sunderland
Wigan Athletic	
-0.75
+0.75
1.76
1.99
 
 	
2.75
2.11
 	
1.68
 	
1.62
3.75
5.40
1.13
1.25
2.25
1.5
1.5
1.72
4.00
2.05
1.22
 	 1:2(1:1)  
145	26/11
17:00	 West Bromwich Albion
Tottenham Hotspur	
+0.25
-0.25
1.98
1.77
 
 	
2.75
2.00
 	
1.76
 	
3.48
3.40
2.05
1.72
1.29
1.28
1.5
1.5
2.80
1.95
1.40
1.80
 	 1:3(1:1)  
146	26/11
19:30	 Arsenal London
Fulham	
-1.25
+1.25
2.08
1.70
 
 	
2.75
1.93
 	
1.82
 	
1.45
4.30
7.00
1.08
1.20
2.70
1.5
1.5
1.57
4.50
2.30
1.18
 	 1:1(0:0)  
147	27/11
15:30	 Swansea City
Aston Villa	
-0.25
+0.25
1.80
1.95
 
 	
2.25
1.80
 	
1.95
 	
2.10
3.25
3.50
1.27
1.31
1.68
1.5
1.5
2.25
3.10
1.60
1.34
 	 0:0(0:0)  
148	27/11
18:00	 Liverpool
Manchester City	
0
0
1.87
1.87
  	
2.75
2.08
 	
1.70
 	
2.60
3.33
2.60
1.46
1.30
1.46
1.5
1.5
2.40
2.40
1.53
1.53
 	 1:1(1:1)  
162	19/11
14:45	 Norwich City
Arsenal London	
+0.75
-0.75
1.90
1.85
 
 	
2.75
1.85
 	
1.85
 	
5.00
3.55
1.65
2.20
1.25
1.13
1.0
1.5
2.10
1.66
1.68
2.12
 	 1:2(1:1)  
163	19/11
17:00	 Everton
Wolverhampton Wanderers	
-0.75
+0.75
1.72
2.05
 
 	
2.25
1.65
 	
2.15
 	
1.55
3.75
6.00
1.09
1.24
2.35
1.5
1.0
1.68
2.80
2.10
1.38
 	 2:1(1:1)  
164	19/11
17:00	 Manchester City
Newcastle United	
-1.75
+1.75
2.15
1.62
 
 	
2.75
1.75
 	
1.95
 	
1.28
4.95
10.00
1.02
1.13
3.45
2.5
1.0
2.20
3.50
1.60
1.26
 	 3:1(2:0)  
165	19/11
17:00	 Stoke City
QPR	
-0.75
+0.75
2.00
1.75
 
 	
2.25
1.80
 	
1.90
 	
1.75
3.45
4.55
1.15
1.27
2.00
1.5
1.0
1.95
2.45
1.75
1.47
 	 2:3(1:2)  
166	19/11
17:00	 Sunderland
Fulham	
-0.25
+0.25
2.02
1.72
 
 	
2.25
1.85
 	
1.85
 	
2.40
3.25
2.75
1.39
1.32
1.50
1.5
1.5
2.55
2.80
1.45
1.38
 	 0:0(0:0)  
167	19/11
17:00	 West Bromwich Albion
Bolton Wanderers	
-0.25
+0.25
1.65
2.20
 
 	
2.75
2.05
 	
1.70
 	
1.90
3.40
3.75
1.24
1.28
1.85
1.5
1.5
1.95
3.00
1.75
1.34
 	 2:1(1:1)  
168	19/11
17:00	 Wigan Athletic
Blackburn Rovers	
-0.25
+0.25
2.00
1.75
 
 	
2.75
2.05
 	
1.70
 	
2.40
3.25
2.80
1.38
1.32
1.50
1.0
1.0
1.50
1.62
2.40
2.18
 	 3:3(2:1)  
169	19/11
19:30	 Swansea City
Manchester United	
+1.25
-1.25
1.65
2.15
 
 	
2.25
1.62
 	
2.18
 	
6.50
3.85
1.50
2.50
1.23
1.07
1.0
1.5
2.90
1.65
1.36
2.15
 	 0:1(0:1)  
170	20/11
18:00	 Chelsea
Liverpool	
-0.75
+0.75
2.00
1.75
 
 	
2.75
2.05
 	
1.70
 	
1.75
3.50
4.50
1.16
1.26
1.97
1.5
1.0
1.85
2.20
1.85
1.60
 	 1:2(0:1)  
171	21/11
22:00	 Tottenham Hotspur
Aston Villa	
-1.25
+1.25
2.15
1.65
 
 	
2.75
1.75
 	
1.95
 	
1.50
3.85
6.50
1.07
1.23
2.50
1.5
1.0
1.55
2.25
2.30
1.57
 	 2:0(2:0)  
156	05/11
14:45	 Newcastle United
Everton	
0
0
1.57
2.25
  	
2.25
1.85
 	
1.85
 	
2.25
3.20
3.05
1.33
1.32
1.57
1.5
1.5
2.40
2.95
1.50
1.35
 	 2:1(2:1)  
157	05/11
17:00	 Arsenal London
West Bromwich Albion	
-1.25
+1.25
1.80
1.95
 
 	
2.75
1.75
 	
1.95
 	
1.33
4.50
8.70
1.03
1.17
3.20
2.0
1.0
1.80
2.75
1.90
1.39
 	 3:0(2:0)  
158	05/11
17:00	 Aston Villa
Norwich City	
-0.75
+0.75
2.00
1.75
 
 	
2.75
1.95
 	
1.75
 	
1.75
3.50
4.35
1.17
1.26
2.00
1.5
1.0
1.80
2.05
1.90
1.70
 	 3:2(1:1)  
159	05/11
17:00	 Blackburn Rovers
Chelsea	
+1.25
-1.25
1.75
1.95
 
 	
2.75
1.75
 	
1.95
 	
7.50
4.00
1.42
2.72
1.20
1.05
1.0
1.5
2.45
1.45
1.47
2.55
 	 0:1(0:0)  
160	05/11
17:00	 Liverpool
Swansea City	
-1.75
+1.75
2.00
1.75
 
 	
2.75
1.90
 	
1.80
 	
1.25
5.25
10.50
1.02
1.12
3.75
2.0
1.0
1.75
4.50
1.95
1.16
 	 0:0(0:0)  
161	05/11
17:00	 Manchester United
Sunderland	
-1.75
+1.75
1.95
1.75
 
 	
2.75
1.60
 	
2.20
 	
1.25
5.10
11.00
1.01
1.13
3.75
2.5
1.0
2.10
3.30
1.68
1.30
 	 1:0(1:0)  
162	05/11
19:30	 QPR
Manchester City	
+1.25
-1.25
1.90
1.80
 
 	
2.75
1.75
 	
1.95
 	
9.00
4.25
1.35
3.15
1.18
1.03
1.0
2.0
2.75
1.80
1.39
1.90
 	 2:3(1:1)  
163	06/11
15:30	 Wolverhampton Wanderers
Wigan Athletic	
-0.25
+0.25
1.60
2.25
 
 	
2.25
1.72
 	
2.02
 	
1.85
3.40
4.00
1.20
1.28
1.87
1.5
1.5
1.95
3.30
1.75
1.30
 	 3:1(1:1)  
164	06/11
17:00	 Bolton Wanderers
Stoke City	
-0.25
+0.25
1.95
1.75
 
 	
2.25
1.68
 	
2.10
 	
2.30
3.30
2.90
1.36
1.30
1.55
1.5
1.5
2.20
2.60
1.60
1.44
 	 5:0(2:0)  
165	06/11
18:00	 Fulham
Tottenham Hotspur	
0
0
2.20
1.60
  	
2.75
2.05
 	
1.70
 	
3.10
3.25
2.20
1.62
1.31
1.32
1.5
1.5
2.60
2.15
1.44
1.65
 	 1:3(0:2)  
186	29/10
14:00	 Everton
Manchester United	
+0.25
-0.25
2.25
1.60
 
 	
2.75
2.02
 	
1.72
 	
4.10
3.45
1.85
1.85
1.27
1.20
1.5
1.5
3.00
1.85
1.34
1.85
 	 0:1(0:1)  
187	29/10
14:45	 Chelsea
Arsenal London	
-0.75
+0.75
1.72
2.02
 
 	
2.75
1.90
 	
1.80
 	
1.55
3.75
5.80
1.10
1.24
2.30
1.5
1.0
1.62
2.38
2.18
1.52
 	 3:5(2:1)  
188	29/10
17:00	 Manchester City
Wolverhampton Wanderers	
-2.25
+2.25
1.95
1.80
 
 	
3.25
1.80
 	
1.90
 	
1.15
6.50
15.00
1.01
1.07
4.85
2.5
1.0
1.80
4.20
1.90
1.18
 	 3:1(0:0)  
189	29/10
17:00	 Norwich City
Blackburn Rovers	
-0.25
+0.25
1.65
2.15
 
 	
2.75
2.10
 	
1.68
 	
1.90
3.35
3.90
1.22
1.30
1.85
1.5
1.5
1.95
3.00
1.75
1.34
 	 3:3(0:1)  
190	29/10
17:00	 Sunderland
Aston Villa	
-0.75
+0.75
2.30
1.55
 
 	
2.25
1.80
 	
1.90
 	
1.95
3.25
3.75
1.23
1.31
1.75
1.5
1.0
2.10
2.20
1.68
1.60
 	 2:2(1:1)  
191	29/10
17:00	 Swansea City
Bolton Wanderers	
-0.25
+0.25
1.65
2.15
 
 	
2.75
2.05
 	
1.70
 	
1.95
3.35
3.60
1.25
1.29
1.77
1.5
1.0
1.95
1.95
1.75
1.75
 	 3:1(0:0)  
192	29/10
17:00	 Wigan Athletic
Fulham	
+0.25
-0.25
1.72
2.02
 
 	
2.25
1.85
 	
1.85
 	
2.80
3.25
2.40
1.50
1.31
1.38
1.5
1.5
2.80
2.55
1.38
1.45
 	 0:2(0:1)  
193	29/10
19:30	 West Bromwich Albion
Liverpool	
+0.25
-0.25
2.15
1.65
 
 	
2.75
2.05
 	
1.70
 	
3.60
3.45
1.95
1.77
1.28
1.25
1.0
1.5
1.95
1.95
1.75
1.75
 	 0:2(0:2)  
194	30/10
18:00	 Tottenham Hotspur
QPR	
-1.25
+1.25
1.75
2.00
 
 	
2.75
1.72
 	
2.02
 	
1.33
4.35
9.25
1.03
1.17
3.20
2.0
1.0
1.72
2.75
2.02
1.39
 	 3:1(2:0)  
195	31/10
22:00	 Stoke City
Newcastle United	
-0.25
+0.25
1.75
2.00
 
 	
2.25
1.90
 	
1.80
 	
2.10
3.30
3.45
1.27
1.30
1.68
1.5
1.5
2.25
3.30
1.57
1.30
 	 1:3(0:2)  
175	22/10
14:45	 Wolverhampton Wanderers
Swansea City	
-0.75
+0.75
2.30
1.55
 
 	
2.25
1.80
 	
1.90
 	
1.95
3.35
3.65
1.24
1.31
1.75
1.5
1.0
2.10
2.20
1.68
1.60
 	 2:2(0:2)  
176	22/10
17:00	 Aston Villa
West Bromwich Albion	
0
0
1.47
2.50
  	
2.25
1.72
 	
1.92
 	
2.00
3.30
3.60
1.25
1.30
1.72
1.0
1.0
1.40
1.95
2.70
1.75
 	 1:2(1:1)  
177	22/10
17:00	 Bolton Wanderers
Sunderland	
0
0
1.57
2.25
  	
2.75
2.05
 	
1.70
 	
2.20
3.25
3.10
1.32
1.31
1.62
1.5
1.5
2.15
2.60
1.65
1.44
 	 0:2(0:0)  
178	22/10
17:00	 Newcastle United
Wigan Athletic	
-0.75
+0.75
1.72
2.05
 
 	
2.25
1.65
 	
2.15
 	
1.55
3.75
6.00
1.09
1.24
2.35
1.5
1.0
1.72
2.80
2.05
1.38
 	 1:0(0:0)  
179	22/10
19:30	 Liverpool
Norwich City	
-1.75
+1.75
2.00
1.75
 
 	
2.75
1.75
 	
1.95
 	
1.25
5.25
11.00
1.01
1.12
3.70
2.5
1.0
2.20
3.50
1.60
1.26
 	 1:1(1:0)  
180	23/10
15:30	 Arsenal London
Stoke City	
-0.75
+0.75
1.72
2.05
 
 	
2.75
1.90
 	
1.80
 	
1.55
3.75
6.00
1.09
1.24
2.35
1.5
1.0
1.62
2.38
2.18
1.52
 	 3:1(1:1)  
181	23/10
15:30	 Fulham
Everton	
-0.25
+0.25
2.05
1.70
 
 	
2.25
1.90
 	
1.80
 	
2.40
3.20
2.80
1.38
1.32
1.50
1.5
1.5
2.55
2.80
1.45
1.38
 	 1:3(0:1)  
182	23/10
15:30	 Manchester United
Manchester City	
-0.25
+0.25
1.80
1.95
 
 	
2.75
1.90
 	
1.80
 	
2.05
3.35
3.35
1.30
1.30
1.70
1.5
1.5
1.95
2.50
1.75
1.45
 	 1:6(0:1)  
183	23/10
17:00	 Blackburn Rovers
Tottenham Hotspur	
+0.25
-0.25
2.25
1.60
 
 	
2.75
1.90
 	
1.80
 	
4.10
3.40
1.85
1.90
1.28
1.20
1.5
1.5
2.90
1.80
1.36
1.90
 	 1:2(1:1)  
184	23/10
18:00	 QPR
Chelsea	
+1.25
-1.25
1.95
1.80
 
 	
2.75
1.90
 	
1.82
 	
8.75
4.50
1.35
3.05
1.16
1.04
1.0
2.0
3.30
1.85
1.30
1.85
 	 1:0(1:0)  
160	15/10
14:45	 Liverpool
Manchester United	
0
0
1.87
1.87
  	
2.75
2.10
 	
1.68
 	
2.60
3.25
2.60
1.44
1.32
1.44
1.5
1.5
2.38
2.38
1.52
1.52
 	 1:1(0:0)  
161	15/10
17:00	 Manchester City
Aston Villa	
-1.75
+1.75
2.15
1.65
 
 	
2.75
1.75
 	
1.95
 	
1.26
5.00
10.50
1.01
1.13
3.50
2.5
1.0
2.20
3.50
1.60
1.26
 	 4:1(1:0)  
162	15/10
17:00	 Norwich City
Swansea City	
0
0
1.47
2.50
  	
2.25
1.72
 	
1.92
 	
2.00
3.30
3.60
1.25
1.32
1.72
1.0
1.0
1.40
1.95
2.70
1.75
 	 3:1(2:1)  
163	15/10
17:00	 QPR
Blackburn Rovers	
-0.25
+0.25
1.65
2.15
 
 	
2.75
2.10
 	
1.68
 	
1.90
3.35
3.90
1.22
1.30
1.85
1.5
1.5
1.95
3.00
1.75
1.34
 	 1:1(1:1)  
164	15/10
17:00	 Stoke City
Fulham	
-0.25
+0.25
2.05
1.70
 
 	
2.25
1.90
 	
1.80
 	
2.40
3.20
2.80
1.38
1.32
1.50
1.5
1.5
2.55
2.80
1.45
1.38
 	 2:0(0:0)  
165	15/10
17:00	 Wigan Athletic
Bolton Wanderers	
-0.25
+0.25
1.95
1.75
 
 	
2.25
1.68
 	
2.10
 	
2.30
3.30
2.90
1.36
1.30
1.55
1.5
1.5
2.20
2.60
1.60
1.44
 	 1:3(1:2)  
166	15/10
19:30	 Chelsea
Everton	
-1.25
+1.25
1.75
1.95
 
 	
2.25
1.90
 	
1.80
 	
1.32
4.35
9.00
1.03
1.18
3.15
1.5
1.0
1.65
5.50
2.15
1.11
 	 3:1(2:0)  
167	16/10
14:00	 West Bromwich Albion
Wolverhampton Wanderers	
-0.25
+0.25
1.65
2.15
 
 	
2.75
2.05
 	
1.70
 	
1.95
3.40
3.60
1.25
1.28
1.77
1.5
1.0
1.95
1.95
1.75
1.75
 	 2:0(1:0)  
168	16/10
15:30	 Arsenal London
Sunderland	
-1.25
+1.25
1.85
1.90
 
 	
2.75
1.85
 	
1.85
 	
1.38
4.35
7.75
1.05
1.17
2.85
1.5
1.0
1.47
3.00
2.50
1.35
 	 2:1(1:1)  
169	16/10
18:00	 Newcastle United
Tottenham Hotspur	
+0.25
-0.25
1.70
2.05
 
 	
2.75
2.05
 	
1.70
 	
2.80
3.25
2.45
1.47
1.31
1.38
1.0
1.0
1.62
1.50
2.18
2.40
 	 2:2(0:1) 
136	01/10
14:45	 Everton
Liverpool	
+0.25
-0.25
1.68
2.10
 
 	
2.25
1.90
 	
1.80
 	
2.80
3.25
2.45
1.48
1.32
1.38
1.5
1.5
2.80
2.55
1.38
1.45
 	 0:2(0:0)   
137	01/10
17:00	 Aston Villa
Wigan Athletic	
-0.75
+0.75
1.80
1.95
 
 	
2.25
1.72
 	
2.02
 	
1.60
3.50
5.75
1.10
1.26
2.25
1.5
1.0
1.80
2.75
1.90
1.39
 	 2:0(1:0)  
138	01/10
17:00	 Blackburn Rovers
Manchester City	
+1.25
-1.25
1.90
1.80
 
 	
2.75
1.70
 	
2.05
 	
9.00
4.25
1.35
3.15
1.18
1.03
1.0
2.0
2.75
1.75
1.39
1.95
 	 0:4(0:0)  
139	01/10
17:00	 Manchester United
Norwich City	
-2.25
+2.25
1.95
1.80
 
 	
3.25
1.70
 	
2.05
 	
1.15
6.70
15.00
1.01
1.07
4.85
2.5
1.0
1.75
4.00
1.95
1.20
 	 2:0(0:0)  
140	01/10
17:00	 Sunderland
West Bromwich Albion	
-0.25
+0.25
1.80
1.95
 
 	
2.25
1.80
 	
1.90
 	
2.10
3.25
3.30
1.30
1.31
1.68
1.5
1.0
2.25
1.95
1.57
1.75
 	 2:2(2:2)  
141	01/10
17:00	 Wolverhampton Wanderers
Newcastle United	
-0.25
+0.25
2.02
1.72
 
 	
2.25
1.85
 	
1.85
 	
2.40
3.25
2.80
1.38
1.32
1.50
1.5
1.5
2.55
2.80
1.45
1.38
 	 1:2(0:2)  
142	02/10
15:30	 Bolton Wanderers
Chelsea	
+1.25
-1.25
1.75
1.95
 
 	
2.75
1.90
 	
1.80
 	
7.50
4.00
1.42
2.72
1.20
1.05
1.0
1.5
3.00
1.55
1.34
2.30
 	 1:5(0:4)  
143	02/10
17:00	 Fulham
QPR	
-0.75
+0.75
2.30
1.55
 
 	
2.25
1.80
 	
1.90
 	
1.95
3.25
3.75
1.23
1.31
1.75
1.5
1.0
2.10
2.20
1.68
1.60
 	 6:0(3:0)  
144	02/10
17:00	 Swansea City
Stoke City	
0
0
1.82
1.90
  	
2.25
2.02
 	
1.72
 	
2.55
3.20
2.65
1.42
1.32
1.44
1.0
1.0
1.85
1.90
1.85
1.82
 	 2:0(1:0)  
145	02/10
18:00	 Tottenham Hotspur
Arsenal London	
-0.25
+0.25
1.80
1.95
 
 	
2.75
1.85
 	
1.85
 	
2.10
3.30
3.30
1.30
1.31
1.68
1.5
1.5
1.90
2.40
1.80
1.50
 	 2:1(1:0)  
111	24/09
14:45	 Manchester City
Everton	
-1.25
+1.25
1.90
1.80
 
 	
2.75
1.80
 	
1.90
 	
1.42
4.00
7.50
1.05
1.20
2.72
1.5
1.0
1.47
2.50
2.45
1.45
 	 2:0(0:0)  
112	24/09
17:00	 Arsenal London
Bolton Wanderers	
-1.25
+1.25
1.80
1.90
 
 	
2.75
1.72
 	
2.02
 	
1.35
4.25
9.00
1.03
1.18
3.15
2.0
1.0
1.77
2.75
1.95
1.39
 	 3:0(0:0)  
113	24/09
17:00	 Chelsea
Swansea City	
-2.25
+2.25
2.16
1.62
 
 	
2.75
1.65
 	
2.12
 	
1.16
6.50
14.50
1.01
1.07
4.70
2.5
1.0
1.95
4.00
1.75
1.20
 	 4:1(2:0)  
114	24/09
17:00	 Liverpool
Wolverhampton Wanderers	
-1.25
+1.25
1.80
1.95
 
 	
2.75
1.90
 	
1.82
 	
1.35
4.50
8.75
1.04
1.16
3.10
2.0
1.0
1.85
3.30
1.85
1.30
 	 2:1(2:0)  
115	24/09
17:00	 Newcastle United
Blackburn Rovers	
-0.25
+0.25
1.60
2.25
 
 	
2.75
2.02
 	
1.72
 	
1.85
3.40
4.00
1.20
1.27
1.85
1.5
1.5
1.85
3.00
1.85
1.34
 	 3:1(2:1)  
116	24/09
17:00	 West Bromwich Albion
Fulham	
-0.25
+0.25
1.80
1.95
 
 	
2.75
2.05
 	
1.70
 	
2.10
3.30
3.30
1.30
1.31
1.68
1.5
1.0
2.10
1.80
1.68
1.90
 	 0:0(0:0)  
117	24/09
17:00	 Wigan Athletic
Tottenham Hotspur	
+0.75
-0.75
1.75
2.00
 
 	
2.75
2.10
 	
1.68
 	
4.25
3.50
1.75
1.97
1.26
1.18
1.0
1.5
2.20
1.85
1.60
1.85
 	 1:2(0:2)  
118	24/09
19:30	 Stoke City
Manchester United	
+0.75
-0.75
1.95
1.80
 
 	
2.75
2.02
 	
1.72
 	
5.80
3.50
1.60
2.30
1.26
1.10
1.0
1.5
2.40
1.72
1.50
2.02
 	 1:1(0:1)  
119	25/09
18:00	 QPR
Aston Villa	
-0.25
+0.25
1.77
1.97
 
 	
2.25
1.85
 	
1.85
 	
2.10
3.30
3.30
1.30
1.30
1.68
1.5
1.5
2.20
3.10
1.60
1.32
 	 1:1(0:0)  
120	26/09
22:00	 Norwich City
Sunderland	
0
0
1.80
1.90
  	
2.25
1.77
 	
1.95
 	
2.50
3.25
2.65
1.42
1.31
1.45
1.5
1.5
2.50
2.66
1.45
1.42
 	 2:1(1:0)  
90	17/09
14:45	 Blackburn Rovers
Arsenal London	
+0.25
-0.25
2.15
1.65
 
 	
2.75
2.05
 	
1.70
 	
3.60
3.45
1.95
1.77
1.28
1.25
1.0
1.5
1.95
1.95
1.75
1.75
 	 4:3(1:2)  
91	17/09
17:00	 Aston Villa
Newcastle United	
-0.25
+0.25
1.60
2.25
 
 	
2.25
1.72
 	
2.02
 	
1.85
3.45
4.00
1.20
1.27
1.85
1.5
1.5
1.95
2.95
1.75
1.35
 	 1:1(1:0)  
92	17/09
17:00	 Bolton Wanderers
Norwich City	
-0.75
+0.75
2.00
1.75
 
 	
2.75
1.95
 	
1.75
 	
1.75
3.50
4.35
1.17
1.26
2.00
1.5
1.0
1.80
2.05
1.90
1.70
 	 1:2(0:2)  
93	17/09
17:00	 Everton
Wigan Athletic	
-1.25
+1.25
1.95
1.75
 
 	
2.75
1.95
 	
1.75
 	
1.42
4.00
7.50
1.05
1.20
2.75
1.5
1.0
1.55
2.95
2.30
1.35
 	 3:1(1:1)  
94	17/09
17:00	 Swansea City
West Bromwich Albion	
0
0
1.85
1.85
  	
2.25
1.85
 	
1.85
 	
2.55
3.25
2.55
1.45
1.30
1.45
1.5
1.5
2.60
2.60
1.44
1.44
 	 3:0(2:0)  
95	17/09
17:00	 Wolverhampton Wanderers
QPR	
-0.75
+0.75
2.30
1.55
 
 	
2.25
1.80
 	
1.90
 	
1.95
3.25
3.75
1.23
1.31
1.75
1.5
1.0
2.10
2.20
1.68
1.60
 	 0:3(0:2)  
96	18/09
15:30	 Tottenham Hotspur
Liverpool	
0
0
1.85
1.85
  	
2.5
1.85

1.85

2.60
3.20
2.60
1.44
1.32
1.44
1.5
1.5
2.38
2.38
1.52
1.52
 	 4:0(1:0)  
97	18/09
17:00	 Fulham
Manchester City	
+0.75
-0.75
2.05
1.72
 
 	
2.25
1.65
 	
2.15
 	
6.00
3.75
1.55
2.35
1.24
1.09
1.0
1.5
2.80
1.72
1.38
2.05
 	 2:2(0:1)  
98	18/09
17:00	 Sunderland
Stoke City	
-0.25
+0.25
1.95
1.75
 
 	
2.25
2.05
 	
1.70
 	
2.35
3.15
2.90
1.36
1.35
1.52
1.0
1.0
1.72
2.05
2.02
1.70
 	 4:0(3:0)  
99	18/09
18:00	 Manchester United
Chelsea	
-0.25
+0.25
1.60
2.25
 
 	
2.75
2.02
 	
1.72
 	
1.85
3.45
4.10
1.20
1.27
1.85
1.5
1.5
1.85
3.00
1.85
1.34
 	 3:1(3:0)  
101	10/09
17:00	 Arsenal London
Swansea City	
-1.75
+1.75
2.25
1.55
 
 	
2.75
1.85
 	
1.85
 	
1.28
5.00
10.00
1.02
1.13
3.50
1.5
1.0
1.40
4.00
2.70
1.20
 	 1:0(1:0)  
102	10/09
17:00	 Everton
Aston Villa	
-0.75
+0.75
2.30
1.55
 
 	
2.25
1.80
 	
1.90
 	
1.95
3.30
3.70
1.24
1.30
1.75
1.5
1.0
2.10
2.20
1.68
1.60
 	 2:2(1:0)  
103	10/09
17:00	 Manchester City
Wigan Athletic	
-2.25
+2.25
2.12
1.66
 
 	
2.75
1.57
 	
2.25
 	
1.16
6.50
14.50
1.01
1.07
4.70
2.5
1.0
1.90
4.00
1.80
1.20
 	 3:0(1:0)  
104	10/09
17:00	 Stoke City
Liverpool	
+0.25
-0.25
2.00
1.75
 
 	
2.25
1.90
 	
1.80
 	
3.45
3.30
2.05
1.70
1.30
1.27
1.0
1.5
2.15
2.25
1.65
1.57
 	 1:0(1:0)  
105	10/09
17:00	 Sunderland
Chelsea	
+0.75
-0.75
2.00
1.80
 
 	
2.25
1.72
 	
2.02
 	
5.80
3.55
1.60
2.30
1.25
1.10
1.0
1.5
2.75
1.80
1.39
1.90
 	 1:2(0:1)  
106	10/09
17:00	 Wolverhampton Wanderers
Tottenham Hotspur	
+0.25
-0.25
1.68
2.10
 
 	
2.75
2.10
 	
1.66
 	
2.85
3.25
2.40
1.50
1.32
1.37
1.0
1.0
1.62
1.50
2.18
2.40
 	 0:2(0:0)  
107	10/09
19:30	 Bolton Wanderers
Manchester United	
+1.25
-1.25
1.90
1.80
 
 	
2.75
1.75
 	
1.95
 	
9.00
4.25
1.35
3.15
1.18
1.03
1.0
2.0
2.75
1.80
1.39
1.90
 	 0:5(0:3) 
109	11/09
15:30	 Norwich City
West Bromwich Albion	
0
0
1.72
2.00
  	
2.75
2.10
 	
1.68
 	
2.45
3.25
2.70
1.40
1.32
1.47
1.5
1.5
2.25
2.40
1.57
1.50
 	 0:1(0:1)  
110	11/09
18:00	 Fulham
Blackburn Rovers	
-0.75
+0.75
1.85
1.90
 
 	
2.25
1.72
 	
2.02
 	
1.65
3.55
5.10
1.13
1.26
2.20
1.5
1.0
1.80
2.66
1.90
1.42
 	 1:1(1:1)  
111	12/09
22:00	 QPR
Newcastle United	
-0.25
+0.25
2.05
1.70
 
 	
2.25
1.90
 	
1.80
 	
2.40
3.20
2.80
1.38
1.32
1.50
1.5
1.5
2.55
2.80
1.45
1.38
 	 0:0(0:0)  
105	27/08
14:05	 Aston Villa
Wolverhampton Wanderers	
-0.25
+0.25
1.65
2.15
 
 	
2.75
2.05
 	
1.70
 	
1.95
3.40
3.60
1.25
1.28
1.77
1.5
1.0
1.95
1.95
1.75
1.75
 	 0:0(0:0)  
106	27/08
14:30	 Wigan Athletic
QPR	
-0.75
+0.75
2.30
1.55
 
 	
2.25
1.85
 	
1.85
 	
1.95
3.30
3.80
1.23
1.32
1.75
1.5
1.0
2.20
2.30
1.60
1.55
 	 2:0(1:0)  
107	27/08
17:00	 Blackburn Rovers
Everton	
0
0
2.20
1.60
  	
2.25
1.90
 	
1.80
 	
3.05
3.25
2.20
1.60
1.31
1.33
1.5
1.5
3.10
2.40
1.32
1.50
 	 0:1(0:0)  
108	27/08
17:00	 Chelsea
Norwich City	
-2.25
+2.25
2.05
1.70
 
 	
2.75
1.57
 	
2.25
 	
1.16
6.50
14.50
1.01
1.07
4.70
2.5
1.0
1.90
4.00
1.80
1.20
 	 3:1(1:0)  
109	27/08
17:00	 Swansea City
Sunderland	
0
0
1.60
2.25
  	
2.25
1.85
 	
1.85
 	
2.25
3.20
3.05
1.33
1.32
1.57
1.5
1.5
2.40
2.95
1.50
1.35
 	 0:0(0:0)  
110	27/08
19:30	 Liverpool
Bolton Wanderers	
-1.25
+1.25
1.80
1.95
 
 	
2.75
1.90
 	
1.82
 	
1.35
4.50
8.75
1.04
1.16
3.10
2.0
1.0
1.85
3.30
1.85
1.30
 	 3:1(1:0)  
112	28/08
15:00	 Newcastle United
Fulham	
-0.25
+0.25
1.75
2.00
 
 	
2.25
1.90
 	
1.80
 	
2.10
3.30
3.25
1.31
1.30
1.68
1.5
1.5
2.25
3.30
1.57
1.30
 	 2:1(0:0)  
113	28/08
15:30	 Tottenham Hotspur
Manchester City	
+0.25
-0.25
1.75
1.95
 
 	
2.25
1.68
 	
2.10
 	
2.90
3.30
2.30
1.55
1.30
1.36
1.5
1.5
2.60
2.20
1.44
1.60
 	 1:5(0:2)  
114	28/08
17:00	 West Bromwich Albion
Stoke City	
-0.25
+0.25
1.75
2.00
 
 	
2.25
1.90
 	
1.80
 	
2.05
3.30
3.40
1.28
1.30
1.70
1.5
1.0
2.25
2.15
1.57
1.65
 	 0:1(0:0)  
115	28/08
18:00	 Manchester United
Arsenal London	
-1.25
+1.25
1.95
1.75
 
 	
2.75
1.95
 	
1.75
 	
1.42
4.15
7.50
1.05
1.20
2.72
1.5
1.0
1.55
2.95
2.30
1.35
 	 8:2(3:1)  
108	20/08
14:00	 Sunderland
Newcastle United	
-0.25
+0.25
2.02
1.72
 
 	
2.25
1.90
 	
1.80
 	
2.40
3.20
2.85
1.37
1.32
1.50
1.5
1.5
2.55
2.80
1.45
1.38
 	 0:1(0:0)  
109	20/08
14:45	 Arsenal London
Liverpool	
-0.25
+0.25
1.90
1.80
 
 	
2.25
1.75
 	
1.97
 	
2.25
3.25
3.00
1.34
1.32
1.57
1.5
1.5
2.30
2.66
1.55
1.42
 	 0:2(0:0)  
110	20/08
17:00	 Aston Villa
Blackburn Rovers	
-0.75
+0.75
1.85
1.90
 
 	
2.5
1.85

1.85

1.65
3.55
5.00
1.13
1.25
2.20
1.5
1.0
1.75
2.40
1.97
1.50
 	 3:1(2:0)  
111	20/08
17:00	 Swansea City
Wigan Athletic	
0
0
1.47
2.50
  	
2.25
1.72
 	
1.92
 	
2.00
3.30
3.55
1.25
1.30
1.72
1.0
1.0
1.40
1.95
2.70
1.75
 	 0:0(0:0)  
112	20/08
17:00	 Everton
QPR	
-1.25
+1.25
1.95
1.75
 
 	
2.75
1.95
 	
1.75
 	
1.42
4.00
7.50
1.05
1.20
2.72
1.5
1.0
1.55
3.00
2.30
1.34
 	 0:1(0:1)  
113	20/08
19:30	 Chelsea
West Bromwich Albion	
-1.75
+1.75
2.05
1.70
 
 	
2.75
1.75
 	
1.95
 	
1.26
5.10
11.00
1.01
1.12
3.65
2.5
1.0
2.20
3.50
1.60
1.26
 	 2:1(0:1)  
114	21/08
15:30	 Norwich City
Stoke City	
0
0
1.80
1.95
  	
2.25
1.95
 	
1.75
 	
2.55
3.25
2.65
1.42
1.32
1.45
1.0
1.0
1.80
1.85
1.90
1.85
 	 1:1(1:0)  
115	21/08
16:00	 Wolverhampton Wanderers
Fulham	
-0.25
+0.25
2.05
1.70
 
 	
2.25
1.90
 	
1.80
 	
2.40
3.25
2.80
1.38
1.32
1.50
1.5
1.5
2.55
2.80
1.45
1.38
 	 2:0(2:0)  
116	21/08
18:00	 Bolton Wanderers
Manchester City	
+0.75
-0.75
1.75
2.00
 
 	
2.75
2.10
 	
1.68
 	
4.40
3.50
1.75
1.97
1.26
1.17
1.0
1.5
2.20
1.85
1.60
1.85
 	 2:3(1:2)  
117	22/08
22:00	 Manchester United
Tottenham Hotspur	
-0.75
+0.75
1.85
1.90
 
 	
2.75
1.95
 	
1.75
 	
1.65
3.55
5.00
1.13
1.25
2.20
1.5
1.0
1.70
2.25
2.05
1.57
 	 3:0(0:0)  
122	13/08
17:00	 Wigan Athletic
Norwich City	
0
0
1.60
2.20
  	
2.25
1.72
 	
2.02
 	
2.20
3.25
3.05
1.33
1.31
1.60
1.5
1.5
2.20
2.75
1.60
1.39
 	 1:1(1:1)  
123	13/08
17:00	 Blackburn Rovers
Wolverhampton Wanderers	
-0.25
+0.25
1.95
1.80
 
 	
2.75
2.02
 	
1.72
 	
2.30
3.30
2.90
1.36
1.30
1.55
1.5
1.5
2.15
2.45
1.65
1.47
 	 1:2(1:1)  
124	13/08
17:00	 Fulham
Aston Villa	
-0.25
+0.25
1.65
2.15
 
 	
2.25
1.90
 	
1.80
 	
1.90
3.30
3.90
1.22
1.30
1.82
1.5
1.0
2.15
2.38
1.65
1.52
 	 0:0(0:0)  
125	13/08
17:00	 Liverpool
Sunderland	
-1.25
+1.25
1.85
1.90
 
 	
2.75
1.85
 	
1.85
 	
1.38
4.35
7.75
1.05
1.17
2.85
1.5
1.0
1.47
3.00
2.50
1.35
 	 1:1(1:0)  
126	13/08
17:00	 QPR
Bolton Wanderers	
-0.25
+0.25
1.80
1.95
 
 	
2.25
1.80
 	
1.90
 	
2.10
3.25
3.30
1.30
1.31
1.68
1.5
1.0
2.25
1.95
1.57
1.75
 	 0:4(0:1)  
127	13/08
19:30	 Newcastle United
Arsenal London	
+0.25
-0.25
2.00
1.75
 
 	
2.75
2.05
 	
1.70
 	
3.40
3.30
2.05
1.70
1.30
1.28
1.0
1.5
1.80
2.10
1.90
1.68
 	 0:0(0:0)  
128	14/08
15:30	 Stoke City
Chelsea	
+0.75
-0.75
1.90
1.80
 
 	
2.25
1.72
 	
2.02
 	
5.75
3.50
1.60
2.25
1.26
1.10
1.0
1.5
2.75
1.80
1.39
1.90
 	 0:0(0:0)  
129	14/08
18:00	 West Bromwich Albion
Manchester United	
+1.25
-1.25
1.68
2.12
 
 	
2.75
1.95
 	
1.75
 	
6.25
3.85
1.50
2.45
1.22
1.08
1.0
1.5
2.75
1.60
1.39
2.25
 	 1:2(1:1)  
130	15/08
22:00	 Manchester City
Swansea City	
-1.75
+1.75
1.85
1.85
 
 	
2.75
1.75
 	
1.95
 	
1.22
5.50
11.00
1.01
1.11
4.00
1.5
1.0
1.38
4.10
2.82
1.19
 	 4:0(0:0)  
54	01/01
14:30	 West Bromwich Albion
Everton	
0
0
1.85
1.85
  	
2.25
1.85
 	
1.85
 	
2.55
3.25
2.55
1.45
1.30
1.45
1.5
1.5
2.60
2.60
1.44
1.44
 	 0:1(0:0)  
55	01/01
17:00	 Sunderland
Manchester City	
+0.75
-0.75
2.00
1.75
 
 	
2.25
1.65
 	
2.15
 	
6.00
3.75
1.55
2.35
1.24
1.09
1.0
1.5
2.80
1.72
1.38
2.05
 	 1:0(0:0)  
56	02/01
17:00	 Aston Villa
Swansea City	
-0.75
+0.75
2.00
1.75
 
 	
2.25
1.80
 	
1.90
 	
1.75
3.45
4.50
1.16
1.28
1.97
1.5
1.0
1.95
2.45
1.75
1.47
 	 0:2(0:1)  
57	02/01
17:00	 Blackburn Rovers
Stoke City	
0
0
1.85
1.85
  	
2.75
2.00
 	
1.75
 	
2.60
3.25
2.60
1.44
1.31
1.44
1.5
1.5
2.30
2.30
1.55
1.55
 	 1:2(0:2)  
58	02/01
17:00	 QPR
Norwich City	
-0.25
+0.25
1.75
2.00
 
 	
2.75
2.05
 	
1.70
 	
2.05
3.30
3.40
1.28
1.30
1.70
1.5
1.0
2.10
1.80
1.68
1.90
 	 1:2(1:1)  
59	02/01
17:00	 Wolverhampton Wanderers
Chelsea	
+1.25
-1.25
1.65
2.15
 
 	
2.75
1.95
 	
1.75
 	
6.35
3.75
1.50
2.45
1.23
1.08
1.0
1.5
2.75
1.62
1.39
2.20
 	 1:2(0:0)  
60	02/01
19:30	 Fulham
Arsenal London	
+0.25
-0.25
2.20
1.65
 
 	
2.75
2.05
 	
1.70
 	
3.75
3.40
1.90
1.85
1.28
1.24
1.5
1.5
3.00
1.95
1.34
1.75
 	 2:1(0:1)  
217	03/01
21:45	 Tottenham Hotspur
West Bromwich Albion	
-1.25
+1.25
1.80
1.95
 
 	
2.75
1.88
 	
1.83
 	
1.35
4.50
8.50
1.04
1.16
3.05
2.0
1.0
1.85
3.30
1.85
1.30
 	 1:0(0:0)  
218	03/01
21:45	 Wigan Athletic
Sunderland	
0
0
1.80
1.90
  	
2.25
1.77
 	
1.95
 	
2.50
3.30
2.65
1.42
1.30
1.45
1.5
1.5
2.50
2.66
1.45
1.42
 	 1:4(0:1)  
219	03/01
22:00	 Manchester City
Liverpool	
-0.25
+0.25
1.60
2.25
 
 	
2.75
2.02
 	
1.72
 	
1.85
3.40
4.10
1.20
1.28
1.85
1.5
1.5
1.85
3.00
1.85
1.34
 	 3:0(2:0)  
220	04/01
22:00	 Everton
Bolton Wanderers	
-1.25
+1.25
1.97
1.75
 
 	
2.25
1.68
 	
2.10
 	
1.45
3.95
7.00
1.07
1.22
2.65
1.5
1.0
1.62
3.25
2.18
1.31
 	 1:2(0:0)  
221	04/01
22:00	 Newcastle United
Manchester United	
+0.75
-0.75
1.77
1.95
 
 	
2.75
2.10
 	
1.68
 	
4.50
3.55
1.75
2.00
1.25
1.16
1.0
1.5
2.20
1.85
1.60
1.85
 	 3:0(1:0) 
43	11/01
21:45	 Tottenham Hotspur
Everton	
-0.75
+0.75
1.72
2.05
 
 	
2.25
1.65
 	
2.15
 	
1.55
3.75
6.00
1.09
1.24
2.35
1.5
1.0
1.72
2.80
2.05
1.38
 	 2:0(1:0)   
150	14/01
17:00	 Aston Villa
Everton	
0
0
1.60
2.25  
	
2.25
1.85
 	
1.85
 	
2.25
3.30
3.05
1.33
1.30
1.57
1.5
1.5
2.40
2.95
1.50
1.35
 	 1:1(0:0)  
151	14/01
17:00	 Blackburn Rovers
Fulham	
+0.25
-0.25
1.70
2.05
 
 	
2.75
1.95
 	
1.75
 	
2.80
3.30
2.40
1.50
1.30
1.38
1.0
1.0
1.55
1.45
2.30
2.55
 	 3:1(1:0)  
152	14/01
17:00	 Chelsea
Sunderland	
-1.25
+1.25
1.85
1.85
 
 	
2.75
1.80
 	
1.90
 	
1.38
4.35
7.75
1.05
1.17
2.85
1.5
1.0
1.45
2.95
2.55
1.35
 	 1:0(1:0)  
153	14/01
17:00	 Liverpool
Stoke City	
-1.25
+1.25
1.90
1.80
 
 	
2.75
2.10
 	
1.68
 	
1.42
4.00
7.50
1.05
1.20
2.72
1.5
1.0
1.60
3.30
2.20
1.30
 	 0:0(0:0)  
154	14/01
17:00	 Manchester United
Bolton Wanderers	
-2.25
+2.25
1.90
1.80
 
 	
3.25
1.75
 	
1.95
 	
1.15
6.50
15.00
1.01
1.07
4.85
2.5
1.0
1.75
4.20
1.97
1.18
 	 3:0(1:0)  
155	14/01
17:00	 Tottenham Hotspur
Wolverhampton Wanderers	
-1.75
+1.75
2.02
1.72
 
 	
2.75
1.60
 	
2.20
 	
1.25
5.10
11.00
1.01
1.13
3.75
2.5
1.0
2.10
3.30
1.68
1.30
 	 1:1(0:1)  
156	14/01
17:00	 West Bromwich Albion
Norwich City	
-0.25
+0.25
1.65
2.15
 
 	
2.75
2.05
 	
1.70
 	
1.95
3.45
3.60
1.25
1.28
1.77
1.5
1.0
1.95
1.95
1.75
1.75
 	 1:2(0:1)  
157	15/01
15:30	 Newcastle United
QPR	
-0.75
+0.75
2.00
1.75
 
 	
2.75
2.10
 	
1.68
 	
1.75
3.45
4.50
1.16
1.27
1.97
1.5
1.0
1.85
2.20
1.85
1.60
 	 1:0(1:0)  
158	15/01
18:00	 Swansea City
Arsenal London	
+0.75
-0.75
1.75
2.00
 
 	
2.75
2.10
 	
1.68
 	
4.50
3.45
1.75
1.97
1.27
1.16
1.0
1.5
2.20
1.85
1.60
1.85
 	 3:2(1:1)  
159	16/01
22:00	 Wigan Athletic
Manchester City	
+1.25
-1.25
1.85
1.85
 
 	
2.75
1.85
 	
1.85
 	
7.75
4.35
1.38
2.85
1.17
1.05
1.0
1.5
2.95
1.47
1.35
2.50
 	 0:1(0:1)  
101	21/01
14:45	 Norwich City
Chelsea	
+1.25
-1.25
1.65
2.15
 
 	
2.75
1.75
 	
1.95
 	
6.50
3.85
1.50
2.50
1.23
1.07
1.0
1.5
2.25
1.55
1.57
2.30
 	 0:0(0:0)  
102	21/01
17:00	 Everton
Blackburn Rovers	
-1.25
+1.25
2.15
1.65
 
 	
2.25
1.62
 	
2.18
 	
1.50
3.85
6.50
1.07
1.23
2.50
1.5
1.0
1.65
2.90
2.15
1.36
 	 1:1(1:0)  
103	21/01
17:00	 Fulham
Newcastle United	
0
0
1.47
2.50
  	
2.25
1.72
 	
1.92
 	
2.00
3.30
3.65
1.24
1.30
1.72
1.0
1.0
1.40
1.95
2.70
1.75
 	 5:2(0:1)  
104	21/01
17:00	 QPR
Wigan Athletic	
-0.75
+0.75
2.30
1.55
 
 	
2.25
1.80
 	
1.90
 	
1.95
3.35
3.75
1.23
1.30
1.75
1.5
1.0
2.10
2.20
1.68
1.60
 	 3:1(2:0)  
105	21/01
17:00	 Stoke City
West Bromwich Albion	
-0.25
+0.25
1.65
2.15
 
 	
2.75
2.05
 	
1.70
 	
1.95
3.35
3.60
1.25
1.30
1.77
1.5
1.0
1.95
1.95
1.75
1.75
 	 1:2(0:1)  
106	21/01
17:00	 Sunderland
Swansea City	
-0.25
+0.25
1.60
2.25
 
 	
2.25
1.85
 	
1.85
 	
1.85
3.40
4.00
1.20
1.28
1.85
1.5
1.5
2.10
3.75
1.68
1.23
 	 2:0(1:0)  
107	21/01
17:00	 Wolverhampton Wanderers
Aston Villa	
0
0
1.75
1.95
  	
2.25
1.80
 	
1.90
 	
2.45
3.25
2.70
1.40
1.32
1.47
1.5
1.5
2.45
2.70
1.47
1.40
 	 2:3(2:1)  
108	21/01
19:30	 Bolton Wanderers
Liverpool	
+0.75
-0.75
2.05
1.72
 
 	
2.75
1.90
 	
1.80
 	
6.00
3.75
1.55
2.35
1.24
1.09
1.0
1.5
2.38
1.62
1.52
2.18
 	 3:1(2:1)  
109	22/01
15:30	 Manchester City
Tottenham Hotspur	
-0.75
+0.75
2.00
1.75
 
 	
2.75
1.95
 	
1.75
 	
1.75
3.50
4.35
1.17
1.26
2.00
1.5
1.0
1.80
2.05
1.90
1.70
 	 3:2(0:0)  
110	22/01
18:00	 Arsenal London
Manchester United	
0
0
1.85
1.85
  	
2.75
2.00
 	
1.75
 	
2.60
3.25
2.60
1.44
1.32
1.44
1.5
1.5
2.30
2.30
1.55
1.55
 	 1:2(0:1)  
158	04/02
15:00	 Arsenal London
Blackburn Rovers	
-1.75
+1.75
2.02
1.72
 
 	
2.75
1.60
 	
2.20
 	
1.25
5.10
11.00
1.01
1.13
3.75
2.5
1.0
2.10
3.30
1.68
1.30
 	 7:1(3:1)  
159	04/02
17:00	 Norwich City
Bolton Wanderers	
-0.25
+0.25
1.65
2.15
 
 	
2.75
1.90
 	
1.80
 	
1.95
3.35
3.60
1.25
1.30
1.77
1.5
1.0
1.85
1.80
1.85
1.90
 	 2:0(0:0)  
160	04/02
17:00	 QPR
Wolverhampton Wanderers	
-0.25
+0.25
1.65
2.20
 
 	
2.75
2.05
 	
1.70
 	
1.90
3.40
3.75
1.24
1.28
1.85
1.5
1.5
1.95
3.00
1.75
1.34
 	 1:2(1:0)  
161	04/02
17:00	 Stoke City
Sunderland	
0
0
1.60
2.20
  	
2.25
1.90
 	
1.80
 	
2.20
3.25
3.05
1.33
1.31
1.60
1.5
1.5
2.40
3.10
1.50
1.32
 	 0:1(0:0)  
162	04/02
17:00	 West Bromwich Albion
Swansea City	
-0.25
+0.25
1.75
2.00
 
 	
2.25
1.90
 	
1.80
 	
2.05
3.30
3.40
1.28
1.30
1.70
1.5
1.0
2.25
2.15
1.57
1.65
 	 1:2(0:0)  
163	04/02
17:00	 Wigan Athletic
Everton	
+0.75
-0.75
1.55
2.30
 
 	
2.25
1.80
 	
1.90
 	
3.70
3.35
1.95
1.75
1.30
1.24
1.0
1.5
2.20
2.10
1.60
1.68
 	 1:1(0:0)  
164	04/02
19:30	 Manchester City
Fulham	
-1.75
+1.75
2.00
1.75
 
 	
2.75
1.75
 	
1.95
 	
1.26
5.10
11.00
1.01
1.12
3.65
2.5
1.0
2.20
3.50
1.60
1.26
 	 3:0(2:0)  
165	05/02
15:30	 Newcastle United
Aston Villa	
-0.25
+0.25
1.75
2.00
 
 	
2.75
2.05
 	
1.70
 	
2.05
3.30
3.40
1.28
1.30
1.70
1.5
1.0
2.10
1.80
1.68
1.90
 	 2:1(1:1)  
166	05/02
18:00	 Chelsea
Manchester United	
0
0
1.87
1.87
  	
2.75
2.10
 	
1.68
 	
2.60
3.25
2.60
1.44
1.32
1.44
1.5
1.5
2.38
2.38
1.52
1.52
 	 3:3(1:0)  
167	06/02
22:00	 Liverpool
Tottenham Hotspur	
0
0
1.47
2.50
  	
2.25
1.72
 	
1.92
 	
2.00
3.35
3.45
1.27
1.30
1.72
1.0
1.0
1.40
1.95
2.70
1.75
 	 0:0(0:0) 
140	11/02
14:45	 Manchester United
Liverpool	
-0.25
+0.25
1.60
2.22
 
 	
2.25
1.72
 	
2.02
 	
1.87
3.40
4.00
1.20
1.28
1.87
1.5
1.5
1.95
3.30
1.75
1.30
 	 2:1(0:0)  
141	11/02
17:00	 Blackburn Rovers
QPR	
-0.25
+0.25
1.80
1.95
 
 	
2.75
2.05
 	
1.70
 	
2.10
3.30
3.30
1.30
1.31
1.68
1.5
1.0
2.10
1.80
1.68
1.90
 	 3:2(3:0)  
142	11/02
17:00	 Bolton Wanderers
Wigan Athletic	
-0.25
+0.25
1.75
2.00
 
 	
2.75
2.05
 	
1.70
 	
2.05
3.30
3.40
1.28
1.30
1.70
1.5
1.0
2.10
1.80
1.68
1.90
 	 1:2(0:1)  
143	11/02
17:00	 Everton
Chelsea	
0
0
2.25
1.60
  	
2.25
1.85
 	
1.85
 	
3.05
3.30
2.25
1.57
1.30
1.33
1.5
1.5
2.95
2.40
1.35
1.50
 	 2:0(1:0)  
144	11/02
17:00	 Fulham
Stoke City	
-0.25
+0.25
1.60
2.25
 
 	
2.25
1.80
 	
1.90
 	
1.85
3.30
4.10
1.20
1.30
1.85
1.5
1.5
2.02
3.50
1.72
1.26
 	 2:1(2:0)  
145	11/02
17:00	 Sunderland
Arsenal London	
+0.25
-0.25
2.00
1.75
 
 	
2.75
2.05
 	
1.70
 	
3.40
3.30
2.05
1.70
1.30
1.28
1.0
1.5
1.80
2.10
1.90
1.68
 	 1:2(0:0)  
146	11/02
17:00	 Swansea City
Norwich City	
-0.75
+0.75
2.00
1.75
 
 	
2.75
2.10
 	
1.68
 	
1.75
3.45
4.50
1.16
1.27
1.97
1.5
1.0
1.85
2.20
1.85
1.60
 	 2:3(1:0)  
147	11/02
19:30	 Tottenham Hotspur
Newcastle United	
-1.25
+1.25
2.15
1.65
 
 	
2.75
1.75
 	
1.95
 	
1.50
3.85
6.50
1.07
1.23
2.50
1.5
1.0
1.55
2.25
2.30
1.57
 	 5:0(4:0)  
148	12/02
15:30	 Wolverhampton Wanderers
West Bromwich Albion	
-0.25
+0.25
2.00
1.75
 
 	
2.75
2.10
 	
1.66
 	
2.40
3.25
2.85
1.37
1.32
1.50
1.0
1.0
1.50
1.62
2.40
2.18
 	 1:5(1:1)  
149	12/02
18:00	 Aston Villa
Manchester City	
+0.75
-0.75
1.90
1.85
 
 	
2.75
2.02
 	
1.72
 	
5.00
3.65
1.65
2.15
1.25
1.13
1.0
1.5
2.40
1.72
1.50
2.00
 	 0:1(0:0)  
122	25/02
17:00	 Chelsea
Bolton Wanderers	
-1.75
+1.75
1.85
1.85
 
 	
2.75
1.62
 	
2.18
 	
1.22
5.60
11.00
1.01
1.10
4.00
2.5
1.0
2.02
3.60
1.72
1.25
 	 3:0(0:0)  
123	25/02
17:00	 Newcastle United
Wolverhampton Wanderers	
-1.25
+1.25
2.05
1.75
 
 	
2.75
1.95
 	
1.75
 	
1.47
3.85
6.50
1.07
1.22
2.55
1.5
1.0
1.60
2.75
2.25
1.39
 	 2:2(2:0)  
124	25/02
17:00	 QPR
Fulham	
0
0
1.85
1.85
  	
2.25
1.85
 	
1.85
 	
2.55
3.25
2.55
1.45
1.30
1.45
1.5
1.5
2.60
2.60
1.44
1.44
 	 0:1(0:1)  
125	25/02
17:00	 West Bromwich Albion
Sunderland	
-0.25
+0.25
1.95
1.75
 
 	
2.25
1.72
 	
2.02
 	
2.30
3.25
2.90
1.36
1.32
1.55
1.5
1.5
2.30
2.66
1.55
1.42
 	 4:0(2:0)  
126	25/02
17:00	 Wigan Athletic
Aston Villa	
0
0
1.90
1.80
  	
2.25
1.77
 	
1.95
 	
2.65
3.30
2.50
1.45
1.30
1.42
1.5
1.5
2.66
2.50
1.42
1.45
 	 0:0(0:0)  
127	25/02
19:30	 Manchester City
Blackburn Rovers	
-2.25
+2.25
1.80
1.90
 
 	
3.25
1.72
 	
2.02
 	
1.14
6.75
15.50
1.01
1.07
5.00
2.5
1.0
1.75
4.20
1.97
1.18
 	 3:0(1:0)  
128	26/02
15:30	 Arsenal London
Tottenham Hotspur	
0
0
1.77
1.95
  	
2.75
1.95
 	
1.75
 	
2.45
3.30
2.65
1.42
1.30
1.47
1.5
1.5
2.20
2.30
1.60
1.55
 	 5:2(2:2)  
129	26/02
15:30	 Norwich City
Manchester United	
+1.25
-1.25
1.65
2.15
 
 	
2.75
1.75
 	
1.95
 	
6.50
3.85
1.50
2.50
1.23
1.07
1.0
1.5
2.25
1.55
1.57
2.30
 	 1:2(0:1)  
130	26/02
17:00	 Stoke City
Swansea City	
-0.25
+0.25
1.75
2.00
 
 	
2.25
1.90
 	
1.80
 	
2.10
3.30
3.45
1.27
1.30
1.68
1.5
1.5
2.25
3.30
1.57
1.30
 	 2:0(2:0)    
140	03/03
14:45	 Liverpool
Arsenal London	
-0.25
+0.25
1.65
2.15
 
 	
2.75
2.08
 	
1.68
 	
1.97
3.45
3.60
1.25
1.28
1.75
1.5
1.0
1.95
1.95
1.75
1.75
 	 1:2(1:1)  
141	03/03
17:00	 Blackburn Rovers
Aston Villa	
-0.25
+0.25
2.00
1.75
 
 	
2.75
2.10
 	
1.66
 	
2.40
3.25
2.85
1.37
1.32
1.50
1.0
1.0
1.50
1.62
2.40
2.18
 	 1:1(0:1)  
142	03/03
17:00	 Manchester City
Bolton Wanderers	
-2.25
+2.25
1.95
1.75
 
 	
3.25
1.85
 	
1.85
 	
1.15
6.50
15.00
1.01
1.07
4.85
2.5
1.0
1.80
4.20
1.90
1.18
 	 2:0(1:0)  
143	03/03
17:00	 QPR
Everton	
+0.25
-0.25
1.72
2.02
 
 	
2.25
1.85
 	
1.85
 	
2.80
3.25
2.40
1.50
1.31
1.38
1.5
1.5
2.80
2.55
1.38
1.45
 	 1:1(1:1)  
144	03/03
17:00	 Stoke City
Norwich City	
-0.25
+0.25
1.60
2.22
 
 	
2.75
2.02
 	
1.72
 	
1.85
3.40
3.95
1.22
1.28
1.85
1.5
1.5
1.85
3.00
1.85
1.34
 	 1:0(0:0)  
145	03/03
17:00	 West Bromwich Albion
Chelsea	
+0.25
-0.25
2.15
1.65
 
 	
2.75
2.12
 	
1.66
 	
3.90
3.35
1.90
1.85
1.30
1.22
1.5
1.5
3.00
1.95
1.34
1.75
 	 1:0(0:0)  
146	03/03
17:00	 Wigan Athletic
Swansea City	
0
0
1.75
1.95
  	
2.25
1.80
 	
1.90
 	
2.45
3.25
2.70
1.40
1.31
1.47
1.5
1.5
2.45
2.70
1.47
1.40
 	 0:2(0:1)  
147	04/03
14:00	 Newcastle United
Sunderland	
-0.25
+0.25
1.75
2.00
 
 	
2.75
2.05
 	
1.70
 	
2.05
3.30
3.40
1.28
1.30
1.70
1.5
1.0
2.10
1.80
1.68
1.90
 	 1:1(0:1)  
148	04/03
16:05	 Fulham
Wolverhampton Wanderers	
-0.75
+0.75
1.72
2.02
 
 	
2.75
1.90
 	
1.80
 	
1.55
3.75
5.80
1.10
1.24
2.30
1.5
1.0
1.62
2.38
2.18
1.52
 	 5:0(2:0)  
149	04/03
18:10	 Tottenham Hotspur
Manchester United	
+0.25
-0.25
1.70
2.05
 
 	
2.75
1.95
 	
1.75
 	
2.80
3.30
2.40
1.50
1.30
1.38
1.0
1.0
1.55
1.45
2.30
2.55
 	 1:3(0:1)
140	10/03
14:45	 Bolton Wanderers
QPR	
0
0
1.80
1.90
  	
2.25
1.77
 	
1.95
 	
2.50
3.30
2.65
1.42
1.30
1.45
1.5
1.5
2.50
2.66
1.45
1.42
 	 2:1(1:0)  
141	10/03
17:00	 Aston Villa
Fulham	
0
0
1.73
1.98
  	
2.25
1.80
 	
1.90
 	
2.45
3.25
2.75
1.40
1.32
1.50
1.5
1.5
2.45
2.70
1.47
1.40
 	 1:0(0:0)  
142	10/03
17:00	 Chelsea
Stoke City	
-1.25
+1.25
1.80
1.95
 
 	
2.75
1.92
 	
1.80
 	
1.35
4.25
9.00
1.03
1.18
3.15
2.0
1.0
1.85
3.40
1.85
1.28
 	 1:0(0:0)  
143	10/03
17:00	 Sunderland
Liverpool	
+0.25
-0.25
2.25
1.60
 
 	
2.25
1.85
 	
1.85
 	
4.00
3.40
1.85
1.85
1.29
1.20
1.5
1.5
3.75
2.10
1.23
1.68
 	 1:0(0:0)  
145	10/03
19:30	 Everton
Tottenham Hotspur	
0
0
1.95
1.75
  	
2.25
1.75
 	
1.95
 	
2.70
3.25
2.45
1.47
1.32
1.40
1.5
1.5
2.70
2.45
1.40
1.47
 	 1:0(1:0)  
146	11/03
16:00	 Manchester United
West Bromwich Albion	
-1.75
+1.75
2.05
1.70
 
 	
2.75
1.65
 	
2.15
 	
1.26
5.10
11.00
1.01
1.12
3.65
2.5
1.0
2.15
3.35
1.65
1.29
 	 2:0(1:0)  
147	11/03
16:00	 Swansea City
Manchester City	
+0.75
-0.75
1.95
1.78
 
 	
2.75
2.02
 	
1.72
 	
5.60
3.60
1.60
2.25
1.25
1.11
1.0
1.5
2.40
1.72
1.50
2.02
 	 1:0(0:0)  
148	11/03
18:00	 Norwich City
Wigan Athletic	
-0.75
+0.75
2.00
1.75
 
 	
2.75
2.10
 	
1.68
 	
1.75
3.45
4.50
1.16
1.27
1.97
1.5
1.0
1.85
2.20
1.85
1.60
 	 1:1(1:0)  
149	12/03
22:00	 Arsenal London
Newcastle United	
-1.25
+1.25
1.90
1.80
 
 	
2.75
1.75
 	
1.95
 	
1.42
4.00
7.50
1.05
1.20
2.72
1.5
1.0
1.47
2.50
2.45
1.45
 	 2:1(1:1)  
113	17/03
17:00	 Fulham
Swansea City	
-0.75
+0.75
2.02
1.72
 
 	
2.25
1.80
 	
1.90
 	
1.75
3.40
4.55
1.15
1.28
2.00
1.5
1.0
1.95
2.45
1.75
1.47
 	 0:3(0:1)  
114	17/03
17:00	 Wigan Athletic
West Bromwich Albion	
0
0
1.90
1.80
  	
2.25
1.77
 	
1.95
 	
2.65
3.30
2.50
1.45
1.30
1.42
1.5
1.5
2.66
2.50
1.42
1.45
 	 1:1(0:0)  
115	18/03
15:30	 Wolverhampton Wanderers
Manchester United	
+1.75
-1.75
1.62
2.18
 
 	
2.75
1.75
 	
1.95
 	
11.00
5.00
1.27
3.55
1.13
1.01
1.0
2.5
3.50
2.20
1.26
1.60
 	 0:5(0:3)  
116	18/03
18:00	 Newcastle United
Norwich City	
-0.75
+0.75
2.00
1.75
 
 	
2.75
1.90
 	
1.80
 	
1.75
3.55
4.35
1.17
1.25
1.97
1.5
1.0
1.75
2.05
1.95
1.70
 	 1:0(1:0)  
117	20/03
21:45	 Aston Villa
Bolton Wanderers	
-0.75
+0.75
1.85
1.90
 
 	
2.75
2.02
 	
1.72
 	
1.65
3.65
5.00
1.13
1.25
2.15
1.5
1.0
1.72
2.40
2.00
1.50
 	 cancelled  
118	20/03
22:00	 Blackburn Rovers
Sunderland	
-0.25
+0.25
2.00
1.75
 
 	
2.75
2.10
 	
1.66
 	
2.40
3.25
2.85
1.37
1.32
1.50
1.0
1.0
1.50
1.62
2.40
2.18
 	 2:0(0:0)  
119	21/03
21:45	 Manchester City
Chelsea	
-0.25
+0.25
1.60
2.22
 
 	
2.75
2.02
 	
1.72
 	
1.85
3.40
4.10
1.20
1.28
1.85
1.5
1.5
1.85
3.00
1.85
1.34
 	 2:1(0:0)  
120	21/03
21:45	 Tottenham Hotspur
Stoke City	
-1.25
+1.25
1.90
1.85
 
 	
2.75
1.90
 	
1.80
 	
1.38
4.35
7.75
1.05
1.17
2.85
1.5
1.0
1.50
3.00
2.40
1.35
 	 1:1(0:0)  
121	21/03
22:00	 Everton
Arsenal London	
+0.25
-0.25
1.75
1.95
 
 	
2.25
1.68
 	
2.10
 	
2.90
3.30
2.30
1.55
1.30
1.36
1.5
1.5
2.60
2.20
1.44
1.60
 	 0:1(0:1)  
122	21/03
22:00	 QPR
Liverpool	
+0.75
-0.75
1.75
2.00
 
 	
2.75
2.10
 	
1.68
 	
4.50
3.45
1.75
1.97
1.27
1.16
1.0
1.5
2.20
1.85
1.60
1.85
 	 3:2(0:0)  
147	24/03
14:45	 Chelsea
Tottenham Hotspur	
-0.25
+0.25
1.60
2.22
 
 	
2.75
2.00
 	
1.75
 	
1.85
3.40
4.10
1.20
1.28
1.85
1.5
1.5
1.85
3.00
1.85
1.34
 	 0:0(0:0)  
148	24/03
17:00	 Arsenal London
Aston Villa	
-1.25
+1.25
1.66
2.15
 
 	
2.75
1.85
 	
1.85
 	
1.32
4.70
8.85
1.04
1.15
3.30
2.0
1.0
1.80
3.40
1.90
1.28
 	 3:0(2:0)  
149	24/03
17:00	 Bolton Wanderers
Blackburn Rovers	
0
0
1.85
1.85
  	
2.75
2.00
 	
1.75
 	
2.60
3.30
2.60
1.44
1.30
1.44
1.5
1.5
2.30
2.30
1.55
1.55
 	 2:1(2:0)  
150	24/03
17:00	 Liverpool
Wigan Athletic	
-1.75
+1.75
2.05
1.70
 
 	
2.75
1.75
 	
1.95
 	
1.26
5.10
11.00
1.01
1.13
3.65
2.5
1.0
2.20
3.50
1.60
1.26
 	 1:2(0:1)  
151	24/03
17:00	 Norwich City
Wolverhampton Wanderers	
-0.75
+0.75
2.00
1.75
 
 	
2.75
1.95
 	
1.75
 	
1.75
3.55
4.35
1.17
1.25
1.97
1.5
1.0
1.80
2.05
1.90
1.70
 	 2:1(2:1)  
152	24/03
17:00	 Sunderland
QPR	
0
0
1.47
2.50
  	
2.25
1.72
 	
1.92
 	
2.00
3.30
3.50
1.25
1.30
1.72
1.0
1.0
1.40
1.95
2.70
1.75
 	 3:1(1:0)  
153	24/03
17:00	 Swansea City
Everton	
0
0
1.57
2.25
  	
2.25
1.95
 	
1.77
 	
2.20
3.25
3.10
1.32
1.31
1.60
1.5
1.5
2.40
3.20
1.50
1.32
 	 0:2(0:0)  
154	24/03
19:30	 Stoke City
Manchester City	
+0.75
-0.75
1.90
1.85
 
 	
2.25
1.85
 	
1.85
 	
5.20
3.45
1.65
2.20
1.27
1.12
1.0
1.5
3.00
1.90
1.34
1.80
 	 1:1(0:0)  
155	25/03
18:00	 West Bromwich Albion
Newcastle United	
0
0
1.57
2.25
  	
2.75
2.05
 	
1.70
 	
2.20
3.25
3.10
1.32
1.31
1.62
1.5
1.5
2.15
2.60
1.65
1.44
 	 1:3(0:3)  
156	26/03
22:00	 Manchester United
Fulham	
-1.75
+1.75
1.90
1.80
 
 	
2.75
1.72
 	
2.02
 	
1.23
5.50
10.50
1.01
1.11
3.90
2.0
1.0
1.60
3.85
2.20
1.22
 	 1:0(1:0)  
128	31/03
17:00	 Aston Villa
Chelsea	
0
0
3.30
1.30
  	
2.25
1.72
 	
2.02
 	
4.75
3.40
1.70
2.05
1.28
1.14
1.0
1.5
2.40
1.85
1.50
1.85
 	 2:4(0:1)  
129	31/03
17:00	 Everton
West Bromwich Albion	
-0.75
+0.75
1.85
1.90
 
 	
2.25
1.72
 	
2.02
 	
1.65
3.45
5.20
1.12
1.27
2.20
1.5
1.0
1.80
2.66
1.90
1.42
 	 2:0(1:0)  
130	31/03
17:00	 Fulham
Norwich City	
-0.75
+0.75
1.72
2.02
 
 	
2.75
1.90
 	
1.80
 	
1.55
3.75
5.80
1.10
1.24
2.30
1.5
1.0
1.62
2.38
2.18
1.52
 	 2:1(2:0)  
131	31/03
17:00	 Manchester City
Sunderland	
-1.75
+1.75
1.90
1.85
 
 	
2.75
1.80
 	
1.90
 	
1.23
5.50
11.00
1.01
1.11
3.90
1.5
1.0
1.38
4.40
2.82
1.16
 	 3:3(1:2)  
132	31/03
17:00	 QPR
Arsenal London	
+0.75
-0.75
2.15
1.65
 
 	
2.75
1.90
 	
1.80
 	
5.85
3.90
1.50
2.50
1.22
1.10
1.0
1.5
2.40
1.60
1.50
2.20
 	 2:1(1:1)  
133	31/03
17:00	 Wigan Athletic
Stoke City	
-0.25
+0.25
2.05
1.72
 
 	
2.25
1.90
 	
1.80
 	
2.40
3.30
2.85
1.37
1.30
1.52
1.5
1.5
2.55
2.80
1.45
1.38
 	 2:0(0:0)  
134	31/03
17:00	 Wolverhampton Wanderers
Bolton Wanderers	
-0.25
+0.25
1.95
1.80
 
 	
2.75
2.02
 	
1.72
 	
2.30
3.30
2.90
1.36
1.30
1.55
1.5
1.5
2.15
2.45
1.65
1.47
 	 2:3(0:0)  
135	01/04
15:30	 Newcastle United
Liverpool	
+0.25
-0.25
1.80
1.95
 
 	
2.75
2.02
 	
1.72
 	
2.90
3.30
2.30
1.55
1.30
1.36
1.5
1.5
2.45
2.15
1.47
1.65
 	 2:0(1:0)  
136	01/04
18:00	 Tottenham Hotspur
Swansea City	
-1.25
+1.25
1.90
1.85
 
 	
2.75
1.90
 	
1.80
 	
1.38
4.35
7.75
1.05
1.17
2.85
1.5
1.0
1.50
3.00
2.40
1.35
 	 3:1(1:0)  
137	02/04
22:00	 Blackburn Rovers
Manchester United	
+1.25
-1.25
1.90
1.80
 
 	
2.75
1.75
 	
1.95
 	
9.00
4.25
1.35
3.15
1.18
1.03
1.0
2.0
2.75
1.80
1.39
1.90
 	 0:2(0:0)  
154	07/04
14:45	 Sunderland
Tottenham Hotspur	
+0.25
-0.25
1.95
1.80
 
 	
2.75
2.05
 	
1.70
 	
3.30
3.30
2.10
1.68
1.31
1.30
1.0
1.5
1.80
2.10
1.90
1.68
 	 0:0(0:0)  
155	07/04
17:00	 Bolton Wanderers
Fulham	
-0.25
+0.25
2.05
1.70
 
 	
2.75
2.05
 	
1.70
 	
2.45
3.30
2.75
1.39
1.30
1.48
1.0
1.0
1.50
1.60
2.40
2.20
 	 0:3(0:2)  
156	07/04
17:00	 Chelsea
Wigan Athletic	
-1.75
+1.75
2.20
1.60
 
 	
2.75
1.65
 	
2.15
 	
1.30
5.00
10.00
1.02
1.13
3.40
2.5
1.0
2.15
3.35
1.65
1.29
 	 2:1(0:0)  
157	07/04
17:00	 Liverpool
Aston Villa	
-1.25
+1.25
1.80
1.90
 
 	
2.75
1.90
 	
1.80
 	
1.37
4.50
7.75
1.05
1.17
2.90
1.5
1.0
1.50
3.00
2.40
1.35
 	 1:1(0:1)  
158	07/04
17:00	 Norwich City
Everton	
0
0
2.00
1.72
  	
2.25
1.80
 	
1.90
 	
2.70
3.30
2.45
1.47
1.30
1.40
1.5
1.5
2.70
2.45
1.40
1.47
 	 2:2(1:1)  
159	07/04
17:00	 West Bromwich Albion
Blackburn Rovers	
-0.25
+0.25
1.60
2.25
 
 	
2.75
1.95
 	
1.75
 	
1.85
3.50
4.00
1.20
1.26
1.85
1.5
1.5
1.85
2.90
1.85
1.36
 	 3:0(1:0)  
160	07/04
19:30	 Stoke City
Wolverhampton Wanderers	
-0.75
+0.75
1.80
1.95
 
 	
2.75
2.02
 	
1.72
 	
1.60
3.55
5.80
1.10
1.25
2.25
1.5
1.0
1.72
2.40
2.02
1.50
 	 2:1(1:1)  
161	08/04
15:30	 Manchester United
QPR	
-2.25
+2.25
2.10
1.66
 
 	
3.25
1.80
 	
1.90
 	
1.17
6.50
13.00
1.01
1.07
4.45
2.5
1.0
1.80
3.50
1.90
1.25
 	 2:0(1:0)  
162	08/04
18:00	 Arsenal London
Manchester City	
-0.25
+0.25
2.05
1.70
 
 	
2.75
1.95
 	
1.75
 	
2.40
3.30
2.80
1.38
1.30
1.50
1.0
1.0
1.45
1.55
2.55
2.30
 	 1:0(0:0)  
140	14/04
14:45	 Norwich City
Manchester City	
+1.25
-1.25
1.70
2.05
 
 	
2.75
1.75
 	
1.95
 	
6.50
3.85
1.50
2.50
1.23
1.07
1.0
1.5
2.25
1.55
1.57
2.30
 	 1:6(0:2)  
141	14/04
17:00	 Sunderland
Wolverhampton Wanderers	
-0.75
+0.75
1.68
2.10
 
 	
2.75
1.90
 	
1.80
 	
1.52
3.85
5.90
1.10
1.22
2.40
1.5
1.0
1.62
2.38
2.18
1.52
 	 0:0(0:0)  
142	14/04
17:00	 Swansea City
Blackburn Rovers	
-0.25
+0.25
1.65
2.20
 
 	
2.75
2.05
 	
1.70
 	
1.90
3.45
3.75
1.24
1.27
1.85
1.5
1.5
1.95
3.00
1.75
1.34
 	 3:0(2:0)  
143	14/04
17:00	 West Bromwich Albion
QPR	
-0.25
+0.25
1.80
1.95
 
 	
2.75
2.05
 	
1.70
 	
2.10
3.30
3.30
1.30
1.31
1.68
1.5
1.0
2.10
1.80
1.68
1.90
 	 1:0(1:0)  
144	15/04
18:00	 Manchester United
Aston Villa	
-1.75
+1.75
1.75
2.00
 
 	
2.75
1.62
 	
2.18
 	
1.22
5.60
11.00
1.01
1.10
4.00
2.5
1.0
2.02
3.60
1.72
1.25
 	 4:0(2:0)  
145	16/04
22:00	 Arsenal London
Wigan Athletic	
-1.75
+1.75
1.85
1.85
 
 	
2.75
1.62
 	
2.18
 	
1.22
5.60
11.00
1.01
1.10
4.00
2.5
1.0
2.02
3.60
1.72
1.25
 	 1:2(1:2)  
118	21/04
14:45	 Arsenal London
Chelsea	
-0.25
+0.25
1.60
2.20
 
 	
2.75
2.02
 	
1.75
 	
1.87
3.50
3.75
1.24
1.26
1.87
1.5
1.0
1.95
1.95
1.75
1.75
 	 0:0(0:0)  
119	21/04
17:00	 Aston Villa
Sunderland	
-0.25
+0.25
1.80
1.95
 
 	
2.25
1.80
 	
1.90
 	
2.10
3.25
3.30
1.30
1.31
1.68
1.5
1.0
2.25
1.95
1.57
1.75
 	 0:0(0:0)  
120	21/04
17:00	 Blackburn Rovers
Norwich City	
-0.25
+0.25
1.62
2.20
 
 	
2.75
1.80
 	
1.90
 	
1.90
3.40
3.70
1.24
1.28
1.80
1.5
1.0
1.80
1.75
1.90
1.95
 	 2:0(1:0)  
121	21/04
17:00	 Bolton Wanderers
Swansea City	
-0.25
+0.25
1.95
1.80
 
 	
2.75
2.02
 	
1.72
 	
2.30
3.30
2.90
1.36
1.30
1.55
1.5
1.5
2.15
2.45
1.65
1.47
 	 1:1(1:1)  
122	21/04
17:00	 Fulham
Wigan Athletic	
-0.25
+0.25
1.60
2.22
 
 	
2.75
2.02
 	
1.72
 	
1.85
3.40
4.10
1.20
1.28
1.85
1.5
1.5
1.85
3.00
1.85
1.34
 	 2:1(0:0)  
123	21/04
17:00	 Newcastle United
Stoke City	
-0.75
+0.75
1.85
1.90
 
 	
2.25
1.72
 	
2.02
 	
1.65
3.45
5.20
1.12
1.27
2.20
1.5
1.0
1.80
2.66
1.90
1.42
 	 3:0(2:0)  
124	21/04
19:30	 QPR
Tottenham Hotspur	
+0.25
-0.25
2.00
1.75
 
 	
2.75
2.05
 	
1.70
 	
3.40
3.30
2.05
1.70
1.30
1.28
1.0
1.5
1.80
2.10
1.90
1.68
 	 1:0(1:0)  
125	22/04
14:30	 Manchester United
Everton	
-1.25
+1.25
1.80
1.95
 
 	
2.75
1.90
 	
1.82
 	
1.35
4.50
8.75
1.04
1.16
3.05
2.0
1.0
1.85
3.30
1.85
1.30
 	 4:4(1:1)  
126	22/04
18:00	 Liverpool
West Bromwich Albion	
-1.25
+1.25
1.85
1.85
 
 	
2.75
1.85
 	
1.85
 	
1.38
4.35
7.75
1.05
1.17
2.85
1.5
1.0
1.47
2.95
2.50
1.35
 	 0:1(0:0)  
127	22/04
18:00	 Wolverhampton Wanderers
Manchester City	
+1.75
-1.75
2.02
1.72
 
 	
2.75
1.52
 	
2.38
 	
13.00
6.00
1.20
4.35
1.09
1.01
1.0
2.5
3.60
1.90
1.25
1.80
 	 0:2(0:1)  
115	28/04
17:00	 Everton
Fulham	
-0.75
+0.75
2.00
1.75
 
 	
2.75
2.10
 	
1.68
 	
1.75
3.45
4.50
1.16
1.27
1.97
1.5
1.0
1.85
2.20
1.85
1.60
 	 4:0(3:0)  
116	28/04
17:00	 Stoke City
Arsenal London	
+0.25
-0.25
2.25
1.60
 
 	
2.25
1.72
 	
2.02
 	
4.00
3.40
1.85
1.87
1.28
1.20
1.5
1.5
3.30
1.95
1.30
1.75
 	 1:1(1:1)  
117	28/04
17:00	 Sunderland
Bolton Wanderers	
-0.25
+0.25
1.65
2.15
 
 	
2.75
2.05
 	
1.70
 	
1.95
3.45
3.60
1.25
1.28
1.77
1.5
1.0
1.95
1.95
1.75
1.75
 	 2:2(1:1)  
118	28/04
17:00	 Swansea City
Wolverhampton Wanderers	
-1.25
+1.25
2.05
1.70
 
 	
2.75
1.75
 	
1.95
 	
1.47
4.00
6.25
1.08
1.20
2.55
1.5
1.0
1.55
2.25
2.30
1.57
 	 4:4(4:2)  
119	28/04
17:00	 West Bromwich Albion
Aston Villa	
-0.25
+0.25
1.75
1.95
 
 	
2.75
2.05
 	
1.70
 	
2.10
3.35
3.30
1.30
1.30
1.68
1.5
1.0
2.10
1.80
1.68
1.90
 	 0:0(0:0)  
120	28/04
17:00	 Wigan Athletic
Newcastle United	
0
0
1.90
1.80
  	
2.25
1.77
 	
1.95
 	
2.65
3.30
2.50
1.45
1.30
1.42
1.5
1.5
2.66
2.50
1.42
1.45
 	 4:0(4:0)  
121	28/04
19:30	 Norwich City
Liverpool	
+0.75
-0.75
1.90
1.85
 
 	
2.75
1.85
 	
1.85
 	
5.00
3.55
1.65
2.20
1.25
1.13
1.0
1.5
2.02
1.66
1.72
2.12
 	 0:3(0:2)  
122	29/04
15:30	 Chelsea
QPR	
-1.25
+1.25
1.90
1.80
 
 	
2.75
1.75
 	
1.95
 	
1.42
4.10
7.25
1.06
1.20
2.72
1.5
1.0
1.47
2.45
2.45
1.47
 	 6:1(4:0)  
123	29/04
18:00	 Tottenham Hotspur
Blackburn Rovers	
-1.75
+1.75
2.10
1.68
 
 	
2.75
1.57
 	
2.25
 	
1.30
5.00
8.50
1.04
1.13
3.35
2.0
1.0
1.62
2.70
2.18
1.40
 	 2:0(1:0)  
124	30/04
22:00	 Manchester City
Manchester United	
-0.25
+0.25
1.80
1.95
 
 	
2.75
1.85
 	
1.85
 	
2.10
3.35
3.30
1.30
1.30
1.68
1.5
1.5
1.90
2.40
1.80
1.50
 	 1:0(1:0)  
94	05/05
14:45	 Arsenal London
Norwich City	
-2.25
+2.25
1.95
1.77
 
 	
3.25
1.72
 	
2.02
 	
1.17
6.70
13.00
1.01
1.07
4.50
2.5
1.0
1.75
3.50
2.00
1.25
 	 3:3(1:2)  
95	06/05
15:30	 Newcastle United
Manchester City	
+0.75
-0.75
1.95
1.80
 
 	
2.75
1.95
 	
1.75
 	
5.10
3.75
1.62
2.20
1.24
1.13
1.0
1.5
2.20
1.70
1.60
2.05
 	 0:2(0:0)  
96	06/05
16:00	 Aston Villa
Tottenham Hotspur	
+0.25
-0.25
2.22
1.60
 
 	
2.75
2.02
 	
1.72
 	
4.10
3.40
1.85
1.85
1.28
1.20
1.5
1.5
3.00
1.85
1.34
1.85
 	 1:1(1:0)  
97	06/05
16:00	 Bolton Wanderers
West Bromwich Albion	
-0.25
+0.25
1.65
2.15
 
 	
2.75
1.90
 	
1.80
 	
1.95
3.40
3.60
1.25
1.29
1.77
1.5
1.0
1.85
1.80
1.85
1.90
 	 2:2(1:0)  
98	06/05
16:00	 Fulham
Sunderland	
-0.75
+0.75
2.00
1.75
 
 	
2.75
2.10
 	
1.68
 	
1.75
3.45
4.50
1.16
1.27
1.97
1.5
1.0
1.85
2.20
1.85
1.60
 	 2:1(2:1)  
99	06/05
16:00	 QPR
Stoke City	
-0.75
+0.75
2.00
1.75
 
 	
2.75
2.10
 	
1.68
 	
1.75
3.45
4.50
1.16
1.27
1.97
1.5
1.0
1.85
2.20
1.85
1.60
 	 1:0(0:0)  
100	06/05
16:00	 Wolverhampton Wanderers
Everton	
+0.75
-0.75
1.90
1.85
 
 	
2.75
1.85
 	
1.85
 	
4.90
3.60
1.65
2.20
1.25
1.14
1.0
1.5
2.10
1.66
1.68
2.12
 	 0:0(0:0)  
101	06/05
18:00	 Manchester United
Swansea City	
-2.25
+2.25
2.00
1.75
 
 	
3.25
1.75
 	
1.95
 	
1.17
6.70
13.00
1.01
1.07
4.50
2.5
1.0
1.80
3.50
1.90
1.25
 	 2:0(2:0)  
102	07/05
22:00	 Blackburn Rovers
Wigan Athletic	
-0.25
+0.25
2.05
1.70
 
 	
2.75
1.95
 	
1.75
 	
2.40
3.30
2.80
1.38
1.30
1.50
1.0
1.0
1.45
1.55
2.55
2.30
 	 0:1(0:0)  
90	13/05
17:00	 Chelsea
Blackburn Rovers	
-1.75
+1.75
1.95
1.80
 
 	
2.75
1.50
 	
2.40
 	
1.26
5.50
10.00
1.02
1.11
3.75
2.5
1.0
1.95
3.00
1.77
1.34
 	 2:1(2:0)  
91	13/05
17:00	 Everton
Newcastle United	
-0.25
+0.25
1.75
1.95
 
 	
2.75
2.05
 	
1.70
 	
2.10
3.40
3.20
1.32
1.28
1.68
1.5
1.0
2.10
1.80
1.68
1.90
 	 3:1(2:0)  
92	13/05
17:00	 Manchester City
QPR	
-2.25
+2.25
1.80
1.92
 
 	
3.25
1.72
 	
2.02
 	
1.11
7.75
17.00
1.01
1.05
5.65
2.5
1.0
1.65
4.75
2.15
1.14
 	 3:2(1:0)  
93	13/05
17:00	 Norwich City
Aston Villa	
-0.25
+0.25
1.80
1.95
 
 	
2.75
1.85
 	
1.85
 	
2.10
3.35
3.25
1.31
1.30
1.68
1.5
1.5
1.90
2.40
1.80
1.50
 	 2:0(2:0)  
94	13/05
17:00	 Stoke City
Bolton Wanderers	
-0.25
+0.25
2.05
1.70
 
 	
2.75
1.95
 	
1.75
 	
2.40
3.30
2.80
1.38
1.30
1.50
1.0
1.0
1.45
1.55
2.55
2.30
 	 2:2(1:2)  
95	13/05
17:00	 Sunderland
Manchester United	
+1.25
-1.25
1.90
1.85
 
 	
2.75
1.75
 	
1.95
 	
7.35
4.25
1.40
2.80
1.18
1.06
1.0
1.5
2.45
1.47
1.47
2.45
 	 0:1(0:1)  
96	13/05
17:00	 Swansea City
Liverpool	
+0.25
-0.25
1.95
1.80
 
 	
2.75
1.85
 	
1.85
 	
3.25
3.35
2.10
1.68
1.30
1.31
1.5
1.5
2.40
1.90
1.50
1.80
 	 1:0(0:0)  
97	13/05
17:00	 Tottenham Hotspur
Fulham	
-1.25
+1.25
1.80
1.90
 
 	
2.75
1.75
 	
1.95
 	
1.35
4.50
8.35
1.04
1.16
2.95
2.0
1.0
1.80
2.75
1.90
1.39
 	 2:0(1:0)  
98	13/05
17:00	 West Bromwich Albion
Arsenal London	
+0.75
-0.75
1.95
1.80
 
 	
2.75
1.65
 	
2.15
 	
5.10
3.75
1.60
2.20
1.25
1.13
1.0
1.5
1.90
1.52
1.80
2.36
 	 2:3(2:2)  
99	13/05
17:00	 Wigan Athletic
Wolverhampton Wanderers	
-1.25
+1.25
2.15
1.65
 
 	
2.75
1.75
 	
1.95
 	
1.50
3.85
6.50
1.07
1.23
2.50
1.5
1.0
1.55
2.25
2.30
1.57
 	 3:2(2:1)  
61	20/12
21:45	 Wolverhampton Wanderers
Norwich City	
-0.25
+0.25
1.72
2.00
 
 	
2.75
1.90
 	
1.80
 	
2.00
3.35
3.45
1.27
1.30
1.75
1.5
1.5
1.95
2.50
1.75
1.45
 	 2:2(1:1)  
62	20/12
22:00	 Blackburn Rovers
Bolton Wanderers	
-0.25
+0.25
1.85
1.90
 
 	
2.75
1.90
 	
1.80
 	
2.10
3.35
3.30
1.30
1.30
1.68
1.5
1.5
1.95
2.50
1.75
1.45
 	 1:2(0:2)  
63	21/12
21:45	 Aston Villa
Arsenal London	
+0.75
-0.75
1.90
1.85
 
 	
2.75
1.95
 	
1.75
 	
5.10
3.55
1.65
2.20
1.25
1.13
1.0
1.5
2.25
1.70
1.57
2.05
 	 1:2(0:1)  
64	21/12
21:45	 Manchester City
Stoke City	
-1.75
+1.75
1.80
1.90
 
 	
2.75
1.62
 	
2.18
 	
1.22
5.65
11.00
1.01
1.10
4.00
2.5
1.0
1.95
3.60
1.75
1.25
 	 3:0(2:0)  
65	21/12
21:45	 Newcastle United
West Bromwich Albion	
-0.25
+0.25
1.65
2.20
 
 	
2.75
2.05
 	
1.70
 	
1.90
3.40
3.75
1.24
1.28
1.85
1.5
1.5
1.95
3.00
1.75
1.34
 	 2:3(1:2)  
66	21/12
22:00	 Everton
Swansea City	
-0.75
+0.75
1.72
2.05
 
 	
2.25
1.65
 	
2.15
 	
1.55
3.75
6.00
1.09
1.24
2.35
1.5
1.0
1.72
2.80
2.05
1.38
 	 1:0(0:0)  
67	21/12
22:00	 Fulham
Manchester United	
0
0
3.30
1.30
  	
2.25
1.72
 	
2.02
 	
4.70
3.50
1.70
2.05
1.26
1.14
1.0
1.5
2.40
1.85
1.50
1.85
 	 0:5(0:3)  
68	21/12
22:00	 QPR
Sunderland	
0
0
1.72
2.00
  	
2.25
1.80
 	
1.90
 	
2.45
3.25
2.70
1.40
1.32
1.47
1.5
1.5
2.45
2.70
1.47
1.40
 	 2:3(0:1)  
69	21/12
22:00	 Wigan Athletic
Liverpool	
+1.25
-1.25
1.62
2.18
 
 	
2.25
1.80
 	
1.92
 	
6.25
3.70
1.52
2.45
1.24
1.08
1.0
1.5
3.40
1.77
1.28
1.95
 	 0:0(0:0)  
70	22/12
22:00	 Tottenham Hotspur
Chelsea	
0
0
1.85
1.85
  	
2.75
2.00
 	
1.75
 	
2.60
3.30
2.60
1.44
1.30
1.44
1.5
1.5
2.30
2.30
1.55
1.55
 	 1:1(1:1)  
73	30/12
21:45	 Liverpool
Newcastle United	
-1.25
+1.25
2.05
1.75
 
 	
2.75
1.95
 	
1.75
 	
1.47
3.85
6.50
1.07
1.22
2.55
1.5
1.0
1.60
2.75
2.25
1.39
 	 3:1(1:1)  
74	31/12
14:45	 Manchester United
Blackburn Rovers	
-2.25
+2.25
1.75
1.97
 
 	
3.25
1.80
 	
1.90
 	
1.11
7.75
17.00
1.01
1.05
5.65
2.5
1.0
1.62
4.85
2.18
1.14
 	 2:3(0:1)  
75	31/12
17:00	 Arsenal London
QPR	
-1.75
+1.75
2.05
1.70
 
 	
2.75
1.75
 	
1.95
 	
1.26
5.10
11.00
1.01
1.13
3.65
2.5
1.0
2.20
3.50
1.60
1.26
 	 1:0(0:0)  
76	31/12
17:00	 Bolton Wanderers
Wolverhampton Wanderers	
-0.25
+0.25
1.80
1.95
 
 	
2.75
1.90
 	
1.80
 	
2.10
3.30
3.30
1.30
1.31
1.68
1.5
1.5
1.95
2.50
1.75
1.45
 	 1:1(1:0)  
77	31/12
17:00	 Chelsea
Aston Villa	
-1.75
+1.75
2.05
1.70
 
 	
2.75
1.75
 	
1.95
 	
1.26
5.10
11.00
1.01
1.13
3.65
2.5
1.0
2.20
3.50
1.60
1.26
 	 1:3(1:1)  
78	31/12
17:00	 Norwich City
Fulham	
0
0
1.85
1.85
  	
2.75
2.10
 	
1.68
 	
2.60
3.25
2.60
1.44
1.32
1.44
1.5
1.5
2.38
2.38
1.52
1.52
 	 1:1(0:1)  
79	31/12
17:00	 Stoke City
Wigan Athletic	
-0.75
+0.75
1.85
1.90
 
 	
2.75
2.02
 	
1.72
 	
1.65
3.65
5.00
1.13
1.25
2.15
1.5
1.0
1.72
2.40
2.00
1.50
 	 2:2(0:1)  
80	31/12
17:00	 Swansea City
Tottenham Hotspur	
+0.75
-0.75
1.90
1.85
 
 	
2.75
2.02
 	
1.72
 	
5.00
3.65
1.65
2.15
1.25
1.13
1.0
1.5
2.40
1.72
1.50
2.00
 	 1:1(0:1)  
81	01/01
14:30	 West Bromwich Albion
Everton	
0
0
1.85
1.85
  	
2.25
1.85
 	
1.85
 	
2.55
3.25
2.55
1.45
1.30
1.45
1.5
1.5
2.60
2.60
1.44
1.44
 	 0:1(0:0)  
82	01/01
17:00	 Sunderland
Manchester City	
+0.75
-0.75
2.10
1.68
 
 	
2.75
1.90
 	
1.80
 	
5.85
3.85
1.52
2.40
1.22
1.10
1.0
1.5
2.40
1.60
1.50
2.20
 	 1:0(0:0)  
88	31/01
21:45	 Swansea City
Chelsea	
+0.25
-0.25
2.25
1.60
 
 	
2.25
1.72
 	
2.02
 	
4.00
3.40
1.85
1.87
1.28
1.20
1.5
1.5
3.30
1.95
1.30
1.75
 	 1:1(1:0)  
89	31/01
21:45	 Tottenham Hotspur
Wigan Athletic	
-1.75
+1.75
1.80
1.90
 
 	
2.75
1.62
 	
2.18
 	
1.22
5.70
11.00
1.01
1.10
4.00
2.5
1.0
2.02
3.60
1.72
1.25
 	 3:1(2:0)  
90	31/01
21:45	 Wolverhampton Wanderers
Liverpool	
0
0
3.30
1.30
  	
2.25
1.72
 	
2.02
 	
4.75
3.50
1.70
2.05
1.27
1.14
1.0
1.5
2.40
1.85
1.50
1.85
 	 0:3(0:0)  
91	31/01
22:00	 Everton
Manchester City	
+0.75
-0.75
1.75
2.00
 
 	
2.75
2.10
 	
1.68
 	
4.50
3.50
1.75
1.97
1.26
1.16
1.0
1.5
2.20
1.85
1.60
1.85
 	 1:0(0:0)  
92	31/01
22:00	 Manchester United
Stoke City	
-1.75
+1.75
2.18
1.62
 
 	
2.75
1.95
 	
1.75
 	
1.30
4.80
9.50
1.03
1.14
3.50
2.0
1.0
1.85
3.90
1.85
1.22
 	 2:0(1:0)  
93	01/02
21:45	 Aston Villa
QPR	
0
0
1.30
3.30
  	
2.25
1.72
 	
2.02
 	
1.70
3.50
4.75
1.14
1.26
2.05
1.5
1.0
1.85
2.40
1.85
1.50
 	 2:2(1:2)  
94	01/02
22:00	 Bolton Wanderers
Arsenal London	
+0.75
-0.75
1.90
1.85
 
 	
2.75
1.85
 	
1.85
 	
5.00
3.60
1.65
2.20
1.25
1.13
1.0
1.5
2.10
1.66
1.68
2.12
 	 0:0(0:0)  
95	01/02
22:00	 Sunderland
Norwich City	
-0.75
+0.75
2.00
1.75
 
 	
2.75
2.10
 	
1.68
 	
1.75
3.45
4.50
1.16
1.27
1.97
1.5
1.0
1.85
2.20
1.85
1.60
 	 3:0(2:0)  
96	01/02
22:00	 Blackburn Rovers
Newcastle United	
0
0
1.85
1.85
  	
2.75
2.00
 	
1.75
 	
2.60
3.30
2.60
1.44
1.30
1.44
1.5
1.5
2.30
2.30
1.55
1.55
 	 0:2(0:1)  
97	01/02
22:00	 Fulham
West Bromwich Albion	
-0.25
+0.25
1.60
2.22
 
 	
2.75
2.02
 	
1.72
 	
1.85
3.40
4.10
1.20
1.28
1.85
1.5
1.5
1.85
3.00
1.85
1.34
 	 1:1(0:0)  
140	10/03
14:45	 Wolverhampton Wanderers
Blackburn Rovers	
0
0
1.80
1.90
  	
2.25
1.77
 	
1.95
 	
2.50
3.30
2.65
1.42
1.30
1.45
1.5
1.5
2.50
2.66
1.45
1.42
 	 2:1(1:0)  
104	13/03
22:00	 Liverpool
Everton	
-0.75
+0.75
1.95
1.77
 
 	
2.25
1.75
 	
1.97
 	
1.70
3.50
4.80
1.14
1.26
2.05
1.5
1.0
1.85
2.50
1.85
1.47
 	 3:0(1:0)  
87	06/04
18:30	 Swansea City
Newcastle United	
-0.25
+0.25
1.95
1.75
 
 	
2.25
1.68
 	
2.10
 	
2.30
3.30
2.90
1.36
1.30
1.55
1.5
1.5
2.20
2.60
1.60
1.44
 	 0:2(0:1)  
87	07/04
14:45	 Sunderland
Tottenham Hotspur	
+0.25
-0.25
1.95
1.80
 
 	
2.75
2.05
 	
1.70
 	
3.30
3.30
2.10
1.68
1.31
1.30
1.0
1.5
1.80
2.10
1.90
1.68
 	 0:0(0:0)  
88	07/04
17:00	 Bolton Wanderers
Fulham	
0
0
1.85
1.85
  	
2.75
2.10
 	
1.68
 	
2.60
3.25
2.60
1.44
1.32
1.44
1.5
1.5
2.38
2.38
1.52
1.52
 	 0:3(0:2)  
89	07/04
17:00	 Chelsea
Wigan Athletic	
-1.75
+1.75
2.10
1.68
 
 	
2.75
1.65
 	
2.15
 	
1.26
5.20
10.50
1.02
1.12
3.60
2.5
1.0
2.15
3.35
1.65
1.29
 	 2:1(0:0)  
90	07/04
17:00	 Liverpool
Aston Villa	
-1.25
+1.25
1.90
1.85
 
 	
2.75
1.90
 	
1.80
 	
1.38
4.35
7.75
1.05
1.17
2.85
1.5
1.0
1.50
3.00
2.40
1.35
 	 1:1(0:1)  
91	07/04
17:00	 Norwich City
Everton	
0
0
2.00
1.72
  	
2.25
1.80
 	
1.90
 	
2.70
3.30
2.45
1.47
1.30
1.40
1.5
1.5
2.70
2.45
1.40
1.47
 	 2:2(1:1)  
92	07/04
17:00	 West Bromwich Albion
Blackburn Rovers	
-0.25
+0.25
1.60
2.22
 
 	
2.75
2.02
 	
1.72
 	
1.85
3.40
4.10
1.20
1.28
1.85
1.5
1.5
1.85
3.00
1.85
1.34
 	 3:0(1:0)  
93	07/04
19:30	 Stoke City
Wolverhampton Wanderers	
-0.75
+0.75
1.80
1.95
 
 	
2.75
2.02
 	
1.72
 	
1.60
3.55
5.80
1.10
1.25
2.25
1.5
1.0
1.72
2.40
2.02
1.50
 	 2:1(1:1)  
94	08/04
15:30	 Manchester United
QPR	
-2.25
+2.25
2.10
1.66
 
 	
3.25
1.80
 	
1.90
 	
1.17
6.50
13.00
1.01
1.07
4.45
2.5
1.0
1.80
3.50
1.90
1.25
 	 2:0(1:0)  
95	08/04
18:00	 Arsenal London
Manchester City	
-0.25
+0.25
2.05
1.70
 
 	
2.75
1.95
 	
1.75
 	
2.40
3.30
2.80
1.38
1.30
1.50
1.0
1.0
1.45
1.55
2.55
2.30
 	 1:0(0:0)  
71	09/04
17:00	 Everton
Sunderland	
-0.25
+0.25
1.60
2.25
 
 	
2.25
1.80
 	
1.90
 	
1.85
3.40
3.90
1.22
1.28
1.85
1.5
1.5
2.02
3.50
1.72
1.26
 	 4:0(0:0)  
72	09/04
17:00	 Newcastle United
Bolton Wanderers	
-1.25
+1.25
2.15
1.65
 
 	
2.75
1.75
 	
1.95
 	
1.50
3.85
6.50
1.07
1.23
2.50
1.5
1.0
1.55
2.25
2.30
1.57
 	 2:0(0:0)  
73	09/04
17:00	 Tottenham Hotspur
Norwich City	
-1.75
+1.75
2.00
1.75
 
 	
2.75
1.60
 	
2.20
 	
1.26
5.50
10.00
1.02
1.11
3.75
2.5
1.0
2.02
3.00
1.72
1.34
 	 1:2(1:1)  
74	09/04
19:30	 Aston Villa
Stoke City	
0
0
1.60
2.20
  	
2.25
1.90
 	
1.80
 	
2.20
3.25
3.05
1.33
1.31
1.60
1.5
1.5
2.40
3.10
1.50
1.32
 	 1:1(1:0)  
75	09/04
22:00	 Fulham
Chelsea	
+0.25
-0.25
1.95
1.75
 
 	
2.75
2.05
 	
1.70
 	
3.30
3.35
2.10
1.68
1.30
1.30
1.0
1.5
1.80
2.10
1.90
1.68
 	 1:1(0:1)  
76	10/04
22:00	 Blackburn Rovers
Liverpool	
+0.25
-0.25
2.00
1.75
 
 	
2.75
2.05
 	
1.70
 	
3.40
3.35
2.05
1.70
1.30
1.28
1.0
1.5
1.80
2.10
1.90
1.68
 	 2:3(1:2)  
77	11/04
21:45	 Manchester City
West Bromwich Albion	
-1.75
+1.75
1.90
1.80
 
 	
2.75
1.72
 	
2.02
 	
1.23
5.50
10.50
1.01
1.11
3.90
2.0
1.0
1.60
3.85
2.20
1.22
 	 4:0(1:0)  
78	11/04
21:45	 Wigan Athletic
Manchester United	
+1.25
-1.25
1.90
1.80
 
 	
2.75
1.92
 	
1.80
 	
8.75
4.40
1.35
3.10
1.17
1.04
1.0
2.0
3.40
1.85
1.28
1.85
 	 1:0(0:0)  
79	11/04
21:45	 Wolverhampton Wanderers
Arsenal London	
+1.25
-1.25
1.80
1.90
 
 	
2.75
1.75
 	
1.95
 	
7.25
4.10
1.42
2.72
1.20
1.06
1.0
1.5
2.45
1.47
1.47
2.45
 	 0:3(0:2)  
80	11/04
22:00	 QPR
Swansea City	
0
0
1.47
2.50
  	
2.25
1.72
 	
1.92
 	
2.00
3.35
3.50
1.25
1.30
1.72
1.0
1.0
1.40
1.95
2.70
1.75
 	 3:0(1:0)  
64	01/05
21:45	 Liverpool
Fulham	
-0.75
+0.75
1.85
1.90
 
 	
2.75
2.05
 	
1.72
 	
1.65
3.65
5.00
1.13
1.25
2.15
1.5
1.0
1.72
2.40
2.00
1.50
 	 0:1(0:1)  
65	01/05
21:45	 Stoke City
Everton	
+0.25
-0.25
1.75
2.00
 
 	
2.25
1.85
 	
1.85
 	
2.85
3.30
2.35
1.52
1.30
1.37
1.5
1.5
2.80
2.55
1.38
1.45
 	 1:1(0:1)  
66	02/05
21:45	 Chelsea
Newcastle United	
-1.25
+1.25
2.00
1.75
 
 	
2.75
1.75
 	
1.95
 	
1.50
3.95
6.25
1.08
1.22
2.45
1.5
1.0
1.55
2.25
2.30
1.57
 	 0:2(0:1)  
67	02/05
22:00	 Bolton Wanderers
Tottenham Hotspur	
+0.25
-0.25
2.20
1.62
 
 	
2.75
1.80
 	
1.90
 	
3.70
3.45
1.90
1.80
1.27
1.24
1.0
1.5
1.75
1.80
1.95
1.90
 	 1:4(0:1)  
78	08/05
22:00	 Liverpool
Chelsea	
-0.25
+0.25
1.75
1.95
 
 	
2.75
2.05
 	
1.70
 	
2.10
3.35
3.30
1.30
1.30
1.68
1.5
1.0
2.10
1.80
1.68
1.90
 	 4:1(3:0)  
