156	02/10
19:00	 Real Zaragoza
Sporting Gijon	
-0.25
+0.25
1.80
1.95
 
 	
2.25
1.80
 	
1.95
 	
2.10
3.30
3.50
1.28
1.32
1.70
1.5
1.0
2.25
2.05
1.62
1.75
 	 2:2(0:1)  
157	02/10
21:00	 Real Sociedad
Espanyol	
-0.25
+0.25
1.85
1.90
 
 	
2.25
1.95
 	
1.80
 	
2.15
3.30
3.40
1.30
1.32
1.67
1.5
1.0
2.40
2.15
1.53
1.65
 	 1:0(0:0)  
158	02/10
23:00	 Valencia
Athletic Bilbao	
-0.75
+0.75
1.90
1.85
 
 	
2.5
1.80
1.95
1.70
3.70
5.15
1.16
1.28
2.15
1.5
1.0
1.75
2.25
2.00
1.60
 	 2:1(1:0)  
159	03/10
18:00	 Sevilla
Atletico Madrid	
-0.25
+0.25
1.90
1.85
 
 	
2.5
1.85
1.90
2.25
3.30
3.30
1.34
1.34
1.65
1.5
1.0
2.15
1.75
1.67
2.05
 	 3:1(2:0)  
160	03/10
18:00	 Getafe
Hercules	
-0.25
+0.25
1.72
2.05
 
 	
2.5
1.90
1.85
2.00
3.40
3.75
1.26
1.30
1.80
1.5
1.0
2.05
1.95
1.75
1.80
 	 3:0(2:0)  
161	03/10
18:00	 Villarreal
Racing Santander	
-0.75
+0.75
1.75
2.00
 
 	
2.5
1.85
1.90
1.57
3.90
5.80
1.12
1.24
2.35
1.5
1.0
1.72
2.65
2.05
1.45
 	 2:0(2:0)  
162	03/10
18:00	 Almeria
Malaga	
-0.25
+0.25
1.85
1.90
 
 	
2.5
1.95
1.80
2.15
3.30
3.40
1.30
1.32
1.67
1.5
1.0
2.15
1.87
1.65
1.87
 	 1:1(0:0)  
163	03/10
18:00	 Osasuna
Levante	
-0.75
+0.75
2.05
1.75
 
 	
2.25
1.85
 	
1.90
 	
1.80
3.50
4.70
1.20
1.30
2.00
1.5
1.0
2.05
2.60
1.75
1.46
 	 1:1(0:0)  
164	03/10
20:00	 Barcelona
Mallorca	
–2.0
+2.0
1.90
1.85
  	
3.25
1.95
 	
1.80
 	
1.17
7.35
15.00
1.01
1.10
5.00
2.5
1.0
1.85
4.50
1.90
1.18
 	 1:1(1:1)  
165	03/10
22:00	 Real Madrid
Deportivo La Coruna	
–2.0
+2.0
1.90
1.85
  	
3.0
1.95
1.80
1.15
7.50
19.00
1.01
1.08
5.50
2.5
1.0
1.95
6.00
1.80
1.11
 	 6:1(3:0)  
235	16/10
19:00	 Atletico Madrid
Getafe	
-0.25
+0.25
1.65
2.15
 
 	
2.75
1.87
 	
1.87
 	
1.90
3.55
3.85
1.24
1.27
1.85
1.5
1.0
1.75
2.00
2.05
1.80
 	 2:0(1:0)  
236	16/10
21:00	 Barcelona
Valencia	
–1.5
+1.5
1.95
1.80
  	
3.0
1.85
1.90
1.35
5.00
8.50
1.06
1.16
3.15
2.0
1.0
1.75
2.50
2.00
1.50
 	 2:1(0:1)  
237	16/10
23:00	 Malaga
Real Madrid	
+1.25
-1.25
1.87
1.87
 
 	
3.0
1.95
1.80
8.00
4.80
1.38
3.05
1.18
1.07
1.0
2.0
2.75
1.80
1.42
1.95
 	 1:4(0:2)  
238	17/10
18:00	 Racing Santander
Almeria	
-0.25
+0.25
1.87
1.87
 
 	
2.25
1.90
 	
1.85
 	
2.20
3.20
3.40
1.30
1.34
1.65
1.5
1.0
2.40
2.10
1.53
1.70
 	 1:0(1:0)  
239	17/10
18:00	 Deportivo La Coruna
Osasuna	
-0.25
+0.25
2.05
1.75
 
 	
2.0
1.80
1.95
2.40
3.10
3.10
1.35
1.35
1.55
1.0
1.0
1.80
2.20
1.95
1.65
 	 0:0(0:0)  
240	17/10
18:00	 Levante
Real Sociedad	
-0.25
+0.25
2.05
1.75
 
 	
2.25
1.87
 	
1.87
 	
2.40
3.20
3.00
1.37
1.33
1.55
1.0
1.0
1.62
1.90
2.20
1.85
 	 2:1(0:0)  
241	17/10
18:00	 Mallorca
Espanyol	
-0.25
+0.25
1.75
2.00
 
 	
2.25
1.90
 	
1.85
 	
2.00
3.30
3.60
1.28
1.33
1.72
1.5
1.0
2.35
2.20
1.57
1.65
 	 0:1(0:1)  
242	17/10
20:00	 Athletic Bilbao
Real Zaragoza	
-0.75
+0.75
1.95
1.80
 
 	
2.5
1.90
1.85
1.75
3.65
4.80
1.18
1.28
2.10
1.5
1.0
1.87
2.35
1.87
1.55
 	 2:1(2:0)  
243	17/10
22:00	 Sporting Gijon
Sevilla	
+0.25
-0.25
1.95
1.85
 
 	
2.25
1.75
 	
2.00
 	
3.40
3.40
2.15
1.70
1.32
1.32
1.0
1.5
1.95
2.25
1.80
1.62
 	 2:0(1:0)  
244	18/10
22:00	 Hercules
Villarreal	
0
0
2.05
1.75
  	
2.5
1.95
1.80
2.90
3.20
2.50
1.52
1.34
1.40
1.0
1.5
1.70
2.40
2.10
1.53
 	 2:2(2:1) 
20	23/10
19:00	 Real Zaragoza
Barcelona	
+1.75
-1.75
1.80
1.95
 
 	
3.0
1.80
1.95
12.00
6.00
1.25
4.00
1.13
1.03
1.0
2.5
3.50
2.05
1.28
1.72
 	 0:2(0:1)  
221	23/10
21:00	 Real Madrid
Racing Santander	
-2.25
+2.25
1.95
1.80
 
 	
3.25
1.95
 	
1.80
 	
1.13
8.50
20.00
1.01
1.07
6.00
2.5
1.0
1.75
6.00
2.00
1.10
 	 6:1(3:0)  
222	23/10
23:00	 Valencia
Mallorca	
–1.0
+1.0
1.90
1.85
  	
2.75
1.95
 	
1.80
 	
1.53
4.15
6.00
1.12
1.22
2.50
1.5
1.0
1.62
2.65
2.20
1.45
 	 1:2(1:2)  
223	24/10
18:00	 Getafe
Sporting Gijon	
-0.75
+0.75
2.05
1.75
 
 	
2.25
1.75
 	
2.00
 	
1.80
3.55
4.50
1.20
1.30
2.00
1.5
1.0
2.00
2.40
1.80
1.53
 	 3:0(1:0)  
224	24/10
18:00	 Almeria
Hercules	
-0.25
+0.25
1.80
2.00
 
 	
2.25
1.95
 	
1.80
 	
2.10
3.25
3.60
1.28
1.33
1.72
1.5
1.0
2.35
2.25
1.55
1.60
 	 1:1(0:1)  
225	24/10
18:00	 Osasuna
Malaga	
-0.25
+0.25
1.80
1.95
 
 	
2.25
2.00
 	
1.75
 	
2.15
3.20
3.60
1.30
1.35
1.70
1.5
1.0
2.40
2.30
1.53
1.60
 	 3:0(2:0)  
226	24/10
18:00	 Espanyol
Levante	
-0.75
+0.75
2.00
1.80
 
 	
2.25
1.95
 	
1.80
 	
1.75
3.50
5.00
1.17
1.30
2.06
1.5
1.0
2.10
3.00
1.70
1.36
 	 2:1(1:0)  
227	24/10
20:00	 Sevilla
Athletic Bilbao	
-0.75
+0.75
1.90
1.85
 
 	
2.5
1.85
1.90
1.70
3.75
5.00
1.17
1.27
2.15
1.5
1.0
1.80
2.35
1.95
1.55
 	 4:3(2:0)  
228	24/10
22:00	 Villarreal
Atletico Madrid	
-0.25
+0.25
1.90
1.85
 
 	
2.75
1.95
 	
1.85
 	
2.25
3.40
3.20
1.35
1.32
1.65
1.5
1.5
2.05
2.50
1.75
1.50
 	 2:0(1:0)  
229	25/10
22:00	 Real Sociedad
Deportivo La Coruna	
-0.25
+0.25
1.75
2.05
 
 	
2.0
1.80
1.95
2.05
3.25
3.80
1.26
1.33
1.75
1.5
1.0
2.40
2.40
1.53
1.52
 	 3:0(1:0)
267	30/10
19:00	 Valencia
Real Zaragoza	
-1.25
+1.25
1.87
1.87
 
 	
2.75
1.80
 	
1.95
 	
1.37
4.80
8.00
1.07
1.17
3.00
2.0
1.0
1.87
3.00
1.87
1.36
 	 1:1(1:1)  
268	30/10
21:00	 Hercules
Real Madrid	
+1.5
–1.5
1.80
1.95
  	
3.0
1.87
1.87
10.00
5.10
1.32
3.40
1.17
1.05
1.0
2.0
3.00
1.67
1.36
2.15
 	 1:3(1:0)  
269	30/10
23:00	 Barcelona
Sevilla	
-1.75
+1.75
1.80
1.95
 
 	
3.25
1.80
 	
1.95
 	
1.22
6.50
13.00
1.03
1.12
4.35
2.5
1.0
1.87
3.30
1.87
1.30
 	 5:0(2:0)  
270	31/10
18:00	 Sporting Gijon
Villarreal	
+0.25
-0.25
1.90
1.85
 
 	
2.5
1.90
1.85
3.40
3.30
2.15
1.67
1.32
1.30
1.0
1.5
1.85
2.15
1.90
1.67
 	 1:1(0:0)  
271	31/10
18:00	 Racing Santander
Osasuna	
-0.25
+0.25
2.00
1.76
 
 	
2.25
1.95
 	
1.80
 	
2.35
3.20
3.10
1.36
1.34
1.57
1.0
1.0
1.65
2.00
2.15
1.75
 	 4:1(2:0)  
272	31/10
18:00	 Malaga
Real Sociedad	
-0.25
+0.25
1.67
2.15
 
 	
2.5
1.95
1.80
1.95
3.40
4.00
1.24
1.32
1.85
1.5
1.0
2.05
2.10
1.75
1.70
 	 1:2(0:1)  
273	31/10
18:00	 Deportivo La Coruna
Espanyol	
0
0
1.85
1.95
  	
2.0
1.80
1.95
2.60
3.20
2.75
1.44
1.34
1.48
1.0
1.0
1.90
2.00
1.85
1.76
 	 3:0(1:0)  
274	31/10
20:00	 Atletico Madrid
Almeria	
–1.0
+1.0
1.85
1.90
  	
2.75
1.90
 	
1.85
 	
1.50
4.30
6.50
1.11
1.22
2.60
1.5
1.0
1.58
2.60
2.30
1.46
 	 1:1(1:1)  
275	31/10
22:00	 Athletic Bilbao
Getafe	
-0.25
+0.25
1.70
2.15
 
 	
2.5
1.80
1.95
1.95
3.50
3.80
1.25
1.30
1.85
1.5
1.0
1.95
1.90
1.80
1.85
 	 3:0(2:0)  
276	01/11
22:00	 Mallorca
Levante	
-0.75
+0.75
1.85
1.95
 
 	
2.5
1.95
1.80
1.65
3.80
5.50
1.15
1.27
2.25
1.5
1.0
1.80
2.75
1.95
1.42
 	 2:1(0:1)  
263	06/11
21:00	 Real Sociedad
Racing Santander	
-0.25
+0.25
1.75
2.00
 
 	
2.25
1.87
 	
1.87
 	
2.10
3.20
3.60
1.30
1.35
1.70
1.5
1.0
2.35
2.15
1.57
1.67
 	 1:0(1:0)  
264	06/11
23:00	 Espanyol
Malaga	
-0.75
+0.75
2.05
1.70
 
 	
2.25
1.80
 	
1.95
 	
1.80
3.50
4.30
1.22
1.30
1.95
1.5
1.0
2.05
2.40
1.75
1.53
 	 1:0(1:0)  
265	07/11
18:00	 Real Zaragoza
Mallorca	
-0.25
+0.25
1.87
1.87
 
 	
2.25
1.80
 	
1.95
 	
2.20
3.35
3.25
1.33
1.32
1.65
1.5
1.0
2.30
1.95
1.58
1.80
 	 3:2(0:1)  
266	07/11
18:00	 Villarreal
Athletic Bilbao	
-0.75
+0.75
2.00
1.75
 
 	
2.75
1.85
 	
1.90
 	
1.80
3.70
4.30
1.22
1.27
2.00
1.5
1.0
1.75
1.87
2.00
1.87
 	 4:1(2:1)  
267	07/11
18:00	 Almeria
Sporting Gijon	
-0.25
+0.25
1.67
2.15
 
 	
2.25
1.90
 	
1.85
 	
1.95
3.35
4.00
1.23
1.32
1.85
1.5
1.0
2.20
2.40
1.65
1.53
 	 1:1(1:0)  
268	07/11
18:00	 Osasuna
Hercules	
-0.25
+0.25
1.70
2.10
 
 	
2.25
2.00
 	
1.75
 	
2.00
3.30
3.90
1.25
1.32
1.80
1.5
1.0
2.30
2.50
1.58
1.50
 	 3:0(1:0)  
269	07/11
18:00	 Levante
Deportivo La Coruna	
-0.25
+0.25
2.00
1.76
 
 	
2.25
2.00
 	
1.75
 	
2.35
3.20
3.10
1.36
1.34
1.57
1.5
1.0
2.60
2.05
1.46
1.72
 	 1:2(0:1)  
270	07/11
20:00	 Getafe
Barcelona	
+1.5
–1.5
1.95
1.85
  	
3.0
1.90
1.85
10.50
5.40
1.28
3.60
1.14
1.03
1.0
2.5
3.50
2.20
1.28
1.65
 	 1:3(0:2)  
271	07/11
22:00	 Real Madrid
Atletico Madrid	
-1.75
+1.75
1.95
1.80
 
 	
3.25
1.80
 	
1.95
 	
1.28
6.00
10.00
1.05
1.13
3.75
2.5
1.0
1.95
2.65
1.85
1.45
 	 2:0(2:0)  
272	08/11
22:30	 Sevilla
Valencia	
-0.25
+0.25
1.90
1.85
 
 	
2.75
1.90
 	
1.85
 	
2.25
3.35
3.20
1.35
1.32
1.65
1.5
1.5
2.05
2.50
1.75
1.50
 	 2:0(0:0)  
240	13/11
19:00	 Athletic Bilbao
Almeria	
-0.75
+0.75
1.85
1.90
 
 	
2.5
1.90
1.85
1.65
3.75
5.00
1.17
1.27
2.15
1.5
1.0
1.85
2.40
1.90
1.53
 	 1:0(1:0)  
241	13/11
21:00	 Atletico Madrid
Osasuna	
–1.0
+1.0
2.00
1.75
  	
2.5
1.80
1.95
1.57
4.00
6.00
1.13
1.24
2.40
1.5
1.0
1.70
2.65
2.10
1.45
 	 3:0(2:0)  
242	13/11
23:00	 Barcelona
Villarreal	
-1.75
+1.75
1.80
1.95
 
 	
3.5
1.90
1.85
1.23
6.50
11.00
1.03
1.11
4.10
2.5
1.0
1.76
2.65
2.00
1.45
 	 3:1(1:1)  
243	14/11
18:00	 Hercules
Real Sociedad	
-0.25
+0.25
1.75
2.05
 
 	
2.25
1.85
 	
1.90
 	
2.05
3.30
3.80
1.26
1.33
1.80
1.5
1.0
2.20
2.20
1.62
1.65
 	 2:1(0:1)  
244	14/11
18:00	 Racing Santander
Espanyol	
-0.25
+0.25
2.00
1.80
 
 	
2.25
1.95
 	
1.80
 	
2.35
3.20
3.10
1.36
1.34
1.57
1.5
1.0
2.55
2.00
1.48
1.75
 	 0:0(0:0)  
245	14/11
18:00	 Malaga
Levante	
-0.75
+0.75
2.05
1.72
 
 	
2.5
1.87
1.87
1.80
3.60
4.35
1.20
1.27
2.00
1.5
1.0
1.90
2.20
1.85
1.65
 	 1:0(0:0)  
246	14/11
18:00	 Mallorca
Deportivo La Coruna	
-0.75
+0.75
2.05
1.72
 
 	
2.25
1.90
 	
1.85
 	
1.80
3.50
4.50
1.20
1.30
2.00
1.5
1.0
2.15
2.75
1.70
1.42
 	 0:0(0:0)  
247	14/11
18:00	 Real Zaragoza
Sevilla	
+0.25
-0.25
1.80
2.00
 
 	
2.5
1.85
1.90
3.05
3.30
2.35
1.60
1.33
1.37
1.5
1.5
2.60
2.20
1.46
1.62
 	 1:2(0:1)  
248	14/11
20:00	 Sporting Gijon
Real Madrid	
+1.5
–1.5
1.95
1.80
  	
3.0
1.90
1.85
11.00
5.75
1.26
3.80
1.13
1.03
1.0
2.5
3.70
2.15
1.25
1.65
 	 0:1(0:0)  
249	14/11
22:00	 Valencia
Getafe	
–1.0
+1.0
2.00
1.75
  	
2.75
1.80
 	
1.95
 	
1.57
4.00
5.70
1.13
1.23
2.35
2.0
1.0
2.15
2.10
1.67
1.70
 	 2:0(1:0)  
241	20/11
19:00	 Villarreal
Valencia	
-0.25
+0.25
1.72
2.05
 
 	
2.5
1.87
1.87
2.00
3.40
3.75
1.26
1.30
1.80
1.5
1.5
1.95
2.90
1.80
1.38
 	 1:1(0:1)  
242	20/11
21:00	 Almeria
Barcelona	
+1.75
-1.75
1.87
1.87
 
 	
3.0
1.87
1.87
13.00
6.00
1.23
4.15
1.13
1.02
1.0
2.5
3.75
2.05
1.25
1.75
 	 0:8(0:5)  
243	20/11
23:00	 Real Madrid
Athletic Bilbao	
–2.0
+2.0
1.80
1.95
  	
3.5
1.87
1.87
1.16
8.00
17.00
1.01
1.10
5.50
2.5
1.0
1.75
3.50
2.05
1.28
 	 5:1(2:1)  
244	21/11
18:00	 Osasuna
Sporting Gijon	
-0.75
+0.75
2.10
1.70
 
 	
2.25
1.95
 	
1.80
 	
1.85
3.40
4.50
1.20
1.32
1.95
1.5
1.0
2.15
2.65
1.67
1.45
 	 1:0(0:0)  
245	21/11
18:00	 Espanyol
Hercules	
-0.25
+0.25
1.62
2.25
 
 	
2.25
1.95
 	
1.85
 	
1.90
3.40
4.30
1.22
1.32
1.90
1.5
1.0
2.15
2.55
1.65
1.48
 	 3:0(1:0)  
246	21/11
18:00	 Levante
Racing Santander	
-0.25
+0.25
1.95
1.80
 
 	
2.25
1.87
 	
1.87
 	
2.30
3.20
3.20
1.34
1.34
1.60
1.5
1.0
2.40
2.00
1.53
1.76
 	 3:1(3:0)  
247	21/11
18:00	 Deportivo La Coruna
Malaga	
-0.25
+0.25
1.90
1.85
 
 	
2.25
1.95
 	
1.80
 	
2.25
3.20
3.30
1.32
1.34
1.62
1.5
1.0
2.50
2.10
1.50
1.70
 	 3:0(2:0)  
248	21/11
20:00	 Sevilla
Mallorca	
-0.75
+0.75
1.75
2.00
 
 	
2.75
1.85
 	
1.90
 	
1.60
4.00
5.50
1.15
1.25
2.35
1.5
1.0
1.62
2.20
2.20
1.62
 	 1:2(0:1)  
249	21/11
22:00	 Real Sociedad
Atletico Madrid	
0
0
2.00
1.80
  	
2.5
1.80
1.95
2.80
3.40
2.50
1.55
1.32
1.45
1.5
1.5
2.40
2.25
1.53
1.60
 	 2:4(1:0)  
250	22/11
22:00	 Getafe
Real Zaragoza	
-0.75
+0.75
2.05
1.75
 
 	
2.5
1.95
1.80
1.80
3.60
4.40
1.20
1.28
2.00
1.5
1.0
1.95
2.35
1.80
1.57
 	 1:1(0:1)  
251	29/11
22:00	 Barcelona
Real Madrid	
-0.25
+0.25
1.80
2.00
 
 	
3.0
1.95
1.85
2.10
3.60
3.50
1.34
1.32
1.80
1.5
1.5
1.85
2.40
1.95
1.55
 	 5:0(2:0)  
232	27/11
19:00	 Real Zaragoza
Villarreal	
+0.25
-0.25
1.85
1.95
 
 	
2.5
1.90
1.85
3.10
3.35
2.30
1.62
1.32
1.36
1.5
1.5
2.50
2.10
1.50
1.70
 	 0:3(0:2)  
233	27/11
21:00	 Sevilla
Getafe	
-0.75
+0.75
1.80
1.95
 
 	
2.75
1.85
 	
1.90
 	
1.62
3.80
5.50
1.15
1.27
2.25
1.5
1.0
1.67
2.00
2.15
1.75
 	 1:3(1:0)  
234	27/11
23:00	 Atletico Madrid
Espanyol	
–1.0
+1.0
1.95
1.80
  	
2.75
1.95
 	
1.80
 	
1.55
3.85
5.70
1.14
1.26
2.30
1.5
1.0
1.72
2.30
2.05
1.60
 	 2:3(1:1)  
235	28/11
18:00	 Sporting Gijon
Real Sociedad	
-0.25
+0.25
1.75
2.00
 
 	
2.25
1.87
 	
1.87
 	
2.05
3.30
3.70
1.26
1.32
1.75
1.5
1.0
2.25
2.25
1.60
1.62
 	 1:3(1:2)  
236	28/11
18:00	 Hercules
Levante	
-0.75
+0.75
1.95
1.80
 
 	
2.5
1.95
1.80
1.75
3.75
4.70
1.20
1.28
2.10
1.5
1.0
1.90
2.40
1.85
1.53
 	 3:1(1:1)  
237	28/11
18:00	 Racing Santander
Deportivo La Coruna	
-0.25
+0.25
1.80
2.00
 
 	
2.25
2.00
 	
1.75
 	
2.10
3.35
3.60
1.30
1.34
1.75
1.5
1.0
2.40
2.35
1.53
1.55
 	 1:0(0:0)  
238	28/11
18:00	 Mallorca
Malaga	
-0.75
+0.75
2.05
1.75
 
 	
2.5
1.90
1.85
1.80
3.60
4.50
1.20
1.30
2.00
1.5
1.0
1.90
2.25
1.85
1.62
 	 2:0(0:0)  
239	28/11
20:00	 Athletic Bilbao
Osasuna	
-0.75
+0.75
1.90
1.85
 
 	
2.5
1.90
1.85
1.70
3.70
5.00
1.16
1.27
2.15
1.5
1.0
1.85
2.40
1.95
1.53
 	 1:0(0:0)  
240	28/11
22:00	 Valencia
Almeria	
-1.25
+1.25
1.85
1.90
 
 	
2.75
1.75
 	
2.00
 	
1.37
4.90
8.50
1.07
1.18
3.15
2.0
1.0
1.80
2.90
1.95
1.38
 	 2:1(1:0)  
241	29/11
22:00	 Barcelona
Real Madrid	
-0.25
+0.25
1.80
1.95
 
 	
2.75
1.80
 	
1.95
 	
2.10
3.55
3.40
1.32
1.30
1.75
1.5
1.5
1.85
2.40
1.90
1.53
 	 5:0(2:0)  
216	04/12
19:00	 Levante
Atletico Madrid	
+0.75
-0.75
1.70
2.10
 
 	
2.5
1.80
1.95
4.20
3.60
1.85
1.95
1.28
1.22
1.0
1.5
2.05
1.87
1.75
1.87
 	 2:0(1:0)  
217	04/12
21:50	 Osasuna
Barcelona	
+1.75
-1.75
1.90
1.85
 
 	
3.0
1.80
1.95
14.00
6.20
1.22
4.30
1.12
1.02
1.0
2.5
4.00
2.00
1.22
1.76
 	 0:3(0:1)  
218	04/12
23:00	 Real Madrid
Valencia	
–1.5
+1.5
1.95
1.80
  	
3.25
1.90
 	
1.85
 	
1.37
5.20
8.00
1.08
1.17
3.15
2.5
1.0
2.15
2.40
1.70
1.53
 	 2:0(0:0)  
219	05/12
18:00	 Getafe
Mallorca	
-0.25
+0.25
1.72
2.05
 
 	
2.5
1.85
1.90
2.00
3.40
3.80
1.27
1.32
1.80
1.5
1.0
2.00
1.90
1.75
1.85
 	 3:0(2:0)  
220	05/12
18:00	 Almeria
Real Zaragoza	
-0.25
+0.25
1.80
1.95
 
 	
2.25
1.87
 	
1.87
 	
2.15
3.30
3.50
1.30
1.33
1.70
1.5
1.0
2.35
2.15
1.57
1.67
 	 1:1(0:0)  
221	05/12
18:00	 Espanyol
Sporting Gijon	
-0.75
+0.75
1.85
1.95
 
 	
2.25
1.87
 	
1.87
 	
1.65
3.80
5.50
1.15
1.27
2.25
1.5
1.0
1.95
3.20
1.85
1.32
 	 1:0(0:0)  
222	05/12
18:00	 Malaga
Racing Santander	
-0.25
+0.25
1.72
2.05
 
 	
2.5
1.95
1.80
2.00
3.40
3.80
1.27
1.32
1.80
1.5
1.0
2.10
2.05
1.70
1.75
 	 4:1(2:1)  
223	05/12
20:00	 Villarreal
Sevilla	
-0.75
+0.75
1.95
1.80
 
 	
2.75
1.90
 	
1.85
 	
1.75
3.75
4.70
1.20
1.28
2.10
1.5
1.0
1.75
2.05
2.00
1.75
 	 1:0(1:0)  
224	05/12
22:00	 Real Sociedad
Athletic Bilbao	
-0.25
+0.25
2.00
1.80
 
 	
2.5
1.80
1.95
2.35
3.35
3.05
1.38
1.33
1.60
1.5
1.0
2.15
1.65
1.65
2.20
 	 2:0(1:0)  
225	06/12
22:00	 Deportivo La Coruna
Hercules	
-0.25
+0.25
1.85
1.90
 
 	
2.25
1.95
 	
1.80
 	
2.20
3.20
3.50
1.30
1.35
1.67
1.5
1.0
2.40
2.15
1.53
1.65
 	 1:0(0:0)  
265	11/12
19:00	 Getafe
Villarreal	
0
0
1.87
1.87
  	
2.75
1.95
 	
1.80
 	
2.65
3.35
2.60
1.48
1.33
1.48
1.5
1.5
2.20
2.20
1.65
1.65
 	 1:0(0:0)  
266	11/12
21:00	 Sevilla
Almeria	
–1.0
+1.0
1.85
1.90
  	
2.75
1.80
 	
1.95
 	
1.45
4.40
7.30
1.10
1.22
2.75
2.0
1.0
1.95
2.65
1.80
1.45
 	 1:3(0:0)  
267	11/12
23:00	 Atletico Madrid
Deportivo La Coruna	
-1.25
+1.25
1.87
1.87
 
 	
2.75
2.00
 	
1.80
 	
1.40
4.40
7.70
1.07
1.20
2.90
2.0
1.0
2.10
3.00
1.70
1.36
 	 2:0(2:0)  
268	12/12
18:00	 Athletic Bilbao
Espanyol	
-0.25
+0.25
1.65
2.20
 
 	
2.5
1.95
1.80
1.90
3.50
4.00
1.24
1.30
1.90
1.5
1.0
2.00
2.15
1.75
1.65
 	 2:1(0:1)  
269	12/12
18:00	 Sporting Gijon
Levante	
-0.75
+0.75
2.10
1.70
 
 	
2.5
1.95
1.80
1.85
3.50
4.30
1.22
1.30
1.95
1.5
1.0
2.00
2.30
1.80
1.60
 	 1:1(0:0)  
270	12/12
18:00	 Hercules
Malaga	
-0.25
+0.25
1.75
2.00
 
 	
2.5
1.87
1.87
2.05
3.40
3.60
1.28
1.32
1.75
1.5
1.0
2.05
1.90
1.72
1.85
 	 4:1(0:1)  
271	12/12
18:00	 Mallorca
Racing Santander	
-0.75
+0.75
1.90
1.85
 
 	
2.5
1.95
1.80
1.70
3.70
5.15
1.16
1.28
2.15
1.5
1.0
1.87
2.60
1.87
1.46
 	 0:1(0:0)  
272	12/12
20:00	 Real Zaragoza
Real Madrid	
+1.5
–1.5
1.95
1.80
  	
3.0
1.80
1.95
12.00
5.80
1.27
4.00
1.15
1.04
1.0
2.5
3.50
2.05
1.28
1.72
 	 1:3(0:2)  
273	12/12
22:00	 Barcelona
Real Sociedad	
-2.75
+2.75
1.95
1.80
 
 	
3.75
1.80
 	
1.95
 	
1.08
9.50
26.00
1.01
1.04
7.00
3.5
1.0
2.15
4.50
1.70
1.18
 	 5:0(2:0)  
274	13/12
22:00	 Valencia
Osasuna	
-1.25
+1.25
1.85
1.90
 
 	
2.75
1.95
 	
1.80
 	
1.37
4.80
8.50
1.07
1.18
3.10
2.0
1.0
2.00
3.60
1.80
1.27
 	 3:3(3:1)  
205	18/12
19:00	 Villarreal
Mallorca	
-0.75
+0.75
1.85
1.95
 
 	
2.5
1.85
1.90
1.65
3.70
5.50
1.14
1.27
2.25
2.0
1.0
2.30
2.35
1.60
1.57
 	 3:1(2:1)  
206	18/12
19:00	 Levante
Athletic Bilbao	
0
0
1.95
1.80
  	
2.5
1.87
1.87
2.75
3.30
2.55
1.50
1.32
1.44
1.5
1.5
2.50
2.35
1.50
1.55
 	 1:2(1:1)  
207	18/12
19:00	 Deportivo La Coruna
Sporting Gijon	
-0.25
+0.25
1.90
1.85
 
 	
2.0
1.87
1.87
2.25
3.10
3.30
1.30
1.34
1.60
1.5
1.0
2.40
2.40
1.53
1.53
 	 1:1(1:0)  
208	18/12
21:00	 Espanyol
Barcelona	
+1.75
-1.75
1.80
1.95
 
 	
3.0
1.85
1.90
11.00
6.00
1.26
3.90
1.13
1.04
1.0
2.5
3.50
2.00
1.28
1.75
 	 1:5(0:2)  
209	18/12
23:00	 Real Sociedad
Valencia	
+0.25
-0.25
1.80
1.95
 
 	
2.5
1.80
1.95
3.10
3.30
2.30
1.60
1.32
1.36
1.0
1.5
1.67
2.15
2.15
1.67
 	 1:2(1:1)  
210	19/12
18:00	 Almeria
Getafe	
-0.25
+0.25
2.00
1.75
 
 	
2.25
1.80
 	
1.95
 	
2.40
3.25
3.00
1.38
1.33
1.57
1.5
1.0
2.40
1.85
1.53
1.95
 	 2:3(2:1)  
211	19/12
18:00	 Osasuna
Real Zaragoza	
-0.75
+0.75
2.15
1.65
 
 	
2.25
1.87
 	
1.87
 	
1.90
3.40
4.30
1.22
1.32
1.90
1.5
1.0
2.15
2.50
1.67
1.50
 	 0:0(0:0)  
212	19/12
20:00	 Malaga
Atletico Madrid	
+0.25
-0.25
1.85
1.90
 
 	
2.75
1.90
 	
1.85
 	
3.20
3.40
2.25
1.65
1.32
1.35
1.5
1.5
2.40
2.00
1.53
1.75
 	 0:3(0:1)  
213	19/12
22:00	 Real Madrid
Sevilla	
–2.0
+2.0
1.90
1.85
  	
3.5
1.87
1.87
1.20
7.00
14.00
1.02
1.11
4.70
2.5
1.0
1.72
3.00
2.05
1.36
 	 1:0(0:0)  
214	20/12
22:00	 Racing Santander
Hercules	
-0.75
+0.75
2.10
1.70
 
 	
2.25
1.90
 	
1.85
 	
1.85
3.50
4.40
1.22
1.30
1.95
1.5
1.0
2.10
2.65
1.70
1.45
 	 0:0(0:0)  
126	02/01
17:00	 Athletic Bilbao
Deportivo La Coruna	
-0.75
+0.75
1.95
1.85
 
 	
2.25
1.80
 	
1.95
 	
1.72
3.60
5.00
1.16
1.28
2.10
1.5
1.0
1.95
2.65
1.80
1.45
 	 1:2(0:1)  
127	02/01
19:00	 Barcelona
Levante	
-2.75
+2.75
1.85
1.95
 
 	
4.0
2.00
1.80
1.07
12.00
25.00
 	
1.03
8.15
3.5
1.0
2.00
5.50
1.75
1.13
 	 2:1(0:0)  
128	02/01
19:00	 Sporting Gijon
Malaga	
-0.25
+0.25
1.67
2.15
 
 	
2.25
1.75
 	
2.00
 	
1.95
3.50
4.00
1.25
1.32
1.90
1.5
1.0
2.10
2.10
1.70
1.70
 	 1:2(1:1)  
129	02/01
21:00	 Sevilla
Osasuna	
–1.0
+1.0
1.75
2.00
  	
2.5
1.80
1.95
1.45
4.35
7.40
1.10
1.22
2.75
1.5
1.0
1.60
3.20
2.25
1.32
 	 1:0(1:0)  
130	02/01
23:00	 Valencia
Espanyol	
-0.75
+0.75
1.85
1.95
 
 	
2.5
1.85
1.90
1.65
3.75
5.50
1.15
1.27
2.25
1.5
1.0
1.75
2.35
2.00
1.55
 	 2:1(1:1)  
131	03/01
21:00	 Villarreal
Almeria	
–1.0
+1.0
1.80
1.95
  	
2.75
1.87
 	
1.87
 	
1.48
4.35
7.00
1.10
1.22
2.70
2.0
1.0
2.10
2.65
1.70
1.45
 	 2:0(1:0)  
132	03/01
21:00	 Real Zaragoza
Real Sociedad	
-0.25
+0.25
1.85
1.95
 
 	
2.5
1.87
1.87
2.15
3.40
3.40
1.32
1.32
1.70
1.5
1.0
2.10
1.85
1.70
1.95
 	 2:1(1:1)  
133	03/01
21:00	 Atletico Madrid
Racing Santander	
–1.0
+1.0
1.85
1.90
  	
2.75
1.90
 	
1.85
 	
1.50
4.30
6.80
1.11
1.23
2.65
2.0
1.0
2.15
2.65
1.67
1.45
 	 0:0(0:0)  
134	03/01
21:00	 Mallorca
Hercules	
-0.75
+0.75
2.00
1.80
 
 	
2.25
1.80
 	
2.00
 	
1.75
3.60
4.75
1.18
1.28
2.05
1.5
1.0
1.95
2.55
1.80
1.48
 	 3:0(2:0)  
135	03/01
23:00	 Getafe
Real Madrid	
+1.25
-1.25
1.90
1.85
 
 	
3.25
2.00
 	
1.75
 	
7.80
5.00
1.40
3.05
1.20
1.10
1.0
2.0
2.35
1.70
1.55
2.10
 	 2:3(1:2)  
212	08/01
19:00	 Malaga
Athletic Bilbao	
-0.25
+0.25
1.87
1.87
 
 	
2.5
1.80
1.95
2.20
3.40
3.20
1.34
1.30
1.65
1.5
1.0
2.10
1.70
1.70
2.10
 	 1:1(0:0)  
213	08/01
21:00	 Real Sociedad
Sevilla	
+0.25
-0.25
1.80
2.00
 
 	
2.5
1.80
1.95
3.00
3.35
2.30
1.60
1.30
1.36
1.5
1.5
2.40
2.25
1.53
1.60
 	 2:3(2:1)  
214	08/01
23:00	 Deportivo La Coruna
Barcelona	
+1.75
-1.75
1.95
1.80
 
 	
3.0
1.80
1.95
12.00
6.30
1.23
4.15
1.12
1.03
1.0
2.5
4.30
1.95
1.20
1.80
 	 0:4(0:1)  
215	09/01
18:00	 Mallorca
Almeria	
-0.75
+0.75
1.90
1.85
 
 	
2.5
1.87
1.87
1.70
3.70
5.00
1.16
1.27
2.15
1.5
1.0
1.85
2.40
1.95
1.53
 	 4:1(2:0)  
216	09/01
18:00	 Osasuna
Getafe	
-0.25
+0.25
1.95
1.80
 
 	
2.25
1.87
 	
1.87
 	
2.30
3.20
3.20
1.34
1.34
1.60
1.5
1.0
2.40
2.00
1.53
1.80
 	 0:0(0:0)  
217	09/01
18:00	 Espanyol
Real Zaragoza	
-0.75
+0.75
2.05
1.72
 
 	
2.25
1.87
 	
1.87
 	
1.80
3.50
4.60
1.20
1.30
2.00
1.5
1.0
2.05
2.65
1.72
1.45
 	 4:0(3:0)  
218	09/01
18:00	 Racing Santander
Sporting Gijon	
-0.25
+0.25
1.90
1.85
 
 	
2.25
1.95
 	
1.80
 	
2.25
3.30
3.30
1.34
1.34
1.65
1.5
1.0
2.50
2.10
1.50
1.70
 	 1:1(1:0)  
220	09/01
22:00	 Levante
Valencia	
+0.25
-0.25
2.25
1.60
 
 	
2.5
1.80
1.95
4.30
3.55
1.85
1.95
1.30
1.22
1.0
1.5
2.05
1.87
1.75
1.87
 	 0:1(0:0)  
221	10/01
22:00	 Hercules
Atletico Madrid	
+0.25
-0.25
1.72
2.05
 
 	
2.5
1.85
1.90
2.90
3.35
2.40
1.55
1.32
1.40
1.30
5.50
9.50
1.05
1.14
3.50 
 	 4:1(4:0)  
190	15/01
19:00	 Sporting Gijon
Hercules	
-0.25
+0.25
1.90
1.80
 
 	
2.25
1.90
 	
1.80
 	
2.10
3.20
3.20
1.30
1.30
1.65
1.5
1.0
2.40
2.05
1.50
1.70
 	 2:0(2:0)  
191	15/01
19:00	 Villarreal
Osasuna	
-0.75
+0.75
1.75
1.95
 
 	
2.25
1.85
 	
1.85
 	
1.53
3.60
5.75
1.10
1.25
2.35
1.5
1.0
1.80
3.20
1.90
1.30
 	 4:2(1:0)  
192	15/01
19:00	 Getafe
Real Sociedad	
-0.75
+0.75
1.90
1.80
 
 	
2.5
1.85
1.85
1.72
3.50
4.50
1.16
1.26
2.00
1.5
1.0
1.85
2.20
1.90
1.62
 	 0:4(0:2)  
193	15/01
19:00	 Real Zaragoza
Levante	
-0.75
+0.75
2.05
1.70
 
 	
2.5
1.95
1.75
1.80
3.30
4.00
1.20
1.28
1.90
1.5
1.0
2.00
2.20
1.80
1.62
 	 1:0(1:0)  
194	15/01
21:00	 Athletic Bilbao
Racing Santander	
-0.75
+0.75
1.80
1.90
 
 	
2.5
1.90
1.80
1.60
3.65
5.00
1.14
1.24
2.20
1.5
1.0
1.75
2.65
2.00
1.45
 	 2:1(2:0)  
195	15/01
23:00	 Sevilla
Espanyol	
-0.75
+0.75
1.85
1.85
 
 	
2.5
1.90
1.80
1.62
3.70
4.70
1.15
1.23
2.15
1.5
1.0
1.85
2.55
1.85
1.45
 	 1:2(0:1)  
196	16/01
18:00	 Valencia
Deportivo La Coruna	
-1.25
+1.25
1.90
1.80
 
 	
2.5
1.85
1.85
1.36
4.30
8.00
1.05
1.18
2.90
2.0
1.0
2.10
4.00
1.65
1.20
 	 2:0(0:0)  
197	16/01
20:00	 Almeria
Real Madrid	
+1.75
-1.75
1.85
1.85
 
 	
3.25
1.75
 	
1.95
 	
10.00
6.00
1.20
4.00
1.10
1.02
1.0
2.5
2.85
1.85
1.37
1.85
 	 1:1(0:0)  
199	17/01
22:00	 Atletico Madrid
Mallorca	
-0.75
+0.75
2.00
1.75
 
 	
2.5
1.80
1.90
1.80
3.50
4.30
1.20
1.28
1.95
.80
3.50
4.30
1.20
1.28
1.95 
 	 3:0(2:0)  
193	22/01
19:00	 Sevilla
Levante	
-1.25
+1.25
1.85
1.90
 
 	
2.75
1.80
 	
1.95
 	
1.37
4.70
8.00
1.06
1.17
3.00
2.0
1.0
1.85
3.10
1.90
1.34
 	 4:1(3:0)  
194	22/01
21:00	 Barcelona
Racing Santander	
–3.0
+3.0
1.87
1.87
  	
4.0
1.87
1.87
1.05
14.00
22.00
1.01
1.01
8.60
3.5
1.0
1.90
5.50
1.85
1.13
 	 3:0(2:0)  
195	22/01
23:00	 Valencia
Malaga	
–1.0
+1.0
1.80
1.95
  	
2.75
1.80
 	
1.95
 	
1.46
4.30
6.70
1.10
1.20
2.65
2.0
1.0
2.00
2.50
1.75
1.50
 	 4:3(1:2)  
196	23/01
18:00	 Getafe
Espanyol	
-0.25
+0.25
1.80
1.95
 
 	
2.5
1.90
1.85
2.10
3.35
3.40
1.30
1.30
1.70
1.5
1.0
2.10
1.87
1.70
1.87
 	 1:3(1:0)  
197	23/01
18:00	 Sporting Gijon
Atletico Madrid	
0
0
1.90
1.85
  	
2.25
1.80
 	
1.95
 	
2.70
3.20
2.60
1.46
1.32
1.44
1.5
1.5
2.65
2.60
1.45
1.46
 	 1:0(0:0)  
198	23/01
18:00	 Real Zaragoza
Deportivo La Coruna	
-0.25
+0.25
1.75
2.00
 
 	
2.25
1.95
 	
1.80
 	
2.05
3.30
3.60
1.27
1.32
1.72
1.5
1.0
2.35
2.25
1.55
1.60
 	 1:0(1:0)  
199	23/01
18:00	 Almeria
Osasuna	
-0.25
+0.25
1.87
1.87
 
 	
2.25
2.00
 	
1.75
 	
2.20
3.20
3.30
1.30
1.32
1.62
1.5
1.0
2.50
2.20
1.50
1.65
 	 3:2(2:1)  
200	23/01
20:00	 Real Madrid
Mallorca	
-2.25
+2.25
2.00
1.75
 
 	
3.5
1.80
1.95
1.15
7.50
15.00
1.01
1.07
5.00
3.0
1.0
2.05
3.30
1.72
1.30
 	 1:0(0:0)  
201	23/01
22:00	 Villarreal
Real Sociedad	
–1.0
+1.0
1.90
1.85
  	
2.75
1.80
 	
1.95
 	
1.53
4.00
6.00
1.11
1.22
2.40
1.5
1.0
1.57
2.35
2.35
1.57
 	 2:1(1:1)  
202	24/01
22:00	 Athletic Bilbao
Hercules	
-0.75
+0.75
1.95
1.80
 
 	
2.5
1.87
1.87
1.72
3.60
4.75
1.17
1.27
2.05
1.5
1.0
1.85
2.35
1.90
1.57
 	 3:0(1:0)  
172	29/01
19:00	 Levante
Getafe	
0
0
1.90
1.85
  	
2.5
1.87
1.87
2.65
3.35
2.55
1.48
1.30
1.45
1.5
1.5
2.40
2.35
1.53
1.55
 	 2:0(0:0)  
173	29/01
19:00	 Real Sociedad
Almeria	
-0.25
+0.25
1.70
2.10
 
 	
2.5
1.80
1.95
1.95
3.40
3.80
1.25
1.30
1.80
1.5
1.0
1.95
1.90
1.80
1.85
 	 2:0(1:0)  
174	29/01
19:00	 Mallorca
Sporting Gijon	
-0.75
+0.75
1.95
1.80
 
 	
2.25
1.85
 	
1.90
 	
1.72
3.45
5.00
1.15
1.28
2.05
1.5
1.0
2.00
2.75
1.75
1.42
 	 0:4(0:1)  
175	29/01
19:00	 Malaga
Real Zaragoza	
-0.75
+0.75
1.95
1.80
 
 	
2.5
1.80
1.95
1.75
3.60
4.50
1.18
1.27
2.00
1.5
1.0
1.85
2.05
1.90
1.72
 	 1:2(1:1)  
176	29/01
21:00	 Hercules
Barcelona	
+2.0
–2.0
1.90
1.85
  	
3.5
1.95
1.80
15.00
7.00
1.16
4.80
1.10
1.01
1.0
2.5
3.60
1.72
1.27
2.05
 	 0:3(0:1)  
177	29/01
23:00	 Deportivo La Coruna
Sevilla	
+0.25
-0.25
1.75
2.00
 
 	
2.25
1.85
 	
1.90
 	
3.00
3.20
2.30
1.55
1.30
1.36
1.0
1.5
1.87
2.50
1.87
1.50
 	 3:3(1:0)  
178	30/01
18:00	 Atletico Madrid
Athletic Bilbao	
-0.75
+0.75
1.95
1.80
 
 	
2.75
1.90
 	
1.85
 	
1.75
3.80
4.60
1.20
1.27
2.10
1.5
1.0
1.75
2.05
2.00
1.75
 	 0:2(0:1)  
179	30/01
20:00	 Osasuna
Real Madrid	
+1.5
–1.5
1.85
1.90
  	
3.0
1.95
1.80
9.00
5.30
1.30
3.35
1.14
1.04
1.0
2.0
3.40
1.67
1.30
2.15
 	 1:0(0:0)  
180	30/01
22:00	 Espanyol
Villarreal	
0
0
1.80
2.00
  	
2.5
1.85
1.90
2.50
3.30
2.75
1.42
1.32
1.50
1.5
1.5
2.30
2.40
1.58
1.53
 	 0:1(0:1)  
181	31/01
22:00	 Racing Santander
Valencia	
+0.25
-0.25
1.85
1.90
 
 	
2.25
1.80
 	
1.95
 	
3.20
3.30
2.20
1.62
1.30
1.32
1.0
1.0
1.95
1.53
1.80
2.40
 	 1:1(1:0)
185	05/02
19:00	 Athletic Bilbao
Sporting Gijon	
-0.75
+0.75
1.87
1.87
 
 	
2.25
1.75
 	
2.00
 	
1.67
3.60
5.30
1.14
1.27
2.15
1.5
1.0
1.87
2.75
1.87
1.42
 	 3:0(2:0)  
186	05/02
19:00	 Real Zaragoza
Racing Santander	
-0.25
+0.25
1.72
2.05
 
 	
2.25
1.95
 	
1.80
 	
2.00
3.35
3.75
1.25
1.30
1.80
1.5
1.0
2.30
2.40
1.58
1.53
 	 1:1(1:1)  
187	05/02
19:00	 Getafe
Deportivo La Coruna	
-0.75
+0.75
2.20
1.65
 
 	
2.25
1.85
 	
1.90
 	
1.90
3.50
4.00
1.23
1.30
1.90
1.5
1.0
2.10
2.35
1.70
1.55
 	 4:1(3:0)  
188	05/02
19:00	 Almeria
Espanyol	
-0.25
+0.25
2.00
1.75
 
 	
2.5
1.95
1.80
2.35
3.35
2.90
1.38
1.30
1.55
1.5
1.0
2.35
1.72
1.57
2.05
 	 3:2(3:1)  
189	05/02
19:00	 Osasuna
Mallorca	
-0.25
+0.25
1.62
2.20
 
 	
2.25
1.95
 	
1.80
 	
1.90
3.40
4.20
1.22
1.32
1.90
1.5
1.0
2.20
2.60
1.65
1.46
 	 1:1(1:1)  
190	05/02
21:00	 Villarreal
Levante	
-1.75
+1.75
1.95
1.80
 
 	
3.0
1.87
1.87
1.25
5.70
11.00
1.03
1.12
3.80
2.5
1.0
2.10
3.70
1.70
1.25
 	 0:1(0:0)  
191	05/02
23:00	 Barcelona
Atletico Madrid	
-2.25
+2.25
1.85
1.90
 
 	
4.0
1.95
1.80
1.14
8.50
15.00
1.01
1.06
5.50
3.0
1.0
1.80
2.75
1.95
1.42
 	 3:0(2:0)  
192	06/02
18:00	 Sevilla
Malaga	
–1.0
+1.0
1.90
1.85
  	
3.0
1.90
1.85
1.53
4.30
5.70
1.13
1.22
2.45
2.0
1.0
2.00
2.10
1.75
1.70
 	 0:0(0:0)  
193	06/02
20:00	 Real Madrid
Real Sociedad	
-2.25
+2.25
1.95
1.80
 
 	
3.5
1.87
1.87
1.15
8.00
16.00
1.01
1.07
5.50
2.5
1.0
1.65
3.90
2.20
1.23
 	 4:1(3:0)  
194	06/02
22:00	 Valencia
Hercules	
–1.0
+1.0
1.75
2.00
  	
2.75
1.95
 	
1.80
 	
1.45
4.30
6.80
1.10
1.20
2.65
1.45
4.30
6.80
1.10
1.20
2.65 
 	 2:0(1:0)  
197	12/02
19:00	 Atletico Madrid
Valencia	
-0.25
+0.25
1.80
1.95
 
 	
2.75
2.00
 	
1.75
 	
2.10
3.40
3.40
1.30
1.30
1.70
1.5
1.0
2.00
1.72
1.75
2.05
 	 1:2(1:1)  
198	12/02
21:00	 Sporting Gijon
Barcelona	
+2.0
–2.0
1.87
1.87
  	
3.25
1.90
 	
1.85
 	
15.00
7.00
1.16
4.80
1.08
1.01
1.0
2.5
4.30
1.80
1.20
1.95
 	 1:1(1:0)  
199	12/02
23:00	 Racing Santander
Sevilla	
0
0
1.90
1.80
  	
2.25
1.75
 	
2.00
 	
2.65
3.40
2.50
1.50
1.30
1.46
1.5
1.5
2.55
2.50
1.48
1.50
 	 3:2(2:1)  
200	13/02
18:00	 Real Sociedad
Osasuna	
-0.25
+0.25
1.75
2.00
 
 	
2.25
1.75
 	
2.00
 	
2.05
3.30
3.60
1.27
1.32
1.72
1.5
1.0
2.15
2.05
1.65
1.75
 	 1:0(0:0)  
201	13/02
18:00	 Hercules
Real Zaragoza	
-0.25
+0.25
1.75
2.00
 
 	
2.25
1.75
 	
2.00
 	
2.05
3.40
3.50
1.28
1.30
1.72
1.5
1.0
2.15
2.05
1.65
1.75
 	 2:1(0:1)  
202	13/02
18:00	 Malaga
Getafe	
-0.25
+0.25
1.75
2.00
 
 	
2.75
2.00
 	
1.80
 	
2.05
3.40
3.50
1.28
1.30
1.72
1.5
1.0
1.95
1.75
1.80
2.00
 	 2:2(0:2)  
203	13/02
18:00	 Levante
Almeria	
-0.25
+0.25
1.95
1.80
 
 	
2.5
1.90
1.85
2.30
3.30
3.05
1.37
1.32
1.60
1.5
1.0
2.25
1.72
1.62
2.05
 	 1:0(0:0)  
204	13/02
20:00	 Deportivo La Coruna
Villarreal	
+0.25
-0.25
1.95
1.80
 
 	
2.25
1.75
 	
2.00
 	
3.50
3.30
2.10
1.70
1.32
1.28
1.0
1.5
2.00
2.20
1.75
1.62
 	 1:0(0:0)  
205	13/02
22:00	 Espanyol
Real Madrid	
+1.25
-1.25
1.80
1.95
 
 	
2.75
1.75
 	
2.00
 	
7.00
4.50
1.42
2.75
1.18
1.08
1.0
2.0
2.65
1.87
1.45
1.87
 	 0:1(0:1)  
206	14/02
22:00	 Mallorca
Athletic Bilbao	
-0.25
+0.25
1.87
1.87
 
 	
2.5
1.90
1.85
2.20
3.30
3.30
1.32
1.32
1.65
1.5
1.0
2.20
1.80
1.65
1.95
 	 1:0(1:0)  
205	19/02
19:00	 Valencia
Sporting Gijon	
–1.0
+1.0
1.95
1.80
  	
2.75
1.95
 	
1.80
 	
1.53
4.00
6.20
1.11
1.23
2.45
1.5
1.0
1.65
2.55
2.20
1.48
 	 0:0(0:0)  
206	19/02
21:00	 Real Madrid
Levante	
-2.25
+2.25
1.87
1.87
 
 	
3.5
1.85
1.90
1.13
8.00
17.00
1.01
1.06
5.50
3.0
1.0
2.00
4.00
1.75
1.22
 	 2:0(2:0)  
207	19/02
23:00	 Real Zaragoza
Atletico Madrid	
+0.25
-0.25
1.75
2.00
 
 	
2.5
1.90
1.85
2.90
3.40
2.35
1.57
1.30
1.40
1.5
1.5
2.55
2.30
1.48
1.60
 	 0:1(0:0)  
208	20/02
18:00	 Getafe
Racing Santander	
-0.75
+0.75
2.10
1.70
 
 	
2.5
1.95
1.80
1.85
3.50
4.30
1.22
1.30
1.95
1.5
1.0
1.95
2.25
1.80
1.62
 	 0:1(0:0)  
209	20/02
18:00	 Villarreal
Malaga	
–1.0
+1.0
1.85
1.90
  	
3.0
1.80
1.95
1.50
4.35
6.00
1.12
1.20
2.55
2.0
1.0
1.87
2.05
1.87
1.75
 	 1:1(1:0)  
210	20/02
18:00	 Almeria
Deportivo La Coruna	
-0.25
+0.25
1.75
2.00
 
 	
2.25
1.80
 	
1.95
 	
2.05
3.30
3.60
1.27
1.32
1.72
1.5
1.0
2.20
2.10
1.62
1.70
 	 1:1(0:0)  
211	20/02
18:00	 Osasuna
Espanyol	
-0.25
+0.25
1.85
1.90
 
 	
2.25
1.87
 	
1.87
 	
2.15
3.30
3.40
1.30
1.32
1.67
1.5
1.0
2.35
2.10
1.55
1.70
 	 4:0(1:0)  
212	20/02
20:00	 Sevilla
Hercules	
–1.0
+1.0
1.95
1.80
  	
2.75
1.87
 	
1.87
 	
1.55
4.20
5.50
1.13
1.22
2.40
1.5
1.0
1.62
2.40
2.25
1.53
 	 1:0(1:0)  
213	20/02
22:00	 Barcelona
Athletic Bilbao	
–2.5
+2.5
1.87
1.87
  	
3.75
1.85
 	
1.90
 	
1.11
9.00
18.00
1.01
1.05
6.00
3.0
1.0
1.75
4.00
2.00
1.22
 	 2:1(1:0)  
214	21/02
22:00	 Real Sociedad
Mallorca	
-0.25
+0.25
1.80
1.95
 
 	
2.5
1.95
1.80
2.10
3.30
3.50
1.28
1.32
1.70
1.5
1.0
2.15
1.95
1.65
1.80
 	 1:0(0:0)  
192	26/02
19:00	 Sporting Gijon
Real Zaragoza	
-0.25
+0.25
1.62
2.20
 
 	
2.25
1.87
 	
1.87
 	
1.90
3.40
4.20
1.22
1.32
1.90
1.5
1.0
2.15
2.40
1.67
1.53
 	 0:0(0:0)  
193	26/02
19:00	 Espanyol
Real Sociedad	
-0.75
+0.75
2.20
1.62
 
 	
2.25
1.75
 	
2.00
 	
1.90
3.40
4.20
1.20
1.30
1.90
1.5
1.0
2.00
2.30
1.75
1.58
 	 4:1(1:1)  
194	26/02
19:00	 Atletico Madrid
Sevilla	
-0.25
+0.25
1.75
2.05
 
 	
2.75
2.00
 	
1.80
 	
2.00
3.50
3.60
1.28
1.30
1.80
1.5
1.0
1.95
1.80
1.80
1.95
 	 2:2(0:1)  
195	26/02
21:00	 Mallorca
Barcelona	
+1.25
-1.25
2.00
1.75
 
 	
2.75
1.87
 	
1.87
 	
10.00
4.80
1.32
3.30
1.17
1.04
1.0
2.0
3.20
1.87
1.32
1.87
 	 0:3(0:1)  
196	26/02
23:00	 Deportivo La Coruna
Real Madrid	
+1.25
-1.25
2.00
1.75
 
 	
2.75
1.90
 	
1.85
 	
9.50
4.80
1.32
3.20
1.16
1.04
1.0
2.0
3.20
1.85
1.32
1.90
 	 0:0(0:0)  
197	27/02
18:00	 Hercules
Getafe	
-0.25
+0.25
2.00
1.75
 
 	
2.5
1.90
1.85
2.35
3.40
2.90
1.40
1.30
1.57
1.5
1.0
2.30
1.70
1.60
2.10
 	 0:0(0:0)  
198	27/02
18:00	 Levante
Osasuna	
-0.25
+0.25
2.05
1.75
 
 	
2.25
1.90
 	
1.85
 	
2.40
3.20
3.00
1.37
1.33
1.55
1.0
1.0
1.65
1.90
2.15
1.85
 	 2:1(1:1)  
199	27/02
20:00	 Racing Santander
Villarreal	
0
0
2.00
1.75
  	
2.25
1.87
 	
1.87
 	
2.85
3.20
2.50
1.52
1.33
1.40
1.0
1.5
1.85
2.60
1.90
1.46
 	 2:2(1:0)  
200	27/02
22:00	 Athletic Bilbao
Valencia	
-0.25
+0.25
2.00
1.80
 
 	
2.5
1.90
1.85
2.35
3.30
3.00
1.37
1.32
1.57
1.5
1.0
2.30
1.72
1.60
2.05
 	 1:2(1:0)  
201	28/02
22:00	 Malaga
Almeria	
-0.75
+0.75
2.10
1.70
 
 	
2.5
1.87
1.87
1.85
3.50
4.30
1.22
1.30
1.95
1.5
1.0
1.90
2.15
1.85
1.67
 	 3:1(0:1)  
110	01/03
21:00	 Espanyol
Mallorca	
-0.25
+0.25
1.80
1.95
 
 	
2.25
1.80
 	
1.95
 	
2.10
3.30
3.50
1.28
1.32
1.70
1.5
1.0
2.15
2.20
1.65
1.65
 	 1:2(1:0)  
111	01/03
23:00	 Sevilla
Sporting Gijon	
–1.0
+1.0
1.80
1.95
  	
2.5
1.85
1.90
1.48
4.20
7.00
1.10
1.22
2.65
1.5
1.0
1.62
2.90
2.20
1.38
 	 3:0(2:0)  
112	02/03
21:00	 Real Zaragoza
Athletic Bilbao	
0
0
1.87
1.87
  	
2.25
1.75
 	
2.00
 	
2.65
3.30
2.65
1.47
1.33
1.47
1.5
1.5
2.55
2.55
1.48
1.48
 	 2:1(0:1)  
113	02/03
21:00	 Getafe
Atletico Madrid	
0
0
1.95
1.85
  	
2.5
1.85
1.90
2.75
3.30
2.60
1.50
1.34
1.45
1.5
1.5
2.40
2.35
1.53
1.57
 	 1:1(1:0)  
114	02/03
21:00	 Villarreal
Hercules	
-1.25
+1.25
2.00
1.75
 
 	
2.5
1.80
1.95
1.42
4.35
7.80
1.07
1.20
2.80
2.0
1.0
2.15
3.30
1.67
1.30
 	 1:0(1:0)  
115	02/03
21:00	 Osasuna
Deportivo La Coruna	
-0.25
+0.25
1.70
2.10
 
 	
2.25
2.00
 	
1.75
 	
2.00
3.25
4.00
1.24
1.33
1.80
1.5
1.0
2.35
2.50
1.57
1.50
 	 0:0(0:0)  
116	02/03
21:00	 Real Sociedad
Levante	
-0.25
+0.25
1.65
2.15
 
 	
2.25
1.75
 	
2.00
 	
1.90
3.40
4.00
1.22
1.30
1.85
1.5
1.0
2.05
2.20
1.72
1.62
 	 1:1(0:0)  
117	02/03
23:00	 Valencia
Barcelona	
+1.0
–1.0
1.85
1.90
  	
2.75
1.75
 	
2.00
 	
6.00
4.00
1.55
2.40
1.23
1.12
1.0
2.0
2.25
2.05
1.62
1.75
 	 0:1(0:0)  
118	03/03
21:00	 Almeria
Racing Santander	
-0.25
+0.25
1.95
1.80
 
 	
2.25
1.90
 	
1.85
 	
2.25
3.20
3.20
1.32
1.32
1.60
1.5
1.0
2.35
2.20
1.57
1.65
 	 1:1(0:1)  
119	03/03
23:00	 Real Madrid
Malaga	
–2.0
+2.0
1.87
1.87
  	
3.5
1.90
1.85
1.17
7.00
15.00
1.01
1.10
4.80
2.5
1.0
1.72
3.20
2.05
1.32
 	 7:0(3:0)  
222	05/03
19:00	 Mallorca
Valencia	
0
0
1.87
1.87
  	
2.25
1.80
 	
1.95
 	
2.65
3.20
2.65
1.45
1.33
1.45
1.5
1.5
2.65
2.65
1.45
1.45
 	 1:2(1:1)  
223	05/03
21:00	 Barcelona
Real Zaragoza	
–2.5
+2.5
1.80
1.95
  	
3.5
1.85
1.90
1.08
10.00
22.00
1.01
1.03
7.00
3.0
1.0
1.80
6.00
1.95
1.11
 	 1:0(1:0)  
224	05/03
23:00	 Atletico Madrid
Villarreal	
-0.25
+0.25
1.80
1.95
 
 	
2.5
1.80
1.95
2.10
3.50
3.30
1.32
1.28
1.70
1.5
1.0
2.05
1.75
1.75
2.00
 	 3:1(1:1)  
225	06/03
18:00	 Sporting Gijon
Getafe	
-0.25
+0.25
1.87
1.87
 
 	
2.25
1.90
 	
1.85
 	
2.20
3.30
3.30
1.32
1.32
1.65
1.5
1.0
2.40
2.05
1.53
1.72
 	 2:0(2:0)  
226	06/03
18:00	 Hercules
Almeria	
-0.25
+0.25
1.65
2.20
 
 	
2.5
1.95
1.80
1.90
3.50
4.00
1.23
1.30
1.90
1.5
1.0
2.00
2.15
1.75
1.67
 	 1:2(0:0)  
227	06/03
18:00	 Malaga
Osasuna	
-0.25
+0.25
1.65
2.20
 
 	
2.5
1.95
1.80
1.90
3.50
4.00
1.23
1.30
1.90
1.5
1.0
2.00
2.15
1.75
1.67
 	 0:1(0:0)  
228	06/03
18:00	 Levante
Espanyol	
-0.25
+0.25
1.87
1.87
 
 	
2.25
1.80
 	
1.95
 	
2.20
3.30
3.30
1.32
1.32
1.65
1.5
1.0
2.30
1.95
1.58
1.80
 	 1:0(1:0)  
229	06/03
20:00	 Athletic Bilbao
Sevilla	
-0.25
+0.25
2.00
1.75
 
 	
2.5
1.80
1.95
2.35
3.40
2.90
1.40
1.30
1.57
1.5
1.0
2.20
1.62
1.65
2.20
 	 2:0(0:0)  
230	06/03
22:00	 Racing Santander
Real Madrid	
+1.0
–1.0
1.95
1.80
  	
2.75
1.95
 	
1.80
 	
7.00
4.30
1.47
2.70
1.22
1.10
1.0
1.5
2.80
1.60
1.40
2.30
 	 1:3(0:2)  
231	07/03
22:00	 Deportivo La Coruna
Real Sociedad	
-0.25
+0.25
1.80
1.95
 
 	
2.25
1.95
 	
1.80
 	
2.10
3.30
3.40
1.30
1.30
1.70
2.10
3.30
3.40
1.30
1.30
1.70 
 	 2:1(1:0)  
205	12/03
19:00	 Almeria
Atletico Madrid	
+0.25
-0.25
1.85
1.90
 
 	
2.5
1.90
1.85
3.10
3.40
2.20
1.62
1.30
1.35
1.5
1.5
2.65
2.15
1.45
1.65
 	 2:2(0:1)  
206	12/03
21:00	 Real Madrid
Hercules	
-2.25
+2.25
1.87
1.87
 
 	
3.5
1.90
1.85
1.12
8.00
17.00
1.01
1.06
5.50
2.5
1.0
1.62
4.00
2.25
1.22
 	 2:0(1:0)  
207	12/03
23:00	 Real Zaragoza
Valencia	
0
0
2.00
1.75
  	
2.5
1.95
1.80
2.85
3.40
2.45
1.55
1.32
1.42
1.0
1.0
1.70
1.55
2.10
2.35
 	 4:0(2:0)  
208	13/03
18:00	 Osasuna
Racing Santander	
-0.25
+0.25
1.70
2.10
 
 	
2.0
1.75
2.00
2.00
3.30
3.90
1.25
1.32
1.80
1.5
1.0
2.35
2.65
1.55
1.45
 	 3:1(2:0)  
209	13/03
18:00	 Real Sociedad
Malaga	
-0.25
+0.25
1.70
2.00
 
 	
2.25
1.80
 	
1.95
 	
1.95
3.40
3.40
1.30
1.30
1.70
1.5
1.0
2.25
2.05
1.60
1.75
 	 0:2(0:1)  
210	13/03
18:00	 Espanyol
Deportivo La Coruna	
-0.25
+0.25
1.65
2.20
 
 	
2.25
2.05
 	
1.75
 	
1.90
3.30
4.20
1.22
1.32
1.85
1.5
1.0
2.25
2.75
1.60
1.42
 	 2:0(0:0)  
211	13/03
18:00	 Levante
Mallorca	
-0.25
+0.25
1.95
1.85
 
 	
2.25
1.85
 	
1.90
 	
2.15
3.30
3.10
1.34
1.30
1.60
1.5
1.0
2.40
1.95
1.53
1.80
 	 1:1(1:0)  
212	13/03
20:00	 Villarreal
Sporting Gijon	
-0.75
+0.75
1.85
1.95
 
 	
2.5
1.90
1.85
1.65
3.80
5.50
1.15
1.27
2.25
1.5
1.0
1.80
2.60
1.95
1.46
 	 1:1(1:0)  
213	13/03
22:00	 Sevilla
Barcelona	
+1.25
-1.25
1.95
1.80
 
 	
3.0
1.85
1.90
8.00
4.90
1.37
3.05
1.17
1.07
1.0
2.0
2.65
1.70
1.45
2.10
 	 1:1(0:1)  
214	14/03
22:00	 Getafe
Athletic Bilbao	
0
0
1.75
2.00
  	
2.5
1.87
1.87
2.45
3.40
2.80
1.42
1.32
1.55
1.5
1.5
2.35
2.55
1.57
1.48
 	 2:2(0:0)  
186	19/03
19:00	 Mallorca
Real Zaragoza	
-0.25
+0.25
1.65
2.15
 
 	
2.25
1.87
 	
1.87
 	
1.90
3.40
4.00
1.22
1.30
1.85
1.5
1.0
2.15
2.40
1.67
1.53
 	 1:0(0:0)  
187	19/03
21:00	 Barcelona
Getafe	
–2.5
+2.5
1.80
1.95
  	
3.75
1.85
 	
1.90
 	
1.08
11.00
22.00
1.01
1.03
7.35
3.0
1.0
1.75
3.90
2.00
1.23
 	 2:1(1:0)  
188	19/03
23:00	 Atletico Madrid
Real Madrid	
+1.0
–1.0
1.80
2.00
  	
3.0
1.95
1.80
5.50
4.20
1.57
2.40
1.22
1.14
1.0
2.0
2.05
2.05
1.72
1.72
 	 1:2(0:2)  
189	20/03
18:00	 Sporting Gijon
Almeria	
-0.25
+0.25
1.65
2.15
 
 	
2.25
1.87
 	
1.87
 	
1.90
3.40
4.00
1.22
1.30
1.85
1.5
1.0
2.15
2.40
1.67
1.53
 	 1:0(1:0)  
190	20/03
18:00	 Hercules
Osasuna	
-0.25
+0.25
1.80
1.95
 
 	
2.0
1.75
2.00
2.10
3.25
3.55
1.28
1.32
1.70
1.5
1.0
2.35
2.60
1.55
1.46
 	 0:4(0:2)  
191	20/03
18:00	 Racing Santander
Real Sociedad	
-0.25
+0.25
1.70
2.10
 
 	
2.25
1.75
 	
2.00
 	
1.95
3.40
3.90
1.25
1.30
1.85
1.5
1.0
2.10
2.15
1.70
1.65
 	 2:1(1:0)  
192	20/03
18:00	 Malaga
Espanyol	
-0.25
+0.25
1.70
2.10
 
 	
2.5
1.80
1.95
1.95
3.60
3.70
1.26
1.28
1.85
1.5
1.0
1.95
1.90
1.80
1.85
 	 2:0(2:0)  
193	20/03
18:00	 Deportivo La Coruna
Levante	
-0.25
+0.25
1.85
1.90
 
 	
2.25
2.00
 	
1.75
 	
2.15
3.20
3.50
1.30
1.33
1.67
1.5
1.0
2.35
2.50
1.57
1.50
 	 0:1(0:0)  
194	20/03
20:00	 Athletic Bilbao
Villarreal	
-0.25
+0.25
1.87
1.87
 
 	
2.5
1.80
1.95
2.20
3.40
3.20
1.34
1.30
1.65
1.5
1.0
2.10
1.70
1.70
2.10
 	 0:1(0:0)  
195	20/03
22:00	 Valencia
Sevilla	
-0.25
+0.25
1.65
2.15
 
 	
2.5
1.80
1.95
1.90
3.60
3.90
1.25
1.28
1.90
1.5
1.0
1.90
1.95
1.85
1.80
 	 0:1(0:0)
228	02/04
19:00	 Real Madrid
Sporting Gijon	
-1.75
+1.75
1.85
1.90
 
 	
3.0
1.85
1.90
1.20
6.50
13.00
1.01
1.10
4.40
2.5
1.0
2.00
3.90
1.75
1.23
 	 0:1(0:0)  
229	02/04
21:00	 Getafe
Valencia	
+0.25
-0.25
1.75
2.00
 
 	
2.5
1.87
1.87
2.90
3.40
2.35
1.57
1.30
1.40
1.5
1.5
2.60
2.25
1.46
1.60
 	 2:4(1:0)  
230	02/04
23:00	 Villarreal
Barcelona	
+0.75
-0.75
1.95
1.80
 
 	
3.0
1.95
1.80
5.30
4.00
1.62
2.30
1.25
1.15
1.0
2.0
1.90
2.15
1.85
1.65
 	 0:1(0:0)  
231	03/04
18:00	 Real Sociedad
Hercules	
-0.75
+0.75
2.10
1.70
 
 	
2.5
1.95
1.80
1.85
3.50
4.15
1.22
1.28
1.90
1.5
1.0
1.95
2.20
1.80
1.62
 	 1:3(0:0)  
232	03/04
18:00	 Espanyol
Racing Santander	
-0.25
+0.25
1.65
2.20
 
 	
2.25
1.85
 	
1.90
 	
1.90
3.40
4.00
1.22
1.30
1.85
1.5
1.0
2.15
2.35
1.67
1.55
 	 1:2(1:0)  
233	03/04
18:00	 Levante
Malaga	
-0.25
+0.25
2.05
1.75
 
 	
2.5
1.90
1.85
2.40
3.30
2.90
1.40
1.32
1.55
1.5
1.5
2.30
2.60
1.58
1.46
 	 3:1(2:0)  
234	03/04
18:00	 Deportivo La Coruna
Mallorca	
-0.25
+0.25
1.95
1.85
 
 	
2.0
1.75
2.00
2.25
3.20
3.20
1.32
1.32
1.60
1.0
1.0
1.70
2.25
2.10
1.62
 	 2:1(0:1)  
235	03/04
20:00	 Sevilla
Real Zaragoza	
–1.0
+1.0
1.95
1.80
  	
2.75
1.90
 	
1.85
 	
1.53
4.00
6.00
1.11
1.22
2.40
1.5
1.0
1.62
2.40
2.20
1.53
 	 3:1(1:0)  
236	03/04
22:00	 Osasuna
Atletico Madrid	
-0.25
+0.25
2.05
1.72
 
 	
2.25
1.75
 	
2.00
 	
2.40
3.30
2.85
1.40
1.30
1.53
1.0
1.0
1.58
1.75
2.30
2.00
 	 2:3(1:1)  
237	04/04
22:00	 Almeria
Athletic Bilbao	
0
0
2.00
1.72
  	
2.5
1.85
1.85
2.75
3.40
2.35
1.53
1.27
1.40
2.75
3.40
2.35
1.53
1.27
1.40 
 	 1:3(1:1)  
160	09/04
19:00	 Athletic Bilbao
Real Madrid	
+0.25
-0.25
2.20
1.62
 
 	
2.75
1.90
 	
1.85
 	
4.00
3.60
1.85
1.90
1.27
1.22
1.0
1.5
2.10
1.75
1.70
2.05
 	 0:3(0:1)  
161	09/04
21:00	 Barcelona
Almeria	
-2.75
+2.75
1.90
1.85
 
 	
3.75
1.80
 	
1.95
 	
1.07
10.00
25.00 	 	
7.50
3.0
1.0
1.72
4.30
2.05
1.20
2.05
1.20
 	 3:1(0:0)  
162	09/04
23:00	 Mallorca
Sevilla	
0
0
1.87
1.87
  	
2.25
1.75
 	
2.00
 	
2.60
3.20
2.65
1.45
1.33
1.45
1.5
1.5
2.55
2.55
1.48
1.48
 	 2:2(2:1)  
163	10/04
18:00	 Sporting Gijon
Osasuna	
-0.25
+0.25
1.70
2.10
 
 	
2.25
1.95
 	
1.80
 	
2.00
3.20
4.00
1.24
1.34
1.80
1.5
1.0
2.25
2.40
1.60
1.53
 	 1:0(0:0)  
164	10/04
18:00	 Hercules
Espanyol	
-0.25
+0.25
1.72
2.05
 
 	
2.25
1.75
 	
2.00
 	
2.00
3.40
3.80
1.27
1.32
1.80
1.5
1.0
2.15
2.10
1.67
1.70
 	 0:0(0:0)  
165	10/04
18:00	 Racing Santander
Levante	
-0.75
+0.75
2.10
1.70
 
 	
2.25
1.85
 	
1.95
 	
1.85
3.35
4.50
1.20
1.32
1.95
1.5
1.0
2.05
2.40
1.72
1.53
 	 1:1(1:0)  
166	10/04
18:00	 Malaga
Deportivo La Coruna	
-0.75
+0.75
1.95
1.80
 
 	
2.25
1.80
 	
2.00
 	
1.75
3.60
4.75
1.18
1.28
2.05
1.5
1.0
1.95
2.55
1.80
1.48
 	 0:0(0:0)  
167	10/04
20:00	 Atletico Madrid
Real Sociedad	
–1.0
+1.0
1.85
1.90
  	
3.0
1.95
1.80
1.53
4.00
6.00
1.11
1.22
2.40
1.53
4.00
6.00
1.11
1.22
2.40 
 	 3:0(2:0)  
168	10/04
22:00	 Valencia
Villarreal	
-0.25
+0.25
1.65
2.15
 
 	
2.5
1.85
1.90
1.90
3.40
4.00
1.22
1.30
1.85
1.53
4.00
6.00
1.11
1.22
2.40 
 	 5:0(1:0)  
169	11/04
22:00	 Real Zaragoza
Getafe	
-0.25
+0.25
1.85
1.90
 
 	
2.5
2.00
1.75
2.15
3.30
3.30
1.30
1.30
1.65
1.53
4.00
6.00
1.11
1.22
2.40 
 	 2:1(2:1)  
217	16/04
19:00	 Getafe
Sevilla	
0
0
1.87
1.87
  	
2.75
1.95
 	
1.80
 	
2.55
3.50
2.55
1.48
1.28
1.48
1.5
1.5
2.35
2.20
1.57
1.65
 	 1:0(0:0)  
218	16/04
19:00	 Malaga
Mallorca	
-0.75
+0.75
2.05
1.75
 
 	
2.5
1.87
1.87
1.80
3.85
3.90
1.23
1.24
1.95
1.5
1.0
1.90
2.20
1.85
1.62
 	 3:0(2:0)  
219	16/04
21:00	 Almeria
Valencia	
+0.25
-0.25
2.25
1.62
 
 	
2.75
1.80
 	
1.95
 	
3.90
3.70
1.85
1.90
1.25
1.23
1.0
1.5
1.75
1.80
2.05
1.95
 	 0:3(0:0)  
220	16/04
23:00	 Real Madrid
Barcelona	
+0.25
-0.25
1.72
2.05
 
 	
2.75
1.90
 	
1.85
 	
2.90
3.40
2.40
1.57
1.32
1.42
1.5
1.5
2.15
2.10
1.65
1.70
 	 1:1(0:0) 
222	17/04
18:00	 Real Sociedad
Sporting Gijon	
-0.25
+0.25
1.72
2.05
 
 	
2.25
1.85
 	
1.90
 	
2.00
3.40
3.70
1.27
1.30
1.80
1.5
1.0
2.20
2.25
1.65
1.62
 	 2:1(1:0)  
223	17/04
18:00	 Levante
Hercules	
-0.25
+0.25
1.87
1.87
 
 	
2.25
1.75
 	
2.00
 	
2.20
3.40
3.20
1.35
1.30
1.65
1.5
1.0
2.30
1.90
1.60
1.85
 	 2:1(2:0)  
224	17/04
18:00	 Deportivo La Coruna
Racing Santander	
-0.25
+0.25
1.85
1.90
 
 	
2.25
2.05
 	
1.75
 	
2.20
3.10
3.50
1.30
1.35
1.65
1.5
1.0
2.50
2.30
1.50
1.60
 	 2:0(1:0)  
225	17/04
20:00	 Osasuna
Athletic Bilbao	
-0.25
+0.25
2.05
1.75
 
 	
2.25
1.87
 	
1.87
 	
2.40
3.30
2.90
1.40
1.32
1.55
1.5
1.0
2.55
1.87
1.48
1.87
 	 1:2(0:0)  
226	17/04
22:00	 Espanyol
Atletico Madrid	
0
0
1.90
1.85
  	
2.75
1.95
 	
1.80
 	
2.65
3.40
2.60
1.50
1.32
1.48
1.5
1.5
2.30
2.25
1.58
1.60
 	 2:2(1:1)  
227	18/04
22:00	 Villarreal
Real Zaragoza	
–1.0
+1.0
1.90
1.85
  	
2.5
1.72
2.05
1.55
4.00
5.80
1.12
1.22
2.40
1.55
4.00
5.80
1.12
1.22
2.40 
 	 1:0(0:0)  
197	23/04
19:00	 Valencia
Real Madrid	
0
0
1.75
2.00
  	
2.75
1.95
 	
1.75
 	
2.45
3.30
2.70
1.40
1.30
1.47
1.5
1.5
2.20
2.30
1.60
1.55
 	 3:6(0:4)  
198	23/04
21:00	 Barcelona
Osasuna	
-1.75
+1.75
1.85
1.85
 
 	
2.75
1.75
 	
1.95
 	
1.22
5.50
11.00
1.01
1.11
4.00
1.5
1.0
1.38
4.10
2.82
1.19
 	 2:0(1:0)  
199	23/04
23:00	 Athletic Bilbao
Real Sociedad	
-0.75
+0.75
1.75
2.00
 
 	
2.75
1.80
 	
1.90
 	
1.60
3.65
5.25
1.12
1.25
2.25
1.5
1.0
1.60
2.10
2.20
1.68
 	 2:1(2:1)  
200	24/04
18:00	 Mallorca
Getafe	
-0.25
+0.25
1.65
2.15
 
 	
2.5
1.85
1.85
1.95
3.35
3.70
1.24
1.29
1.80
1.5
1.0
1.95
1.95
1.75
1.75
 	 2:0(1:0)  
201	24/04
18:00	 Sporting Gijon
Espanyol	
-0.25
+0.25
1.65
2.15
 
 	
2.25
1.90
 	
1.80
 	
1.90
3.30
3.90
1.22
1.30
1.82
1.5
1.0
2.15
2.38
1.65
1.52
 	 1:0(0:0)  
202	24/04
18:00	 Hercules
Deportivo La Coruna	
-0.25
+0.25
1.72
2.02
 
 	
2.0
1.75
1.95
2.00
3.25
3.60
1.25
1.32
1.75
1.5
1.0
2.30
2.38
1.55
1.52
 	 1:0(0:0)  
203	24/04
18:00	 Racing Santander
Malaga	
-0.25
+0.25
1.95
1.75
 
 	
2.5
1.95
1.75
2.30
3.30
2.90
1.36
1.30
1.55
1.5
1.5
2.30
2.66
1.55
1.42
 	 1:2(0:2)  
204	24/04
20:00	 Atletico Madrid
Levante	
-1.25
+1.25
1.95
1.80
 
 	
2.5
1.57
2.25
1.45
4.00
6.75
1.07
1.20
2.65
2.0
1.0
1.90
2.30
1.80
1.55
 	 4:1(1:1)  
205	24/04
22:00	 Sevilla
Villarreal	
-0.25
+0.25
1.60
2.25
 
 	
2.75
1.95
 	
1.75
 	
1.85
3.45
3.95
1.22
1.27
1.85
1.5
1.5
1.85
2.90
1.85
1.36
 	 3:2(2:0)  
206	25/04
22:00	 Real Zaragoza
Almeria	
-0.75
+0.75
2.02
1.72
 
 	
2.5
1.85
1.85
1.75
3.45
4.50
1.16
1.27
1.95
1.5
1.0
1.85
2.20
1.85
1.60
 	 1:0(0:0) 
188	30/04
19:00	 Real Madrid
Real Zaragoza	
–1.5
+1.5
1.80
1.95
  	
3.0
1.80
1.95
1.28
5.70
10.50
1.05
1.14
3.70
2.5
1.0
2.10
3.30
1.70
1.30
 	 2:3(0:1)  
189	30/04
21:00	 Real Sociedad
Barcelona	
+1.25
-1.25
1.80
1.95
 
 	
2.75
1.80
 	
1.95
 	
7.00
4.50
1.45
2.75
1.20
1.10
1.0
2.0
2.75
1.95
1.42
1.85
 	 2:1(0:1)  
190	30/04
23:00	 Deportivo La Coruna
Atletico Madrid	
+0.25
-0.25
2.05
1.72
 
 	
2.5
1.85
1.90
3.70
3.50
1.95
1.80
1.30
1.27
1.5
1.5
2.90
2.05
1.40
1.75
 	 0:1(0:0)  
191	01/05
18:00	 Levante
Sporting Gijon	
-0.25
+0.25
1.85
1.90
 
 	
2.25
1.95
 	
1.80
 	
2.25
2.85
3.75
1.26
1.42
1.62
1.5
1.0
2.40
2.15
1.53
1.65
 	 0:0(0:0)  
192	01/05
18:00	 Malaga
Hercules	
-0.75
+0.75
1.85
1.90
 
 	
2.75
1.95
 	
1.85
 	
1.65
3.85
5.20
1.16
1.25
2.25
1.5
1.0
1.70
2.25
2.10
1.62
 	 3:1(1:1)  
193	01/05
18:00	 Racing Santander
Mallorca	
-0.25
+0.25
1.75
2.00
 
 	
2.25
1.75
 	
2.00
 	
2.05
3.40
3.60
1.28
1.32
1.75
1.5
1.0
2.15
2.05
1.65
1.72
 	 2:0(2:0)  
194	01/05
18:00	 Almeria
Sevilla	
+0.75
-0.75
1.90
1.85
 
 	
2.75
1.87
 	
1.87
 	
4.80
4.00
1.67
2.20
1.24
1.18
1.0
1.5
2.15
1.67
1.67
2.15
 	 0:1(0:0)  
195	01/05
20:00	 Villarreal
Getafe	
-0.75
+0.75
1.95
1.80
 
 	
2.75
1.90
 	
1.85
 	
1.75
3.70
4.75
1.20
1.28
2.10
1.5
1.0
1.72
1.95
2.05
1.80
 	 2:1(0:1)  
196	01/05
22:00	 Osasuna
Valencia	
0
0
1.87
1.87
  	
2.5
1.90
1.85
2.65
3.40
2.65
1.50
1.33
1.50
1.5
1.5
2.40
2.40
1.53
1.53
 	 1:0(0:0)  
197	02/05
22:00	 Espanyol
Athletic Bilbao	
0
0
1.95
1.80
  	
2.5
1.85
1.90
2.70
3.30
2.50
1.50
1.30
1.44
2.70
3.30
2.50
1.50
1.30
1.44 
 	 2:1(1:1)  
152	07/05
19:00	 Getafe
Almeria	
-1.25
+1.25
1.90
1.85
 
 	
2.75
1.85
 	
1.90
 	
1.40
4.70
7.50
1.08
1.18
2.90
2.0
1.0
1.95
2.90
1.80
1.38
 	 2:0(1:0)  
153	07/05
19:00	 Valencia
Real Sociedad	
–1.5
+1.5
1.95
1.80
  	
3.25
2.00
 	
1.75
 	
1.36
5.00
8.50
1.07
1.17
3.15
2.0
1.0
1.65
2.35
2.15
1.55
 	 3:0(3:0)  
154	07/05
19:00	 Athletic Bilbao
Levante	
–1.0
+1.0
1.80
1.95
  	
2.75
1.85
 	
1.90
 	
1.50
4.30
6.50
1.11
1.22
2.60
1.5
1.0
1.57
2.50
2.35
1.50
 	 3:2(1:0)  
155	07/05
19:00	 Sporting Gijon
Deportivo La Coruna	
-0.25
+0.25
1.85
1.90
 
 	
2.25
2.00
 	
1.75
 	
2.20
3.25
3.40
1.32
1.35
1.67
1.5
1.0
2.40
2.10
1.53
1.70
 	 2:2(1:2)  
156	07/05
19:00	 Hercules
Racing Santander	
-0.75
+0.75
2.05
1.75
 
 	
2.5
1.95
1.80
1.80
3.60
4.50
1.20
1.30
2.00
1.5
1.0
1.95
2.25
1.80
1.62
 	 2:3(2:3)  
157	07/05
21:00	 Atletico Madrid
Malaga	
–1.0
+1.0
1.95
1.80
  	
3.0
1.75
2.00
1.55
4.00
5.50
1.13
1.22
2.35
2.0
1.0
2.00
1.85
1.75
1.90
 	 0:3(0:2)  
158	07/05
23:00	 Sevilla
Real Madrid	
+1.0
–1.0
1.55
2.35
  	
3.0
1.90
1.85
3.90
3.70
1.76
1.90
1.28
1.26
1.5
1.5
2.35
1.75
1.55
2.00
 	 2:6(0:3)  
159	08/05
13:00	 Mallorca
Villarreal	
0
0
1.87
1.87
  	
2.5
1.85
1.90
2.60
3.40
2.60
1.48
1.30
1.48
1.5
1.5
2.35
2.35
1.55
1.55
 	 0:0(0:0)  
161	08/05
22:00	 Real Zaragoza
Osasuna	
-0.25
+0.25
1.80
1.95
 
 	
2.25
1.90
 	
1.85
 	
2.15
3.30
3.50
1.30
1.33
1.70
1.5
1.0
2.35
2.15
1.55
1.65
 	 1:3(1:0)  
105	10/05
21:00	 Deportivo La Coruna
Athletic Bilbao	
-0.25
+0.25
2.00
1.80
 
 	
2.5
1.87
1.87
2.30
3.50
2.90
1.40
1.28
1.60
1.5
1.0
2.25
1.70
1.60
2.10
 	 2:1(1:1)  
106	10/05
22:00	 Malaga
Sporting Gijon	
-0.75
+0.75
1.80
2.00
 
 	
2.5
1.85
1.90
1.60
3.70
6.00
1.12
1.26
2.30
1.5
1.0
1.75
2.35
2.00
1.55
 	 2:0(1:0)  
107	10/05
22:00	 Racing Santander
Atletico Madrid	
+0.25
-0.25
1.85
1.90
 
 	
2.5
1.80
1.95
3.10
3.40
2.25
1.62
1.32
1.37
1.0
1.5
1.67
2.15
2.15
1.67
 	 2:1(1:1)  
108	10/05
23:00	 Real Madrid
Getafe	
–2.0
+2.0
1.80
1.95
  	
3.75
1.90
 	
1.85
 	
1.18
7.50
13.00
1.02
1.08
4.80
3.0
1.0
2.05
2.65
1.72
1.45
 	 4:0(1:0)  
109	11/05
21:00	 Almeria
Villarreal	
+0.75
-0.75
1.85
1.90
 
 	
2.75
1.87
 	
1.87
 	
5.00
3.55
1.70
2.10
1.27
1.15
1.0
1.5
2.05
1.72
1.75
2.05
 	 0:0(0:0)  
110	11/05
21:00	 Real Sociedad
Real Zaragoza	
-0.25
+0.25
1.87
1.87
 
 	
2.5
1.80
1.95
2.20
3.40
3.20
1.34
1.30
1.65
1.5
1.0
2.10
1.70
1.70
2.10
 	 2:1(1:0)  
111	11/05
21:00	 Levante
Barcelona	
+1.5
–1.5
1.90
1.85
  	
3.0
1.90
1.85
11.00
4.80
1.30
3.35
1.16
1.02
1.0
2.0
3.20
1.62
1.32
2.20
 	 1:1(1:1)  
112	11/05
22:00	 Espanyol
Valencia	
+0.25
-0.25
1.75
2.05
 
 	
2.75
1.85
 	
1.90
 	
2.90
3.50
2.35
1.60
1.30
1.42
1.5
1.5
2.30
2.10
1.60
1.70
 	 2:2(1:2)  
113	11/05
22:00	 Hercules
Mallorca	
-0.25
+0.25
1.87
1.87
 
 	
2.5
1.87
1.87
2.20
3.30
3.30
1.32
1.32
1.65
1.5
1.0
2.15
1.80
1.65
2.00
 	 2:2(2:0)  
114	11/05
23:00	 Osasuna
Sevilla	
-0.25
+0.25
1.80
1.95
 
 	
2.5
1.87
1.87
2.10
3.40
3.40
1.30
1.30
1.70
1.5
1.0
2.10
1.85
1.70
1.90
 	 3:2(0:2)  
118	15/05
22:00	 Almeria
Mallorca	
0
0
2.00
1.75
  	
2.75
2.00
 	
1.80
 	
2.80
3.40
2.45
1.55
1.32
1.42
1.5
1.5
2.40
2.15
1.53
1.65
 	 3:1(3:1)  
119	15/05
22:00	 Villarreal
Real Madrid	
+0.75
-0.75
1.95
1.85
 
 	
3.5
1.95
1.80
4.50
4.30
1.65
2.20
1.22
1.20
1.5
2.0
2.25
1.87
1.60
1.87
 	 1:3(0:2)  
120	15/05
22:00	 Getafe
Osasuna	
-0.75
+0.75
2.00
1.75
 
 	
2.75
2.00
 	
1.80
 	
1.80
3.60
4.20
1.22
1.27
1.95
1.5
1.0
1.75
2.20
2.05
1.62
 	 2:0(0:0)  
121	15/05
22:00	 Sevilla
Real Sociedad	
–1.0
+1.0
1.85
1.90
  	
3.0
1.85
1.90
1.50
4.30
6.20
1.11
1.22
2.55
2.0
1.0
1.90
2.05
1.85
1.72
 	 3:1(0:0)  
122	15/05
22:00	 Valencia
Levante	
-0.75
+0.75
1.90
1.85
 
 	
2.75
1.75
 	
2.00
 	
1.70
3.25
6.00
1.12
1.32
2.15
1.5
1.0
1.65
1.90
2.15
1.85
 	 0:0(0:0)  
123	15/05
22:00	 Barcelona
Deportivo La Coruna	
-1.25
+1.25
1.95
1.80
 
 	
2.75
1.80
 	
2.00
 	
1.45
4.70
6.50
1.11
1.20
2.75
1.5
1.0
1.50
2.60
2.50
1.46
 	 0:0(0:0)  
124	15/05
22:00	 Athletic Bilbao
Malaga	
-0.75
+0.75
1.80
2.00
 
 	
3.0
1.85
1.90
1.60
3.90
5.50
1.13
1.25
2.30
2.0
1.0
2.05
1.87
1.75
1.87
 	 1:1(0:1)  
126	15/05
22:00	 Atletico Madrid
Hercules	
-1.75
+1.75
1.95
1.80
 
 	
3.25
1.85
 	
1.90
 	
1.25
6.00
11.00
1.03
1.12
3.90
2.5
1.0
1.95
2.75
1.80
1.42
 	 2:1(1:0)  
127	15/05
22:00	 Real Zaragoza
Espanyol	
-0.75
+0.75
1.75
2.00
 
 	
2.5
1.80
1.95
1.58
3.90
5.50
1.13
1.23
2.30
1.5
1.0
1.65
2.50
2.15
1.50
 	 1:0(0:0) 
136	21/05
19:00	 Malaga
Barcelona	
+0.25
-0.25
2.05
1.75
 
 	
2.5
1.80
1.95
3.50
3.50
2.00
1.75
1.28
1.28
1.0
1.5
1.70
2.10
2.10
1.70
 	 1:3(1:1)  
137	21/05
21:00	 Real Madrid
Almeria	
-2.75
+2.75
1.95
1.80
 
 	
4.0
1.80
1.95
1.08
11.00
19.00
1.01
1.02
7.00
3.5
1.0
2.00
3.20
1.75
1.32
 	 8:1(2:1)  
138	21/05
21:00	 Hercules
Sporting Gijon	
-0.25
+0.25
1.72
2.05
 
 	
2.75
2.00
 	
1.80
 	
2.00
3.40
3.70
1.27
1.30
1.80
1.5
1.0
2.05
1.67
1.72
2.15
 	 0:0(0:0)  
139	21/05
23:00	 Osasuna
Villarreal	
-0.75
+0.75
1.80
2.00
 
 	
2.5
1.85
1.90
1.60
3.35
7.00
1.08
1.30
2.30
1.5
1.0
1.75
2.50
2.00
1.50
 	 1:0(1:0)  
140	21/05
23:00	 Real Sociedad
Getafe	
0
0
1.75
2.05
  	
2.75
1.90
 	
1.85
 	
2.45
3.25
2.85
1.40
1.32
1.52
1.5
1.5
2.15
2.35
1.67
1.57
 	 1:1(0:1)  
141	21/05
23:00	 Espanyol
Sevilla	
+0.25
-0.25
1.80
1.95
 
 	
2.75
1.80
 	
1.95
 	
2.90
3.55
2.25
1.60
1.27
1.38
1.5
1.5
2.40
1.95
1.53
1.80
 	 2:3(0:2)  
142	21/05
23:00	 Levante
Real Zaragoza	
+1.0
–1.0
1.95
1.80
  	
2.5
1.80
1.95
6.50
4.50
1.45
2.70
1.20
1.10
1.0
1.5
2.75
1.65
1.42
2.20
 	 1:2(0:1)  
143	21/05
23:00	 Deportivo La Coruna
Valencia	
-0.75
+0.75
1.85
1.90
 
 	
2.5
1.80
1.95
1.62
3.80
5.30
1.14
1.25
2.20
1.5
1.0
1.60
3.00
2.25
1.36
 	 0:2(0:1)  
144	21/05
23:00	 Racing Santander
Athletic Bilbao	
+0.25
-0.25
2.05
1.75
 
 	
2.75
1.80
 	
1.95
 	
3.40
3.60
2.00
1.75
1.27
1.30
1.5
1.5
2.40
1.90
1.53
1.85
 	 1:2(0:2)  
145	21/05
23:00	 Mallorca
Atletico Madrid	
-0.25
+0.25
1.85
1.90
 
 	
2.75
1.87
 	
1.87
 	
2.15
2.95
3.60
1.27
1.37
1.62
1.5
1.5
2.05
2.40
1.75
1.53
 	 3:4(0:2)  