2411	01/10
16:30	 Bayer Leverkusen
Wolfsburg	
–1.0
+1.0
2.25
1.60
3.0
1.97
1.78
1.75
3.70
4.40
1.19
1.25
2.01
1.5
1.5
1.65
3.00
2.15
1.36
 	 3:1(1:0)  
2414	01/10
16:30	 Nuremberg
Mainz 05	
–1.0
+1.0
2.65
1.44
2.5
1.87
1.87
1.93
3.45
3.85
1.24
1.28
1.82
1.5
1.5
1.95
3.20
1.80
1.32
 	 3:3(2:2)  
2417	01/10
16:30	 Freiburg
Borussia Monchengladbach	
0
0
2.00
1.76
2.5
1.71
2.06
2.80
3.33
2.45
1.51
1.30
1.40
1.5
1.5
2.35
2.15
1.55
1.65
 	 1:0(1:0)  
2420	01/10
16:30	 Hoffenheim
Bayern Munich	
+1.0
–1.0
2.05
1.72
3.0
1.80
1.95
6.35
4.50
1.45
2.65
1.18
1.10
1.5
1.5
3.55
1.45
1.27
2.65
 	 0:0(0:0)  
2423	01/10
16:30	 Borussia Dortmund
FC Augsburg	
–1.5
+1.5
1.70
2.08
3.0
1.83
1.92
1.22
6.00
12.00
1.02
1.11
4.05
2.5
1.5
2.05
5.65
1.72
1.12
 	 4:0(2:0)  
2426	01/10
19:30	 Hertha
Cologne	
–1.0
+1.0
2.45
1.52
3.0
2.06
1.71
1.80
3.80
4.00
1.22
1.24
1.95
1.5
1.5
1.74
2.80
2.02
1.40
 	 3:0(3:0)  
2429	02/10
16:30	 Hannover 96
Werder Bremen	
0
0
2.00
1.76
3.0
2.03
1.73
2.75
3.40
2.43
1.52
1.29
1.42
1.5
1.5
2.20
2.04
1.62
1.73
 	 3:2(2:1)  
2432	02/10
18:30	 Hamburg
Schalke 04	
0
0
2.00
1.76
3.0
2.09
1.69
2.75
3.45
2.40
1.53
1.28
1.42
1.5
1.5
2.20
2.02
1.62
1.74
 	 1:2(1:1)  
1181	14/10
21:30	 Werder Bremen
Borussia Dortmund	
0
0
2.30
1.58
  	
2.5
1.67
 	
2.13
 	
3.25
3.50
2.10
1.70
1.27
1.32
1.5
1.5
2.50
1.92
1.49
1.83
 	 0:2(0:1)  
1184	15/10
16:30	 Mainz 05
FC Augsburg	
–1.0
+1.0
1.94
1.80
  	
2.5
1.81
 	
1.94
 	
1.55
4.00
5.75
1.13
1.22
2.40
1.5
1.5
1.65
4.25
2.16
1.20
 	 0:1(0:0)  
1187	15/10
16:30	 Bayern Munich
Hertha	
–2.0
+2.0
1.92
1.83
  	
3.5
2.06
 	
1.71
 	
1.17
6.95
15.00
1.01
1.08
4.70
2.5
1.5
1.80
5.20
1.95
1.14
 	 4:0(3:0)  
1190	15/10
16:30	 Borussia Monchengladbach
Bayer Leverkusen	
0
0
1.97
1.78
  	
2.5
1.97
 	
1.78
 	
2.75
3.30
2.50
1.50
1.31
1.42
1.5
1.5
2.65
2.40
1.44
1.53
 	 2:2(0:1)  
1193	15/10
16:30	 VfB Stuttgart
Hoffenheim	
0
0
1.60
2.25
  	
2.5
1.67
 	
2.13
 	
2.20
3.50
3.05
1.35
1.27
1.63
1.5
1.5
1.92
2.50
1.83
1.49
 	 2:0(0:0)  
1196	15/10
16:30	 Wolfsburg
Nuremberg	
0
0
1.62
2.20
  	
2.5
1.78
 	
1.97
 	
2.25
3.30
3.10
1.34
1.30
1.60
1.5
1.5
2.15
2.45
1.65
1.50
 	 2:1(1:0)  
1199	15/10
19:30	 Schalke 04
Kaiserslautern	
–1.0
+1.0
1.87
1.87
  	
2.5
1.73
 	
2.04
 	
1.50
4.00
6.50
1.09
1.22
2.48
1.5
1.5
1.57
4.50
2.30
1.18
 	 1:2(0:1)  
1202	16/10
16:30	 Freiburg
Hamburg	
0
0
1.80
1.95
  	
3.0
2.10
 	
1.68
 	
2.50
3.35
2.70
1.43
1.30
1.50
1.5
1.5
2.10
2.20
1.68
1.62
 	 1:2(0:1)  
1205	16/10
18:30	 Cologne
Hannover 96	
0
0
1.78
1.97
  	
2.5
1.70
 	
2.08
 	
2.45
3.35
2.76
1.42
1.29
1.48
1.5
1.5
2.15
2.35
1.65
1.55
 	 2:0(1:0)  
5568	21/10
21:30	 FC Augsburg
Werder Bremen	
+1.0
–1.0
1.53
2.40
  	
3.0
2.06
1.71
4.00
3.80
1.80
1.95
1.24
1.22
1.5
1.5
2.90
1.69
1.38
2.10
 	 1:1(0:0)  
5571	22/10
16:30	 Borussia Dortmund
Cologne	
–1.5
+1.5
1.75
2.01
  	
3.0
1.82
1.93
1.27
5.50
10.50
1.02
1.13
3.55
1.5
1.5
1.34
5.00
3.10
1.15
 	 5:0(3:0)  
5574	22/10
16:30	 Nuremberg
VfB Stuttgart	
0
0
1.77
1.98
  	
2.5
1.87
1.87
2.45
3.35
2.75
1.42
1.30
1.52
1.5
1.5
2.30
2.50
1.58
1.49
 	 2:2(1:0)  
5577	22/10
16:30	 Hertha
Mainz 05	
0
0
1.45
2.65
  	
2.5
1.87
1.87
2.00
3.35
3.70
1.25
1.29
1.76
1.5
1.5
2.00
3.15
1.76
1.33
 	 0:0(0:0)  
5580	22/10
16:30	 Kaiserslautern
Freiburg	
–1.0
+1.0
2.60
1.46
  	
2.5
1.75
2.01
1.92
3.55
3.75
1.25
1.27
1.83
1.5
1.5
1.87
2.90
1.87
1.38
 	 1:0(0:0)  
5583	22/10
16:30	 Hoffenheim
Borussia Monchengladbach	
0
0
1.47
2.57
  	
2.5
1.90
1.84
2.05
3.35
3.55
1.28
1.30
1.72
1.5
1.5
2.05
3.05
1.72
1.35
 	 1:0(0:0)  
5586	22/10
19:30	 Hamburg
Wolfsburg	
0
0
1.58
2.30
  	
3.0
2.03
1.73
2.15
3.48
3.15
1.33
1.27
1.65
1.5
1.5
1.89
2.36
1.85
1.55
 	 1:1(0:1)  
5589	23/10
16:30	 Bayer Leverkusen
Schalke 04	
0
0
1.46
2.60
  	
2.5
1.75
2.01
2.00
3.50
3.55
1.27
1.27
1.75
1.5
1.5
1.93
2.85
1.82
1.38
 	 0:1(0:0)  
5592	23/10
18:30	 Hannover 96
Bayern Munich	
+1.5
–1.5
1.70
2.08
  	
3.0
2.03
1.73
7.55
4.75
1.38
2.90
1.16
1.07
1.5
1.5
4.55
1.46
1.18
2.60
 	 2:1(1:0)  
7044	28/10
21:30	 Freiburg
Bayer Leverkusen	
0
0
2.45
1.51
2.5
1.67
 	
2.13
 	
3.35
3.50
2.08
1.70
1.27
1.30
1.5
1.5
2.55
1.90
1.47
1.85
 	 0:1(0:1)  
7050	29/10
16:30	 Bayern Munich
Nuremberg	
–2.0
+2.0
1.84
1.90
3.0
1.67
 	
2.13
 	
1.15
6.95
17.50
1.01
1.08
5.00
2.5
1.5
1.82
6.25
1.93
1.10
 	 4:0(3:0)  
7056	29/10
16:30	 VfB Stuttgart
Borussia Dortmund	
0
0
2.65
1.45
2.5
1.87
 	
1.87
 	
3.70
3.35
2.00
1.76
1.29
1.25
1.5
1.5
3.15
2.00
1.33
1.76
 	 1:1(1:1)  
7059	29/10
16:30	 Wolfsburg
Hertha	
0
0
1.56
2.35
2.5
1.74
 	
2.02
 	
2.15
3.40
3.25
1.31
1.29
1.65
1.5
1.5
2.00
2.60
1.76
1.46
 	 2:3(1:2)  
7062	29/10
19:30	 Mainz 05
Werder Bremen	
0
0
1.92
1.83
2.5
1.73
 	
2.04
 	
2.65
3.40
2.52
1.50
1.29
1.44
1.5
1.5
2.30
2.20
1.58
1.62
 	 1:3(1:1)  
7065	30/10
16:30	 Cologne
FC Augsburg	
–1.0
+1.0
2.60
1.46
2.5
1.66
 	
2.14
 	
1.90
3.55
3.83
1.24
1.27
1.85
1.5
1.5
1.80
2.95
1.95
1.37
 	 3:0(2:0)  
7068	30/10
18:30	 Hamburg
Kaiserslautern	
–1.0
+1.0
2.50
1.49
2.5
1.84
 	
1.90
 	
1.83
3.65
4.00
1.22
1.26
1.92
1.5
1.5
1.87
3.33
1.87
1.30
 	 1:1(0:1) 
142	04/11
21:30	 Mainz 05
Stuttgart	
0
0
1.77
1.98
  	
2.5
1.87
 	
1.87
 	
2.45
3.35
2.75
1.42
1.30
1.52
1.5
1.5
2.30
2.50
1.58
1.49
 	 3:1(0:0)  
143	05/11
16:30	 Werder Bremen
Cologne	
-1.25
+1.25
1.77
1.98
 
 	
3.25
1.92
 	
1.83
 	
1.40
4.70
7.00
1.08
1.17
2.85
1.5
1.5
1.38
3.55
2.90
1.27
 	 3:2(0:2)  
144	05/11
16:30	 Nuremberg
Freiburg	
-0.75
+0.75
1.87
1.87
 
 	
2.5
1.78
 	
1.97
 	
1.70
3.70
4.75
1.17
1.26
2.08
1.5
1.5
1.76
3.50
2.00
1.27
 	 1:2(1:1)  
145	05/11
16:30	 Hoffenheim
Kaiserslautern	
–1.0
+1.0
2.15
1.65
  	
2.5
1.90
 	
1.84
 	
1.65
3.80
5.00
1.15
1.24
2.15
1.5
1.5
1.76
3.80
2.00
1.24
 	 1:1(1:0)  
146	05/11
16:30	 Borussia Dortmund
Wolfsburg	
–1.5
+1.5
1.87
1.87
  	
3.0
1.97
 	
1.78
 	
1.29
5.15
10.00
1.03
1.14
3.40
2.5
1.5
2.35
5.00
1.55
1.15
 	 5:1(2:0)  
147	05/11
16:30	 Hertha
Borussia Monchengladbach	
-0.25
+0.25
1.86
1.88
 
 	
2.25
1.77
 	
1.98
 	
2.16
3.35
3.25
1.31
1.30
1.65
1.5
1.5
2.20
3.00
1.62
1.36
 	 1:2(1:1)  
148	05/11
19:30	 Bayer 04 Leverkusen
Hamburg	
-0.75
+0.75
1.80
1.95
 
 	
3.0
1.97
 	
1.78
 	
1.62
3.95
5.00
1.15
1.23
2.20
1.5
1.5
1.60
3.10
2.25
1.34
 	 2:2(2:1)  
149	06/11
16:30	 Hannover 96
Schalke 04	
0
0
1.90
1.85
  	
2.5
1.85
 	
1.90
 	
2.65
3.25
2.60
1.46
1.30
1.44
1.5
1.5
2.40
2.40
1.52
1.52
 	 2:2(1:1)  
150	06/11
18:30	 Augsburg
Bayern Munich	
+2.0
–2.0
1.90
1.84
  	
3.0
1.84
 	
1.90
 	
18.00
6.95
1.15
5.00
1.08
1.01
1.5
1.5
7.40
1.27
1.07
3.55
 	 1:2(0:2) 
164	18/11
21:30	 Kaiserslautern
Bayer 04 Leverkusen	
+0.25
-0.25
1.77
1.98
 
 	
2.5
1.84
1.90
2.95
3.45
2.30
1.60
1.29
1.38
1.5
1.5
2.60
2.18
1.46
1.64
 	 0:2(0:0)  
165	19/11
16:30	 Schalke 04
Nuremberg	
-0.75
+0.75
2.03
1.73
 
 	
2.75
1.95
 	
1.80
 	
1.80
3.60
4.25
1.20
1.26
1.95
1.5
1.5
1.80
3.15
1.95
1.33
 	 4:0(2:0)  
166	19/11
16:30	 Freiburg
Hertha	
0
0
1.87
1.87
  	
2.75
1.93
 	
1.82
 	
2.58
3.40
2.58
1.47
1.29
1.47
1.5
1.5
2.25
2.25
1.60
1.60
 	 2:2(0:2)  
167	19/11
16:30	 Borussia Monchengladbach
Werder Bremen	
0
0
1.72
2.05
  	
2.5
1.80
1.95
2.40
3.30
2.87
1.39
1.30
1.52
1.5
1.5
2.20
2.45
1.62
1.50
 	 5:0(3:0)  
168	19/11
16:30	 Cologne
Mainz 05	
0
0
1.83
1.92
  	
2.75
1.93
 	
1.82
 	
2.52
3.40
2.65
1.44
1.29
1.50
1.5
1.5
2.20
2.30
1.62
1.58
 	 cancelled  
169	19/11
16:30	 Wolfsburg
Hannover 96	
-0.25
+0.25
2.03
1.73
 
 	
2.75
1.88
 	
1.86
 	
2.35
3.45
2.82
1.40
1.28
1.55
1.5
1.5
2.08
2.40
1.70
1.53
 	 4:1(2:1)  
170	19/11
19:30	 Bayern Munich
Borussia Dortmund	
–1.0
+1.0
1.95
1.80
  	
2.75
1.77
 	
1.98
 	
1.58
4.00
5.50
1.14
1.22
2.30
1.5
1.5
1.58
3.40
2.30
1.29
 	 0:1(0:0)  
171	20/11
16:30	 Stuttgart
Augsburg	
-1.25
+1.25
1.90
1.85
 
 	
2.75
1.82
 	
1.93
 	
1.37
4.65
8.00
1.06
1.17
2.95
1.5
1.5
1.47
5.00
2.55
1.15
 	 2:1(1:0)  
172	20/11
18:30	 Hamburg
Hoffenheim	
-0.25
+0.25
1.93
1.82
 
 	
2.5
1.78
1.97
2.25
3.40
3.05
1.35
1.29
1.60
1.5
1.5
2.15
2.45
1.65
1.50
 	 2:0(1:0)  
179	25/11
21:30	 Cologne
Borussia Monchengladbach	
+0.25
-0.25
1.98
1.77
 
 	
2.75
1.92
 	
1.83
 	
3.47
3.40
2.05
1.72
1.29
1.28
1.5
1.5
2.70
1.90
1.43
1.84
 	 0:3(0:2)  
180	26/11
16:30	 Nuremberg
Kaiserslautern	
-0.75
+0.75
2.18
1.64
 
 	
2.25
1.77
 	
1.98
 	
1.90
3.45
3.95
1.24
1.28
1.84
1.5
1.5
2.05
3.60
1.72
1.26
 	 1:0(1:0)  
181	26/11
16:30	 Hoffenheim
Freiburg	
-0.75
+0.75
1.87
1.87
 
 	
2.5
1.78
1.97
1.65
3.80
5.00
1.15
1.24
2.15
1.5
1.5
1.70
3.70
2.08
1.25
 	 1:1(1:0)  
182	26/11
16:30	 Augsburg
Wolfsburg	
+0.25
-0.25
1.74
2.02
 
 	
2.75
1.98
 	
1.77
 	
2.90
3.35
2.35
1.56
1.30
1.38
1.5
1.5
2.45
2.16
1.51
1.65
 	 2:0(0:0)  
183	26/11
16:30	 Borussia Dortmund
Schalke 04	
–1.0
+1.0
2.20
1.62
  	
2.5
1.82
1.93
1.65
3.90
4.85
1.17
1.23
2.16
1.5
1.5
1.78
3.55
1.97
1.27
 	 2:0(1:0)  
184	26/11
16:30	 Hertha
Bayer 04 Leverkusen	
0
0
1.98
1.77
  	
2.5
1.87
1.87
2.75
3.35
2.45
1.52
1.30
1.42
1.5
1.5
2.50
2.30
1.49
1.58
 	 3:3(2:1)  
185	26/11
19:30	 Hannover 96
Hamburg	
-0.25
+0.25
1.88
1.86
 
 	
2.75
1.87
 	
1.87
 	
2.17
3.50
3.10
1.34
1.27
1.65
1.5
1.5
1.92
2.50
1.83
1.49
 	 1:1(0:0)  
186	27/11
16:30	 Werder Bremen
Stuttgart	
-0.25
+0.25
1.88
1.86
 
 	
2.75
1.84
 	
1.90
 	
2.17
3.50
3.10
1.34
1.27
1.65
1.5
1.5
1.92
2.50
1.83
1.49
 	 2:0(0:0)  
187	27/11
18:30	 Mainz 05
Bayern Munich	
+1.5
–1.5
1.82
1.93
  	
3.0
1.97
1.78
9.00
5.00
1.32
3.40
1.14
1.04
1.5
2.5
5.20
2.35
1.14
1.55
 	 3:2(1:0)  
128	02/12
21:30	 Bayer 04 Leverkusen
Hoffenheim	
-0.75
+0.75
1.83
1.92
 
 	
2.75
1.92
 	
1.83
 	
1.66
3.80
5.00
1.16
1.24
2.15
1.5
1.5
1.69
3.45
2.09
1.28
 	 2:0(1:0)  
129	03/12
16:30	 Bayern Munich
Werder Bremen	
-1.75
+1.75
1.92
1.83
 
 	
3.25
1.87
 	
1.87
 	
1.27
5.50
10.50
1.03
1.13
3.55
2.5
1.5
2.05
4.25
1.72
1.20
 	 4:1(1:0)  
130	03/12
16:30	 Freiburg
Hannover 96	
-0.25
+0.25
1.98
1.77
 
 	
2.5
1.84
1.90
2.30
3.40
2.95
1.37
1.29
1.58
1.5
1.5
2.18
2.60
1.64
1.46
 	 1:1(0:1)  
131	03/12
16:30	 Kaiserslautern
Hertha	
-0.25
+0.25
2.05
1.72
 
 	
2.5
1.87
1.87
2.35
3.40
2.85
1.39
1.29
1.55
1.5
1.5
2.20
2.60
1.62
1.46
 	 1:1(1:1)  
132	03/12
16:30	 Wolfsburg
Mainz 05	
-0.25
+0.25
1.98
1.77
 
 	
2.75
1.87
 	
1.87
 	
2.30
3.40
2.95
1.37
1.29
1.57
1.5
1.5
2.03
2.40
1.74
1.53
 	 2:2(2:0)  
133	03/12
16:30	 Borussia Monchengladbach
Borussia Dortmund	
+0.25
-0.25
2.03
1.73
 
 	
2.5
1.87
1.87
3.70
3.35
2.00
1.76
1.29
1.25
1.5
1.5
3.15
2.00
1.33
1.76
 	 1:1(0:1)  
134	03/12
19:30	 Stuttgart
Cologne	
-1.25
+1.25
1.87
1.87
 
 	
3.0
1.95
1.80
1.40
4.60
7.25
1.08
1.17
2.82
1.5
1.5
1.44
4.25
2.66
1.20
 	 2:2(2:1)  
135	04/12
16:30	 Hamburg
Nuremberg	
-0.25
+0.25
1.64
2.18
 
 	
2.5
1.80
1.95
1.90
3.45
3.95
1.22
1.28
1.84
1.5
1.5
1.88
3.10
1.86
1.34
 	 2:0(1:0)  
136	04/12
18:30	 Schalke 04
Augsburg	
-1.25
+1.25
1.87
1.87
 
 	
2.75
1.82
 	
1.93
 	
1.36
4.65
8.55
1.05
1.17
3.00
1.5
1.5
1.47
5.00
2.55
1.15
 	 3:1(1:0) 
149	09/12
21:30	 Hertha
Schalke 04	
+0.25
-0.25
1.75
2.01
 
 	
2.75
1.95
 	
1.80
 	
2.95
3.50
2.30
1.60
1.28
1.37
1.5
1.5
2.40
2.01
1.53
1.75
 	 1:2(1:2)  
150	10/12
16:30	 Werder Bremen
Wolfsburg	
–1.0
+1.0
1.90
1.84
  	
3.25
1.98
 	
1.77
 	
1.58
4.15
5.20
1.14
1.21
2.30
1.5
1.5
1.46
3.00
2.60
1.36
 	 4:1(2:0)  
151	10/12
16:30	 Mainz 05
Hamburg	
-0.25
+0.25
1.87
1.87
 
 	
2.75
1.87
 	
1.87
 	
2.20
3.35
3.15
1.33
1.30
1.62
1.5
1.5
1.95
2.50
1.80
1.49
 	 0:0(0:0)  
152	10/12
16:30	 Nuremberg
Hoffenheim	
-0.25
+0.25
1.90
1.84
 
 	
2.25
1.80
 	
1.95
 	
2.25
3.25
3.15
1.32
1.31
1.60
1.5
1.5
2.35
3.00
1.55
1.36
 	 0:2(0:1)  
153	10/12
16:30	 Cologne
Freiburg	
-0.25
+0.25
1.95
1.80
 
 	
2.75
1.87
 	
1.87
 	
2.25
3.50
2.95
1.37
1.27
1.60
1.5
1.5
2.00
2.36
1.76
1.55
 	 4:0(1:0)  
154	10/12
16:30	 Augsburg
Borussia Monchengladbach	
+0.25
-0.25
2.19
1.63
 
 	
2.5
1.95
1.80
4.00
3.55
1.87
1.87
1.28
1.22
1.0
1.5
2.16
1.95
1.65
1.80
 	 1:0(0:0)  
155	10/12
19:30	 Hannover 96
Bayer 04 Leverkusen	
0
0
1.98
1.77
  	
2.5
1.85
1.90
2.75
3.35
2.45
1.51
1.30
1.42
1.5
1.5
2.50
2.25
1.49
1.60
 	 0:0(0:0)  
156	11/12
16:30	 Borussia Dortmund
Kaiserslautern	
-1.75
+1.75
1.87
1.87
 
 	
3.0
1.90
1.84
1.22
6.00
12.00
1.01
1.11
4.00
2.5
1.5
2.05
6.25
1.75
1.10
 	 1:1(1:0)  
157	11/12
18:30	 Stuttgart
Bayern Munich	
+1.0
–1.0
1.95
1.80
  	
3.0
1.87
1.87
5.65
4.50
1.50
2.50
1.18
1.12
1.5
1.5
3.50
1.47
1.27
2.57
 	 1:2(1:1)  
157	16/12
21:30	 Bayern Munich
Cologne	
-2.75
+2.75
1.95
1.80
 
 	
3.75
1.89
 	
1.86
 	
1.12
8.50
18.00
1.01
1.05
6.00
3.5
1.5
2.30
5.95
1.58
1.11
 	 3:0(0:0)  
158	17/12
16:30	 Hamburg
Augsburg	
–1.0
+1.0
1.93
1.82
  	
2.5
1.81
 	
1.94
 	
1.53
4.00
6.00
1.11
1.22
2.45
1.5
1.5
1.65
4.25
2.16
1.20
 	 1:1(0:0)  
159	17/12
16:30	 Freiburg
Borussia Dortmund	
+1.0
–1.0
1.95
1.80
  	
2.75
1.92
 	
1.83
 	
6.50
4.25
1.47
2.50
1.22
1.09
1.5
1.5
4.00
1.53
1.22
2.40
 	 1:4(1:2)  
160	17/12
16:30	 Hoffenheim
Hertha	
-0.75
+0.75
2.14
1.66
 
 	
2.5
1.87
 	
1.87
 	
1.90
3.50
3.90
1.23
1.28
1.84
1.5
1.5
1.95
3.20
1.80
1.32
 	 1:1(1:0)  
161	17/12
16:30	 Wolfsburg
Stuttgart	
0
0
1.87
1.87
  	
2.75
1.82
 	
1.93
 	
2.60
3.33
2.60
1.46
1.30
1.46
1.5
1.5
2.15
2.15
1.65
1.65
 	 1:0(0:0)  
162	17/12
16:30	 Bayer 04 Leverkusen
Nuremberg	
–1.0
+1.0
1.80
1.95
  	
2.75
1.97
 	
1.78
 	
1.45
4.30
6.80
1.09
1.19
2.65
1.5
1.5
1.55
4.82
2.36
1.16
 	 0:3(0:2)  
163	17/12
19:30	 Schalke 04
Werder Bremen	
-0.25
+0.25
1.74
2.02
 
 	
3.0
1.99
 	
1.76
 	
2.00
3.60
3.45
1.28
1.26
1.76
1.5
1.5
1.80
2.51
1.95
1.49
 	 5:0(2:0)  
164	18/12
16:30	 Kaiserslautern
Hannover 96	
-0.25
+0.25
1.87
1.87
 
 	
2.5
1.97
 	
1.78
 	
2.20
3.30
3.20
1.32
1.31
1.65
1.5
1.5
2.20
2.90
1.62
1.38
 	 1:1(0:1)  
165	18/12
18:30	 Borussia Monchengladbach
Mainz 05	
-0.25
+0.25
1.60
2.25
 
 	
2.5
1.89
 	
1.85
 	
1.82
3.55
4.25
1.20
1.27
1.93
1.5
1.0
1.90
2.16
1.84
1.65
 	 1:0(1:0)
206	20/01
21:30	 Borussia Monchengladbach
Bayern Munich	
+0.75
-0.75
1.92
1.83
 
 	
2.75
1.92
 	
1.83
 	
5.00
3.80
1.66
2.15
1.24
1.16
1.5
1.5
3.45
1.69
1.28
2.09
 	 3:1(2:0)  
207	21/01
16:30	 Hoffenheim
Hannover 96	
-0.25
+0.25
1.62
2.20
 
 	
2.5
1.89
 	
1.85
 	
1.85
3.60
4.00
1.22
1.26
1.90
1.5
1.0
1.90
2.16
1.84
1.65
 	 0:0(0:0)  
208	21/01
16:30	 Nuremberg
Hertha	
-0.25
+0.25
1.85
1.89
 
 	
2.5
1.95
 	
1.80
 	
2.15
3.30
3.33
1.30
1.30
1.65
1.5
1.5
2.16
2.90
1.65
1.38
 	 2:0(1:0)  
209	21/01
16:30	 Schalke 04
Stuttgart	
-0.75
+0.75
2.00
1.76
 
 	
2.75
1.90
 	
1.84
 	
1.75
3.70
4.40
1.19
1.25
2.00
1.5
1.5
1.74
3.20
2.02
1.32
 	 3:1(1:0)  
210	21/01
16:30	 Wolfsburg
Cologne	
–1.0
+1.0
2.30
1.58
  	
3.0
1.98
 	
1.77
 	
1.78
3.85
4.05
1.22
1.24
1.97
1.5
1.5
1.69
2.82
2.09
1.40
 	 1:0(0:0)  
212	21/01
19:30	 Kaiserslautern
Werder Bremen	
+0.25
-0.25
1.73
2.03
 
 	
2.75
1.88
 	
1.86
 	
2.82
3.45
2.35
1.55
1.28
1.40
1.5
1.5
2.40
2.08
1.53
1.70
 	 0:0(0:0)  
213	22/01
16:30	 Hamburg
Borussia Dortmund	
+1.0
–1.0
1.53
2.40
  	
2.5
1.84
 	
1.90
 	
4.30
3.55
1.80
1.95
1.27
1.19
1.5
1.5
3.50
1.87
1.26
1.87
 	 1:5(0:2)  
214	22/01
18:30	 Bayer 04 Leverkusen
Mainz 05	
-0.75
+0.75
1.90
1.84
 
 	
2.5
1.78
 	
1.97
 	
1.72
3.60
4.75
1.17
1.26
2.05
1.5
1.5
1.76
3.50
2.00
1.27
 	 3:2(2:0)  
151	27/01
21:30	 Hannover 96
Nuremberg	
-0.25
+0.25
1.90
1.84
 
 	
2.25
1.80
 	
1.95
 	
2.25
3.35
3.15
1.33
1.31
1.60
1.5
1.5
2.30
3.00
1.58
1.36
 	 1:0(1:0)  
152	28/01
16:30	 Werder Bremen
Bayer 04 Leverkusen	
0
0
1.78
1.97
  	
2.75
1.82
 	
1.93
 	
2.45
3.35
2.75
1.42
1.30
1.48
1.5
1.5
2.10
2.20
1.68
1.62
 	 1:1(1:0)  
153	28/01
16:30	 Bayern Munich
Wolfsburg	
-2.25
+2.25
1.84
1.90
 
 	
3.5
1.79
 	
1.96
 	
1.16
7.50
15.00
1.01
1.07
5.00
2.5
1.5
1.65
4.82
2.16
1.16
 	 2:0(0:0)  
154	28/01
16:30	 Hertha
Hamburg	
-0.25
+0.25
1.98
1.77
 
 	
2.5
1.87
 	
1.87
 	
2.30
3.40
2.95
1.37
1.29
1.58
1.5
1.5
2.18
2.60
1.64
1.46
 	 1:2(0:2)  
155	28/01
16:30	 Borussia Dortmund
Hoffenheim	
–1.5
+1.5
1.92
1.83
  	
2.75
1.86
 	
1.88
 	
1.30
5.00
10.00
1.03
1.15
3.35
1.5
1.5
1.44
5.00
2.65
1.15
 	 3:1(2:0)  
156	28/01
16:30	 Augsburg
Kaiserslautern	
0
0
1.80
1.95
  	
2.25
1.95
 	
1.80
 	
2.55
3.20
2.75
1.42
1.32
1.48
1.0
1.0
1.75
1.87
2.00
1.87
 	 2:2(1:1)  
157	28/01
19:30	 Cologne
Schalke 04	
+0.25
-0.25
2.18
1.64
 
 	
2.75
1.84
 	
1.90
 	
3.85
3.65
1.87
1.87
1.26
1.24
1.5
1.5
2.95
1.80
1.37
1.95
 	 1:4(1:0)  
158	29/01
16:30	 Mainz 05
Freiburg	
-0.75
+0.75
1.83
1.92
 
 	
2.5
1.84
 	
1.90
 	
1.68
3.75
4.80
1.16
1.25
2.11
1.5
1.5
1.78
3.80
1.97
1.24
 	 3:1(3:0)  
159	29/01
18:30	 Stuttgart
Borussia Monchengladbach	
0
0
1.76
2.00
  	
2.5
1.87
 	
1.87
 	
2.45
3.30
2.82
1.42
1.30
1.53
1.5
1.5
2.30
2.50
1.58
1.49
 	 0:3(0:1) 
199	03/02
21:30	 Nuremberg
Borussia Dortmund	
+1.0
–1.0
1.80
1.95
  	
2.5
1.87
1.87
6.00
4.10
1.53
2.45
1.22
1.11
1.5
1.5
4.55
1.65
1.18
2.16
 	 0:2(0:0)  
200	04/02
16:30	 Wolfsburg
Borussia Monchengladbach	
+0.25
-0.25
1.74
2.02
 
 	
2.5
1.87
1.87
2.95
3.30
2.36
1.55
1.31
1.37
1.5
1.5
2.60
2.20
1.46
1.62
 	 0:0(0:0)  
201	04/02
16:30	 Hoffenheim
Augsburg	
–1.0
+1.0
2.02
1.74
  	
2.5
1.86
1.88
1.60
3.85
5.60
1.12
1.24
2.30
1.5
1.5
1.72
4.00
2.05
1.22
 	 2:2(1:1)  
202	04/02
16:30	 Bayer 04 Leverkusen
Stuttgart	
-0.75
+0.75
1.90
1.84
 
 	
2.75
1.90
 	
1.84
 	
1.72
3.65
4.65
1.17
1.26
2.05
1.5
1.5
1.70
3.20
2.08
1.32
 	 2:2(1:1)  
203	04/02
16:30	 Hertha
Hannover 96	
-0.25
+0.25
2.01
1.75
 
 	
2.5
1.95
1.80
2.35
3.30
2.95
1.37
1.31
1.56
1.5
1.5
2.40
2.90
1.53
1.36
 	 0:1(0:0)  
205	04/02
19:30	 Hamburg
Bayern Munich	
+1.0
–1.0
1.94
1.81
  	
3.0
1.98
1.77
6.50
4.25
1.47
2.60
1.20
1.11
1.5
1.5
3.75
1.52
1.25
2.43
 	 1:1(1:0)  
206	05/02
16:30	 Freiburg
Werder Bremen	
0
0
2.30
1.58
  	
2.75
1.77
 	
1.98
 	
3.15
3.48
2.15
1.65
1.27
1.33
1.5
1.5
2.36
1.89
1.55
1.85
 	 2:2(1:1)  
207	05/02
18:30	 Kaiserslautern
Cologne	
-0.75
+0.75
1.95
1.80
 
 	
2.5
1.89
1.85
1.72
3.55
4.85
1.16
1.27
2.05
1.5
1.5
1.82
3.80
1.93
1.24
 	 0:1(0:0)  
195	10/02
21:30	 Wolfsburg
Freiburg	
–1.0
+1.0
1.95
1.80
  	
2.75
1.80
 	
1.95
 	
1.58
4.00
5.50
1.14
1.22
2.35
1.5
1.5
1.58
3.40
2.30
1.29
 	 3:2(2:2)  
196	11/02
16:30	 Bayern Munich
Kaiserslautern	
–2.0
+2.0
1.83
1.92
  	
3.0
1.84
 	
1.90
 	
1.15
6.95
18.00
1.01
1.08
5.00
1.5
1.5
1.27
7.40
3.55
1.07
 	 2:0(2:0)  
197	11/02
16:30	 Werder Bremen
Hoffenheim	
-0.25
+0.25
1.65
2.16
 
 	
2.75
1.87
 	
1.87
 	
1.90
3.55
3.85
1.24
1.27
1.85
1.5
1.5
1.80
2.95
1.95
1.37
 	 1:1(0:1)  
198	11/02
16:30	 Borussia Dortmund
Bayer 04 Leverkusen	
-1.25
+1.25
1.92
1.83
 
 	
2.75
1.92
 	
1.83
 	
1.40
4.35
8.00
1.06
1.19
2.82
1.5
1.5
1.50
5.00
2.49
1.15
 	 1:0(1:0)  
199	11/02
16:30	 Stuttgart
Hertha	
-0.25
+0.25
1.64
2.18
 
 	
2.5
1.80
 	
1.95
 	
1.90
3.45
3.95
1.22
1.28
1.84
1.5
1.5
1.88
3.10
1.86
1.34
 	 5:0(4:0)  
200	11/02
16:30	 Mainz 05
Hannover 96	
-0.75
+0.75
2.05
1.72
 
 	
2.5
1.95
 	
1.80
 	
1.85
3.50
4.10
1.22
1.28
1.90
1.5
1.0
1.95
2.20
1.80
1.62
 	 1:1(1:0)  
201	11/02
19:30	 Borussia Monchengladbach
Schalke 04	
0
0
1.77
1.98
  	
2.5
1.87
 	
1.87
 	
2.45
3.35
2.75
1.42
1.30
1.52
1.5
1.5
2.30
2.50
1.58
1.49
 	 3:0(3:0)  
202	12/02
16:30	 Augsburg
Nuremberg	
0
0
1.93
1.82
  	
2.25
1.80
 	
1.95
 	
2.65
3.30
2.60
1.47
1.31
1.45
1.5
1.5
2.60
2.40
1.46
1.53
 	 0:0(0:0)  
203	12/02
18:30	 Cologne
Hamburg	
+0.25
-0.25
1.84
1.90
 
 	
2.75
1.95
 	
1.80
 	
3.20
3.30
2.20
1.65
1.30
1.32
1.5
1.5
2.60
1.98
1.46
1.77
 	 0:1(0:0) 
161	17/02
21:30	 Hoffenheim
Mainz 05	
-0.25
+0.25
1.90
1.84
 
 	
2.25
1.84
 	
1.90
 	
2.20
3.30
3.25
1.33
1.33
1.62
1.5
1.5
2.16
2.90
1.65
1.38
 	 1:1(1:1)  
162	18/02
16:30	 Nuremberg
Cologne	
-0.75
+0.75
1.95
1.80
 
 	
2.5
1.89
 	
1.85
 	
1.72
3.55
4.85
1.16
1.27
2.05
1.5
1.5
1.82
3.80
1.93
1.24
 	 2:1(1:0)  
163	18/02
16:30	 Kaiserslautern
Borussia Monchengladbach	
0
0
2.18
1.64
  	
2.25
1.84
 	
1.90
 	
3.05
3.25
2.30
1.58
1.31
1.35
1.5
1.5
3.00
2.40
1.36
1.53
 	 1:2(0:2)  
164	18/02
16:30	 Hertha
Borussia Dortmund	
+1.0
–1.0
1.82
1.93
  	
2.5
1.81
 	
1.94
 	
5.75
4.00
1.55
2.40
1.22
1.13
1.5
1.5
4.25
1.65
1.20
2.16
 	 0:1(0:0)  
165	18/02
16:30	 Bayer 04 Leverkusen
Augsburg	
–1.0
+1.0
1.80
1.95
  	
2.75
1.93
 	
1.82
 	
1.50
4.00
6.50
1.09
1.22
2.49
1.5
1.5
1.58
4.25
2.30
1.20
 	 4:1(1:0)  
166	18/02
16:30	 Hamburg
Werder Bremen	
0
0
1.46
2.60
  	
2.5
1.78
 	
1.97
 	
2.00
3.50
3.55
1.27
1.28
1.76
1.5
1.5
1.95
2.90
1.80
1.38
 	 1:3(0:2)  
167	18/02
19:30	 Freiburg
Bayern Munich	
+1.5
–1.5
1.82
1.93
  	
2.75
1.76
 	
1.99
 	
10.00
5.20
1.30
3.35
1.14
1.03
1.5
1.5
5.40
1.40
1.13
2.80
 	 0:0(0:0)  
168	19/02
16:30	 Schalke 04
Wolfsburg	
-0.75
+0.75
1.80
1.95
 
 	
2.75
1.80
 	
1.95
 	
1.62
4.00
5.00
1.16
1.22
2.20
1.5
1.5
1.58
3.40
2.30
1.29
 	 4:0(2:0)  
169	19/02
18:30	 Hannover 96
Stuttgart	
0
0
1.76
2.00
  	
2.5
1.87
 	
1.87
 	
2.45
3.30
2.82
1.42
1.30
1.53
1.5
1.5
2.30
2.50
1.58
1.49
 	 4:2(2:0)
144	24/02
21:30	 Borussia Monchengladbach
Hamburg	
-0.75
+0.75
1.87
1.87
 
 	
2.5
1.84
 	
1.90
 	
1.68
3.80
4.82
1.17
1.24
2.11
1.5
1.5
1.72
3.65
2.05
1.26
 	 1:1(1:0)  
145	25/02
16:30	 Stuttgart
Freiburg	
-0.75
+0.75
1.93
1.82
 
 	
2.75
1.80
 	
1.95
 	
1.75
3.60
4.55
1.18
1.26
2.00
1.5
1.5
1.69
3.00
2.10
1.36
 	 4:1(2:1)  
146	25/02
16:30	 Mainz 05
Kaiserslautern	
-0.75
+0.75
1.95
1.80
 
 	
2.25
1.82
 	
1.93
 	
1.75
3.50
4.70
1.17
1.28
2.00
1.5
1.5
1.95
4.25
1.80
1.20
 	 4:0(3:0)  
147	25/02
16:30	 Wolfsburg
Hoffenheim	
0
0
1.58
2.30
  	
2.5
1.87
 	
1.87
 	
2.15
3.40
3.25
1.32
1.29
1.65
1.5
1.5
2.15
2.70
1.65
1.42
 	 1:2(0:1)  
148	25/02
16:30	 Cologne
Bayer 04 Leverkusen	
+0.25
-0.25
2.12
1.67
 
 	
2.75
1.95
 	
1.80
 	
3.75
3.55
1.92
1.83
1.27
1.25
1.5
1.5
2.90
1.87
1.38
1.87
 	 0:2(0:1)  
149	25/02
16:30	 Augsburg
Hertha	
0
0
1.87
1.87
  	
2.5
1.98
 	
1.77
 	
2.62
3.30
2.62
1.46
1.31
1.46
1.5
1.5
2.40
2.40
1.53
1.53
 	 3:0(0:0)  
150	25/02
19:30	 Werder Bremen
Nuremberg	
-0.75
+0.75
1.95
1.80
 
 	
2.75
1.80
 	
1.95
 	
1.76
3.80
4.20
1.21
1.24
2.00
1.5
1.5
1.69
2.90
2.10
1.38
 	 0:1(0:0)  
151	26/02
16:30	 Bayern Munich
Schalke 04	
-1.25
+1.25
1.87
1.87
 
 	
3.0
1.95
 	
1.80
 	
1.40
4.60
7.25
1.08
1.17
2.82
1.5
1.5
1.44
4.25
2.66
1.20
 	 2:0(1:0)  
152	26/02
18:30	 Borussia Dortmund
Hannover 96	
–1.5
+1.5
1.88
1.86
  	
3.0
1.97
 	
1.78
 	
1.25
5.60
11.00
1.03
1.13
3.75
1.5
1.5
1.40
5.60
2.80
1.12
 	 3:1(1:0) 
248	03/03
16:30	 Hamburg
Stuttgart	
-0.25
+0.25
1.73
2.03
 
 	
2.75
1.82
 	
1.93
 	
2.00
3.48
3.55
1.27
1.28
1.76
1.5
1.5
1.82
2.60
1.93
1.46
 	 0:4(0:2)  
249	03/03
16:30	 Kaiserslautern
Wolfsburg	
-0.25
+0.25
2.02
1.74
 
 	
2.25
1.76
 	
1.99
 	
2.35
3.30
2.95
1.37
1.31
1.55
1.5
1.5
2.40
2.75
1.53
1.42
 	 0:0(0:0)  
250	03/03
16:30	 Bayer 04 Leverkusen
Bayern Munich	
+0.75
-0.75
1.73
2.03
 
 	
2.5
1.84
 	
1.90
 	
4.00
3.65
1.83
1.92
1.26
1.22
1.5
1.5
3.33
1.87
1.30
1.87
 	 2:0(0:0)  
251	03/03
16:30	 Hannover 96
Augsburg	
-0.75
+0.75
1.83
1.92
 
 	
2.5
1.99
 	
1.76
 	
1.68
3.65
5.00
1.16
1.26
2.12
1.5
1.5
1.89
4.00
1.85
1.22
 	 2:2(1:1)  
252	03/03
16:30	 Hertha
Werder Bremen	
0
0
1.92
1.83
  	
2.75
1.93
 	
1.82
 	
2.65
3.40
2.52
1.50
1.29
1.44
1.5
1.5
2.30
2.20
1.58
1.62
 	 1:0(0:0)  
253	03/03
16:30	 Freiburg
Schalke 04	
+0.25
-0.25
1.90
1.84
 
 	
2.75
1.95
 	
1.80
 	
3.25
3.40
2.15
1.65
1.29
1.31
1.5
1.5
2.60
2.00
1.46
1.76
 	 2:1(1:0)  
254	03/03
19:30	 Borussia Dortmund
Mainz 05	
-1.25
+1.25
1.75
2.01
 
 	
2.75
1.80
 	
1.95
 	
1.30
5.15
9.50
1.04
1.14
3.33
1.5
1.5
1.40
5.00
2.82
1.15
 	 2:1(1:0)  
255	04/03
16:30	 Nuremberg
Borussia Monchengladbach	
+0.25
-0.25
1.72
2.05
 
 	
2.25
1.84
 	
1.90
 	
2.90
3.20
2.45
1.53
1.33
1.40
1.5
1.5
2.82
2.51
1.40
1.49
 	 1:0(0:0)  
256	04/03
18:30	 Hoffenheim
Cologne	
–1.0
+1.0
1.95
1.80
  	
2.75
1.98
 	
1.77
 	
1.56
4.00
5.65
1.12
1.22
2.34
1.5
1.5
1.65
4.00
2.16
1.22
 	 1:1(1:0)
157	09/03
21:30	 Stuttgart
Kaiserslautern	
–1.0
+1.0
1.87
1.87
  	
2.75
1.93
 	
1.82
 	
1.52
4.25
6.00
1.11
1.20
2.50
1.5
1.5
1.58
4.25
2.30
1.20
 	 0:0(0:0)  
158	10/03
16:30	 Mainz 05
Nuremberg	
-0.75
+0.75
2.14
1.66
 
 	
2.5
1.99
 	
1.76
 	
1.92
3.50
3.80
1.25
1.28
1.83
1.5
1.5
2.02
3.55
1.74
1.27
 	 2:1(2:0)  
159	10/03
16:30	 Wolfsburg
Bayer 04 Leverkusen	
+0.25
-0.25
1.74
2.03
 
 	
2.5
1.79
 	
1.96
 	
2.85
3.40
2.36
1.55
1.29
1.40
1.5
1.5
2.45
2.18
1.51
1.64
 	 3:2(2:1)  
160	10/03
16:30	 Borussia Monchengladbach
Freiburg	
–1.0
+1.0
1.87
1.87
  	
2.75
1.93
 	
1.82
 	
1.50
4.25
6.00
1.11
1.20
2.49
1.5
1.5
1.58
4.25
2.30
1.20
 	 0:0(0:0)  
161	10/03
16:30	 Cologne
Hertha	
-0.25
+0.25
2.02
1.74
 
 	
2.25
1.76
 	
1.99
 	
2.35
3.30
2.95
1.37
1.31
1.55
1.5
1.5
2.40
2.75
1.53
1.42
 	 1:0(1:0)  
162	10/03
16:30	 Bayern Munich
Hoffenheim	
-1.75
+1.75
1.99
1.76
 
 	
3.0
1.99
 	
1.76
 	
1.24
5.70
12.00
1.02
1.12
4.00
1.5
1.5
1.32
6.25
3.20
1.10
 	 7:1(5:0)  
163	10/03
19:30	 Augsburg
Borussia Dortmund	
+1.25
-1.25
1.93
1.82
 
 	
2.75
1.95
 	
1.80
 	
8.50
4.50
1.37
3.10
1.18
1.06
1.5
1.5
5.65
1.46
1.12
2.60
 	 0:0(0:0)  
164	11/03
16:30	 Werder Bremen
Hannover 96	
-0.25
+0.25
1.67
2.12
 
 	
2.75
1.95
 	
1.80
 	
1.92
3.55
3.75
1.25
1.27
1.83
1.5
1.5
1.87
2.90
1.87
1.38
 	 3:0(1:0)  
165	11/03
18:30	 Schalke 04
Hamburg	
-0.75
+0.75
2.00
1.76
 
 	
2.75
1.90
 	
1.84
 	
1.76
3.70
4.35
1.19
1.25
2.00
1.5
1.5
1.74
3.20
2.02
1.32
 	 3:1(3:1)
185	16/03
21:30	 Hoffenheim
Stuttgart	
0
0
1.80
1.95
  	
2.5
1.82
1.93
2.50
3.33
2.75
1.42
1.30
1.50
1.5
1.5
2.20
2.45
1.62
1.51
 	 1:2(0:2)  
186	17/03
16:30	 Bayer 04 Leverkusen
Borussia Monchengladbach	
-0.25
+0.25
1.75
2.01
 
 	
2.25
1.80
 	
1.95
 	
2.05
3.35
3.55
1.27
1.30
1.72
1.5
1.5
2.16
3.20
1.65
1.32
 	 1:2(0:1)  
187	17/03
16:30	 Borussia Dortmund
Werder Bremen	
–1.5
+1.5
1.78
1.97
  	
3.0
1.82
1.93
1.27
5.20
11.20
1.02
1.14
3.55
1.5
1.5
1.34
5.00
3.10
1.15
 	 1:0(1:0)  
188	17/03
16:30	 Augsburg
Mainz 05	
0
0
2.03
1.73
  	
2.25
1.80
 	
1.95
 	
2.82
3.35
2.40
1.53
1.30
1.40
1.5
1.5
2.82
2.45
1.40
1.50
 	 2:1(1:1)  
189	17/03
16:30	 Nuremberg
Wolfsburg	
-0.25
+0.25
1.73
2.03
 
 	
2.5
1.87
1.87
2.00
3.35
3.70
1.25
1.29
1.76
1.5
1.5
2.00
3.15
1.76
1.33
 	 1:3(1:2)  
190	17/03
16:30	 Hamburg
Freiburg	
-0.75
+0.75
2.05
1.72
 
 	
2.75
1.90
 	
1.84
 	
1.80
3.70
4.10
1.22
1.25
1.95
1.5
1.5
1.74
3.20
2.02
1.32
 	 1:3(0:2)  
191	17/03
19:30	 Hertha
Bayern Munich	
+1.5
–1.5
1.80
1.95
  	
3.0
2.00
1.80
9.00
5.00
1.32
3.25
1.16
1.05
1.0
2.0
3.00
1.72
1.36
2.05
 	 0:6(0:3)  
192	18/03
16:30	 Kaiserslautern
Schalke 04	
0
0
2.55
1.48
  	
2.5
1.98
1.77
3.50
3.40
2.05
1.72
1.29
1.27
1.5
1.5
3.00
2.10
1.36
1.68
 	 1:4(1:2)  
193	18/03
18:30	 Hannover 96
Cologne	
–1.0
+1.0
2.02
1.74
  	
2.5
1.86
1.88
1.60
3.80
5.60
1.12
1.24
2.30
1.5
1.5
1.72
4.00
2.05
1.22
 	 4:1(1:1)
180	23/03
21:30	 Wolfsburg
Hamburg	
-0.25
+0.25
1.70
2.08
 
 	
2.75
1.87
 	
1.87
 	
1.95
3.45
3.75
1.25
1.28
1.80
1.5
1.5
1.87
2.70
1.87
1.43
 	 2:1(0:0)  
181	24/03
16:30	 Mainz 05
Hertha	
–1.0
+1.0
2.02
1.74
  	
2.5
1.86
 	
1.88
 	
1.56
4.00
5.60
1.12
1.22
2.35
1.5
1.5
1.72
4.00
2.05
1.22
 	 1:3(0:1)  
182	24/03
16:30	 Werder Bremen
Augsburg	
-0.75
+0.75
2.05
1.72
 
 	
2.5
1.78
 	
1.97
 	
1.83
3.65
4.00
1.20
1.24
1.92
1.5
1.5
1.80
3.15
1.95
1.33
 	 1:1(0:0)  
183	24/03
16:30	 Borussia Monchengladbach
Hoffenheim	
-0.75
+0.75
1.90
1.84
 
 	
2.5
1.99
 	
1.76
 	
1.68
3.65
5.00
1.16
1.26
2.11
1.5
1.5
1.89
4.00
1.85
1.22
 	 1:2(1:0)  
184	24/03
16:30	 Bayern Munich
Hannover 96	
–2.0
+2.0
1.75
2.01
  	
3.5
1.97
 	
1.78
 	
1.16
7.20
15.00
1.01
1.08
4.85
2.5
1.5
1.76
5.40
1.99
1.13
 	 2:1(1:0)  
185	24/03
16:30	 Freiburg
Kaiserslautern	
-0.75
+0.75
2.14
1.66
 
 	
2.5
1.99
 	
1.76
 	
1.92
3.50
3.80
1.25
1.28
1.83
1.5
1.5
2.02
3.55
1.74
1.27
 	 2:0(2:0)  
186	24/03
19:30	 Schalke 04
Bayer 04 Leverkusen	
-0.25
+0.25
1.65
2.16
 
 	
2.75
1.84
 	
1.90
 	
1.87
3.60
3.90
1.23
1.26
1.87
1.5
1.5
1.80
2.95
1.95
1.37
 	 2:0(1:0)  
187	25/03
16:30	 Stuttgart
Nuremberg	
-0.75
+0.75
2.03
1.73
 
 	
2.75
1.95
 	
1.80
 	
1.80
3.60
4.25
1.20
1.26
1.95
1.5
1.5
1.80
3.15
1.95
1.33
 	 1:0(0:0)  
188	25/03
18:30	 Cologne
Borussia Dortmund	
+1.25
-1.25
1.92
1.83
 
 	
2.75
1.77
 	
1.98
 	
7.55
4.75
1.38
2.90
1.16
1.07
1.5
1.5
4.55
1.46
1.18
2.60
 	 1:6(1:1)
179	30/03
21:30	 Borussia Dortmund
Stuttgart	
-1.75
+1.75
1.95
1.80
 
 	
3.0
1.82
 	
1.93
 	
1.24
5.70
11.50
1.03
1.12
3.85
1.5
1.5
1.32
5.00
3.20
1.15
 	 4:4(1:0)  
180	31/03
16:30	 Nuremberg
Bayern Munich	
+1.25
-1.25
1.97
1.78
 
 	
3.0
1.99
 	
1.76
 	
8.50
5.00
1.33
3.20
1.15
1.05
1.5
1.5
4.55
1.42
1.18
2.75
 	 0:1(0:0)  
181	31/03
16:30	 Augsburg
Cologne	
-0.75
+0.75
2.14
1.66
 
 	
2.5
1.87
 	
1.87
 	
1.93
3.45
3.85
1.24
1.28
1.82
1.5
1.5
1.95
3.20
1.80
1.32
 	 2:1(2:1)  
182	31/03
16:30	 Kaiserslautern
Hamburg	
0
0
1.87
1.87
  	
2.5
1.98
 	
1.77
 	
2.62
3.30
2.62
1.46
1.31
1.46
1.5
1.5
2.40
2.40
1.53
1.53
 	 0:1(0:1)  
183	31/03
16:30	 Werder Bremen
Mainz 05	
-0.25
+0.25
1.77
1.98
 
 	
2.75
1.92
 	
1.83
 	
2.05
3.40
3.47
1.28
1.29
1.72
1.5
1.5
1.90
2.70
1.84
1.43
 	 0:3(0:1)  
184	31/03
16:30	 Bayer 04 Leverkusen
Freiburg	
-0.75
+0.75
1.80
1.95
 
 	
3.0
1.97
 	
1.78
 	
1.65
3.80
5.00
1.15
1.24
2.16
1.5
1.5
1.60
3.10
2.25
1.34
 	 0:2(0:1)  
185	31/03
19:30	 Hertha
Wolfsburg	
0
0
1.77
1.98
  	
2.5
1.85
 	
1.90
 	
2.45
3.35
2.75
1.42
1.30
1.51
1.5
1.5
2.25
2.50
1.60
1.49
 	 1:4(1:2)  
186	01/04
16:30	 Hannover 96
Borussia Monchengladbach	
0
0
1.93
1.82
  	
2.25
1.80
 	
1.95
 	
2.65
3.30
2.60
1.47
1.31
1.45
1.5
1.5
2.60
2.40
1.46
1.53
 	 2:1(0:0)  
187	01/04
18:30	 Hoffenheim
Schalke 04	
+0.25
-0.25
1.74
2.02
 
 	
2.5
1.87
 	
1.87
 	
2.95
3.25
2.36
1.55
1.31
1.37
1.5
1.5
2.60
2.20
1.46
1.62
 	 1:1(1:0)  
241	07/04
16:30	 Kaiserslautern
Hoffenheim	
0
0
2.05
1.72
  	
2.25
1.84
 	
1.90
 	
2.82
3.25
2.45
1.53
1.32
1.40
1.5
1.5
2.82
2.51
1.40
1.49
 	 1:2(0:1)  
242	07/04
16:30	 Bayern Munich
Augsburg	
–2.0
+2.0
1.78
1.97
  	
3.25
1.82
 	
1.93
 	
1.14
8.00
15.00
1.01
1.06
5.20
2.5
1.5
1.76
5.40
1.99
1.13
 	 2:1(1:1)  
243	07/04
16:30	 Wolfsburg
Borussia Dortmund	
+1.0
–1.0
1.94
1.81
  	
3.0
1.98
 	
1.77
 	
6.00
4.25
1.50
2.50
1.20
1.12
1.5
1.5
3.75
1.52
1.25
2.43
 	 1:3(0:1)  
244	07/04
16:30	 Freiburg
Nuremberg	
-0.25
+0.25
1.80
1.95
 
 	
2.25
1.80
 	
1.95
 	
2.10
3.25
3.50
1.27
1.31
1.68
1.5
1.5
2.25
3.10
1.60
1.34
 	 2:2(0:2)  
245	07/04
16:30	 Stuttgart
Mainz 05	
0
0
1.55
2.35
  	
2.75
1.92
 	
1.83
 	
2.10
3.25
3.30
1.30
1.30
1.68
1.5
1.5
2.00
2.70
1.75
1.43
 	 4:1(1:1)  
246	07/04
16:30	 Cologne
Werder Bremen	
0
0
2.30
1.58
  	
2.75
1.90
 	
1.84
 	
3.20
3.42
2.15
1.65
1.29
1.32
1.5
1.5
2.60
1.97
1.46
1.78
 	 1:1(1:1)  
247	07/04
19:30	 Borussia Monchengladbach
Hertha	
–1.0
+1.0
1.80
1.95
  	
2.5
1.86
 	
1.89
 	
1.47
4.10
6.95
1.08
1.21
2.57
1.5
1.5
1.63
4.65
2.19
1.17
 	 0:0(0:0)  
248	08/04
16:30	 Schalke 04
Hannover 96	
-0.75
+0.75
1.80
1.95
 
 	
3.0
1.97
 	
1.78
 	
1.65
3.80
5.00
1.15
1.24
2.16
1.5
1.5
1.60
3.10
2.25
1.34
 	 3:0(1:0)  
249	08/04
18:30	 Hamburg
Bayer 04 Leverkusen	
0
0
2.00
1.76
  	
2.75
1.90
 	
1.84
 	
2.80
3.30
2.45
1.51
1.30
1.40
1.5
1.5
2.35
2.15
1.55
1.65
 	 1:1(1:0)
135	10/04
21:00	 Augsburg
Stuttgart	
0
0
1.82
1.93
  	
2.5
1.84
 	
1.90
 	
2.60
3.33
2.60
1.46
1.30
1.46
1.5
1.5
2.40
2.40
1.53
1.53
 	 1:3(1:2)  
136	10/04
21:00	 Mainz 05
Cologne	
–1.0
+1.0
1.81
1.94
  	
3.0
1.98
 	
1.77
 	
1.49
4.35
6.00
1.12
1.19
2.51
1.5
1.5
1.52
3.75
2.43
1.25
 	 4:0(3:0)  
137	10/04
21:00	 Werder Bremen
Borussia Monchengladbach	
-0.25
+0.25
1.98
1.77
 
 	
2.5
1.84
 	
1.90
 	
2.30
3.40
2.95
1.37
1.29
1.58
1.5
1.5
2.18
2.60
1.64
1.46
 	 2:2(1:0)  
138	10/04
21:00	 Hertha
Freiburg	
-0.25
+0.25
1.85
1.90
 
 	
2.5
1.85
 	
1.90
 	
2.15
3.30
3.32
1.29
1.30
1.65
1.5
1.5
2.10
2.80
1.68
1.40
 	 1:2(0:1)  
139	11/04
21:00	 Hannover 96
Wolfsburg	
-0.25
+0.25
1.77
1.98
 
 	
2.75
1.84
 	
1.90
 	
2.05
3.50
3.45
1.29
1.28
1.75
1.5
1.5
1.90
2.55
1.85
1.47
 	 2:0(1:0)  
140	11/04
21:00	 Borussia Dortmund
Bayern Munich	
0
0
1.82
1.93
  	
2.75
1.93
 	
1.82
 	
2.55
3.45
2.60
1.46
1.28
1.48
1.5
1.5
2.25
2.25
1.60
1.60
 	 1:0(0:0)  
141	11/04
21:00	 Nuremberg
Schalke 04	
+0.25
-0.25
1.77
1.98
 
 	
2.5
1.84
 	
1.90
 	
2.95
3.40
2.30
1.58
1.29
1.37
1.5
1.5
2.60
2.18
1.46
1.64
 	 4:1(3:0)  
142	11/04
21:00	 Hoffenheim
Hamburg	
-0.25
+0.25
1.80
1.95
 
 	
2.75
1.95
 	
1.80
 	
2.08
3.45
3.35
1.30
1.28
1.70
1.5
1.5
1.93
2.70
1.82
1.43
 	 4:0(2:0)  
143	11/04
21:00	 Bayer 04 Leverkusen
Kaiserslautern	
-1.25
+1.25
1.82
1.93
 
 	
2.75
1.92
 	
1.83
 	
1.36
4.50
9.00
1.05
1.18
3.00
1.5
1.5
1.46
5.65
2.60
1.12
 	 3:1(1:1)
174	13/04
21:30	 Stuttgart
Werder Bremen	
-0.75
+0.75
1.87
1.87
 
 	
3.0
1.88
 	
1.86
 	
1.70
3.90
4.50
1.18
1.23
2.10
1.5
1.5
1.60
2.70
2.25
1.43
 	 4:1(2:1)  
177	14/04
16:30	 Kaiserslautern
Nuremberg	
+0.25
-0.25
1.74
2.02
 
 	
2.25
1.76
 	
1.99
 	
2.95
3.30
2.35
1.55
1.31
1.37
1.5
1.5
2.75
2.40
1.42
1.53
 	 0:2(0:1)  
178	14/04
16:30	 Wolfsburg
Augsburg	
-0.75
+0.75
1.95
1.80
 
 	
2.75
1.78
 	
1.97
 	
1.76
3.70
4.40
1.19
1.25
2.00
1.5
1.5
1.68
3.00
2.11
1.36
 	 1:2(1:1)  
179	14/04
16:30	 Hamburg
Hannover 96	
-0.25
+0.25
1.93
1.82
 
 	
2.5
1.78
 	
1.97
 	
2.22
3.40
3.10
1.34
1.29
1.61
1.5
1.5
2.15
2.45
1.65
1.50
 	 1:0(1:0)  
180	14/04
16:30	 Schalke 04
Borussia Dortmund	
+0.25
-0.25
1.93
1.82
 
 	
2.75
1.87
 	
1.87
 	
3.25
3.35
2.16
1.65
1.30
1.32
1.5
1.5
2.50
1.95
1.49
1.80
 	 1:2(1:1)  
181	14/04
16:30	 Bayer 04 Leverkusen
Hertha	
–1.0
+1.0
1.80
1.95
  	
2.75
1.80
 	
1.95
 	
1.49
4.35
6.00
1.11
1.19
2.55
1.5
1.5
1.53
3.80
2.40
1.24
 	 3:3(1:0)  
182	14/04
19:30	 Bayern Munich
Mainz 05	
–1.5
+1.5
1.95
1.80
  	
3.0
1.88
 	
1.86
 	
1.30
5.00
10.00
1.04
1.15
3.35
2.5
1.5
2.20
4.50
1.62
1.18
 	 0:0(0:0)  
183	15/04
16:30	 Borussia Monchengladbach
Cologne	
-1.25
+1.25
2.00
1.76
 
 	
2.75
1.82
 	
1.93
 	
1.46
4.35
6.50
1.09
1.19
2.60
1.5
1.5
1.53
4.00
2.40
1.22
 	 3:0(1:0)  
184	15/04
18:30	 Freiburg
Hoffenheim	
-0.25
+0.25
1.98
1.77
 
 	
2.75
1.87
 	
1.87
 	
2.30
3.40
2.95
1.37
1.29
1.57
1.5
1.5
2.03
2.40
1.74
1.53
 	 0:0(0:0)  
170	20/04
21:30	 Mainz 05
Wolfsburg	
-0.75
+0.75
2.14
1.66
 
 	
3.0
1.87
 	
1.87
 	
1.90
3.70
3.70
1.25
1.25
1.85
1.5
1.5
1.72
2.45
2.05
1.51
 	 0:0(0:0)  
171	21/04
16:30	 Nuremberg
Hamburg	
-0.25
+0.25
1.87
1.87
 
 	
2.5
1.82
 	
1.93
 	
2.15
3.45
3.20
1.32
1.28
1.66
1.5
1.5
2.08
2.70
1.70
1.43
 	 1:1(0:0)  
172	21/04
16:30	 Hertha
Kaiserslautern	
–1.0
+1.0
1.87
1.87
  	
2.75
1.93
 	
1.82
 	
1.50
4.00
6.50
1.09
1.22
2.49
1.5
1.5
1.58
4.25
2.30
1.20
 	 1:2(0:2)  
173	21/04
16:30	 Cologne
Stuttgart	
0
0
2.82
1.42
  	
3.0
1.80
 	
1.95
 	
3.70
3.70
1.89
1.86
1.25
1.25
1.5
1.5
2.36
1.67
1.55
2.12
 	 1:1(0:0)  
174	21/04
16:30	 Hoffenheim
Bayer 04 Leverkusen	
-0.25
+0.25
2.03
1.73
 
 	
2.75
1.88
 	
1.86
 	
2.35
3.45
2.82
1.40
1.28
1.55
1.5
1.5
2.08
2.40
1.70
1.53
 	 0:1(0:0)  
175	21/04
16:30	 Werder Bremen
Bayern Munich	
+0.25
-0.25
1.77
1.98
 
 	
2.75
1.87
 	
1.87
 	
2.95
3.40
2.30
1.57
1.29
1.37
1.5
1.5
2.40
2.03
1.53
1.74
 	 1:2(0:0)  
176	21/04
19:30	 Borussia Dortmund
Borussia Monchengladbach	
-1.25
+1.25
1.87
1.87
 
 	
2.75
1.87
 	
1.87
 	
1.40
4.35
8.00
1.06
1.19
2.82
1.5
1.5
1.50
4.00
2.49
1.22
 	 2:0(1:0)  
177	22/04
16:30	 Augsburg
Schalke 04	
+0.25
-0.25
1.86
1.88
 
 	
2.75
1.84
 	
1.90
 	
3.05
3.50
2.20
1.63
1.27
1.35
1.5
1.5
2.50
1.92
1.49
1.83
 	 1:1(1:1)  
178	22/04
18:30	 Hannover 96
Freiburg	
-0.75
+0.75
2.01
1.75
 
 	
3.0
1.99
 	
1.76
 	
1.82
3.60
4.15
1.21
1.26
1.93
1.5
1.5
1.67
2.75
2.12
1.42
 	 0:0(0:0)  
234	28/04
16:30	 Bayer 04 Leverkusen
Hannover 96	
-0.75
+0.75
1.99
1.76
 
 	
3.0
1.99
1.76
1.80
3.70
4.10
1.21
1.25
1.95
1.5
1.5
1.67
2.75
2.12
1.42
 	 1:0(0:0)  
235	28/04
16:30	 Hamburg
Mainz 05	
-0.25
+0.25
1.80
1.95
 
 	
2.75
1.90
 	
1.84
 	
2.08
3.45
3.35
1.30
1.28
1.70
1.5
1.5
1.90
2.60
1.84
1.46
 	 0:0(0:0)  
236	28/04
16:30	 Hoffenheim
Nuremberg	
0
0
1.46
2.60
  	
2.5
1.78
1.97
2.00
3.50
3.55
1.27
1.28
1.76
1.5
1.5
1.95
2.90
1.80
1.38
 	 2:3(1:2)  
237	28/04
16:30	 Bayern Munich
Stuttgart	
-0.75
+0.75
1.80
1.95
 
 	
3.25
1.90
 	
1.85
 	
1.62
4.10
4.82
1.16
1.19
2.20
1.5
1.5
1.46
2.70
2.60
1.43
 	 2:0(1:0)  
238	28/04
16:30	 Freiburg
Cologne	
-0.25
+0.25
1.92
1.83
 
 	
2.75
1.83
 	
1.92
 	
2.25
3.50
2.95
1.37
1.27
1.60
1.5
1.5
2.00
2.36
1.76
1.55
 	 4:1(1:0)  
239	28/04
16:30	 Borussia Monchengladbach
Augsburg	
-0.75
+0.75
1.83
1.92
 
 	
2.75
1.92
 	
1.83
 	
1.65
3.80
5.00
1.16
1.24
2.16
1.5
1.5
1.69
3.45
2.09
1.28
 	 0:0(0:0)  
240	28/04
16:30	 Kaiserslautern
Borussia Dortmund	
+1.0
–1.0
1.97
1.78
  	
3.0
1.90
1.84
6.50
4.35
1.46
2.60
1.19
1.09
1.5
1.5
4.00
1.44
1.22
2.65
 	 2:5(1:3)  
241	28/04
16:30	 Wolfsburg
Werder Bremen	
–1.0
+1.0
2.51
1.49
  	
3.25
1.92
 	
1.83
 	
1.95
3.70
3.50
1.27
1.25
1.80
1.5
1.5
1.65
2.11
2.16
1.68
 	 3:1(1:1)  
242	28/04
16:30	 Schalke 04
Hertha	
–1.5
+1.5
1.90
1.84
  	
3.25
1.82
 	
1.93
 	
1.34
5.40
7.50
1.07
1.13
3.15
2.5
1.0
2.01
2.50
1.75
1.50
 	 4:0(1:0)  
172	05/05
16:30	 Mainz 05
Borussia Monchengladbach	
-0.25
+0.25
1.93
1.82
 
 	
2.5
1.78
1.97
2.25
3.45
3.00
1.36
1.28
1.60
1.5
1.5
2.15
2.45
1.65
1.50
 	 0:3(0:1)  
173	05/05
16:30	 Cologne
Bayern Munich	
+1.0
–1.0
1.82
1.93
  	
3.25
1.82
 	
1.93
 	
5.00
4.50
1.53
2.40
1.18
1.15
1.5
1.5
2.70
1.45
1.43
2.63
 	 1:4(0:1)  
174	05/05
16:30	 Werder Bremen
Schalke 04	
0
0
1.98
1.77
  	
3.5
1.95
1.80
2.65
3.52
2.45
1.48
1.28
1.44
1.5
1.5
1.84
1.72
1.90
2.05
 	 2:3(1:1)  
175	05/05
16:30	 Nuremberg
Bayer 04 Leverkusen	
0
0
1.80
1.95
  	
2.75
1.82
 	
1.93
 	
2.50
3.35
2.70
1.43
1.30
1.50
1.5
1.5
2.10
2.20
1.68
1.62
 	 1:4(0:2)  
176	05/05
16:30	 Augsburg
Hamburg	
-0.25
+0.25
1.78
1.97
 
 	
3.0
1.94
1.80
2.05
3.55
3.33
1.30
1.27
1.72
1.5
1.5
1.80
2.40
1.95
1.53
 	 1:0(1:0)  
177	05/05
16:30	 Stuttgart
Wolfsburg	
-0.75
+0.75
2.01
1.75
 
 	
3.5
1.90
1.84
1.76
4.00
4.00
1.22
1.22
2.00
1.5
1.5
1.46
2.25
2.60
1.60
 	 3:2(0:1)  
178	05/05
16:30	 Borussia Dortmund
Freiburg	
–2.0
+2.0
1.80
1.95
  	
3.5
1.65
2.16
1.20
6.60
11.50
1.02
1.09
4.25
 
 	 4:0(4:0)  
179	05/05
16:30	 Hannover 96
Kaiserslautern	
-1.25
+1.25
1.92
1.83
 
 	
3.0
1.90
1.84
1.40
4.70
7.00
1.08
1.17
2.82
1.5
1.5
1.38
4.00
2.90
1.22
 	 2:1(1:1)  
180	05/05
16:30	 Hertha
Hoffenheim	
-0.75
+0.75
2.25
1.60
 
 	
3.0
1.88
1.86
1.95
3.80
3.40
1.29
1.24
1.80
1.5
1.5
1.70
2.51
2.08
1.49
 	 3:1(1:0)  