424	04/10
17:00	 Hull City
Crystal Palace	
-0.25
+0.25
1.85
1.90
 
 	
2.5
1.90
1.85
2.25
3.40
3.10
1.34
1.29
1.62
1.5
1.5
2.20
2.70
1.65
1.43
 	 2:0(0:0)  
425	04/10
17:00	 Leicester City
Burnley	
-0.75
+0.75
1.87
1.90
 
 	
2.5
1.95
1.85
1.67
3.90
5.00
1.15
1.23
2.12
1.5
1.0
1.80
2.45
1.95
1.52
 	 2:2(2:1)  
426	04/10
17:00	 Liverpool
West Bromwich Albion	
-1.25
+1.25
2.00
1.80
 
 	
2.75
1.85
 	
1.95
 	
1.42
4.60
7.65
1.07
1.18
2.75
1.5
1.0
1.50
2.80
2.50
1.40
 	 2:1(1:0)  
427	04/10
17:00	 Sunderland
Stoke City	
0
0
1.80
2.00
  	
2.25
1.85
 	
1.95
 	
2.50
3.40
2.80
1.40
1.30
1.50
1.5
1.5
2.55
2.70
1.47
1.43
 	 3:1(2:1)  
428	04/10
17:00	 Swansea City
Newcastle United	
-0.75
+0.75
2.30
1.60
 
 	
2.25
1.80
 	
2.00
 	
1.95
3.52
3.90
1.23
1.28
1.85
1.5
1.0
2.12
2.20
1.66
1.62
 	 2:2(1:1)  
429	04/10
19:30	 Aston Villa
Manchester City	
+1.25
-1.25
1.95
1.85
 
 	
2.75
1.90
 	
1.90
 	
8.50
4.70
1.38
2.95
1.17
1.05
1.0
1.5
3.10
1.47
1.34
2.55
 	 0:2(0:0)  
430	05/10
14:00	 Manchester United
Everton	
–1.0
+1.0
1.95
1.85
  	
3.0
1.85
1.90
1.55
4.15
6.00
1.12
1.22
2.35
1.5
1.0
1.50
2.04
2.50
1.72
 	 2:1(1:0)  
431	05/10
16:05	 Tottenham Hotspur
Southampton	
-0.25
+0.25
1.78
2.04
 
 	
2.5
1.85
1.95
2.08
3.55
3.40
1.29
1.27
1.70
1.5
1.0
2.05
1.77
1.75
1.97
 	 1:0(1:0)  
432	05/10
16:20	 Chelsea
Arsenal London	
-0.75
+0.75
1.86
1.90
 
 	
2.75
1.98
 	
1.78
 	
1.65
3.80
5.40
1.13
1.25
2.17
1.5
1.0
1.72
2.30
2.04
1.57
 	 2:0(1:0)  
433	05/10
18:15	 West Ham United
Queens Park Rangers	
-0.25
+0.25
1.56
2.32
 
 	
2.5
1.97
1.80
1.83
3.60
4.35
1.19
1.26
1.92
1.5
1.5
1.97
3.40
1.78
1.29
 	 2:0(1:0)  
434	18/10
14:45	 Manchester City
Tottenham Hotspur	
-1.25
+1.25
2.02
1.79
 
 	
3.0
1.90
1.90
1.45
4.30
7.50
1.09
1.22
2.75
1.5
1.0
1.45
2.40
2.60
1.52
 	 4:1(2:1)  
435	18/10
17:00	 Arsenal London
Hull City	
-1.75
+1.75
1.95
1.80
 
 	
3.0
1.90
1.85
1.25
5.80
12.00
1.03
1.12
3.75
2.5
1.0
2.12
3.50
1.66
1.27
 	 2:2(1:1)  
436	18/10
17:00	 Burnley
West Ham United	
0
0
1.80
2.00
  	
2.25
1.85
 	
1.95
 	
2.50
3.35
2.80
1.40
1.30
1.50
1.5
1.5
2.55
2.70
1.47
1.43
 	 1:3(0:0)  
437	18/10
17:00	 Crystal Palace
Chelsea	
+1.5
–1.5
1.95
1.85
  	
2.75
1.97
 	
1.78
 	
11.50
5.50
1.27
3.65
1.13
1.02
1.0
1.5
4.70
1.44
1.17
2.65
 	 1:2(0:1)  
438	18/10
17:00	 Everton
Aston Villa	
–1.0
+1.0
1.90
1.90
  	
2.75
1.90
 	
1.90
 	
1.52
4.30
6.20
1.10
1.20
2.42
1.5
1.0
1.60
2.50
2.25
1.50
 	 3:0(1:0)  
439	18/10
18:00	 Newcastle United
Leicester City	
-0.25
+0.25
1.78
2.04
 
 	
2.5
1.85
1.95
2.08
3.55
3.40
1.29
1.27
1.70
1.5
1.0
2.05
1.77
1.75
1.97
 	 1:0(0:0)  
440	18/10
17:00	 Southampton
Sunderland	
–1.0
+1.0
1.90
1.85
  	
2.5
1.90
1.85
1.55
4.25
5.70
1.13
1.20
2.40
1.5
1.0
1.75
2.80
2.05
1.40
 	 8:0(3:0)  
441	19/10
15:30	 Queens Park Rangers
Liverpool	
+1.0
–1.0
1.80
2.00
  	
2.75
1.85
 	
1.95
 	
6.00
3.90
1.58
2.38
1.25
1.13
1.0
1.5
2.20
1.60
1.60
2.20
 	 2:3(0:0)  
442	19/10
18:00	 Stoke City
Swansea City	
0
0
1.80
2.00
  	
2.25
1.85
 	
1.95
 	
2.50
3.35
2.80
1.40
1.30
1.50
1.5
1.5
2.55
2.70
1.47
1.43
 	 2:1(1:1)  
443	20/10
22:00	 West Bromwich Albion
Manchester United	
+0.75
-0.75
1.88
1.92
 
 	
2.75
1.80
 	
2.00
 	
5.00
3.75
1.70
2.15
1.27
1.17
1.0
1.5
1.97
1.68
1.80
2.12
 	 2:2(1:0)  
494	25/10
14:45	 West Ham United
Manchester City	
+1.0
–1.0
1.95
1.85
  	
3.0
1.85
1.95
6.20
4.20
1.52
2.45
1.22
1.11
1.0
1.5
2.04
1.50
1.72
2.50
 	 2:1(1:0)  
495	25/10
17:00	 Liverpool
Hull City	
–1.5
+1.5
1.97
1.80
  	
3.0
1.95
1.85
1.36
4.85
8.75
1.06
1.18
3.10
1.5
1.0
1.42
2.95
2.72
1.37
 	 0:0(0:0)  
496	25/10
17:00	 Southampton
Stoke City	
–1.0
+1.0
1.90
1.85
  	
2.5
1.90
1.85
1.55
4.25
5.70
1.13
1.20
2.40
1.5
1.0
1.75
2.80
2.05
1.40
 	 1:0(1:0)  
497	25/10
17:00	 Sunderland
Arsenal London	
+0.75
-0.75
1.78
2.03
 
 	
2.75
1.98
 	
1.83
 	
4.65
3.75
1.75
2.02
1.28
1.21
1.0
1.5
2.07
1.77
1.70
1.98
 	 0:2(0:1)  
498	25/10
17:00	 West Bromwich Albion
Crystal Palace	
-0.25
+0.25
1.58
2.35
 
 	
2.25
1.77
 	
2.02
 	
1.83
3.60
4.30
1.22
1.28
1.95
1.5
1.5
1.97
3.40
1.75
1.29
 	 2:2(0:2)  
499	25/10
19:30	 Swansea City
Leicester City	
-0.25
+0.25
1.60
2.30
 
 	
2.75
1.95
 	
1.85
 	
1.85
3.65
4.20
1.22
1.28
1.95
1.5
1.5
1.85
2.90
1.90
1.38
 	 2:0(1:0)  
500	26/10
15:30	 Burnley
Everton	
+0.25
-0.25
2.30
1.62
 
 	
2.75
1.95
 	
1.85
 	
4.05
3.65
1.88
1.92
1.28
1.24
1.5
1.5
2.90
1.85
1.38
1.90
 	 1:3(1:2)  
501	26/10
15:30	 Tottenham Hotspur
Newcastle United	
-0.75
+0.75
1.80
2.00
 
 	
2.75
1.90
 	
1.90
 	
1.62
4.00
5.30
1.16
1.24
2.25
1.5
1.0
1.66
2.20
2.15
1.65
 	 1:2(1:0)  
502	26/10
18:00	 Manchester United
Chelsea	
0
0
2.02
1.78
  	
2.5
1.89
1.89
2.80
3.40
2.48
1.52
1.31
1.42
1.0
1.0
1.60
1.50
2.20
2.40
 	 1:1(0:0)  
503	27/10
22:00	 Queens Park Rangers
Aston Villa	
-0.25
+0.25
1.95
1.80
 
 	
2.25
2.04
 	
1.72
 	
2.35
3.30
3.10
1.34
1.30
1.55
1.5
1.5
2.60
3.30
1.45
1.30
 	 2:0(1:0)  
504	01/11
14:45	 Newcastle United
Liverpool	
+0.25
-0.25
2.27
1.62
 
 	
2.75
1.89
 	
1.89
 	
4.00
3.65
1.87
1.90
1.28
1.23
1.5
1.5
2.80
1.80
1.40
1.95
 	 1:0(0:0)  
505	01/11
17:00	 Arsenal London
Burnley	
-1.75
+1.75
1.90
1.90
 
 	
3.0
1.95
1.80
1.22
6.20
13.50
1.02
1.12
4.25
2.5
1.0
2.00
4.00
1.75
1.22
 	 3:0(0:0)  
506	01/11
17:00	 Chelsea
Queens Park Rangers	
-2.25
+2.25
1.90
1.90
 
 	
3.0
1.82
1.97
1.15
8.00
16.50
 	
1.07
5.35
2.5
1.0
1.85
5.60
1.90
1.12
 	 2:1(1:0)  
507	01/11
17:00	 Everton
Swansea City	
-0.75
+0.75
1.87
1.90
 
 	
2.75
1.97
 	
1.77
 	
1.67
3.80
5.20
1.14
1.23
2.15
1.5
1.0
1.72
2.30
2.04
1.57
 	 0:0(0:0)  
508	01/11
17:00	 Hull City
Southampton	
+0.75
-0.75
1.60
2.30
 
 	
2.25
1.80
 	
2.00
 	
3.90
3.52
1.95
1.85
1.28
1.23
1.0
1.5
2.20
2.12
1.62
1.66
 	 0:1(0:1)  
509	01/11
17:00	 Leicester City
West Bromwich Albion	
-0.25
+0.25
1.77
2.05
 
 	
2.5
1.85
1.95
2.08
3.55
3.40
1.29
1.27
1.70
1.5
1.0
2.05
1.77
1.75
1.97
 	 0:1(0:0)  
510	01/11
17:00	 Stoke City
West Ham United	
-0.25
+0.25
1.80
1.95
 
 	
2.25
1.85
 	
1.90
 	
2.10
3.40
3.50
1.27
1.29
1.70
1.5
1.0
2.25
2.05
1.60
1.72
 	 2:2(1:0)  
511	02/11
15:30	 Manchester City
Manchester United	
-0.25
+0.25
1.60
2.32
 
 	
3.0
1.98
1.83
1.85
3.80
4.00
1.25
1.26
1.95
1.5
1.5
1.70
2.55
2.07
1.47
 	 1:0(0:0)  
512	02/11
18:00	 Aston Villa
Tottenham Hotspur	
+0.25
-0.25
2.05
1.77
 
 	
2.5
1.85
1.95
3.40
3.55
2.08
1.70
1.27
1.29
1.0
1.5
1.77
2.05
1.97
1.75
 	 1:2(1:0)  
513	03/11
22:00	 Crystal Palace
Sunderland	
-0.25
+0.25
1.80
1.95
 
 	
2.25
1.85
 	
1.90
 	
2.10
3.40
3.50
1.27
1.29
1.70
1.5
1.0
2.25
2.05
1.60
1.72
 	 1:3(0:1)  
465	08/11
14:45	 Liverpool
Chelsea	
+0.25
-0.25
1.90
1.90
 
 	
2.5
1.95
1.85
3.15
3.40
2.26
1.65
1.32
1.35
1.5
1.5
2.60
2.25
1.45
1.60
 	 1:2(1:1)  
466	08/11
17:00	 Burnley
Hull City	
0
0
1.80
2.00
  	
2.25
1.85
 	
1.95
 	
2.50
3.35
2.80
1.40
1.30
1.50
1.5
1.5
2.55
2.70
1.47
1.43
 	 1:0(0:0)  
467	08/11
17:00	 Manchester United
Crystal Palace	
-1.75
+1.75
1.98
1.82
 
 	
3.0
1.93
1.87
1.26
5.80
11.75
1.02
1.14
3.90
2.5
1.0
2.12
3.50
1.66
1.27
 	 1:0(0:0)  
468	08/11
17:00	 Southampton
Leicester City	
-1.25
+1.25
2.00
1.80
 
 	
2.75
1.80
 	
2.00
 	
1.42
4.50
7.50
1.07
1.18
2.75
1.5
1.0
1.50
2.80
2.50
1.40
 	 2:0(0:0)  
469	08/11
17:00	 West Ham United
Aston Villa	
-0.75
+0.75
1.90
1.90
 
 	
2.5
1.95
1.85
1.70
3.75
5.00
1.17
1.27
2.15
1.5
1.0
1.80
2.40
1.95
1.53
 	 0:0(0:0)  
470	08/11
19:30	 Queens Park Rangers
Manchester City	
+1.0
–1.0
2.02
1.80
  	
3.0
1.88
1.92
6.65
4.40
1.48
2.65
1.21
1.11
1.0
1.5
2.07
1.47
1.70
2.55
 	 2:2(1:1)  
471	09/11
15:30	 Sunderland
Everton	
+0.25
-0.25
2.05
1.78
 
 	
2.5
2.00
1.80
3.50
3.50
2.07
1.75
1.30
1.30
1.0
1.5
1.97
2.15
1.77
1.65
 	 1:1(0:0)  
472	09/11
15:30	 Tottenham Hotspur
Stoke City	
-0.75
+0.75
1.89
1.89
 
 	
2.5
1.92
1.87
1.68
3.80
5.00
1.17
1.26
2.15
1.5
1.0
1.80
2.45
1.95
1.52
 	 1:2(0:2)  
473	09/11
15:30	 West Bromwich Albion
Newcastle United	
-0.25
+0.25
1.85
1.90
 
 	
2.5
1.90
1.85
2.25
3.40
3.10
1.34
1.29
1.62
1.5
1.5
2.20
2.70
1.65
1.43
 	 0:2(0:1)  
474	09/11
18:00	 Swansea City
Arsenal London	
+0.25
-0.25
2.05
1.77
 
 	
2.5
1.85
1.95
3.40
3.55
2.08
1.70
1.27
1.29
1.0
1.5
1.77
2.05
1.97
1.75
 	 2:1(0:0)  
475	22/11
17:00	 Chelsea
West Bromwich Albion	
-1.75
+1.75
1.78
2.02
 
 	
3.0
1.75
2.05
1.20
6.50
13.50
1.01
1.09
4.25
2.5
1.0
1.95
3.55
1.80
1.26
 	 2:0(2:0)  
476	22/11
17:00	 Everton
West Ham United	
-0.75
+0.75
1.87
1.90
 
 	
2.75
1.97
 	
1.77
 	
1.67
3.80
5.20
1.14
1.23
2.15
1.5
1.0
1.72
2.30
2.04
1.57
 	 2:1(1:0)  
477	22/11
17:00	 Leicester City
Sunderland	
-0.75
+0.75
2.30
1.60
 
 	
2.25
1.80
 	
2.00
 	
1.95
3.52
3.90
1.23
1.28
1.85
1.5
1.0
2.12
2.20
1.66
1.62
 	 0:0(0:0)  
478	22/11
17:00	 Manchester City
Swansea City	
-1.75
+1.75
1.90
1.90
 
 	
3.0
1.80
1.95
1.26
5.80
11.50
1.02
1.12
3.80
2.5
1.0
2.02
3.30
1.74
1.31
 	 2:1(1:1)  
479	22/11
17:00	 Newcastle United
Queens Park Rangers	
-0.75
+0.75
1.89
1.89
 
 	
2.5
1.92
1.87
1.68
3.80
5.00
1.17
1.26
2.15
1.5
1.0
1.80
2.45
1.95
1.52
 	 1:0(0:0)  
480	22/11
17:00	 Stoke City
Burnley	
-0.75
+0.75
1.89
1.89
 
 	
2.5
1.92
1.87
1.68
3.80
5.00
1.17
1.26
2.15
1.5
1.0
1.80
2.45
1.95
1.52
 	 1:2(1:2)  
481	22/11
19:30	 Arsenal London
Manchester United	
-0.25
+0.25
1.95
1.85
 
 	
2.5
1.80
1.95
2.30
3.45
3.00
1.35
1.29
1.57
1.5
1.5
2.15
2.45
1.65
1.52
 	 1:2(0:0)  
482	23/11
15:30	 Crystal Palace
Liverpool	
+0.75
-0.75
1.90
1.87
 
 	
2.75
1.97
 	
1.77
 	
5.20
3.80
1.67
2.15
1.23
1.14
1.0
1.5
2.30
1.72
1.57
2.04
 	 3:1(1:1)  
483	23/11
18:00	 Hull City
Tottenham Hotspur	
+0.25
-0.25
2.05
1.77
 
 	
2.5
1.85
1.95
3.40
3.55
2.08
1.70
1.27
1.29
1.0
1.5
1.77
2.05
1.97
1.75
 	 1:2(1:0)  
484	24/11
22:00	 Aston Villa
Southampton	
+0.25
-0.25
2.32
1.56
 
 	
2.5
1.97
1.75
4.20
3.60
1.83
1.90
1.25
1.19
1.5
1.5
3.40
1.97
1.29
1.75
 	 1:1(1:0)  
471	29/11
14:45	 West Bromwich Albion
Arsenal London	
+0.75
-0.75
1.85
1.95
 
 	
2.5
1.90
1.87
4.80
3.70
1.75
2.00
1.25
1.17
1.0
1.5
2.40
1.80
1.53
1.95
 	 0:1(0:0)  
472	29/11
17:00	 Burnley
Aston Villa	
-0.25
+0.25
1.80
1.95
 
 	
2.25
1.95
 	
1.80
 	
2.10
3.40
3.55
1.27
1.29
1.70
1.5
1.0
2.30
2.20
1.57
1.62
 	 1:1(0:1)  
473	29/11
17:00	 Liverpool
Stoke City	
-0.75
+0.75
1.88
1.92
 
 	
2.5
1.90
1.90
1.68
3.80
5.10
1.16
1.27
2.22
1.5
1.0
1.80
2.35
2.00
1.55
 	 1:0(0:0)  
474	29/11
17:00	 Manchester United
Hull City	
–1.5
+1.5
1.97
1.83
  	
2.75
1.80
 	
2.00
 	
1.31
5.25
10.25
1.04
1.16
3.50
2.5
1.5
2.35
4.95
1.55
1.16
 	 3:0(2:0)  
475	29/11
17:00	 Queens Park Rangers
Leicester City	
-0.25
+0.25
2.00
1.80
 
 	
2.25
1.84
 	
1.95
 	
2.32
3.30
3.10
1.37
1.35
1.60
1.0
1.0
1.57
1.87
2.30
1.87
 	 3:2(2:1)  
476	29/11
17:00	 Swansea City
Crystal Palace	
-0.75
+0.75
2.05
1.77
 
 	
2.25
1.78
 	
2.04
 	
1.78
3.60
4.55
1.20
1.29
2.02
1.5
1.5
1.95
3.80
1.80
1.24
 	 1:1(1:1)  
477	29/11
17:00	 West Ham United
Newcastle United	
-0.25
+0.25
1.85
1.90
 
 	
2.5
1.90
1.85
2.25
3.40
3.10
1.34
1.29
1.62
1.5
1.5
2.20
2.70
1.65
1.43
 	 1:0(0:0)  
478	29/11
19:30	 Sunderland
Chelsea	
+1.25
-1.25
1.98
1.83
 
 	
2.75
2.00
 	
1.80
 	
8.10
4.65
1.40
2.95
1.19
1.08
1.0
1.5
3.30
1.52
1.30
2.40
 	 0:0(0:0)  
479	30/11
15:30	 Southampton
Manchester City	
+0.25
-0.25
1.85
1.95
 
 	
2.5
1.80
1.95
3.00
3.45
2.30
1.57
1.29
1.35
1.5
1.5
2.45
2.15
1.52
1.65
 	 0:3(0:0)  
480	30/11
18:00	 Tottenham Hotspur
Everton	
-0.25
+0.25
1.85
1.95
 
 	
2.75
1.95
 	
1.80
 	
2.17
3.50
3.20
1.32
1.28
1.65
1.5
1.5
1.95
2.50
1.80
1.50
 	 2:1(2:1)  
481	02/12
21:45	 Burnley
Newcastle United	
0
0
1.98
1.83
  	
2.25
1.85
 	
1.95
 	
2.80
3.35
2.50
1.53
1.32
1.44
1.5
1.5
2.70
2.55
1.43
1.47
 	 1:1(1:0)  
482	02/12
21:45	 Leicester City
Liverpool	
+0.25
-0.25
2.15
1.65
 
 	
2.5
1.87
1.87
3.65
3.50
1.97
1.77
1.27
1.25
1.0
1.5
1.95
1.97
1.80
1.77
 	 1:3(1:1)  
483	02/12
21:45	 Manchester United
Stoke City	
-1.25
+1.25
1.80
1.95
 
 	
2.75
1.85
 	
1.90
 	
1.37
4.60
8.25
1.05
1.17
2.95
1.5
1.0
1.47
3.10
2.55
1.34
 	 2:1(1:1)  
484	02/12
21:45	 Swansea City
Queens Park Rangers	
-0.75
+0.75
1.90
1.87
 
 	
2.5
1.95
1.85
1.70
3.75
5.00
1.15
1.25
2.07
1.5
1.0
1.80
2.40
1.95
1.53
 	 2:0(0:0)  
485	02/12
22:00	 Crystal Palace
Aston Villa	
-0.25
+0.25
1.80
1.95
 
 	
2.25
1.85
 	
1.90
 	
2.10
3.40
3.50
1.27
1.29
1.70
1.5
1.0
2.25
2.05
1.60
1.72
 	 0:1(0:1)  
486	02/12
22:00	 West Bromwich Albion
West Ham United	
-0.25
+0.25
1.85
1.90
 
 	
2.5
1.90
1.85
2.25
3.40
3.10
1.34
1.29
1.62
1.5
1.5
2.20
2.70
1.65
1.43
 	 1:2(1:2)  
487	03/12
21:45	 Arsenal London
Southampton	
-0.75
+0.75
2.03
1.78
 
 	
2.75
1.98
 	
1.83
 	
1.75
3.75
4.65
1.21
1.28
2.02
1.5
1.0
1.77
2.07
1.98
1.70
 	 1:0(0:0)  
488	03/12
21:45	 Chelsea
Tottenham Hotspur	
-1.25
+1.25
1.77
1.98
 
 	
2.75
1.85
 	
1.90
 	
1.37
4.80
8.50
1.05
1.17
3.00
1.5
1.0
1.47
3.10
2.55
1.34
 	 3:0(2:0)  
489	03/12
21:45	 Everton
Hull City	
–1.0
+1.0
1.90
1.90
  	
2.75
1.90
 	
1.90
 	
1.52
4.30
6.20
1.10
1.20
2.42
1.5
1.0
1.60
2.50
2.25
1.50
 	 1:1(1:0)  
490	03/12
21:45	 Sunderland
Manchester City	
+1.25
-1.25
1.80
2.00
 
 	
2.75
1.80
 	
2.00
 	
7.65
4.60
1.42
2.75
1.18
1.07
1.0
1.5
2.80
1.50
1.40
2.50
 	 1:4(1:2)  
593	06/12
14:45	 Newcastle United
Chelsea	
+1.0
–1.0
1.85
1.95
  	
2.5
1.97
1.82
5.80
4.20
1.57
2.40
1.22
1.14
1.0
1.5
2.80
1.75
1.40
2.05
 	 2:1(0:0)  
594	06/12
17:00	 Hull City
West Bromwich Albion	
-0.25
+0.25
1.95
1.80
 
 	
2.25
2.04
 	
1.72
 	
2.35
3.30
3.10
1.34
1.30
1.55
1.5
1.5
2.60
3.30
1.45
1.30
 	 0:0(0:0)  
595	06/12
17:00	 Liverpool
Sunderland	
–1.0
+1.0
1.78
2.04
  	
2.75
2.01
 	
1.81
 	
1.45
4.35
7.55
1.09
1.22
2.75
2.5
1.0
2.75
2.95
1.42
1.37
 	 0:0(0:0)  
596	06/12
17:00	 Queens Park Rangers
Burnley	
-0.75
+0.75
2.30
1.60
 
 	
2.25
1.80
 	
2.00
 	
1.95
3.52
3.90
1.23
1.28
1.85
1.5
1.0
2.12
2.20
1.66
1.62
 	 2:0(0:0)  
597	06/12
17:00	 Stoke City
Arsenal London	
+0.25
-0.25
2.05
1.77
 
 	
2.5
1.85
1.95
3.40
3.55
2.09
1.74
1.30
1.32
1.0
1.5
1.77
2.05
1.97
1.75
 	 3:2(3:0)  
598	06/12
17:00	 Tottenham Hotspur
Crystal Palace	
–1.0
+1.0
2.02
1.78
  	
2.5
1.80
1.95
1.60
4.00
5.65
1.12
1.22
2.30
1.5
1.0
1.72
2.40
2.04
1.53
 	 0:0(0:0)  
599	06/12
19:30	 Manchester City
Everton	
-1.25
+1.25
2.00
1.80
 
 	
3.0
1.80
1.95
1.48
4.50
6.50
1.09
1.20
2.65
1.5
1.0
1.45
2.07
2.65
1.70
 	 1:0(1:0)  
600	07/12
15:30	 West Ham United
Swansea City	
-0.25
+0.25
2.00
1.80
 
 	
2.25
1.84
 	
1.95
 	
2.32
3.30
3.10
1.37
1.35
1.60
1.0
1.0
1.57
1.87
2.30
1.87
 	 3:1(1:1)  
601	07/12
18:00	 Aston Villa
Leicester City	
-0.25
+0.25
2.00
1.80
 
 	
2.25
1.84
 	
1.95
 	
2.32
3.30
3.10
1.37
1.35
1.60
1.0
1.0
1.57
1.87
2.30
1.87
 	 2:1(1:1)  
602	08/12
22:00	 Southampton
Manchester United	
0
0
1.97
1.84
  	
2.5
1.87
1.93
2.75
3.40
2.50
1.52
1.32
1.45
1.0
1.0
1.60
1.53
2.25
2.40
 	 1:2(1:1) 
482	13/12
17:00	 Burnley
Southampton	
+0.75
-0.75
1.72
2.05
 
 	
2.25
1.85
 	
1.90
 	
4.50
3.65
1.77
2.03
1.26
1.18
1.5
1.5
4.00
2.00
1.22
1.77
 	 1:0(0:0)  
483	13/12
17:00	 Chelsea
Hull City	
–2.0
+2.0
1.85
1.90
  	
2.75
1.77
 	
2.00
 	
1.16
7.50
17.00
 	
1.07
5.00
2.5
1.0
2.02
7.00
1.74
1.08
 	 2:0(1:0)  
484	13/12
17:00	 Crystal Palace
Stoke City	
0
0
1.77
2.05
  	
2.25
1.93
 	
1.87
 	
2.50
3.25
2.90
1.41
1.35
1.53
1.0
1.0
1.67
1.85
2.15
1.95
 	 1:1(1:1)  
485	13/12
17:00	 Leicester City
Manchester City	
+1.0
–1.0
2.00
1.77
  	
3.0
1.80
1.95
6.75
4.40
1.47
2.60
1.20
1.09
1.0
1.5
2.07
1.47
1.70
2.55
 	 0:1(0:1)  
486	13/12
17:00	 Sunderland
West Ham United	
0
0
1.95
1.80
  	
2.25
1.80
 	
1.95
 	
2.75
3.35
2.50
1.50
1.30
1.42
1.5
1.5
2.66
2.55
1.44
1.47
 	 1:1(1:1)  
487	13/12
17:00	 West Bromwich Albion
Aston Villa	
-0.25
+0.25
1.80
1.95
 
 	
2.25
1.95
 	
1.80
 	
2.10
3.40
3.50
1.27
1.29
1.70
1.5
1.0
2.30
2.20
1.57
1.62
 	 1:0(0:0)  
488	13/12
19:30	 Arsenal London
Newcastle United	
-1.25
+1.25
1.85
1.95
 
 	
3.0
1.80
1.95
1.40
4.75
7.85
1.07
1.18
2.90
1.5
1.0
1.42
2.35
2.75
1.55
 	 4:1(1:0)  
489	14/12
15:30	 Manchester United
Liverpool	
-0.75
+0.75
2.03
1.78
 
 	
2.75
1.98
 	
1.83
 	
1.75
3.75
4.65
1.21
1.28
2.02
1.5
1.0
1.77
2.07
1.98
1.70
 	 3:0(2:0)  
490	14/12
18:00	 Swansea City
Tottenham Hotspur	
-0.25
+0.25
1.90
1.90
 
 	
2.5
1.90
1.90
2.30
3.40
3.10
1.37
1.32
1.62
1.5
1.5
2.25
2.60
1.60
1.45
 	 1:2(0:1)  
491	15/12
22:00	 Everton
Queens Park Rangers	
-1.25
+1.25
2.00
1.75
 
 	
2.5
1.82
2.00
1.42
4.50
7.75
1.07
1.18
2.72
1.5
1.0
1.57
3.10
2.30
1.34
 	 3:1(2:0)  
492	20/12
14:45	 Manchester City
Crystal Palace	
-1.75
+1.75
1.90
1.85
 
 	
3.25
1.95
 	
1.80
 	
1.25
5.80
10.50
1.03
1.12
3.80
2.5
1.0
1.95
3.00
1.80
1.36
 	 3:0(0:0)  
493	20/12
17:00	 Aston Villa
Manchester United	
+1.0
–1.0
1.85
1.90
  	
2.5
1.90
1.85
5.70
4.25
1.55
2.40
1.20
1.13
1.0
1.5
2.80
1.75
1.40
2.05
 	 1:1(1:0)  
494	20/12
17:00	 Hull City
Swansea City	
+0.25
-0.25
1.80
2.00
 
 	
2.25
1.84
 	
1.95
 	
3.10
3.30
2.32
1.60
1.35
1.37
1.0
1.0
1.87
1.57
1.87
2.30
 	 0:1(0:1)  
495	20/12
17:00	 Queens Park Rangers
West Bromwich Albion	
-0.25
+0.25
2.00
1.80
 
 	
2.25
1.84
 	
1.95
 	
2.32
3.30
3.10
1.37
1.35
1.60
1.0
1.0
1.57
1.87
2.30
1.87
 	 3:2(1:2)  
496	20/12
17:00	 Southampton
Everton	
-0.25
+0.25
1.78
2.05
 
 	
2.5
2.00
1.80
2.07
3.50
3.50
1.30
1.30
1.75
1.5
1.0
2.15
1.97
1.65
1.77
 	 3:0(1:0)  
497	20/12
17:00	 Tottenham Hotspur
Burnley	
-1.25
+1.25
2.00
1.75
 
 	
2.5
1.82
2.00
1.42
4.50
7.75
1.07
1.18
2.72
1.5
1.0
1.57
3.10
2.30
1.34
 	 2:1(2:1)  
498	20/12
17:00	 West Ham United
Leicester City	
-0.75
+0.75
1.90
1.87
 
 	
2.5
1.90
1.85
1.70
3.75
5.00
1.15
1.25
2.07
1.5
1.0
1.80
2.40
1.95
1.53
 	 2:0(1:0)  
499	21/12
15:30	 Newcastle United
Sunderland	
-0.75
+0.75
2.00
1.80
 
 	
2.5
1.95
1.85
1.77
3.55
4.80
1.18
1.30
2.05
1.5
1.0
1.80
2.15
1.95
1.65
 	 0:1(0:0)  
500	21/12
18:00	 Liverpool
Arsenal London	
0
0
1.77
1.97
  	
2.5
1.80
1.95
2.45
3.35
2.75
1.42
1.30
1.50
1.0
1.0
1.48
1.55
2.50
2.35
 	 2:2(1:1)  
501	22/12
22:00	 Stoke City
Chelsea	
+1.0
–1.0
1.90
1.90
  	
2.5
1.93
1.87
5.80
4.20
1.55
2.42
1.22
1.14
1.0
1.5
2.80
1.75
1.40
2.05
 	 0:2(0:1)  
485	26/12
14:45	 Chelsea
West Ham United	
–1.5
+1.5
1.90
1.90
  	
3.0
2.00
1.80
1.30
5.50
9.55
1.06
1.15
3.55
2.0
1.0
1.70
3.00
2.08
1.35
 	 2:0(1:0)  
486	26/12
17:00	 Burnley
Liverpool	
+0.75
-0.75
1.90
1.87
 
 	
2.75
1.97
 	
1.77
 	
5.20
3.80
1.67
2.15
1.23
1.14
1.0
1.5
2.30
1.72
1.57
2.04
 	 0:1(0:0)  
487	26/12
17:00	 Crystal Palace
Southampton	
+0.25
-0.25
1.98
1.83
 
 	
2.25
1.98
 	
1.80
 	
3.55
3.35
2.10
1.73
1.32
1.30
1.0
1.5
2.20
2.30
1.62
1.57
 	 1:3(0:1)  
488	26/12
17:00	 Everton
Stoke City	
-0.75
+0.75
2.05
1.77
 
 	
2.25
1.80
 	
2.00
 	
1.80
3.60
4.50
1.19
1.29
1.98
1.5
1.5
1.95
3.80
1.85
1.25
 	 0:1(0:1)  
489	26/12
17:00	 Leicester City
Tottenham Hotspur	
+0.25
-0.25
2.05
1.77
 
 	
2.75
1.95
 	
1.85
 	
3.50
3.55
2.05
1.77
1.30
1.32
1.0
1.5
1.80
1.87
2.00
1.87
 	 1:2(0:1)  
490	26/12
17:00	 Manchester United
Newcastle United	
-1.25
+1.25
1.80
2.00
 
 	
2.75
1.82
 	
1.98
 	
1.35
5.00
9.00
1.05
1.17
3.20
2.5
1.5
2.35
4.95
1.55
1.15
 	 3:1(2:0)  
491	26/12
17:00	 Sunderland
Hull City	
-0.25
+0.25
1.65
2.20
 
 	
2.0
1.78
2.00
1.97
3.35
4.05
1.23
1.32
1.80
1.5
1.5
2.30
4.25
1.57
1.20
 	 1:3(1:1)  
492	26/12
17:00	 Swansea City
Aston Villa	
-0.75
+0.75
1.87
1.93
 
 	
2.25
1.85
 	
1.90
 	
1.67
3.80
5.10
1.15
1.23
2.13
1.5
1.0
1.90
2.90
1.85
1.38
 	 1:0(1:0)  
493	26/12
17:00	 West Bromwich Albion
Manchester City	
+1.0
–1.0
1.87
1.90
  	
2.5
1.87
1.90
5.75
4.20
1.56
2.40
1.20
1.13
1.0
1.5
2.80
1.75
1.40
2.05
 	 1:3(0:3)  
494	26/12
19:30	 Arsenal London
Queens Park Rangers	
-1.75
+1.75
1.90
1.90
 
 	
3.25
1.88
 	
1.92
 	
1.26
6.00
11.00
1.04
1.13
3.88
1.5
1.5
1.28
4.50
3.50
1.18
 	 2:1(1:0)  
495	28/12
14:00	 Tottenham Hotspur
Manchester United	
+0.25
-0.25
1.90
1.87
 
 	
2.75
1.90
 	
1.85
 	
3.15
3.40
2.25
1.60
1.29
1.33
1.5
1.5
2.40
2.02
1.53
1.74
 	 0:0(0:0)  
496	28/12
16:05	 Southampton
Chelsea	
+0.75
-0.75
1.72
2.05
 
 	
2.25
1.85
 	
1.90
 	
4.50
3.65
1.77
2.03
1.26
1.18
1.5
1.5
4.00
2.00
1.22
1.77
 	 1:1(1:1)  
497	28/12
17:00	 Aston Villa
Sunderland	
-0.25
+0.25
1.95
1.80
 
 	
2.25
2.04
 	
1.72
 	
2.30
3.30
3.10
1.34
1.30
1.57
1.5
1.5
2.60
3.30
1.45
1.30
 	 0:0(0:0)  
498	28/12
17:00	 Hull City
Leicester City	
-0.25
+0.25
1.80
1.95
 
 	
2.25
1.85
 	
1.90
 	
2.10
3.40
3.50
1.27
1.29
1.70
1.5
1.0
2.25
2.05
1.60
1.72
 	 0:1(0:1)  
499	28/12
17:00	 Manchester City
Burnley	
-2.25
+2.25
2.00
1.80
 
 	
3.0
1.80
2.00
1.14
8.35
18.00
1.01
1.07
6.00
2.5
1.0
1.75
5.50
2.00
1.13
 	 2:2(2:0)  
500	28/12
17:00	 Queens Park Rangers
Crystal Palace	
-0.25
+0.25
2.00
1.80
 
 	
2.25
1.84
 	
1.95
 	
2.32
3.30
3.10
1.37
1.35
1.60
1.0
1.0
1.57
1.87
2.30
1.87
 	 0:0(0:0)  
501	28/12
17:00	 Stoke City
West Bromwich Albion	
-0.75
+0.75
2.25
1.65
 
 	
2.25
1.85
 	
1.95
 	
1.91
3.50
4.10
1.24
1.30
1.89
1.5
1.0
2.12
2.30
1.66
1.57
 	 2:0(0:0)  
502	28/12
17:00	 West Ham United
Arsenal London	
+0.25
-0.25
1.97
1.80
 
 	
2.75
1.87
 	
1.90
 	
3.45
3.60
2.05
1.72
1.27
1.28
1.5
1.5
2.50
1.90
1.50
1.85
 	 1:2(0:2)  
503	28/12
18:15	 Newcastle United
Everton	
0
0
2.00
1.80
  	
2.25
1.77
 	
2.02
 	
2.85
3.40
2.45
1.52
1.30
1.39
1.5
1.5
2.66
2.50
1.44
1.50
 	 3:2(1:1)  
504	29/12
22:00	 Liverpool
Swansea City	
-0.75
+0.75
1.80
1.95
 
 	
2.5
1.87
1.87
1.60
3.95
5.25
1.14
1.23
2.25
1.5
1.0
1.77
2.45
1.97
1.52
 	 4:1(1:0)  
362	01/01
14:45	 Stoke City
Manchester United	
+0.75
-0.75
1.65
2.20
 
 	
2.25
1.83
 	
1.97
 	
4.10
3.50
1.91
1.89
1.30
1.24
1.0
1.5
2.30
2.12
1.57
1.66
 	 1:1(1:1)  
363	01/01
17:00	 Aston Villa
Crystal Palace	
-0.25
+0.25
1.98
1.83
 
 	
2.25
2.07
 	
1.75
 	
2.32
3.30
3.15
1.36
1.33
1.62
1.5
1.5
2.60
3.30
1.45
1.30
 	 0:0(0:0)  
364	01/01
17:00	 Hull City
Everton	
+0.25
-0.25
1.80
2.00
 
 	
2.25
1.84
 	
1.95
 	
3.10
3.30
2.32
1.60
1.35
1.37
1.0
1.0
1.87
1.57
1.87
2.30
 	 2:0(2:0)  
365	01/01
17:00	 Liverpool
Leicester City	
-1.25
+1.25
1.83
1.98
 
 	
2.75
1.77
 	
2.04
 	
1.37
4.85
8.50
1.07
1.18
3.05
1.5
1.0
1.45
2.95
2.60
1.37
 	 2:2(2:0)  
366	01/01
17:00	 Manchester City
Sunderland	
-1.75
+1.75
1.80
2.03
 
 	
3.0
1.76
2.05
1.21
6.50
13.60
1.02
1.11
4.40
2.5
1.0
1.95
3.55
1.80
1.26
 	 3:2(0:0)  
367	01/01
17:00	 Newcastle United
Burnley	
-0.75
+0.75
2.00
1.80
 
 	
2.5
1.95
1.85
1.77
3.55
4.80
1.18
1.30
2.05
1.5
1.0
1.80
2.15
1.95
1.65
 	 3:3(2:1)  
368	01/01
17:00	 Queens Park Rangers
Swansea City	
0
0
1.95
1.80
  	
2.25
1.80
 	
1.95
 	
2.80
3.35
2.50
1.50
1.30
1.42
1.5
1.5
2.66
2.55
1.44
1.47
 	 1:1(1:0)  
369	01/01
17:00	 Southampton
Arsenal London	
0
0
1.97
1.77
  	
2.25
1.80
 	
2.00
 	
2.80
3.35
2.50
1.50
1.30
1.40
1.5
1.5
2.60
2.50
1.45
1.50
 	 2:0(1:0)  
370	01/01
17:00	 West Ham United
West Bromwich Albion	
-0.75
+0.75
2.00
1.80
 
 	
2.5
1.95
1.85
1.77
3.55
4.80
1.18
1.30
2.05
1.5
1.0
1.80
2.15
1.95
1.65
 	 1:1(1:1)  
371	01/01
19:30	 Tottenham Hotspur
Chelsea	
+0.75
-0.75
1.87
1.90
 
 	
2.5
1.90
1.85
5.00
3.75
1.70
2.07
1.25
1.15
1.0
1.5
2.40
1.80
1.53
1.95
 	 5:3(3:1)  
640	10/01
14:45	 Sunderland
Liverpool	
+0.25
-0.25
2.05
1.78
 
 	
2.5
2.00
1.80
3.50
3.50
2.07
1.75
1.30
1.30
1.0
1.5
1.97
2.15
1.77
1.65
 	 0:1(0:1)  
641	10/01
17:00	 Burnley
Queens Park Rangers	
-0.25
+0.25
1.80
1.95
 
 	
2.25
1.85
 	
1.90
 	
2.10
3.40
3.50
1.27
1.29
1.70
1.5
1.0
2.25
2.05
1.60
1.72
 	 2:1(2:1)  
642	10/01
17:00	 Chelsea
Newcastle United	
-1.75
+1.75
1.80
2.00
 
 	
3.0
1.90
1.90
1.20
6.50
15.50
1.01
1.12
4.50
2.5
1.0
1.97
4.70
1.82
1.18
 	 2:0(1:0)  
643	10/01
17:00	 Everton
Manchester City	
+0.75
-0.75
1.78
2.03
 
 	
2.75
1.95
 	
1.85
 	
4.65
3.75
1.75
2.05
1.28
1.21
1.0
1.5
2.04
1.75
1.72
2.00
 	 1:1(0:0)  
644	10/01
17:00	 Leicester City
Aston Villa	
-0.25
+0.25
1.80
1.95
 
 	
2.25
1.95
 	
1.80
 	
2.10
3.40
3.50
1.27
1.29
1.70
1.5
1.0
2.30
2.20
1.57
1.62
 	 1:0(1:0)  
645	10/01
17:00	 Swansea City
West Ham United	
-0.25
+0.25
1.77
2.05
 
 	
2.5
1.85
1.95
2.08
3.55
3.40
1.29
1.27
1.70
1.5
1.0
2.05
1.77
1.75
1.97
 	 1:1(0:1)  
646	10/01
17:00	 West Bromwich Albion
Hull City	
-0.25
+0.25
1.65
2.20
 
 	
2.0
1.78
2.00
1.95
3.40
4.05
1.23
1.30
1.82
1.5
1.5
2.30
4.25
1.57
1.20
 	 1:0(0:0)  
647	10/01
19:30	 Crystal Palace
Tottenham Hotspur	
+0.25
-0.25
1.95
1.80
 
 	
2.25
1.85
 	
1.90
 	
3.50
3.40
2.10
1.70
1.29
1.27
1.0
1.5
2.05
2.25
1.72
1.60
 	 2:1(0:0)  
648	11/01
15:30	 Arsenal London
Stoke City	
-1.25
+1.25
2.00
1.75
 
 	
2.5
1.82
2.00
1.42
4.50
7.75
1.07
1.18
2.72
1.5
1.0
1.57
3.10
2.30
1.34
 	 3:0(2:0)  
649	11/01
18:00	 Manchester United
Southampton	
-0.75
+0.75
2.00
1.80
 
 	
2.5
1.98
1.82
1.77
3.55
4.80
1.18
1.30
2.05
1.5
1.0
1.80
2.15
1.95
1.65
 	 0:1(0:0)  
650	17/01
17:00	 Aston Villa
Liverpool	
+0.75
-0.75
1.65
2.25
 
 	
2.25
1.83
 	
1.97
 	
4.10
3.50
1.91
1.89
1.30
1.24
1.0
1.5
2.30
2.12
1.57
1.66
 	 0:2(0:1)  
651	17/01
17:00	 Burnley
Crystal Palace	
-0.25
+0.25
2.00
1.75
 
 	
2.25
1.87
 	
1.87
 	
2.35
3.40
2.95
1.37
1.29
1.55
1.5
1.5
2.45
2.90
1.50
1.37
 	 2:3(2:1)  
652	17/01
17:00	 Leicester City
Stoke City	
0
0
1.80
1.95
  	
2.25
1.85
 	
1.95
 	
2.50
3.40
2.80
1.40
1.30
1.50
1.5
1.5
2.55
2.70
1.47
1.43
 	 0:1(0:0)  
653	17/01
17:00	 Queens Park Rangers
Manchester United	
+0.75
-0.75
2.03
1.75
 
 	
2.5
1.80
1.95
5.50
4.00
1.60
2.25
1.22
1.13
1.0
1.5
2.40
1.72
1.53
2.04
 	 0:2(0:0)  
654	17/01
17:00	 Swansea City
Chelsea	
+1.0
–1.0
1.80
1.95
  	
2.5
2.00
1.80
6.25
4.00
1.55
2.35
1.22
1.10
1.0
1.5
3.10
1.75
1.34
2.03
 	 0:5(0:4)  
655	17/01
17:00	 Tottenham Hotspur
Sunderland	
–1.0
+1.0
1.80
1.97
  	
2.75
1.87
 	
1.87
 	
1.50
4.40
6.25
1.10
1.19
2.55
1.5
1.0
1.60
2.50
2.25
1.50
 	 2:1(1:1)  
656	17/01
19:30	 Newcastle United
Southampton	
+0.25
-0.25
1.92
1.87
 
 	
2.5
1.92
1.87
3.15
3.40
2.26
1.62
1.30
1.35
1.5
1.5
2.70
2.22
1.43
1.62
 	 1:2(1:1)  
657	18/01
15:30	 West Ham United
Hull City	
-0.75
+0.75
1.90
1.90
 
 	
2.5
1.95
1.85
1.70
3.75
5.00
1.17
1.27
2.15
1.5
1.0
1.80
2.40
1.95
1.53
 	 3:0(0:0)  
658	18/01
18:00	 Manchester City
Arsenal London	
-0.75
+0.75
2.03
1.78
 
 	
2.75
1.98
 	
1.83
 	
1.75
3.75
4.65
1.21
1.28
2.02
1.5
1.0
1.77
2.07
1.98
1.70
 	 0:2(0:1)  
659	19/01
22:00	 Everton
West Bromwich Albion	
-0.75
+0.75
1.90
1.87
 
 	
2.5
1.90
1.85
1.70
3.75
5.00
1.15
1.25
2.07
1.5
1.0
1.80
2.40
1.95
1.53
 	 0:0(0:0)  
786	31/01
14:45	 Hull City
Newcastle United	
0
0
1.85
1.90
  	
2.0
1.75
2.00
2.60
3.30
2.70
1.42
1.30
1.45
1.0
1.0
1.80
1.85
1.95
1.90
 	 0:3(0:1)  
787	31/01
17:00	 Crystal Palace
Everton	
0
0
1.83
1.98
  	
2.25
1.85
 	
1.95
 	
2.50
3.35
2.80
1.44
1.32
1.53
1.5
1.5
2.55
2.70
1.47
1.43
 	 0:1(0:1)  
788	31/01
17:00	 Liverpool
West Ham United	
-0.75
+0.75
1.80
2.00
 
 	
2.75
1.90
 	
1.90
 	
1.62
3.95
5.40
1.15
1.24
2.27
1.5
1.0
1.66
2.20
2.15
1.65
 	 2:0(0:0)  
789	31/01
17:00	 Manchester United
Leicester City	
-1.25
+1.25
1.80
2.00
 
 	
2.75
1.82
 	
1.98
 	
1.35
5.00
9.00
1.05
1.17
3.20
2.5
1.5
2.35
4.95
1.55
1.15
 	 3:1(3:0)  
790	31/01
17:00	 Stoke City
Queens Park Rangers	
-0.75
+0.75
1.87
1.93
 
 	
2.25
1.85
 	
1.90
 	
1.67
3.80
5.10
1.15
1.23
2.13
1.5
1.0
1.90
2.90
1.85
1.38
 	 3:1(2:1)  
791	31/01
17:00	 Sunderland
Burnley	
-0.25
+0.25
1.80
1.95
 
 	
2.25
1.95
 	
1.80
 	
2.10
3.40
3.50
1.27
1.29
1.70
1.5
1.0
2.30
2.20
1.57
1.62
 	 2:0(2:0)  
792	31/01
17:00	 West Bromwich Albion
Tottenham Hotspur	
0
0
1.80
2.00
  	
2.25
1.85
 	
1.95
 	
2.50
3.40
2.80
1.40
1.30
1.50
1.5
1.5
2.55
2.70
1.47
1.43
 	 0:3(0:2)  
793	31/01
19:30	 Chelsea
Manchester City	
-0.25
+0.25
1.78
2.05
 
 	
2.5
2.00
1.80
2.10
3.45
3.50
1.30
1.31
1.72
1.5
1.0
2.15
1.97
1.65
1.77
 	 1:1(1:1)  
794	01/02
15:30	 Arsenal London
Aston Villa	
-1.75
+1.75
2.00
1.80
 
 	
2.75
1.80
 	
2.00
 	
1.25
6.00
12.00
1.03
1.13
4.00
2.5
1.0
2.15
3.80
1.65
1.25
 	 5:0(1:0)  
795	01/02
18:00	 Southampton
Swansea City	
–1.0
+1.0
1.95
1.80
  	
2.25
1.80
 	
1.95
 	
1.57
3.75
6.00
1.11
1.24
2.30
1.5
1.0
1.80
3.50
1.95
1.28
 	 0:1(0:0)  
796	07/02
14:45	 Tottenham Hotspur
Arsenal London	
+0.25
-0.25
2.00
1.75
 
 	
2.75
1.90
 	
1.85
 	
3.40
3.50
2.05
1.72
1.28
1.28
1.0
1.5
1.75
1.90
2.00
1.85
 	 2:1(0:1)  
797	07/02
17:00	 Aston Villa
Chelsea	
+1.5
–1.5
1.85
1.90
  	
2.5
1.95
1.80
13.00
5.50
1.25
3.56
1.11
 	
1.0
2.0
6.00
1.95
1.10
1.80
 	 1:2(0:1)  
798	07/02
17:00	 Leicester City
Crystal Palace	
-0.25
+0.25
2.00
1.75
 
 	
2.25
1.80
 	
1.95
 	
2.40
3.25
2.90
1.38
1.31
1.53
1.0
1.0
1.60
1.85
2.25
1.90
 	 0:1(0:0)  
799	07/02
17:00	 Manchester City
Hull City	
–2.0
+2.0
1.90
1.85
  	
3.0
1.95
1.80
1.18
6.80
13.00
1.01
1.08
4.46
2.5
1.0
2.00
5.00
1.75
1.15
 	 1:1(0:1)  
800	07/02
17:00	 Queens Park Rangers
Southampton	
+0.75
-0.75
1.80
1.95
 
 	
2.25
1.80
 	
1.95
 	
4.50
3.60
1.75
2.00
1.26
1.18
1.0
1.5
2.65
1.95
1.45
1.80
 	 0:1(0:0)  
801	07/02
17:00	 Swansea City
Sunderland	
-0.75
+0.75
1.95
1.80
 
 	
2.25
1.90
 	
1.85
 	
1.75
3.60
4.50
1.18
1.26
2.00
1.5
1.0
2.00
2.85
1.75
1.38
 	 1:1(0:1)  
802	07/02
19:30	 Everton
Liverpool	
+0.25
-0.25
1.80
1.95
 
 	
2.75
1.95
 	
1.80
 	
2.80
3.35
2.40
1.53
1.29
1.40
1.0
1.5
1.62
2.15
2.20
1.65
 	 0:0(0:0)  
803	08/02
14:00	 Burnley
West Bromwich Albion	
0
0
1.80
1.95
  	
2.25
1.95
 	
1.80
 	
2.60
3.20
2.70
1.43
1.32
1.46
1.0
1.0
1.80
1.90
1.95
1.85
 	 2:2(2:1)  
804	08/02
16:05	 Newcastle United
Stoke City	
-0.25
+0.25
1.90
1.85
 
 	
2.25
1.90
 	
1.85
 	
2.25
3.20
3.20
1.32
1.32
1.60
1.0
1.0
1.60
2.00
2.25
1.75
 	 1:1(0:0)  
805	08/02
18:15	 West Ham United
Manchester United	
+0.25
-0.25
2.05
1.70
 
 	
2.5
1.90
1.85
3.60
3.40
2.05
1.75
1.30
1.28
1.0
1.5
1.95
1.90
1.80
1.80
 	 1:1(0:0) 
632	10/02
21:45	 Arsenal London
Leicester City	
-1.75
+1.75
1.95
1.85
 
 	
3.0
1.90
1.90
1.25
6.20
11.00
1.04
1.12
4.00
2.5
1.0
2.10
3.65
1.75
1.28
 	 2:1(2:0)  
633	10/02
21:45	 Hull City
Aston Villa	
-0.25
+0.25
1.80
2.00
 
 	
2.0
1.95
1.85
2.20
3.10
3.65
1.29
1.37
1.68
1.0
1.0
1.70
2.65
2.10
1.45
 	 2:0(1:0)  
634	10/02
21:45	 Sunderland
Queens Park Rangers	
-0.75
+0.75
2.12
1.72
 
 	
2.25
1.80
 	
2.00
 	
1.90
3.60
4.00
1.24
1.29
1.90
1.5
1.0
2.05
2.40
1.75
1.53
 	 0:2(0:2)  
635	10/02
22:00	 Liverpool
Tottenham Hotspur	
-0.75
+0.75
2.10
1.75
 
 	
2.75
1.92
 	
1.88
 	
1.90
3.60
4.00
1.24
1.29
1.90
1.5
1.0
1.85
1.90
1.95
1.90
 	 3:2(1:1)  
636	11/02
21:45	 Chelsea
Everton	
–1.5
+1.5
1.90
1.90
  	
2.75
2.00
 	
1.80
 	
1.30
5.50
9.00
1.05
1.14
3.41
1.5
1.5
1.45
6.00
2.65
1.12
 	 1:0(0:0)  
637	11/02
21:45	 Manchester United
Burnley	
–1.5
+1.5
1.85
1.95
  	
2.75
1.80
 	
2.00
 	
1.25
6.00
11.00
1.03
1.12
3.88
2.5
1.0
2.15
3.80
1.65
1.25
 	 3:1(2:1)  
638	11/02
21:45	 Southampton
West Ham United	
-0.75
+0.75
1.90
1.90
 
 	
2.5
1.95
1.85
1.72
3.80
4.70
1.18
1.26
2.10
1.5
1.0
1.87
2.60
1.93
1.50
 	 0:0(0:0)  
639	11/02
21:45	 Stoke City
Manchester City	
+0.75
-0.75
1.87
1.87
 
 	
2.5
1.87
1.87
5.10
3.80
1.65
2.15
1.23
1.13
1.0
1.5
2.40
1.77
1.52
1.95
 	 1:4(1:1)  
640	11/02
22:00	 Crystal Palace
Newcastle United	
-0.25
+0.25
1.95
1.85
 
 	
2.25
1.95
 	
1.85
 	
2.25
3.20
3.30
1.32
1.34
1.62
1.5
1.0
2.30
2.00
1.57
1.75
 	 1:1(0:1)  
641	11/02
22:00	 West Bromwich Albion
Swansea City	
-0.25
+0.25
2.00
1.80
 
 	
2.25
1.95
 	
1.85
 	
2.45
3.10
3.10
1.37
1.37
1.55
1.0
1.0
1.70
2.05
2.10
1.70
 	 2:0(0:0)  
642	21/02
17:00	 Aston Villa
Stoke City	
0
0
1.85
1.90
  	
2.25
2.00
 	
1.80
 	
2.55
3.20
2.75
1.43
1.32
1.46
1.0
1.0
1.80
1.87
1.95
1.87
 	 1:2(1:1)  
643	21/02
17:00	 Chelsea
Burnley	
-1.75
+1.75
1.75
2.00
 
 	
3.0
1.80
1.95
1.18
6.50
14.00
 	
1.09
4.40
2.5
1.0
1.87
4.30
1.87
1.20
 	 1:1(1:0)  
644	21/02
17:00	 Crystal Palace
Arsenal London	
+0.75
-0.75
1.75
2.05
 
 	
2.5
1.80
1.95
4.00
3.80
1.80
1.95
1.24
1.22
1.0
1.5
2.05
1.85
1.70
1.90
 	 1:2(0:2)  
645	21/02
17:00	 Hull City
Queens Park Rangers	
-0.25
+0.25
1.70
2.05
 
 	
2.25
1.95
 	
1.80
 	
2.00
3.30
3.75
1.25
1.30
1.76
1.5
1.0
2.25
2.40
1.60
1.53
 	 2:1(1:1)  
646	21/02
17:00	 Sunderland
West Bromwich Albion	
-0.25
+0.25
1.90
1.85
 
 	
2.0
1.80
2.00
2.15
3.25
3.40
1.30
1.32
1.66
1.0
1.0
1.70
2.25
2.05
1.60
 	 0:0(0:0)  
647	21/02
17:00	 Swansea City
Manchester United	
+0.75
-0.75
1.70
2.10
 
 	
2.5
1.80
1.95
3.80
3.60
1.88
1.85
1.26
1.24
1.0
1.5
2.00
1.87
1.75
1.87
 	 2:1(1:1)  
648	21/02
19:30	 Manchester City
Newcastle United	
-1.75
+1.75
1.95
1.80
 
 	
3.0
1.90
1.85
1.25
5.75
11.00
1.03
1.12
3.75
2.5
1.0
2.05
3.60
1.70
1.25
 	 5:0(3:0)  
649	22/02
14:00	 Tottenham Hotspur
West Ham United	
-0.75
+0.75
1.90
1.85
 
 	
2.75
1.90
 	
1.85
 	
1.70
3.75
4.70
1.17
1.25
2.10
1.5
1.0
1.75
2.05
2.00
1.70
 	 2:2(0:1)  
650	22/02
16:05	 Everton
Leicester City	
-0.75
+0.75
1.75
2.00
 
 	
2.5
1.90
1.85
1.60
3.75
5.50
1.12
1.24
2.25
1.5
1.0
1.75
2.75
2.00
1.40
 	 2:2(0:0)  
651	22/02
18:15	 Southampton
Liverpool	
0
0
1.90
1.90
  	
2.5
1.95
1.80
2.60
3.30
2.60
1.45
1.30
1.45
1.0
1.0
1.62
1.62
2.20
2.20
 	 0:2(0:1) 
789	28/02
14:45	 West Ham United
Crystal Palace	
-0.25
+0.25
1.78
2.05
 
 	
2.25
1.80
 	
2.00
 	
2.07
3.50
3.50
1.30
1.30
1.75
1.5
1.0
2.15
1.97
1.65
1.77
 	 1:3(0:1)  
790	28/02
17:00	 Burnley
Swansea City	
-0.25
+0.25
2.00
1.75
 
 	
2.25
1.87
 	
1.87
 	
2.35
3.40
2.95
1.37
1.29
1.55
1.5
1.5
2.45
2.90
1.50
1.37
 	 0:1(0:0)  
791	28/02
17:00	 Manchester United
Sunderland	
-1.25
+1.25
1.80
2.00
 
 	
2.5
1.80
2.00
1.34
5.00
9.50
1.04
1.17
3.20
2.5
1.0
2.55
3.80
1.50
1.25
 	 2:0(0:0)  
792	28/02
17:00	 Newcastle United
Aston Villa	
-0.75
+0.75
2.30
1.57
 
 	
2.25
1.95
 	
1.80
 	
1.95
3.40
3.85
1.23
1.29
1.80
1.5
1.0
2.25
2.40
1.60
1.53
 	 1:0(1:0)  
793	28/02
17:00	 Stoke City
Hull City	
-0.25
+0.25
1.78
2.00
 
 	
2.0
1.80
2.00
2.07
3.30
3.65
1.28
1.32
1.74
1.5
1.0
2.45
2.40
1.50
1.53
 	 1:0(0:0)  
794	28/02
17:00	 West Bromwich Albion
Southampton	
+0.25
-0.25
1.80
1.95
 
 	
2.0
1.75
2.00
3.10
3.30
2.30
1.57
1.30
1.34
1.5
1.5
3.30
2.60
1.30
1.45
 	 1:0(1:0)  
795	01/03
14:00	 Liverpool
Manchester City	
+0.25
-0.25
1.85
1.95
 
 	
2.5
1.80
1.95
3.00
3.45
2.30
1.57
1.29
1.35
1.5
1.5
2.45
2.15
1.52
1.65
 	 2:1(1:1)  
796	01/03
16:05	 Arsenal London
Everton	
–1.0
+1.0
1.90
1.90
  	
2.75
1.90
 	
1.90
 	
1.52
4.30
6.20
1.10
1.20
2.42
1.5
1.0
1.60
2.50
2.25
1.50
 	 2:0(1:0)  
797	03/03
21:45	 Aston Villa
West Bromwich Albion	
0
0
1.80
1.95
  	
2.0
1.85
1.90
2.60
3.10
2.85
1.40
1.37
1.47
1.0
1.0
1.87
2.00
1.87
1.75
 	 2:1(1:0)  
798	03/03
21:45	 Hull City
Sunderland	
-0.25
+0.25
1.80
1.95
 
 	
2.25
1.95
 	
1.80
 	
2.10
3.40
3.50
1.27
1.29
1.70
1.5
1.0
2.30
2.20
1.57
1.62
 	 1:1(1:0)  
799	03/03
21:45	 Southampton
Crystal Palace	
-0.75
+0.75
1.85
1.95
 
 	
2.25
1.85
 	
1.95
 	
1.65
3.70
5.70
1.14
1.28
2.25
1.5
1.0
1.85
2.80
1.90
1.40
 	 1:0(0:0)  
800	04/03
21:45	 Manchester City
Leicester City	
-1.75
+1.75
1.95
1.80
 
 	
3.0
1.90
1.85
1.25
5.60
11.50
1.03
1.13
3.75
2.5
1.0
2.12
3.50
1.66
1.27
 	 2:0(1:0)  
801	04/03
21:45	 Newcastle United
Manchester United	
+0.25
-0.25
2.20
1.67
 
 	
2.25
1.80
 	
2.00
 	
4.25
3.50
1.90
1.90
1.32
1.20
1.0
1.5
2.00
1.95
1.75
1.80
 	 0:1(0:0)  
802	04/03
21:45	 Queens Park Rangers
Arsenal London	
+1.0
–1.0
1.97
1.80
  	
2.75
1.87
 	
1.87
 	
6.25
4.40
1.50
2.55
1.19
1.10
1.0
1.5
2.50
1.60
1.50
2.25
 	 1:2(0:0)  
803	04/03
21:45	 Stoke City
Everton	
-0.25
+0.25
2.00
1.75
 
 	
2.25
1.87
 	
1.87
 	
2.35
3.40
2.95
1.37
1.29
1.55
1.5
1.5
2.45
2.90
1.50
1.37
 	 2:0(1:0)  
804	04/03
21:45	 Tottenham Hotspur
Swansea City	
-0.75
+0.75
2.03
1.78
 
 	
2.75
1.98
 	
1.83
 	
1.75
3.75
4.65
1.21
1.28
2.02
1.5
1.0
1.77
2.07
1.98
1.70
 	 3:2(1:1)  
805	04/03
21:45	 West Ham United
Chelsea	
+1.0
–1.0
1.75
2.02
  	
2.5
1.80
1.95
5.50
4.00
1.60
2.25
1.22
1.13
1.0
1.5
2.40
1.72
1.53
2.04
 	 0:1(0:1)  
806	04/03
22:00	 Liverpool
Burnley	
–1.5
+1.5
1.95
1.85
  	
3.0
2.00
1.80
1.30
5.50
9.55
1.06
1.15
3.55
2.0
1.0
1.70
3.00
2.08
1.35
 	 2:0(1:0)  
641	14/03
14:45	 Crystal Palace
Queens Park Rangers	
-0.75
+0.75
2.00
1.80
 
 	
2.5
1.95
1.85
1.77
3.55
4.80
1.18
1.30
2.05
1.5
1.0
1.80
2.15
1.95
1.65
 	 3:1(3:0)  
642	14/03
17:00	 Arsenal London
West Ham United	
–1.5
+1.5
1.92
1.88
  	
3.25
2.00
 	
1.80
 	
1.34
5.20
8.50
1.06
1.16
3.35
2.5
1.0
2.10
2.50
1.70
1.50
 	 3:0(1:0)  
643	14/03
17:00	 Leicester City
Hull City	
-0.25
+0.25
1.80
1.95
 
 	
2.25
1.95
 	
1.80
 	
2.10
3.40
3.50
1.27
1.29
1.70
1.5
1.0
2.30
2.20
1.57
1.62
 	 0:0(0:0)  
644	14/03
17:00	 Sunderland
Aston Villa	
-0.25
+0.25
1.95
1.80
 
 	
2.25
2.04
 	
1.72
 	
2.30
3.30
3.10
1.34
1.30
1.57
1.5
1.5
2.60
3.30
1.45
1.30
 	 0:4(0:4)  
645	14/03
17:00	 West Bromwich Albion
Stoke City	
-0.25
+0.25
1.95
1.80
 
 	
2.25
2.04
 	
1.72
 	
2.30
3.30
3.10
1.34
1.30
1.57
1.5
1.5
2.60
3.30
1.45
1.30
 	 1:0(1:0)  
646	14/03
19:30	 Burnley
Manchester City	
+1.25
-1.25
1.90
1.90
 
 	
2.75
1.80
 	
2.00
 	
8.30
5.10
1.36
3.15
1.17
1.07
1.0
1.5
2.80
1.50
1.40
2.50
 	 1:0(0:0)  
647	15/03
15:30	 Chelsea
Southampton	
–1.0
+1.0
1.95
1.85
  	
2.5
2.00
1.80
1.55
4.00
6.25
1.10
1.22
2.35
1.5
1.0
1.75
3.10
2.03
1.34
 	 1:1(1:1)  
648	15/03
18:00	 Manchester United
Tottenham Hotspur	
-0.25
+0.25
1.60
2.25
 
 	
2.75
1.90
 	
1.90
 	
1.85
3.60
4.20
1.20
1.26
1.90
1.5
1.5
1.80
2.80
1.95
1.40
 	 3:0(3:0)  
649	15/03
18:00	 Everton
Newcastle United	
-0.75
+0.75
2.05
1.72
 
 	
2.25
1.85
 	
1.90
 	
1.77
3.65
4.60
1.18
1.26
2.03
1.5
1.5
2.00
4.00
1.77
1.22
 	 3:0(1:0)  
650	16/03
22:00	 Swansea City
Liverpool	
+0.75
-0.75
1.60
2.30
 
 	
2.25
1.80
 	
2.00
 	
3.90
3.52
1.95
1.85
1.28
1.23
1.0
1.5
2.20
2.12
1.62
1.66
 	 0:1(0:0)  
651	21/03
14:45	 Manchester City
West Bromwich Albion	
-1.75
+1.75
1.95
1.80
 
 	
3.0
1.90
1.85
1.25
5.75
11.50
1.03
1.13
3.85
2.5
1.0
2.12
3.50
1.66
1.27
 	 3:0(2:0)  
652	21/03
17:00	 Aston Villa
Swansea City	
-0.25
+0.25
1.95
1.80
 
 	
2.25
2.04
 	
1.72
 	
2.35
3.25
3.10
1.34
1.32
1.55
1.5
1.5
2.60
3.30
1.45
1.30
 	 0:1(0:0)  
653	21/03
17:00	 Newcastle United
Arsenal London	
+0.75
-0.75
1.78
2.03
 
 	
2.75
1.98
 	
1.83
 	
4.65
3.75
1.75
2.02
1.28
1.21
1.0
1.5
2.07
1.77
1.70
1.98
 	 1:2(0:2)  
654	21/03
17:00	 Southampton
Burnley	
-1.25
+1.25
2.03
1.78
 
 	
2.5
1.81
2.00
1.42
4.50
7.70
1.08
1.20
2.85
1.5
1.0
1.57
3.10
2.30
1.34
 	 2:0(1:0)  
655	21/03
17:00	 Stoke City
Crystal Palace	
-0.25
+0.25
1.80
1.95
 
 	
2.25
1.95
 	
1.80
 	
2.10
3.40
3.50
1.27
1.29
1.70
1.5
1.0
2.30
2.20
1.57
1.62
 	 1:2(1:2)  
656	21/03
17:00	 Tottenham Hotspur
Leicester City	
–1.0
+1.0
1.90
1.90
  	
2.75
1.90
 	
1.90
 	
1.52
4.30
6.20
1.10
1.20
2.42
1.5
1.0
1.60
2.50
2.25
1.50
 	 4:3(2:1)  
657	21/03
19:30	 West Ham United
Sunderland	
-0.75
+0.75
2.30
1.60
 
 	
2.25
1.80
 	
2.00
 	
1.95
3.52
3.90
1.23
1.28
1.85
1.5
1.0
2.12
2.20
1.66
1.62
 	 1:0(0:0)  
658	22/03
15:30	 Liverpool
Manchester United	
-0.25
+0.25
1.85
1.90
 
 	
2.5
1.90
1.85
2.25
3.40
3.10
1.34
1.29
1.62
1.5
1.5
2.20
2.70
1.65
1.43
 	 1:2(0:1)  
659	22/03
18:00	 Hull City
Chelsea	
+1.25
-1.25
1.92
1.88
 
 	
2.5
1.97
1.84
8.00
4.65
1.40
2.90
1.20
1.08
1.0
1.5
4.20
1.62
1.22
2.22
 	 2:3(2:2)  
660	22/03
18:00	 Queens Park Rangers
Everton	
0
0
2.03
1.77
  	
2.25
1.77
 	
2.02
 	
2.85
3.40
2.45
1.52
1.30
1.39
1.5
1.5
2.66
2.50
1.44
1.50
 	 1:2(0:1)
657	04/04
14:45	 Arsenal London
Liverpool	
-0.75
+0.75
2.10
1.73
 
 	
2.5
1.87
1.93
1.83
3.55
4.50
1.20
1.30
1.98
1.5
1.0
1.80
2.10
1.95
1.68
 	 4:1(3:0)  
658	04/04
17:00	 Everton
Southampton	
0
0
1.87
1.92
  	
2.25
1.93
 	
1.87
 	
2.60
3.25
2.70
1.43
1.35
1.47
1.0
1.0
1.72
1.85
2.10
1.95
 	 1:0(1:0)  
659	04/04
17:00	 Leicester City
West Ham United	
-0.25
+0.25
1.78
2.04
 
 	
2.5
1.85
1.95
2.08
3.55
3.40
1.29
1.27
1.70
1.5
1.0
2.05
1.77
1.75
1.97
 	 2:1(1:1)  
660	04/04
17:00	 Manchester United
Aston Villa	
-1.25
+1.25
1.80
2.00
 
 	
2.5
1.78
2.02
1.34
5.00
9.50
1.04
1.17
3.20
2.5
1.0
2.55
3.80
1.50
1.25
 	 3:1(1:0)  
661	04/04
17:00	 Swansea City
Hull City	
-0.25
+0.25
1.65
2.20
 
 	
2.0
1.78
2.00
1.95
3.40
4.05
1.23
1.30
1.82
1.5
1.5
2.30
4.25
1.57
1.20
 	 3:1(2:0)  
662	04/04
17:00	 West Bromwich Albion
Queens Park Rangers	
-0.75
+0.75
2.00
1.80
 
 	
2.25
1.85
 	
1.95
 	
1.75
3.55
4.90
1.17
1.30
2.05
1.5
1.0
1.95
2.60
1.80
1.47
 	 1:4(0:3)  
663	04/04
19:30	 Chelsea
Stoke City	
–1.5
+1.5
1.95
1.85
  	
2.5
1.90
1.90
1.29
5.25
11.50
1.03
1.15
3.55
2.0
1.0
1.90
5.50
1.85
1.13
 	 2:1(1:1)  
664	05/04
15:30	 Burnley
Tottenham Hotspur	
+0.25
-0.25
1.95
1.85
 
 	
2.75
1.89
 	
1.90
 	
3.30
3.50
2.15
1.70
1.30
1.33
1.0
1.5
1.62
1.95
2.20
1.80
 	 0:0(0:0)  
665	05/04
18:00	 Sunderland
Newcastle United	
0
0
1.77
2.05
  	
2.25
1.93
 	
1.87
 	
2.50
3.25
2.90
1.41
1.35
1.53
1.0
1.0
1.67
1.85
2.15
1.95
 	 1:0(1:0)  
666	06/04
22:00	 Crystal Palace
Manchester City	
+1.0
–1.0
1.75
2.02
  	
2.5
1.80
1.95
5.50
4.00
1.60
2.25
1.22
1.13
1.0
1.5
2.40
1.72
1.53
2.04
 	 2:1(1:0)  
667	07/04
21:45	 Aston Villa
Queens Park Rangers	
-0.75
+0.75
2.30
1.60
 
 	
2.25
1.80
 	
2.00
 	
1.95
3.52
3.90
1.23
1.28
1.85
1.5
1.0
2.12
2.20
1.66
1.62
 	 3:3(2:1)  
668	11/04
14:45	 Swansea City
Everton	
0
0
1.80
2.00
  	
2.25
1.77
 	
2.02
 	
2.45
3.40
2.85
1.39
1.30
1.52
1.5
1.5
2.50
2.66
1.50
1.44
 	 1:1(0:1)  
669	11/04
17:00	 Southampton
Hull City	
-0.75
+0.75
1.80
1.95
 
 	
2.25
1.95
 	
1.85
 	
1.60
3.70
6.00
1.13
1.28
2.30
1.5
1.0
2.00
3.30
1.75
1.30
 	 2:0(0:0)  
 	11/04
17:00	 Sunderland
Crystal Palace	
0
0
1.85
1.90
  	
2.0
1.75
2.00
2.60
3.30
2.70
1.42
1.30
1.45
1.0
1.0
1.85
1.90
1.90
1.85
 	 1:4(0:0)  
671	11/04
17:00	 Tottenham Hotspur
Aston Villa	
–1.0
+1.0
1.90
1.87
  	
2.5
1.87
1.90
1.56
4.20
5.75
1.13
1.20
2.40
1.5
1.0
1.75
2.80
2.05
1.40
 	 0:1(0:1)  
672	11/04
17:00	 West Bromwich Albion
Leicester City	
-0.75
+0.75
2.30
1.60
 
 	
2.25
1.80
 	
2.00
 	
1.95
3.52
3.90
1.23
1.28
1.85
1.5
1.0
2.12
2.20
1.66
1.62
 	 2:3(2:1)  
 	11/04
17:00	 West Ham United
Stoke City	
-0.25
+0.25
1.78
2.02
 
 	
2.5
2.00
1.80
2.08
3.50
3.45
1.28
1.27
1.70
1.5
1.0
2.15
1.97
1.65
1.77
 	 1:1(1:0)  
674	11/04
19:30	 Burnley
Arsenal London	
+1.0
–1.0
1.97
1.80
  	
2.75
1.87
 	
1.87
 	
6.25
4.40
1.50
2.55
1.19
1.10
1.0
1.5
2.50
1.60
1.50
2.25
 	 0:1(0:1)  
675	12/04
15:30	 Queens Park Rangers
Chelsea	
+1.25
-1.25
2.00
1.80
 
 	
2.75
1.82
 	
1.98
 	
9.00
5.00
1.35
3.20
1.17
1.05
1.5
2.5
4.95
2.35
1.15
1.55
 	 0:1(0:0)  
676	12/04
18:00	 Manchester United
Manchester City	
-0.25
+0.25
2.00
1.80
 
 	
2.5
1.85
1.95
2.35
3.45
2.95
1.36
1.28
1.55
1.5
1.5
2.15
2.42
1.65
1.52
 	 4:2(2:1)  
677	13/04
22:00	 Liverpool
Newcastle United	
-1.25
+1.25
1.85
1.95
 
 	
2.75
1.90
 	
1.90
 	
1.38
4.70
8.50
1.05
1.17
2.95
1.5
1.0
1.47
3.10
2.55
1.34
 	 2:0(1:0)  
560	07/04
21:45	 Aston Villa
Queens Park Rangers	
-0.25
+0.25
1.73
2.10
 
 	
2.25
1.80
 	
2.00
 	
2.07
3.30
3.75
1.27
1.33
1.75
1.5
1.0
2.25
2.10
1.62
1.70
 	 3:3(2:1)  
561	11/04
14:45	 Swansea City
Everton	
0
0
1.80
1.98
  	
2.25
1.93
 	
1.85
 	
2.50
3.20
2.90
1.40
1.34
1.52
1.0
1.0
1.70
1.85
2.10
1.90
 	 1:1(0:1)  
562	11/04
17:00	 Southampton
Hull City	
–1.0
+1.0
1.85
1.95
  	
2.25
1.95
 	
1.85
 	
1.47
4.05
7.90
1.07
1.24
2.60
1.5
1.0
1.80
3.75
1.95
1.25
 	 2:0(0:0)  
563	11/04
17:00	 Sunderland
Crystal Palace	
0
0
1.90
1.85
  	
2.0
1.75
2.00
2.70
3.30
2.60
1.45
1.30
1.42
1.0
1.0
1.90
1.85
1.85
1.90
 	 1:4(0:0)  
564	11/04
17:00	 Tottenham Hotspur
Aston Villa	
–1.0
+1.0
1.90
1.90
  	
2.75
1.90
 	
1.90
 	
1.52
4.20
6.10
1.10
1.20
2.42
1.5
1.0
1.60
2.50
2.25
1.50
 	 0:1(0:1)  
565	11/04
17:00	 West Bromwich Albion
Leicester City	
-0.25
+0.25
1.80
1.95
 
 	
2.25
1.85
 	
1.90
 	
2.10
3.40
3.50
1.27
1.29
1.70
1.5
1.0
2.25
2.05
1.60
1.72
 	 2:3(2:1)  
566	11/04
17:00	 West Ham United
Stoke City	
-0.25
+0.25
2.00
1.80
 
 	
2.25
1.84
 	
1.95
 	
2.30
3.30
3.10
1.37
1.35
1.60
1.0
1.0
1.60
1.87
2.25
1.87
 	 1:1(1:0)  
567	11/04
19:30	 Burnley
Arsenal London	
+1.0
–1.0
1.97
1.80
  	
2.75
1.87
 	
1.87
 	
6.25
4.40
1.50
2.55
1.19
1.10
1.0
1.5
2.50
1.60
1.50
2.25
 	 0:1(0:1)  
568	12/04
15:30	 Queens Park Rangers
Chelsea	
+1.5
–1.5
1.80
2.00
  	
2.75
2.00
 	
1.80
 	
9.50
5.00
1.33
3.28
1.17
1.05
1.5
1.5
6.00
1.50
1.12
2.50
 	 0:1(0:0)  
569	12/04
18:00	 Manchester United
Manchester City	
0
0
1.82
2.00
  	
2.5
1.88
1.92
2.47
3.40
2.80
1.44
1.32
1.54
1.0
1.0
1.53
1.60
2.40
2.25
 	 4:2(2:1)  
570	13/04
22:00	 Liverpool
Newcastle United	
-1.25
+1.25
1.85
1.95
 
 	
2.75
1.90
 	
1.90
 	
1.38
4.70
8.50
1.05
1.17
2.95
1.5
1.0
1.47
3.10
2.55
1.34
 	 2:0(1:0)  
623	18/04
17:00	 Crystal Palace
West Bromwich Albion	
-0.75
+0.75
2.35
1.55
 
 	
2.25
1.95
 	
1.85
 	
1.95
3.40
4.00
1.23
1.30
1.85
1.5
1.0
2.25
2.42
1.62
1.52
 	 0:2(0:1)  
624	18/04
17:00	 Everton
Burnley	
-0.75
+0.75
2.00
1.80
 
 	
2.5
1.95
1.85
1.77
3.55
4.80
1.18
1.30
2.05
1.5
1.0
1.80
2.15
1.95
1.65
 	 1:0(1:0)  
625	18/04
17:00	 Leicester City
Swansea City	
-0.25
+0.25
1.65
2.15
 
 	
2.5
1.90
1.90
2.00
3.50
3.75
1.26
1.29
1.80
1.5
1.0
1.97
1.95
1.77
1.80
 	 2:0(1:0)  
626	18/04
17:00	 Stoke City
Southampton	
+0.25
-0.25
1.85
1.95
 
 	
2.25
2.05
 	
1.75
 	
3.15
3.30
2.30
1.60
1.33
1.35
1.5
1.5
3.30
2.60
1.32
1.47
 	 2:1(0:1)  
627	18/04
19:30	 Chelsea
Manchester United	
-0.75
+0.75
2.22
1.65
 
 	
2.25
1.80
 	
2.00
 	
1.92
3.50
4.00
1.23
1.29
1.88
1.5
1.0
2.12
2.20
1.66
1.62
 	 1:0(1:0)  
628	19/04
15:30	 Manchester City
West Ham United	
-1.75
+1.75
1.87
1.93
 
 	
3.25
1.88
 	
1.92
 	
1.25
6.25
11.00
1.03
1.12
3.95
1.5
1.5
1.28
4.50
3.50
1.18
 	 2:0(2:0)  
629	19/04
18:00	 Newcastle United
Tottenham Hotspur	
+0.25
-0.25
1.85
1.95
 
 	
2.5
1.80
2.00
3.05
3.45
2.30
1.60
1.29
1.36
1.5
1.5
2.45
2.15
1.52
1.65
 	 1:3(0:1)  
310	20/05
21:45	 Arsenal London
Sunderland	
-1.75
+1.75
1.97
1.83
 
 	
3.0
1.97
1.83
1.27
5.75
11.00
1.04
1.14
3.80
2.5
1.0
2.15
3.60
1.65
1.27
 	 0:0(0:0)  
537	25/04
14:45	 Southampton
Tottenham Hotspur	
-0.25
+0.25
1.72
2.10
 
 	
2.5
2.00
1.80
2.00
3.55
3.65
1.27
1.30
1.80
1.5
1.0
2.15
1.97
1.65
1.77
 	 2:2(1:1)  
538	25/04
17:00	 Burnley
Leicester City	
0
0
2.00
1.80
  	
2.25
1.80
 	
2.00
 	
2.80
3.35
2.50
1.50
1.32
1.42
1.5
1.5
2.70
2.52
1.44
1.50
 	 0:1(0:0)  
539	25/04
17:00	 Crystal Palace
Hull City	
-0.75
+0.75
2.40
1.55
 
 	
2.25
1.95
 	
1.85
 	
1.97
3.35
4.05
1.23
1.32
1.83
1.5
1.0
2.25
2.42
1.62
1.52
 	 0:2(0:0)  
540	25/04
17:00	 Newcastle United
Swansea City	
-0.25
+0.25
1.95
1.85
 
 	
2.25
1.90
 	
1.90
 	
2.30
3.40
3.10
1.38
1.30
1.60
1.5
1.5
2.45
2.95
1.53
1.39
 	 2:3(1:1)  
541	25/04
17:00	 Queens Park Rangers
West Ham United	
-0.25
+0.25
1.77
2.03
 
 	
2.5
1.85
1.95
2.10
3.50
3.45
1.30
1.29
1.72
1.5
1.0
2.05
1.77
1.75
1.97
 	 0:0(0:0)  
542	25/04
17:00	 Stoke City
Sunderland	
-0.75
+0.75
1.97
1.77
 
 	
2.25
2.00
 	
1.75
 	
1.77
3.55
4.80
1.16
1.26
2.04
1.5
1.5
2.12
4.35
1.67
1.19
 	 1:1(1:1)  
543	25/04
17:00	 West Bromwich Albion
Liverpool	
+0.75
-0.75
1.75
2.10
 
 	
2.5
1.95
1.85
4.40
3.50
1.85
2.00
1.30
1.22
1.0
1.5
2.20
1.95
1.67
1.85
 	 0:0(0:0)  
544	25/04
19:30	 Manchester City
Aston Villa	
-1.75
+1.75
1.90
1.90
 
 	
3.0
1.75
2.05
1.26
5.80
11.50
1.02
1.12
3.80
2.5
1.0
2.02
3.30
1.74
1.31
 	 3:2(1:0)  
545	26/04
15:30	 Everton
Manchester United	
+0.25
-0.25
2.02
1.78
 
 	
2.5
2.02
1.78
3.55
3.45
2.07
1.75
1.31
1.30
1.0
1.5
1.97
2.15
1.78
1.65
 	 3:0(2:0)  
546	26/04
18:00	 Arsenal London
Chelsea	
-0.25
+0.25
2.00
1.75
 
 	
2.25
1.87
 	
1.87
 	
2.35
3.40
2.95
1.37
1.29
1.55
1.5
1.5
2.45
2.90
1.50
1.37
 	 0:0(0:0)  
406	02/05
14:45	 Leicester City
Newcastle United	
-0.75
+0.75
2.00
1.80
 
 	
2.5
1.95
1.85
1.77
3.65
4.70
1.18
1.30
2.05
1.5
1.0
1.80
2.15
1.95
1.65
 	 3:0(2:0)  
407	02/05
17:00	 Aston Villa
Everton	
0
0
1.80
2.00
  	
2.25
1.80
 	
2.00
 	
2.50
3.35
2.80
1.42
1.32
1.50
1.5
1.5
2.52
2.70
1.50
1.44
 	 3:2(2:0)  
408	02/05
17:00	 Liverpool
Queens Park Rangers	
–1.5
+1.5
1.98
1.83
  	
2.75
1.80
 	
2.00
 	
1.35
5.00
9.00
1.05
1.17
3.20
2.5
1.5
2.35
4.95
1.55
1.15
 	 2:1(1:0)  
409	02/05
17:00	 Sunderland
Southampton	
+0.75
-0.75
1.55
2.35
 
 	
2.25
1.95
 	
1.85
 	
4.00
3.40
1.95
1.85
1.30
1.23
1.0
1.5
2.42
2.25
1.52
1.62
 	 2:1(1:1)  
410	02/05
17:00	 Swansea City
Stoke City	
-0.25
+0.25
1.87
1.93
 
 	
2.25
1.95
 	
1.85
 	
2.20
3.35
3.35
1.32
1.32
1.65
1.5
1.5
2.35
3.30
1.55
1.32
 	 2:0(0:0)  
411	02/05
17:00	 West Ham United
Burnley	
-0.25
+0.25
1.90
1.90
 
 	
2.25
1.80
 	
2.00
 	
2.20
3.35
3.35
1.33
1.33
1.67
1.5
1.0
2.25
1.95
1.60
1.85
 	 1:0(1:0)  
412	02/05
19:30	 Manchester United
West Bromwich Albion	
-1.25
+1.25
1.80
2.00
 
 	
2.5
1.85
1.95
1.35
5.00
9.00
1.04
1.17
3.10
2.5
1.0
2.55
3.90
1.50
1.24
 	 0:1(0:0)  
413	03/05
15:30	 Chelsea
Crystal Palace	
-1.25
+1.25
1.80
2.00
 
 	
2.5
1.82
1.98
1.35
5.00
9.00
1.04
1.17
3.10
2.5
1.0
2.55
3.80
1.50
1.25
 	 1:0(1:0)  
414	03/05
18:00	 Tottenham Hotspur
Manchester City	
+0.25
-0.25
2.00
1.80
 
 	
3.0
1.92
1.86
3.45
3.65
2.05
1.75
1.27
1.30
1.5
1.5
2.30
1.80
1.60
2.00
 	 0:1(0:1)  
415	04/05
22:00	 Hull City
Arsenal London	
+0.75
-0.75
1.90
1.87
 
 	
2.5
1.95
1.85
5.00
3.90
1.67
2.12
1.23
1.15
1.0
1.5
2.45
1.80
1.52
1.95
 	 1:3(0:3)  
416	09/05
14:45	 Everton
Sunderland	
-0.75
+0.75
1.90
1.90
 
 	
2.5
1.95
1.84
1.70
3.75
5.00
1.17
1.27
2.15
1.5
1.0
1.80
2.40
1.95
1.53
 	 0:2(0:0)  
417	09/05
17:00	 Aston Villa
West Ham United	
-0.75
+0.75
2.03
1.78
 
 	
2.75
1.98
 	
1.83
 	
1.75
3.75
4.65
1.21
1.28
2.02
1.5
1.0
1.77
2.07
1.98
1.70
 	 1:0(1:0)  
418	09/05
17:00	 Hull City
Burnley	
-0.75
+0.75
2.25
1.65
 
 	
2.25
1.83
 	
1.97
 	
1.90
3.50
4.15
1.23
1.30
1.90
1.5
1.0
2.12
2.30
1.66
1.57
 	 0:1(0:0)  
419	09/05
17:00	 Leicester City
Southampton	
0
0
1.80
2.00
  	
2.25
1.80
 	
2.00
 	
2.50
3.35
2.80
1.42
1.32
1.50
1.5
1.5
2.52
2.70
1.50
1.44
 	 2:0(2:0)  
420	09/05
17:00	 Newcastle United
West Bromwich Albion	
-0.25
+0.25
1.80
1.95
 
 	
2.25
1.85
 	
1.90
 	
2.10
3.40
3.50
1.27
1.29
1.70
1.5
1.0
2.25
2.05
1.60
1.72
 	 1:1(1:1)  
421	09/05
17:00	 Stoke City
Tottenham Hotspur	
+0.25
-0.25
1.90
1.90
 
 	
2.5
1.90
1.90
3.10
3.40
2.30
1.62
1.32
1.37
1.5
1.5
2.60
2.25
1.45
1.60
 	 3:0(2:0)  
422	09/05
19:30	 Crystal Palace
Manchester United	
+0.75
-0.75
1.78
2.02
 
 	
2.5
1.97
1.83
4.80
3.60
1.77
2.05
1.30
1.18
1.0
1.5
2.40
1.87
1.55
1.93
 	 1:2(0:1)  
423	10/05
15:30	 Manchester City
Queens Park Rangers	
–2.0
+2.0
1.87
1.93
  	
3.5
1.93
1.87
1.18
7.50
14.00
1.01
1.09
4.80
3.0
1.0
2.15
3.15
1.67
1.35
 	 6:0(2:0)  
424	10/05
18:00	 Chelsea
Liverpool	
-0.25
+0.25
1.77
2.05
 
 	
2.5
2.00
1.80
2.07
3.45
3.55
1.29
1.30
1.75
1.5
1.0
2.15
1.97
1.65
1.77
 	 1:1(1:1)  
425	11/05
22:00	 Arsenal London
Swansea City	
-1.75
+1.75
1.95
1.85
 
 	
3.0
1.90
1.85
1.25
5.90
12.00
1.03
1.12
3.80
2.5
1.0
2.12
3.50
1.68
1.28
 	 0:1(0:0)  
351	16/05
14:45	 Southampton
Aston Villa	
-0.75
+0.75
2.02
1.78
 
 	
2.5
1.97
1.83
1.77
3.55
4.80
1.18
1.30
2.05
1.5
1.0
1.87
2.40
1.93
1.55
 	 6:1(5:1)  
352	16/05
17:00	 Burnley
Stoke City	
0
0
1.80
2.00
  	
2.25
1.80
 	
2.00
 	
2.50
3.35
2.80
1.42
1.32
1.50
1.5
1.5
2.52
2.70
1.50
1.44
 	 0:0(0:0)  
353	16/05
17:00	 Queens Park Rangers
Newcastle United	
+0.25
-0.25
1.92
1.88
 
 	
2.5
1.92
1.88
3.15
3.42
2.26
1.62
1.31
1.35
1.5
1.5
2.70
2.22
1.43
1.62
 	 2:1(0:1)  
354	16/05
17:00	 Sunderland
Leicester City	
0
0
2.02
1.78
  	
2.25
1.85
 	
1.95
 	
2.85
3.30
2.50
1.52
1.33
1.41
1.5
1.5
2.70
2.55
1.45
1.50
 	 0:0(0:0)  
355	16/05
17:00	 Tottenham Hotspur
Hull City	
-0.75
+0.75
2.05
1.75
 
 	
2.75
2.00
 	
1.80
 	
1.78
3.80
4.35
1.21
1.27
2.00
1.5
1.0
1.77
2.12
2.03
1.70
 	 2:0(0:0)  
356	16/05
17:00	 West Ham United
Everton	
0
0
1.82
2.00
  	
2.5
1.88
1.92
2.47
3.45
2.80
1.44
1.32
1.54
1.0
1.0
1.53
1.60
2.40
2.25
 	 1:2(0:0)  
357	16/05
19:30	 Liverpool
Crystal Palace	
-1.25
+1.25
2.00
1.80
 
 	
2.75
1.80
 	
2.00
 	
1.42
4.60
7.65
1.07
1.18
2.75
1.5
1.0
1.50
2.80
2.50
1.40
 	 1:3(1:1)  
358	17/05
15:30	 Swansea City
Manchester City	
+0.75
-0.75
1.90
1.87
 
 	
3.0
1.95
1.80
4.90
4.00
1.67
2.17
1.22
1.16
1.0
1.5
1.95
1.60
1.80
2.25
 	 2:4(1:2)  
359	17/05
18:00	 Manchester United
Arsenal London	
0
0
1.80
2.00
  	
2.75
2.00
 	
1.80
 	
2.50
3.40
2.80
1.43
1.30
1.50
1.0
1.0
1.48
1.53
2.60
2.45
 	 1:1(1:0)  
360	18/05
22:00	 West Bromwich Albion
Chelsea	
+0.75
-0.75
1.58
2.35
 
 	
2.25
1.80
 	
2.00
 	
3.90
3.50
1.95
1.85
1.29
1.25
1.0
1.5
2.20
2.12
1.62
1.66
 	 3:0(1:0)  
317	24/05
17:00	 Arsenal London
West Bromwich Albion	
–1.5
+1.5
1.90
1.90
  	
3.25
1.95
 	
1.85
 	
1.32
5.50
9.00
1.06
1.15
3.45
2.5
1.0
2.05
2.55
1.72
1.48
 	 4:1(4:0)  
318	24/05
17:00	 Aston Villa
Burnley	
-0.25
+0.25
1.77
2.03
 
 	
2.5
1.85
1.95
2.10
3.50
3.45
1.30
1.29
1.72
1.5
1.0
2.05
1.77
1.75
1.97
 	 0:1(0:1)  
319	24/05
17:00	 Chelsea
Sunderland	
–1.5
+1.5
1.80
2.00
  	
3.0
2.00
1.80
1.27
5.75
11.00
1.04
1.14
3.80
2.5
1.0
2.15
3.60
1.65
1.27
 	 3:1(1:1)  
320	24/05
17:00	 Crystal Palace
Swansea City	
-0.75
+0.75
1.95
1.85
 
 	
2.75
1.85
 	
1.95
 	
1.75
3.85
4.50
1.20
1.26
2.10
1.5
1.0
1.70
1.95
2.15
1.85
 	 1:0(0:0)  
321	24/05
17:00	 Everton
Tottenham Hotspur	
-0.25
+0.25
1.90
1.85
 
 	
2.75
1.85
 	
1.95
 	
2.25
3.50
3.10
1.35
1.29
1.60
1.5
1.5
2.02
2.35
1.74
1.55
 	 0:1(0:1)  
322	24/05
17:00	 Hull City
Manchester United	
+0.25
-0.25
1.90
1.90
 
 	
2.75
1.90
 	
1.90
 	
3.12
3.50
2.23
1.64
1.30
1.35
1.5
1.5
2.35
2.02
1.55
1.74
 	 0:0(0:0)  
323	24/05
17:00	 Leicester City
Queens Park Rangers	
–1.0
+1.0
1.80
2.00
  	
3.0
1.80
1.95
1.50
4.30
6.50
1.09
1.20
2.55
1.5
1.0
1.47
2.07
2.55
1.70
 	 5:1(2:0)  
324	24/05
17:00	 Manchester City
Southampton	
-0.75
+0.75
1.80
2.00
 
 	
3.25
2.00
 	
1.80
 	
1.62
4.25
5.00
1.18
1.22
2.30
2.0
1.0
1.90
1.85
1.90
1.95
 	 2:0(1:0)  
325	24/05
17:00	 Newcastle United
West Ham United	
-0.75
+0.75
1.95
1.85
 
 	
2.75
1.85
 	
1.95
 	
1.75
3.85
4.50
1.20
1.26
2.10
1.5
1.0
1.70
1.95
2.15
1.85
 	 2:0(0:0)  
326	24/05
17:00	 Stoke City
Liverpool	
+0.25
-0.25
2.03
1.77
 
 	
2.5
1.85
1.95
3.45
3.50
2.10
1.72
1.29
1.30
1.0
1.5
1.77
2.05
1.97
1.75
 	 6:1(5:0)  
367	28/04
21:45	 Hull City
Liverpool	
+0.75
-0.75
1.55
2.35
 
 	
2.25
1.95
 	
1.85
 	
4.00
3.40
1.95
1.85
1.30
1.23
1.0
1.5
2.42
2.25
1.52
1.62
 	 1:0(1:0)  
367	07/03
17:00	 Queens Park Rangers
Tottenham Hotspur	
+0.75
-0.75
1.80
2.05
 
 	
2.75
1.90
 	
1.90
 	
4.30
3.70
1.80
2.00
1.28
1.22
1.0
1.5
1.90
1.72
1.85
2.05
 	 1:2(0:1)  