782	12/09
19:00	 Fiorentina
Genoa	
–1.0
+1.0
2.35
1.57
2.5
1.90
1.90
1.75
3.65
4.85
1.16
1.29
2.07
1.5
1.0
1.83
2.55
2.00
1.53
 	 1:0(0:0)  
784	12/09
19:00	 Frosinone
AS Roma	
+1.5
–1.5
1.70
2.15
3.0
2.10
1.72
7.90
5.00
1.38
3.05
1.17
1.07
1.0
2.0
3.05
1.90
1.38
1.90
 	 0:2(0:1)  
776	12/09
21:45	 Juventus
Chievo	
–1.5
+1.5
2.15
1.70
2.5
2.00
1.80
1.37
4.60
9.50
1.05
1.20
3.10
2.0
1.0
2.15
4.55
1.67
1.18
 	 1:1(0:1)  
810	13/09
13:30	 Hellas Verona
Torino	
0
0
2.10
1.72
2.5
1.95
1.85
3.00
3.32
2.40
1.57
1.33
1.38
1.0
1.5
1.75
2.35
2.10
1.60
 	 2:2(0:0)  
778	13/09
16:00	 Empoli
Napoli	
+1.0
–1.0
1.57
2.40
2.5
1.80
2.00
4.55
3.70
1.77
2.04
1.27
1.20
1.0
1.5
2.15
1.83
1.70
1.97
 	 2:2(2:1)  
780	13/09
16:00	 Palermo
Carpi	
–1.0
+1.0
2.10
1.72
2.5
1.95
1.85
1.62
3.70
6.00
1.12
1.28
2.28
1.5
1.0
1.80
2.80
2.00
1.44
 	 2:2(1:1)  
781	13/09
16:00	 Sampdoria
Bologna	
–1.0
+1.0
2.55
1.53
2.5
2.10
1.72
1.80
3.50
4.75
1.18
1.30
2.00
1.5
1.0
2.05
2.60
1.77
1.50
 	 cancelled  
783	13/09
16:00	 Sassuolo
Atalanta	
0
0
1.55
2.45
2.5
2.20
1.67
2.20
3.20
3.50
1.30
1.35
1.67
1.5
1.0
2.35
2.20
1.60
1.67
 	 2:2(2:2)  
777	13/09
19:00	 Lazio
Udinese	
–1.0
+1.0
1.95
1.85
2.5
1.95
1.85
1.55
4.00
6.40
1.10
1.25
2.45
1.5
1.0
1.75
3.15
2.10
1.36
 	 2:0(0:0)  
779	13/09
21:45	 Internazionale Milan
AC Milan	
0
0
1.57
2.30
2.5
2.05
1.77
2.25
3.25
3.35
1.30
1.35
1.65
1.5
1.0
2.30
1.85
1.57
1.90
 	 1:0(0:0)
3663	14/09
21:45	 Sampdoria
Bologna	
–1.0
+1.0
2.70
1.45
2.5
2.05
1.77
1.90
3.35
4.40
1.20
1.33
1.90
1.5
1.0
2.05
2.30
1.77
1.62
 	 2:0(0:0)  
3386	19/09
19:00	 Udinese
Empoli	
0
0
1.53
2.50
2.0
1.67
2.20
2.10
3.25
3.75
1.28
1.35
1.73
1.5
1.0
2.35
2.25
1.57
1.65
 	 1:2(1:0)  
3381	19/09
21:45	 AC Milan
Palermo	
–1.0
+1.0
2.35
1.60
2.5
1.95
1.85
1.75
3.45
5.25
1.15
1.31
2.07
1.5
1.0
1.90
2.50
1.90
1.53
 	 3:2(2:1)  
3380	20/09
13:30	 Chievo
Internazionale Milan	
0
0
2.50
1.55
2.0
1.67
2.20
3.80
3.20
2.10
1.74
1.35
1.27
1.0
1.0
2.25
1.57
1.65
2.40
 	 0:1(0:1)  
3379	20/09
16:00	 Atalanta
Hellas Verona	
0
0
1.50
2.55
2.5
2.00
1.80
2.05
3.25
3.85
1.25
1.34
1.77
1.5
1.0
2.15
2.05
1.70
1.77
 	 1:1(0:0)  
3383	20/09
16:00	 Bologna
Frosinone	
0
0
1.47
2.70
2.5
2.20
1.67
2.00
3.27
4.00
1.24
1.33
1.80
1.5
1.0
2.25
2.35
1.62
1.60
 	 1:0(1:0)  
3377	20/09
16:00	 Genoa
Juventus	
+1.0
–1.0
1.47
2.70
2.5
2.20
1.67
4.60
3.33
1.87
1.93
1.33
1.18
1.0
1.5
2.55
2.05
1.47
1.75
 	 0:2(0:1)  
3385	20/09
16:00	 AS Roma
Sassuolo	
–1.5
+1.5
2.20
1.67
2.5
1.77
2.05
1.40
4.40
9.00
1.05
1.21
2.95
2.0
1.0
2.05
3.35
1.80
1.33
 	 2:2(1:2)  
3382	20/09
16:00	 Torino
Sampdoria	
–1.0
+1.0
2.55
1.50
2.5
2.10
1.75
1.85
3.25
4.90
1.17
1.34
1.95
1.5
1.0
2.05
2.55
1.77
1.53
 	 2:0(2:0)  
3378	20/09
19:00	 Carpi
Fiorentina	
+1.0
–1.0
1.53
2.55
2.5
2.10
1.72
4.85
3.45
1.80
2.00
1.30
1.17
1.0
1.5
2.60
2.05
1.50
1.77
 	 0:1(0:1)  
3384	20/09
21:45	 Napoli
Lazio	
–1.0
+1.0
2.70
1.46
2.5
1.75
2.05
1.93
3.55
4.00
1.25
1.30
1.87
1.5
1.0
1.90
1.87
1.90
1.93
 	 5:0(2:0)  
4873	22/09
21:45	 Udinese
AC Milan	
0
0
2.30
1.63
2.5
2.05
1.77
3.20
3.30
2.30
1.62
1.34
1.35
1.0
1.5
1.90
2.20
1.90
1.65
 	 2:3(0:3)  
4892	23/09
21:45	 Carpi
Napoli	
+1.0
–1.0
1.93
1.87
2.5
1.75
2.05
6.55
4.30
1.50
2.60
1.22
1.10
1.0
2.0
2.75
2.20
1.46
1.67
 	 0:0(0:0)  
4893	23/09
21:45	 Chievo
Torino	
0
0
1.93
1.87
2.0
1.67
2.20
2.85
3.10
2.65
1.47
1.37
1.42
1.0
1.0
1.87
1.83
1.93
2.00
 	 1:0(0:0)  
4890	23/09
21:45	 Fiorentina
Bologna	
–1.0
+1.0
1.77
2.05
2.5
1.93
1.87
1.47
4.25
7.30
1.07
1.22
2.67
1.5
1.0
1.67
3.55
2.20
1.30
 	 2:0(0:0)  
4891	23/09
21:45	 Internazionale Milan
Hellas Verona	
–1.5
+1.5
1.97
1.83
3.0
2.00
1.80
1.35
5.00
9.00
1.04
1.17
3.20
2.0
1.0
1.75
3.35
2.10
1.33
 	 1:0(0:0)  
4897	23/09
21:45	 Juventus
Frosinone	
–2.0
+2.0
1.90
1.90
3.0
1.95
1.85
1.16
7.40
18.00
 	
1.09
5.20
2.5
1.0
1.90
8.00
1.90
1.07
 	 1:1(0:0)  
4894	23/09
21:45	 Lazio
Genoa	
–1.0
+1.0
2.25
1.65
2.5
1.93
1.87
1.70
3.70
5.20
1.15
1.27
2.15
1.5
1.0
1.83
2.60
2.00
1.50
 	 2:0(1:0)  
4895	23/09
21:45	 Palermo
Sassuolo	
0
0
1.60
2.35
2.5
1.97
1.83
2.15
3.35
3.47
1.30
1.33
1.70
1.5
1.0
2.20
1.90
1.65
1.90
 	 0:1(0:1)  
4896	23/09
21:45	 Sampdoria
AS Roma	
+1.0
–1.0
1.57
2.45
2.5
1.90
1.90
4.70
3.65
1.77
2.05
1.29
1.17
1.0
1.5
2.30
1.90
1.62
1.90
 	 2:1(0:0)  
4905	24/09
21:45	 Empoli
Atalanta	
0
0
1.52
2.45
2.5
2.00
1.80
2.15
3.20
3.65
1.28
1.35
1.70
1.5
1.0
2.20
1.97
1.67
1.83
 	 0:1(0:1)  
6182	26/09
19:00	 AS Roma
Carpi	
–1.5
+1.5
1.95
1.85
2.5
1.70
2.15
1.27
5.50
12.00
1.03
1.15
3.77
2.0
1.0
1.70
4.00
2.10
1.22
 	 5:1(3:1)  
6181	26/09
21:45	 Napoli
Juventus	
0
0
1.52
2.50
2.5
2.05
1.77
2.18
3.35
3.40
1.32
1.33
1.68
1.5
1.0
2.30
1.90
1.62
1.90
 	 2:1(1:0)  
6183	27/09
13:30	 Genoa
AC Milan	
0
0
2.25
1.65
2.5
2.05
1.77
3.18
3.30
2.30
1.62
1.33
1.35
1.0
1.5
1.90
2.30
1.90
1.60
 	 1:0(1:0)  
6184	27/09
16:00	 Bologna
Udinese	
0
0
1.80
2.00
2.0
1.80
2.05
2.60
3.10
2.90
1.42
1.38
1.50
1.0
1.0
1.87
2.00
1.93
1.80
 	 1:2(1:0)  
6186	27/09
16:00	 Sassuolo
Chievo	
0
0
1.57
2.40
2.0
1.75
2.05
2.20
3.17
3.55
1.30
1.36
1.67
1.0
1.0
1.65
2.30
2.25
1.62
 	 1:1(1:1)  
6187	27/09
16:00	 Torino
Palermo	
–1.0
+1.0
2.35
1.57
2.5
2.10
1.72
1.75
3.50
5.15
1.17
1.31
2.07
1.5
1.0
1.97
2.80
1.83
1.44
 	 2:1(1:0)  
6188	27/09
16:00	 Hellas Verona
Lazio	
0
0
2.60
1.47
2.5
1.95
1.85
3.85
3.40
2.00
1.80
1.32
1.25
1.0
1.5
1.97
2.10
1.83
1.75
 	 1:2(1:0)  
6185	27/09
21:45	 Internazionale Milan
Fiorentina	
–1.0
+1.0
2.60
1.50
2.5
2.00
1.80
1.80
3.50
4.75
1.19
1.31
2.00
1.5
1.0
2.00
2.35
1.80
1.57
 	 1:4(0:3)  
6189	28/09
20:00	 Frosinone
Empoli	
0
0
2.30
1.62
2.5
2.05
1.77
3.30
3.30
2.25
1.65
1.34
1.34
1.0
1.5
1.95
2.30
1.85
1.60
 	 2:0(0:0)  
6190	28/09
22:00	 Atalanta
Sampdoria	
0
0
1.50
2.50
2.5
2.00
1.80
2.05
3.30
3.80
1.25
1.33
1.77
1.5
1.0
2.20
2.00
1.67
1.80
 	 2:1(1:0)  
7591	03/10
19:00	 Carpi
Torino	
0
0
2.45
1.52
2.0
1.67
2.20
3.55
3.30
2.15
1.70
1.34
1.30
1.0
1.0
2.10
1.57
1.70
2.35
 	 2:1(0:0)  
7592	03/10
21:45	 Chievo
Hellas Verona	
0
0
1.52
2.45
2.0
1.67
2.20
2.10
3.30
3.70
1.27
1.34
1.73
1.5
1.0
2.35
2.15
1.60
1.70
 	 1:1(0:0)  
7593	04/10
13:30	 Empoli
Sassuolo	
0
0
1.77
2.05
2.5
2.05
1.77
2.45
3.35
2.90
1.42
1.33
1.55
1.0
1.0
1.65
1.77
2.25
2.05
 	 1:0(0:0)  
7597	04/10
16:00	 Palermo
AS Roma	
+1.0
–1.0
1.47
2.55
2.5
1.90
1.90
3.85
3.55
1.95
1.85
1.29
1.25
1.0
1.5
2.15
1.95
1.70
1.85
 	 2:4(0:3)  
7598	04/10
16:00	 Sampdoria
Internazionale Milan	
+1.0
–1.0
1.46
2.70
2.5
1.93
1.87
3.80
3.80
1.90
1.93
1.27
1.27
1.0
1.5
2.10
2.00
1.72
1.80
 	 1:1(0:0)  
7594	04/10
16:00	 Udinese
Genoa	
0
0
1.72
2.10
2.0
1.67
2.20
2.40
3.15
3.15
1.35
1.36
1.57
1.0
1.0
1.70
1.97
2.15
1.83
 	 1:1(0:0)  
7595	04/10
19:00	 Lazio
Frosinone	
–1.5
+1.5
1.87
1.93
3.0
2.05
1.77
1.30
5.50
10.00
1.05
1.14
3.70
2.0
1.0
1.70
3.80
2.15
1.27
 	 2:0(0:0)  
7600	04/10
19:00	 Juventus
Bologna	
–1.5
+1.5
1.72
2.10
2.5
1.85
1.95
1.20
6.35
16.00
1.01
1.12
4.55
2.0
1.0
1.67
8.00
2.15
1.08
 	 3:1(1:1)  
7596	04/10
21:45	 AC Milan
Napoli	
0
0
2.10
1.72
2.5
1.80
2.00
2.90
3.45
2.40
1.57
1.30
1.42
1.0
1.5
1.62
2.15
2.30
1.70
 	 0:4(0:1)  
7599	04/10
21:45	 Fiorentina
Atalanta	
–1.0
+1.0
2.10
1.72
2.5
2.00
1.80
1.60
3.85
6.00
1.12
1.26
2.35
1.5
1.0
1.83
2.95
1.97
1.40
 	 3:0(2:0)  
240	17/10
19:00	 AS Roma
Empoli	
–1.5
+1.5
2.15
1.70
2.5
1.70
2.15
1.38
4.75
8.70
1.06
1.19
3.05
2.0
1.0
1.87
3.20
1.93
1.32
 	 3:1(0:0)  
241	17/10
21:45	 Torino
AC Milan	
0
0
1.70
2.15
2.5
2.05
1.77
2.45
3.30
2.95
1.40
1.34
1.55
1.5
1.0
2.35
1.80
1.57
2.00
 	 1:1(0:0)  
243	18/10
13:30	 Bologna
Palermo	
0
0
1.80
2.00
2.0
1.72
2.10
2.60
3.17
2.85
1.43
1.36
1.50
1.0
1.0
1.80
1.90
2.00
1.90
 	 0:1(0:1)  
242	18/10
16:00	 Atalanta
Carpi	
–1.0
+1.0
2.55
1.53
2.5
2.15
1.72
1.80
3.45
4.80
1.17
1.30
2.00
1.5
1.0
2.05
2.65
1.77
1.48
 	 3:0(2:0)  
247	18/10
16:00	 Frosinone
Sampdoria	
0
0
2.10
1.72
2.5
2.10
1.72
3.00
3.30
2.40
1.57
1.33
1.38
1.0
1.0
1.87
1.65
1.93
2.25
 	 2:0(0:0)  
244	18/10
16:00	 Genoa
Chievo	
0
0
1.47
2.70
2.0
1.72
2.10
2.05
3.25
3.90
1.25
1.34
1.77
1.5
1.0
2.40
2.50
1.57
1.53
 	 3:2(2:1)  
248	18/10
16:00	 Hellas Verona
Udinese	
0
0
1.65
2.25
2.5
2.00
1.80
2.30
3.30
3.15
1.35
1.33
1.60
1.5
1.0
2.35
1.90
1.60
1.90
 	 1:1(1:0)  
245	18/10
16:00	 Napoli
Fiorentina	
–1.0
+1.0
2.25
1.65
2.5
1.83
1.97
1.67
3.80
5.30
1.15
1.27
2.20
1.5
1.0
1.75
2.25
2.05
1.63
 	 2:1(0:0)  
246	18/10
16:00	 Sassuolo
Lazio	
0
0
2.10
1.72
2.5
2.10
1.72
3.05
3.25
2.40
1.57
1.34
1.37
1.0
1.0
1.87
1.65
1.93
2.25
 	 2:1(1:0)  
249	18/10
21:45	 Internazionale Milan
Juventus	
0
0
1.97
1.83
2.5
2.10
1.72
2.85
3.25
2.55
1.50
1.35
1.42
1.0
1.0
1.70
1.67
2.10
2.20
 	 0:0(0:0)  
6051	24/10
16:00	 Empoli
Genoa	
0
0
1.93
1.87
2.0
1.67
2.20
2.75
3.25
2.65
1.47
1.35
1.45
1.0
1.0
1.85
1.80
1.95
2.00
 	 2:0(1:0)  
6049	24/10
19:00	 Carpi
Bologna	
0
0
1.53
2.50
2.0
1.80
2.00
2.15
3.15
3.70
1.28
1.36
1.70
1.0
1.0
1.65
2.35
2.20
1.57
 	 1:2(1:0)  
6050	24/10
21:45	 Palermo
Internazionale Milan	
0
0
2.50
1.52
2.5
2.00
1.80
3.55
3.40
2.10
1.73
1.32
1.30
1.0
1.5
1.97
2.15
1.83
1.70
 	 1:1(0:0)  
6054	25/10
13:30	 Sampdoria
Hellas Verona	
–1.0
+1.0
2.75
1.45
2.5
1.90
1.90
1.93
3.55
4.00
1.25
1.30
1.87
1.5
1.0
2.00
2.05
1.80
1.75
 	 4:1(3:0)  
6057	25/10
16:00	 Juventus
Atalanta	
–1.5
+1.5
2.05
1.77
2.5
1.83
1.97
1.35
4.75
10.00
1.04
1.19
3.20
2.0
1.0
1.97
4.30
1.83
1.22
 	 2:0(1:0)  
6053	25/10
16:00	 AC Milan
Sassuolo	
–1.0
+1.0
2.45
1.57
2.5
1.90
1.90
1.77
3.80
4.45
1.20
1.27
2.05
1.5
1.0
1.90
2.30
1.90
1.62
 	 2:1(1:0)  
6055	25/10
16:00	 Udinese
Frosinone	
–1.0
+1.0
1.97
1.83
2.5
1.90
1.90
1.57
4.00
6.10
1.11
1.25
2.42
1.5
1.0
1.75
2.95
2.10
1.40
 	 1:0(1:0)  
6056	25/10
19:00	 Fiorentina
AS Roma	
0
0
1.77
2.05
2.5
1.80
2.00
2.45
3.42
2.85
1.42
1.32
1.52
1.5
1.0
2.20
1.52
1.67
2.45
 	 1:2(0:2)  
6052	25/10
19:00	 Lazio
Torino	
–1.0
+1.0
2.65
1.48
2.5
2.00
1.80
1.87
3.45
4.40
1.20
1.31
1.93
1.5
1.0
2.00
2.25
1.80
1.63
 	 3:0(1:0)  
6058	25/10
21:45	 Chievo
Napoli	
+1.0
–1.0
1.55
2.40
2.5
2.00
1.80
4.60
3.60
1.80
2.00
1.29
1.18
1.0
1.5
2.50
1.90
1.50
1.90
 	 0:1(0:0)  
5498	27/10
21:45	 Bologna
Internazionale Milan	
+1.0
–1.0
1.60
2.30
2.5
2.20
1.67
5.45
3.60
1.70
2.15
1.30
1.13
1.0
1.5
2.85
1.80
1.40
2.00
 	 0:1(0:0)  
5513	28/10
21:45	 Atalanta
Lazio	
0
0
2.10
1.72
2.5
2.00
1.80
3.05
3.35
2.35
1.60
1.33
1.38
1.0
1.0
1.80
1.52
2.00
2.45
 	 2:1(0:1)  
5519	28/10
21:45	 Frosinone
Carpi	
0
0
1.65
2.25
2.5
2.05
1.77
2.25
3.40
3.20
1.35
1.32
1.65
1.5
1.0
2.35
1.90
1.60
1.90
 	 2:1(0:0)  
5520	28/10
21:45	 Hellas Verona
Fiorentina	
+1.0
–1.0
1.60
2.30
2.5
1.90
1.90
4.90
3.75
1.72
2.12
1.27
1.17
1.0
1.5
2.25
1.83
1.65
1.97
 	 0:2(0:1)  
5514	28/10
21:45	 AC Milan
Chievo	
–1.0
+1.0
2.15
1.70
2.5
2.10
1.70
1.67
3.70
5.45
1.14
1.28
2.20
1.5
1.0
1.85
2.85
1.95
1.40
 	 1:0(0:0)  
5515	28/10
21:45	 Napoli
Palermo	
–1.5
+1.5
1.77
2.05
3.0
1.90
1.90
1.27
6.00
10.50
1.04
1.13
3.80
2.5
1.0
2.05
3.55
1.75
1.27
 	 2:0(1:0)  
5516	28/10
21:45	 AS Roma
Udinese	
–1.5
+1.5
2.10
1.72
3.0
2.15
1.70
1.38
5.00
7.90
1.07
1.17
3.05
2.0
1.0
1.85
2.95
1.95
1.37
 	 3:1(2:0)  
5517	28/10
21:45	 Sassuolo
Juventus	
+1.0
–1.0
1.67
2.20
2.5
2.05
1.77
5.55
3.65
1.67
2.20
1.28
1.14
1.0
1.5
2.90
1.80
1.40
2.00
 	 1:0(1:0)  
5518	28/10
21:45	 Torino
Genoa	
–1.0
+1.0
2.75
1.42
2.5
2.15
1.70
1.93
3.40
4.15
1.23
1.32
1.87
1.5
1.0
2.15
2.45
1.70
1.57
 	 3:3(2:1)  
5523	29/10
21:45	 Sampdoria
Empoli	
0
0
1.55
2.40
2.5
2.00
1.80
2.12
3.45
3.45
1.30
1.31
1.72
1.5
1.0
2.25
1.93
1.65
1.87
 	 1:1(0:0)  
9054	31/10
19:00	 Juventus
Torino	
–1.0
+1.0
2.00
1.80
2.5
2.10
1.72
1.57
3.80
6.70
1.10
1.27
2.40
1.5
1.0
1.70
3.40
2.10
1.30
 	 2:1(1:0)  
9055	31/10
21:45	 Internazionale Milan
AS Roma	
0
0
1.83
1.97
2.5
1.80
2.00
2.55
3.45
2.70
1.45
1.30
1.48
1.5
1.5
2.20
2.20
1.67
1.67
 	 1:0(1:0)  
9060	01/11
13:30	 Fiorentina
Frosinone	
–1.5
+1.5
1.72
2.10
3.0
1.95
1.85
1.22
6.20
14.00
1.01
1.12
4.30
2.5
1.0
2.05
4.00
1.75
1.22
 	 4:1(4:0)  
9056	01/11
16:00	 Bologna
Atalanta	
0
0
1.83
1.97
2.0
1.72
2.10
2.65
3.10
2.85
1.42
1.37
1.47
1.0
1.0
1.85
1.95
1.95
1.85
 	 3:0(0:0)  
9057	01/11
16:00	 Genoa
Napoli	
+1.0
–1.0
1.65
2.25
2.5
1.75
2.05
4.70
3.85
1.73
2.10
1.26
1.17
1.0
1.5
2.00
1.73
1.80
2.10
 	 0:0(0:0)  
9058	01/11
16:00	 Carpi
Hellas Verona	
0
0
1.67
2.15
2.5
2.15
1.70
2.35
3.25
3.15
1.35
1.35
1.60
1.0
1.0
1.65
1.90
2.25
1.90
 	 0:0(0:0)  
9059	01/11
16:00	 Udinese
Sassuolo	
0
0
1.63
2.25
2.0
1.67
2.20
2.30
3.20
3.30
1.34
1.36
1.62
1.0
1.0
1.67
2.10
2.20
1.75
 	 0:0(0:0)  
9061	01/11
21:45	 Lazio
AC Milan	
0
0
1.47
2.55
2.5
1.93
1.87
2.05
3.35
3.80
1.27
1.33
1.77
1.5
1.0
2.05
1.90
1.75
1.90
 	 1:3(0:1)  
9062	02/11
20:00	 Chievo
Sampdoria	
0
0
1.45
2.75
2.5
2.20
1.67
2.05
3.25
3.90
1.25
1.34
1.77
1.5
1.0
2.25
2.35
1.65
1.57
 	 1:1(1:1)  
9063	02/11
22:00	 Palermo
Empoli	
0
0
1.62
2.30
2.5
2.20
1.67
2.25
3.25
3.35
1.33
1.35
1.65
1.0
1.0
1.62
2.05
2.30
1.77
 	 0:1(0:0)  
9091	07/11
19:00	 Hellas Verona
Bologna	
0
0
1.65
2.25
2.0
1.72
2.10
2.30
3.25
3.25
1.35
1.35
1.62
1.0
1.0
1.65
2.20
2.20
1.65
 	 0:2(0:2)  
9090	07/11
21:45	 AC Milan
Atalanta	
–1.0
+1.0
2.25
1.65
2.5
1.90
1.90
1.68
3.75
5.30
1.15
1.28
2.20
1.5
1.0
1.70
2.60
2.10
1.47
 	 0:0(0:0)  
9089	08/11
13:30	 Torino
Internazionale Milan	
0
0
1.97
1.83
2.5
2.15
1.72
2.75
3.25
2.65
1.47
1.35
1.45
1.0
1.0
1.75
1.67
2.05
2.12
 	 0:1(0:1)  
9098	08/11
16:00	 Empoli
Juventus	
+1.0
–1.0
1.55
2.40
2.5
2.20
1.67
5.30
3.50
1.73
2.11
1.30
1.14
1.0
1.5
2.95
1.90
1.35
1.90
 	 1:3(1:2)  
9097	08/11
16:00	 Frosinone
Genoa	
0
0
2.40
1.55
2.5
2.00
1.80
3.45
3.40
2.15
1.70
1.32
1.31
1.0
1.5
1.95
2.20
1.85
1.65
 	 2:2(2:1)  
9093	08/11
16:00	 Palermo
Chievo	
0
0
1.57
2.35
2.0
1.72
2.10
2.25
3.20
3.40
1.32
1.35
1.65
1.0
1.0
1.65
2.15
2.20
1.67
 	 1:0(0:0)  
9094	08/11
16:00	 AS Roma
Lazio	
–1.0
+1.0
2.65
1.45
2.5
1.72
2.10
1.93
3.55
4.00
1.25
1.30
1.87
1.5
1.0
1.85
1.80
1.95
2.00
 	 2:0(1:0)  
9096	08/11
16:00	 Sassuolo
Carpi	
–1.0
+1.0
2.15
1.70
2.5
2.10
1.75
1.65
3.75
5.60
1.14
1.27
2.25
1.5
1.0
1.85
2.95
1.95
1.37
 	 1:0(1:0)  
9092	08/11
19:00	 Napoli
Udinese	
–2.0
+2.0
2.05
1.75
3.0
1.85
1.95
1.22
6.50
13.00
1.03
1.12
4.30
2.5
1.0
1.95
4.30
1.85
1.20
 	 1:0(0:0)  
9095	08/11
21:45	 Sampdoria
Fiorentina	
+1.0
–1.0
1.50
2.50
2.5
1.83
1.97
4.25
3.45
1.90
1.90
1.31
1.22
1.0
1.5
2.00
1.85
1.80
1.95
 	 0:2(0:1)  
406	21/11
19:00	 Bologna
AS Roma	
+1.0
–1.0
1.50
2.50
2.5
2.10
1.70
4.50
3.45
1.85
1.95
1.31
1.18
1.0
1.5
2.60
1.87
1.47
1.93
 	 2:2(1:0)  
407	21/11
21:45	 Juventus
AC Milan	
–1.0
+1.0
1.95
1.85
2.5
2.10
1.70
1.55
3.80
7.00
1.09
1.27
2.45
1.5
1.0
1.75
3.20
2.05
1.32
 	 1:0(0:0)  
414	22/11
13:30	 Hellas Verona
Napoli	
+1.5
–1.5
1.70
2.15
3.0
2.05
1.77
7.90
4.75
1.40
2.95
1.18
1.07
1.0
2.0
2.75
1.80
1.42
2.00
 	 0:2(0:0)  
409	22/11
16:00	 Atalanta
Torino	
0
0
1.80
2.00
2.5
2.20
1.67
2.60
3.15
2.87
1.40
1.35
1.50
1.0
1.0
1.75
1.87
2.10
1.93
 	 0:1(0:0)  
411	22/11
16:00	 Carpi
Chievo	
0
0
2.15
1.72
2.0
1.87
1.93
3.10
3.05
2.50
1.55
1.40
1.38
1.0
1.0
2.20
1.87
1.67
1.93
 	 1:2(0:2)  
413	22/11
16:00	 Fiorentina
Empoli	
–1.0
+1.0
1.90
1.90
2.5
1.75
2.05
1.50
4.30
6.55
1.09
1.22
2.60
2.0
1.0
2.00
2.95
1.80
1.38
 	 2:2(0:2)  
410	22/11
16:00	 Genoa
Sassuolo	
0
0
1.47
2.60
2.5
2.00
1.80
2.03
3.30
3.90
1.25
1.34
1.77
1.5
1.0
2.10
2.00
1.70
1.80
 	 2:1(0:0)  
412	22/11
16:00	 Lazio
Palermo	
–1.0
+1.0
1.80
2.00
2.5
1.85
1.95
1.47
4.25
7.40
1.08
1.23
2.70
1.5
1.0
1.60
3.05
2.30
1.35
 	 1:1(0:1)  
408	22/11
16:00	 Udinese
Sampdoria	
0
0
1.52
2.45
2.5
2.10
1.72
2.10
3.35
3.60
1.28
1.33
1.74
1.5
1.0
2.25
2.00
1.62
1.80
 	 1:0(1:0)  
415	22/11
21:45	 Internazionale Milan
Frosinone	
–2.0
+2.0
2.05
1.77
3.0
1.90
1.90
1.18
7.00
17.00
1.01
1.10
4.95
2.5
1.0
1.90
5.00
1.90
1.14
 	 4:0(1:0)  
8567	28/11
19:00	 Torino
Bologna	
–1.0
+1.0
2.20
1.67
2.5
2.20
1.67
1.65
3.55
6.10
1.12
1.30
2.24
1.5
1.0
1.85
3.20
1.95
1.32
 	 2:0(0:0)  
8568	28/11
21:45	 AC Milan
Sampdoria	
–1.0
+1.0
1.93
1.87
2.5
1.77
2.05
1.55
4.05
6.30
1.11
1.24
2.47
1.5
1.0
1.62
2.75
2.25
1.42
 	 4:1(2:0)  
8569	29/11
16:00	 Genoa
Carpi	
–1.0
+1.0
1.97
1.83
2.5
2.05
1.77
1.55
3.85
6.80
1.10
1.26
2.45
1.5
1.0
1.80
3.45
2.00
1.32
 	 1:2(1:0)  
8570	29/11
16:00	 Chievo
Udinese	
0
0
1.57
2.40
2.0
1.77
2.05
2.20
3.10
3.65
1.28
1.37
1.67
1.0
1.0
1.67
2.30
2.20
1.62
 	 2:3(1:1)  
8571	29/11
16:00	 AS Roma
Atalanta	
–1.0
+1.0
1.77
2.05
2.5
1.72
2.10
1.45
4.35
7.55
1.08
1.22
2.75
2.0
1.0
2.00
2.75
1.80
1.42
 	 0:2(0:1)  
8572	29/11
16:00	 Frosinone
Hellas Verona	
0
0
1.80
2.00
2.5
1.95
1.85
2.60
3.15
2.85
1.42
1.36
1.50
1.0
1.0
1.60
1.70
2.35
2.15
 	 3:2(2:0)  
8573	29/11
19:00	 Empoli
Lazio	
0
0
2.10
1.72
2.5
2.05
1.77
2.95
3.30
2.45
1.55
1.34
1.40
1.0
1.0
1.83
1.60
1.97
2.35
 	 1:0(1:0)  
8574	29/11
21:45	 Palermo
Juventus	
+1.0
–1.0
1.87
1.93
2.5
2.10
1.72
6.85
3.85
1.55
2.45
1.25
1.10
1.0
1.5
3.55
1.73
1.27
2.05
 	 0:3(0:0)  
8575	30/11
20:00	 Sassuolo
Fiorentina	
0
0
2.65
1.48
2.5
2.05
1.77
3.65
3.60
2.00
1.81
1.29
1.28
1.0
1.5
2.15
2.15
1.70
1.70
 	 1:1(1:1)  
8576	30/11
22:00	 Napoli
Internazionale Milan	
–1.0
+1.0
2.15
1.70
2.5
1.77
2.05
1.65
3.70
5.70
1.13
1.28
2.24
1.5
1.0
1.70
2.20
2.10
1.65
 	 2:1(1:0)  
4459	04/12
21:45	 Lazio
Juventus	
0
0
2.55
1.47
2.0
1.72
2.10
3.60
3.35
2.10
1.74
1.33
1.28
1.0
1.5
2.20
2.20
1.65
1.65
 	 0:2(0:2)  
4460	05/12
16:00	 Torino
AS Roma	
0
0
1.83
1.97
2.5
2.15
1.70
2.60
3.30
2.75
1.46
1.33
1.53
1.0
1.0
1.75
1.83
2.10
1.97
 	 1:1(0:0)  
4461	05/12
21:45	 Internazionale Milan
Genoa	
–1.0
+1.0
1.97
1.83
2.5
1.85
1.95
1.57
4.00
6.10
1.12
1.25
2.42
1.5
1.0
1.67
2.65
2.15
1.44
 	 1:0(0:0)  
4462	06/12
13:30	 Bologna
Napoli	
+1.0
–1.0
2.15
1.70
2.5
1.80
2.00
7.50
4.45
1.44
2.77
1.20
1.07
1.0
2.0
3.20
2.00
1.32
1.80
 	 3:2(2:0)  
4463	06/12
16:00	 Atalanta
Palermo	
–1.0
+1.0
2.55
1.50
2.5
2.10
1.72
1.83
3.45
4.60
1.20
1.31
1.97
1.5
1.0
2.05
2.60
1.77
1.50
 	 3:0(2:0)  
4464	06/12
16:00	 Fiorentina
Udinese	
–1.0
+1.0
1.83
1.97
2.5
1.77
2.05
1.50
4.25
6.60
1.09
1.22
2.57
2.0
1.0
2.15
2.85
1.70
1.42
 	 3:0(1:0)  
4465	06/12
16:00	 Frosinone
Chievo	
0
0
2.25
1.65
2.5
2.20
1.67
3.15
3.20
2.35
1.59
1.35
1.35
1.0
1.0
2.00
1.65
1.80
2.25
 	 0:2(0:0)  
4466	06/12
16:00	 Hellas Verona
Empoli	
0
0
1.97
1.83
2.5
2.20
1.67
2.85
3.15
2.60
1.50
1.36
1.42
1.0
1.0
1.85
1.75
1.95
2.05
 	 0:1(0:0)  
4467	06/12
19:00	 Sampdoria
Sassuolo	
0
0
1.75
2.05
2.5
2.10
1.72
2.50
3.20
2.95
1.40
1.35
1.53
1.0
1.0
1.65
1.85
2.25
1.95
 	 1:3(0:3)  
4468	06/12
21:45	 Carpi
AC Milan	
+1.0
–1.0
1.65
2.25
2.5
2.20
1.67
5.65
3.60
1.67
2.20
1.29
1.13
1.0
1.5
2.95
1.90
1.37
1.90
 	 0:0(0:0)  
3950	12/12
16:00	 Genoa
Bologna	
–1.0
+1.0
2.75
1.45
  	
2.0
1.67
2.20
1.90
3.30
4.50
1.20
1.34
1.90
1.5
1.0
2.15
2.50
1.67
1.50
 	 0:1(0:0)  
3951	12/12
19:00	 Palermo
Frosinone	
–1.0
+1.0
2.40
1.55
  	
2.5
1.93
1.87
1.80
3.65
4.55
1.20
1.29
2.00
1.5
1.0
1.85
2.45
1.95
1.53
 	 4:1(2:1)  
3952	12/12
19:00	 Sassuolo
Torino	
0
0
1.97
1.83
  	
2.0
1.67
2.20
2.75
3.23
2.65
1.47
1.35
1.45
1.0
1.0
1.80
1.70
2.00
2.10
 	 cancelled  
3953	12/12
21:45	 Udinese
Internazionale Milan	
0
0
2.70
1.46
  	
2.5
2.10
1.72
3.80
3.35
2.04
1.78
1.33
1.27
1.0
1.5
2.25
2.20
1.65
1.67
 	 0:4(0:2)  
3954	13/12
16:00	 Chievo
Atalanta	
0
0
1.70
2.10
  	
2.0
1.72
2.10
2.45
3.07
3.15
1.35
1.38
1.55
1.0
1.0
1.77
2.00
2.05
1.80
 	 1:0(0:0)  
3956	13/12
16:00	 Empoli
Carpi	
–1.0
+1.0
2.40
1.57
  	
2.5
2.15
1.70
1.77
3.50
4.80
1.18
1.32
2.05
1.5
1.0
2.00
2.95
1.80
1.40
 	 3:0(0:0)  
3955	13/12
16:00	 AC Milan
Hellas Verona	
–1.5
+1.5
1.97
1.83
  	
2.5
1.80
2.00
1.30
5.20
11.00
1.03
1.16
3.50
2.0
1.0
1.87
4.30
1.93
1.20
 	 1:1(0:0)  
3957	13/12
19:00	 Napoli
AS Roma	
–1.0
+1.0
2.05
1.77
  	
3.0
2.05
1.77
1.67
4.00
4.80
1.18
1.25
2.25
2.0
1.0
2.20
2.10
1.67
1.72
 	 0:0(0:0)  
3958	13/12
21:45	 Juventus
Fiorentina	
–1.0
+1.0
2.30
1.62
  	
2.5
2.05
1.77
1.73
3.55
5.20
1.14
1.30
2.10
1.5
1.0
1.93
2.80
1.87
1.44
 	 3:1(1:1)  
3959	14/12
21:45	 Lazio
Sampdoria	
–1.0
+1.0
1.80
2.00
  	
2.5
1.80
2.00
1.47
4.25
7.25
1.08
1.22
2.65
2.0
1.0
2.10
2.95
1.70
1.37
 	 1:1(0:0)  
9564	19/12
21:45	 Bologna
Empoli	
0
0
1.90
1.90
2.0
1.85
1.95
2.75
2.95
2.85
1.42
1.40
1.45
1.0
1.0
2.00
2.00
1.83
1.80
 	 2:3(2:2)  
9565	20/12
13:30	 Carpi
Juventus	
+1.5
–1.5
1.72
2.10
2.5
2.20
1.67
10.50
4.65
1.35
3.20
1.20
1.05
1.0
1.5
5.55
1.65
1.12
2.20
 	 2:3(1:2)  
9566	20/12
16:00	 Atalanta
Napoli	
+1.0
–1.0
1.80
2.00
2.5
1.80
2.00
6.30
3.85
1.58
2.40
1.26
1.12
1.0
1.5
2.45
1.65
1.55
2.20
 	 1:3(0:0)  
9568	20/12
16:00	 Fiorentina
Chievo	
–1.0
+1.0
1.77
2.05
2.5
1.95
1.85
1.45
4.20
8.10
1.07
1.23
2.77
1.5
1.0
1.65
3.55
2.20
1.27
 	 2:0(2:0)  
9569	20/12
16:00	 Hellas Verona
Sassuolo	
0
0
1.83
1.97
2.5
2.10
1.72
2.60
3.30
2.75
1.45
1.34
1.50
1.0
1.0
1.67
1.72
2.15
2.10
 	 1:1(1:1)  
9567	20/12
16:00	 AS Roma
Genoa	
–1.0
+1.0
1.77
2.05
2.5
1.75
2.05
1.45
4.40
7.40
1.08
1.21
2.75
2.0
1.0
2.00
2.85
1.77
1.40
 	 2:0(1:0)  
9572	20/12
19:00	 Frosinone
AC Milan	
+1.0
–1.0
1.67
2.20
2.5
1.87
1.93
5.35
3.75
1.67
2.20
1.27
1.15
1.0
1.5
2.40
1.75
1.55
2.05
 	 2:4(1:0)  
9570	20/12
19:00	 Sampdoria
Palermo	
0
0
1.50
2.50
2.5
2.05
1.77
2.10
3.40
3.55
1.30
1.32
1.74
1.5
1.0
2.15
2.00
1.67
1.80
 	 2:0(0:0)  
9571	20/12
19:00	 Torino
Udinese	
–1.0
+1.0
2.20
1.67
2.5
2.05
1.77
1.67
3.65
5.55
1.14
1.28
2.20
1.5
1.0
1.85
2.75
1.95
1.42
 	 0:1(0:1)  
9573	20/12
21:45	 Internazionale Milan
Lazio	
–1.0
+1.0
2.35
1.60
2.5
1.97
1.83
1.75
3.60
4.95
1.16
1.29
2.07
1.5
1.0
1.85
2.40
1.95
1.55
 	 1:2(0:1)  
8266	05/01
21:45	 Genoa
Sampdoria	
0
0
1.65
2.25
2.5
2.05
1.77
2.35
3.10
3.30
1.34
1.37
1.60
1.5
1.0
2.25
1.85
1.65
1.95
 	 2:3(0:2)  
8273	06/01
13:30	 Udinese
Atalanta	
0
0
1.53
2.50
2.5
2.15
1.70
2.15
3.30
3.50
1.32
1.35
1.72
1.5
1.0
2.30
2.15
1.62
1.70
 	 2:1(2:0)  
8267	06/01
16:00	 Chievo
AS Roma	
0
0
2.45
1.55
2.5
2.20
1.67
3.40
3.35
2.20
1.70
1.33
1.33
1.0
1.5
2.15
2.40
1.70
1.57
 	 3:3(1:2)  
8275	06/01
16:00	 Juventus
Hellas Verona	
–2.0
+2.0
2.05
1.77
3.0
2.10
1.72
1.20
6.50
16.00
1.01
1.12
5.00
2.5
1.0
2.10
7.00
1.75
1.10
 	 3:0(2:0)  
8268	06/01
16:00	 Lazio
Carpi	
–1.0
+1.0
1.67
2.20
2.5
1.90
1.90
1.42
4.50
8.00
1.08
1.22
2.90
2.0
1.0
2.15
4.00
1.70
1.25
 	 0:0(0:0)  
8269	06/01
16:00	 AC Milan
Bologna	
–1.0
+1.0
1.85
1.95
2.5
1.95
1.85
1.50
4.15
7.00
1.09
1.24
2.60
1.5
1.0
1.65
3.05
2.20
1.35
 	 0:1(0:0)  
8271	06/01
16:00	 Palermo
Fiorentina	
+1.0
–1.0
1.55
2.40
2.5
1.93
1.87
4.75
3.50
1.80
2.00
1.30
1.18
1.0
1.5
2.20
1.90
1.65
1.90
 	 1:3(0:2)  
8272	06/01
16:00	 Sassuolo
Frosinone	
–1.0
+1.0
1.93
1.87
2.5
1.85
1.95
1.52
4.15
6.55
1.10
1.23
2.52
1.5
1.0
1.65
2.75
2.20
1.42
 	 2:2(1:2)  
8274	06/01
19:00	 Empoli
Internazionale Milan	
0
0
2.55
1.47
2.5
2.15
1.70
3.75
3.25
2.10
1.74
1.35
1.27
1.0
1.5
2.10
2.20
1.70
1.65
 	 0:1(0:1)  
8270	06/01
21:45	 Napoli
Torino	
–1.5
+1.5
2.10
1.72
2.5
1.72
2.10
1.37
4.77
8.90
1.06
1.19
3.10
2.0
1.0
1.87
3.05
1.93
1.35
 	 2:1(2:1)  
2884	09/01
16:00	 Carpi
Udinese	
0
0
2.15
1.70
2.0
1.72
2.10
3.05
3.17
2.45
1.55
1.36
1.37
1.0
1.0
2.00
1.75
1.80
2.05
 	 2:1(1:0)  
2885	09/01
19:00	 Fiorentina
Lazio	
–1.0
+1.0
2.85
1.42
2.5
2.20
1.67
1.95
3.50
4.00
1.25
1.31
1.87
1.5
1.0
2.05
2.20
1.75
1.65
 	 1:3(0:1)  
2886	09/01
21:45	 AS Roma
AC Milan	
0
0
1.50
2.50
2.5
1.93
1.87
2.10
3.40
3.55
1.30
1.32
1.74
1.5
1.0
1.95
1.90
1.85
1.90
 	 1:1(1:0)  
2887	10/01
13:30	 Internazionale Milan
Sassuolo	
–1.0
+1.0
1.95
1.85
2.5
1.90
1.90
1.55
4.00
6.40
1.10
1.25
2.45
1.5
1.0
1.67
2.95
2.15
1.37
 	 0:1(0:0)  
2888	10/01
16:00	 Atalanta
Genoa	
0
0
1.60
2.30
2.0
1.67
2.20
2.30
3.15
3.35
1.33
1.35
1.62
1.0
1.0
1.60
2.00
2.30
1.80
 	 0:2(0:0)  
2889	10/01
16:00	 Bologna
Chievo	
0
0
1.67
2.20
2.0
1.90
1.90
2.45
3.00
3.25
1.35
1.40
1.55
1.0
1.0
1.83
2.20
1.97
1.65
 	 0:1(0:0)  
2891	10/01
16:00	 Frosinone
Napoli	
+2.0
–2.0
1.90
1.90
3.5
2.10
1.75
13.70
6.85
1.20
4.55
1.10
1.02
1.0
2.5
3.75
1.75
1.25
2.05
 	 1:5(0:2)  
2892	10/01
16:00	 Hellas Verona
Palermo	
0
0
1.57
2.35
2.5
2.15
1.72
2.20
3.25
3.45
1.30
1.34
1.67
1.0
1.0
1.52
1.95
2.45
1.85
 	 0:1(0:1)  
2890	10/01
16:00	 Torino
Empoli	
–1.0
+1.0
2.55
1.48
2.5
2.20
1.67
1.85
3.40
4.60
1.20
1.32
1.95
1.5
1.0
2.05
2.55
1.75
1.47
 	 0:1(0:0)  
2893	10/01
21:45	 Sampdoria
Juventus	
+1.0
–1.0
2.00
1.80
2.5
2.00
1.80
7.80
4.10
1.47
2.67
1.23
1.07
1.0
1.5
3.55
1.65
1.27
2.20
 	 1:2(0:1) 
3703	16/01
16:00	 Atalanta
Internazionale Milan	
+1.0
–1.0
1.45
2.65
2.5
2.10
1.73
3.95
3.50
1.95
1.85
1.31
1.25
1.0
1.5
2.20
2.05
1.65
1.77
 	 1:1(1:1)  
3704	16/01
19:00	 Torino
Frosinone	
–1.5
+1.5
1.87
1.93
3.0
2.10
1.70
1.30
5.32
10.50
1.04
1.16
3.50
2.0
1.0
1.67
4.00
2.15
1.22
 	 4:2(3:1)  
3705	16/01
21:45	 Napoli
Sassuolo	
–1.5
+1.5
1.83
1.97
3.0
1.95
1.85
1.28
5.65
10.50
1.04
1.14
3.70
2.5
1.0
2.20
3.60
1.67
1.30
 	 3:1(2:1)  
3706	17/01
13:30	 Genoa
Palermo	
–1.0
+1.0
2.35
1.60
2.5
1.93
1.87
1.75
3.65
4.90
1.18
1.28
2.07
1.5
1.0
1.83
2.35
1.97
1.60
 	 4:0(1:0)  
3707	17/01
16:00	 Bologna
Lazio	
0
0
2.55
1.47
2.0
1.67
2.20
3.67
3.30
2.10
1.73
1.34
1.27
1.0
1.5
2.20
2.30
1.65
1.60
 	 2:2(2:0)  
3708	17/01
16:00	 Carpi
Sampdoria	
0
0
1.80
2.00
2.0
1.67
2.20
2.55
3.15
2.92
1.40
1.36
1.50
1.0
1.0
1.77
1.90
2.05
1.90
 	 2:1(1:1)  
3709	17/01
16:00	 Chievo
Empoli	
0
0
1.70
2.15
2.0
1.85
1.95
2.45
3.15
3.07
1.37
1.35
1.55
1.0
1.0
1.85
2.15
1.95
1.67
 	 1:1(1:0)  
3710	17/01
16:00	 AS Roma
Hellas Verona	
–1.5
+1.5
1.97
1.83
2.5
1.70
2.15
1.33
5.10
9.55
1.04
1.17
3.30
2.0
1.0
1.80
3.55
2.00
1.28
 	 1:1(1:0)  
3711	17/01
16:00	 Udinese
Juventus	
+1.0
–1.0
1.75
2.07
2.5
2.10
1.72
6.50
3.95
1.55
2.45
1.25
1.10
1.0
1.5
3.05
1.80
1.35
2.00
 	 0:4(0:4)  
3712	17/01
21:45	 AC Milan
Fiorentina	
0
0
1.67
2.20
2.5
1.97
1.83
2.35
3.35
3.05
1.37
1.33
1.60
1.5
1.0
2.25
1.75
1.62
2.05
 	 2:0(1:0)  
1060	23/01
19:00	 Frosinone
Atalanta	
0
0
2.20
1.67
2.5
1.83
1.97
3.10
3.40
2.30
1.62
1.32
1.37
1.0
1.5
1.67
2.10
2.15
1.70
 	 0:0(0:0)  
1061	23/01
21:45	 Empoli
AC Milan	
0
0
2.50
1.50
2.5
2.00
1.80
3.60
3.25
2.15
1.70
1.35
1.28
1.0
1.0
1.90
1.50
1.90
2.50
 	 2:2(1:1)  
1062	24/01
13:30	 Fiorentina
Torino	
–1.0
+1.0
2.40
1.55
2.5
2.00
1.80
1.77
3.55
4.90
1.17
1.28
2.05
1.5
1.0
1.85
2.35
1.95
1.57
 	 2:0(1:0)  
1068	24/01
16:00	 Hellas Verona
Genoa	
0
0
2.35
1.57
2.5
2.00
1.80
3.30
3.30
2.25
1.65
1.33
1.33
1.0
1.5
1.85
2.25
1.95
1.62
 	 1:1(1:1)  
1063	24/01
16:00	 Internazionale Milan
Carpi	
–1.5
+1.5
2.05
1.77
2.5
1.85
1.95
1.34
4.85
10.00
1.04
1.18
3.27
2.0
1.0
1.95
4.00
1.85
1.22
 	 1:1(1:0)  
1064	24/01
16:00	 Lazio
Chievo	
–1.0
+1.0
2.20
1.67
2.5
2.10
1.72
1.65
3.65
5.85
1.13
1.29
2.25
1.5
1.0
1.87
3.20
1.93
1.32
 	 4:1(0:1)  
1065	24/01
16:00	 Palermo
Udinese	
0
0
1.87
1.93
2.5
2.10
1.72
2.67
3.15
2.78
1.45
1.35
1.47
1.0
1.0
1.70
1.75
2.10
2.05
 	 4:1(1:0)  
1066	24/01
16:00	 Sampdoria
Napoli	
+1.0
–1.0
2.10
1.72
2.5
1.70
2.15
7.00
4.55
1.45
2.75
1.20
1.09
1.0
2.0
2.65
1.95
1.45
1.85
 	 2:4(1:2)  
1067	24/01
16:00	 Sassuolo
Bologna	
–1.0
+1.0
2.55
1.47
2.0
1.67
2.20
1.83
3.45
4.65
1.20
1.30
1.97
1.5
1.0
2.05
2.55
1.75
1.47
 	 0:2(0:0)  
1069	24/01
21:45	 Juventus
AS Roma	
–1.0
+1.0
2.05
1.75
2.5
1.95
1.85
1.60
3.80
6.10
1.12
1.27
2.34
1.5
1.0
1.75
2.65
2.05
1.44
 	 1:0(0:0)  
4893	30/01
16:00	 Carpi
Palermo	
0
0
1.60
2.30
2.5
2.20
1.67
2.27
3.20
3.35
1.33
1.35
1.63
1.5
1.0
2.30
2.00
1.60
1.80
 	 1:1(0:1)  
4892	30/01
19:00	 Atalanta
Sassuolo	
0
0
1.60
2.30
2.0
1.67
2.20
2.35
3.10
3.30
1.34
1.37
1.60
1.0
1.0
1.67
1.97
2.15
1.83
 	 1:1(1:1)  
4894	30/01
21:45	 AS Roma
Frosinone	
–2.0
+2.0
2.00
1.80
3.0
1.72
2.10
1.20
6.70
14.50
1.02
1.11
4.55
2.5
1.0
1.85
4.00
1.95
1.23
 	 3:1(1:1)  
4897	31/01
13:30	 Chievo
Juventus	
+1.0
–1.0
2.07
1.75
2.5
2.15
1.70
9.00
4.15
1.43
2.82
1.23
1.06
1.0
1.5
4.50
1.67
1.18
2.15
 	 0:4(0:2)  
4895	31/01
16:00	 Bologna
Sampdoria	
0
0
1.50
2.50
2.5
2.15
1.72
2.15
3.25
3.60
1.28
1.35
1.70
1.5
1.0
2.30
2.05
1.62
1.75
 	 3:2(2:0)  
4896	31/01
16:00	 Genoa
Fiorentina	
0
0
2.25
1.65
2.5
1.93
1.87
3.15
3.35
2.30
1.62
1.33
1.35
1.0
1.5
1.80
2.20
2.00
1.65
 	 0:0(0:0)  
4898	31/01
16:00	 Napoli
Empoli	
–1.5
+1.5
1.83
1.97
3.0
1.97
1.83
1.29
5.65
10.00
1.05
1.14
3.60
2.5
1.0
2.20
3.55
1.67
1.27
 	 5:1(2:1)  
4899	31/01
16:00	 Torino
Hellas Verona	
–1.0
+1.0
1.85
1.95
2.5
1.93
1.87
1.48
4.20
7.25
1.08
1.23
2.65
1.5
1.0
1.67
3.05
2.15
1.35
 	 0:0(0:0)  
4900	31/01
16:00	 Udinese
Lazio	
0
0
2.30
1.60
2.5
2.20
1.67
3.25
3.25
2.30
1.62
1.35
1.35
1.0
1.0
2.00
1.57
1.80
2.40
 	 0:0(0:0)  
4901	31/01
21:45	 AC Milan
Internazionale Milan	
0
0
1.72
2.10
2.0
1.72
2.10
2.47
3.20
3.00
1.38
1.35
1.55
1.0
1.0
1.70
2.00
2.10
1.80
 	 3:0(1:0)  
5745	02/02
21:45	 Sassuolo
AS Roma	
0
0
2.10
1.72
2.5
2.15
1.70
3.05
3.20
2.45
1.56
1.36
1.38
1.0
1.0
1.93
1.57
1.87
2.35
 	 0:2(0:1)  
5752	03/02
19:30	 Frosinone
Bologna	
0
0
2.15
1.70
2.5
2.00
1.80
3.00
3.30
2.40
1.57
1.33
1.39
1.0
1.0
1.80
1.57
2.00
2.35
 	 1:0(0:0)  
5769	03/02
21:45	 Empoli
Udinese	
0
0
1.45
2.65
2.5
2.10
1.72
2.00
3.35
3.95
1.25
1.33
1.80
1.5
1.0
2.15
2.15
1.67
1.67
 	 1:1(0:1)  
5763	03/02
21:45	 Fiorentina
Carpi	
–1.0
+1.0
1.67
2.20
2.5
1.83
1.97
1.40
4.60
8.30
1.07
1.20
2.95
2.0
1.0
2.05
3.20
1.75
1.32
 	 2:1(1:0)  
5768	03/02
21:45	 Hellas Verona
Atalanta	
0
0
1.70
2.15
2.5
2.15
1.72
2.40
3.15
3.15
1.36
1.36
1.57
1.0
1.0
1.65
1.90
2.25
1.90
 	 2:1(1:1)  
5764	03/02
21:45	 Internazionale Milan
Chievo	
–1.0
+1.0
1.77
2.05
2.5
2.05
1.77
1.45
4.10
8.50
1.06
1.24
2.75
1.5
1.0
1.67
3.75
2.15
1.25
 	 1:0(0:0)  
5770	03/02
21:45	 Juventus
Genoa	
–1.5
+1.5
1.87
1.93
2.5
1.80
2.00
1.27
5.50
12.00
1.03
1.15
3.77
2.0
1.0
1.75
5.00
2.05
1.15
 	 1:0(1:0)  
5765	03/02
21:45	 Lazio
Napoli	
+1.0
–1.0
1.50
2.50
2.5
1.83
1.97
4.05
3.60
1.90
1.90
1.28
1.23
1.0
1.5
2.05
1.90
1.77
1.90
 	 0:2(0:2)  
5766	03/02
21:45	 Palermo
AC Milan	
+1.0
–1.0
1.47
2.55
2.5
1.97
1.83
4.20
3.65
1.85
1.95
1.27
1.23
1.0
1.5
2.20
1.95
1.65
1.85
 	 0:2(0:2)  
5767	03/02
21:45	 Sampdoria
Torino	
0
0
1.90
1.90
2.5
2.05
1.77
2.72
3.15
2.72
1.46
1.36
1.46
1.0
1.0
1.67
1.67
2.15
2.15
 	 2:2(0:0)  
6625	06/02
19:00	 Bologna
Fiorentina	
+1.0
–1.0
1.42
2.75
2.5
2.20
1.67
4.35
3.40
1.90
1.90
1.32
1.22
1.0
1.5
2.35
2.05
1.57
1.75
 	 1:1(0:0)  
6631	06/02
21:45	 Genoa
Lazio	
0
0
1.77
2.05
2.0
1.67
2.20
2.55
3.17
2.90
1.40
1.36
1.50
1.0
1.0
1.75
1.87
2.05
1.93
 	 0:0(0:0)  
6636	07/02
13:30	 Hellas Verona
Internazionale Milan	
+1.0
–1.0
1.53
2.50
2.5
1.85
1.95
4.35
3.65
1.83
1.97
1.29
1.22
1.0
1.5
2.10
1.85
1.72
1.95
 	 3:3(2:1)  
6635	07/02
16:00	 Frosinone
Juventus	
+1.5
–1.5
2.10
1.72
3.0
2.05
1.77
14.00
6.20
1.22
4.30
1.12
1.02
1.0
2.5
4.70
2.05
1.18
1.75
 	 0:2(0:0)  
6627	07/02
16:00	 AC Milan
Udinese	
–1.0
+1.0
1.85
1.95
2.5
1.83
1.97
1.48
4.25
7.10
1.09
1.22
2.65
1.5
1.0
1.60
2.95
2.30
1.38
 	 1:1(0:1)  
6632	07/02
16:00	 Napoli
Carpi	
–2.0
+2.0
1.72
2.10
3.0
1.77
2.05
1.14
8.00
20.00
 	
1.08
5.70
2.5
1.0
1.75
5.80
2.05
1.11
 	 1:0(0:0)  
6633	07/02
16:00	 Sassuolo
Palermo	
–1.0
+1.0
2.35
1.60
2.5
2.05
1.77
1.75
3.55
5.05
1.16
1.30
2.07
1.5
1.0
1.90
2.55
1.90
1.47
 	 2:2(1:1)  
6634	07/02
16:00	 Torino
Chievo	
–1.0
+1.0
2.20
1.65
2.5
2.15
1.70
1.67
3.55
5.83
1.14
1.30
2.20
1.5
1.0
1.90
2.95
1.90
1.37
 	 1:2(1:1)  
6626	07/02
19:00	 Atalanta
Empoli	
0
0
1.80
2.00
2.0
1.70
2.15
2.60
3.10
2.90
1.42
1.38
1.50
1.0
1.0
1.75
1.87
2.10
1.93
 	 0:0(0:0)  
6637	07/02
21:45	 AS Roma
Sampdoria	
–1.5
+1.5
2.15
1.70
2.5
1.70
2.15
1.40
4.70
8.00
1.07
1.19
2.95
2.0
1.0
1.90
2.95
1.90
1.37
 	 2:1(1:0)  
2018	11/02
21:45	 Lazio
Hellas Verona	
–1.0
+1.0
1.70
2.15
2.5
1.80
2.00
1.45
4.40
7.40
1.08
1.20
2.75
2.0
1.0
2.00
2.75
1.80
1.42
 	 5:2(1:0)  
2014	12/02
21:45	 Carpi
AS Roma	
+1.0
–1.0
1.47
2.55
2.5
2.10
1.72
4.25
3.45
1.90
1.90
1.30
1.22
1.0
1.5
2.35
2.05
1.57
1.75
 	 1:3(0:0)  
2016	13/02
16:00	 Empoli
Frosinone	
–1.0
+1.0
1.93
1.87
2.5
1.80
2.00
1.53
4.10
6.40
1.10
1.23
2.50
1.5
1.0
1.67
2.75
2.20
1.46
 	 1:2(0:1)  
2015	13/02
19:00	 Chievo
Sassuolo	
0
0
1.77
2.05
2.0
1.67
2.20
2.57
3.17
2.87
1.42
1.36
1.50
1.0
1.0
1.75
1.95
2.05
1.85
 	 1:1(1:1)  
2017	13/02
21:45	 Juventus
Napoli	
0
0
1.47
2.55
2.5
2.15
1.70
2.10
3.35
3.60
1.28
1.33
1.74
1.5
1.0
2.05
2.05
1.75
1.75
 	 1:0(0:0)  
2019	14/02
13:30	 AC Milan
Genoa	
–1.0
+1.0
2.20
1.67
2.5
1.97
1.83
1.65
3.77
5.55
1.14
1.27
2.24
1.5
1.0
1.77
2.65
2.05
1.45
 	 2:1(1:0)  
2020	14/02
16:00	 Palermo
Torino	
0
0
2.05
1.77
2.5
2.15
1.72
2.95
3.20
2.50
1.53
1.35
1.40
1.0
1.0
1.85
1.67
1.95
2.20
 	 1:3(1:2)  
2021	14/02
16:00	 Sampdoria
Atalanta	
0
0
1.47
2.55
2.5
2.05
1.77
2.10
3.27
3.70
1.27
1.34
1.74
1.5
1.0
2.20
2.10
1.67
1.75
 	 0:0(0:0)  
2022	14/02
16:00	 Udinese
Bologna	
0
0
1.47
2.55
2.0
1.72
2.15
2.10
3.20
3.80
1.27
1.35
1.74
1.0
1.0
1.60
2.30
2.35
1.62
 	 0:1(0:0)  
2023	14/02
21:45	 Fiorentina
Internazionale Milan	
0
0
1.60
2.30
2.5
2.05
1.75
2.25
3.25
3.35
1.33
1.35
1.65
1.5
1.0
2.35
1.90
1.57
1.90
 	 2:1(0:1)  
7216	19/02
21:45	 Bologna
Juventus	
+1.0
–1.0
1.75
2.05
2.0
1.77
2.05
7.10
3.65
1.57
2.40
1.28
1.09
1.0
1.5
3.75
1.80
1.25
2.00
 	 0:0(0:0)  
7217	20/02
19:00	 Hellas Verona
Chievo	
0
0
1.67
2.20
2.5
2.15
1.70
2.40
3.15
3.15
1.36
1.36
1.57
1.0
1.0
1.60
1.90
2.30
1.90
 	 3:1(1:0)  
7218	20/02
21:45	 Internazionale Milan
Sampdoria	
–1.0
+1.0
1.87
1.93
2.5
1.75
2.05
1.50
4.30
6.55
1.10
1.22
2.60
2.0
1.0
2.10
2.65
1.70
1.45
 	 3:1(1:0)  
7219	21/02
16:00	 Atalanta
Fiorentina	
0
0
2.75
1.42
2.5
2.15
1.70
4.00
3.30
2.00
1.80
1.33
1.25
1.0
1.5
2.30
2.20
1.60
1.67
 	 2:3(0:0)  
7220	21/02
16:00	 Genoa
Udinese	
0
0
1.42
2.75
2.0
1.67
2.20
2.00
3.30
4.00
1.25
1.33
1.80
1.5
1.0
2.30
2.35
1.60
1.57
 	 2:1(0:1)  
7221	21/02
16:00	 Sassuolo
Empoli	
–1.0
+1.0
2.75
1.42
2.5
2.20
1.67
2.00
3.20
4.17
1.23
1.35
1.80
1.5
1.0
2.20
2.35
1.65
1.57
 	 3:2(1:1)  
7222	21/02
16:00	 Torino
Carpi	
–1.0
+1.0
2.05
1.75
2.5
2.10
1.72
1.58
3.85
6.25
1.12
1.26
2.37
1.5
1.0
1.85
3.45
1.95
1.32
 	 0:0(0:0)  
7223	21/02
19:00	 Frosinone
Lazio	
+1.0
–1.0
1.67
2.20
2.5
1.85
1.95
5.45
3.70
1.67
2.20
1.28
1.14
1.0
1.5
2.50
1.80
1.53
2.05
 	 0:0(0:0)  
7224	21/02
21:45	 AS Roma
Palermo	
–1.5
+1.5
2.00
1.80
2.5
1.72
2.10
1.33
5.10
9.50
1.04
1.17
3.30
2.0
1.0
1.85
3.80
1.95
1.27
 	 5:0(1:0)  
7225	22/02
22:00	 Napoli
AC Milan	
–1.0
+1.0
1.97
1.83
2.5
1.75
2.05
1.57
4.05
6.00
1.12
1.24
2.40
1.5
1.0
1.67
2.40
2.20
1.55
 	 1:1(1:1)  
749	27/02
19:00	 Empoli
AS Roma	
0
0
2.60
1.50
2.5
2.05
1.75
3.60
3.35
2.10
1.77
1.33
1.30
1.0
1.5
2.15
2.20
1.70
1.67
 	 1:3(1:2)  
750	27/02
21:45	 AC Milan
Torino	
–1.0
+1.0
2.65
1.45
2.5
2.07
1.75
1.90
3.40
4.40
1.20
1.33
1.92
1.5
1.0
1.87
2.50
1.93
1.50
 	 1:0(1:0)  
753	28/02
13:30	 Palermo
Bologna	
0
0
1.87
1.93
2.5
2.10
1.72
2.67
3.17
2.77
1.45
1.36
1.48
1.0
1.0
1.70
1.75
2.10
2.05
 	 0:0(0:0)  
752	28/02
16:00	 Carpi
Atalanta	
0
0
1.72
2.10
2.0
1.80
2.00
2.40
3.15
3.15
1.36
1.36
1.57
1.0
1.0
1.83
2.15
2.00
1.70
 	 1:1(0:0)  
754	28/02
16:00	 Chievo
Genoa	
0
0
1.97
1.83
2.0
1.72
2.10
2.85
3.10
2.65
1.48
1.37
1.43
1.0
1.0
1.90
1.80
1.90
2.00
 	 1:0(0:0)  
751	28/02
16:00	 Sampdoria
Frosinone	
–1.0
+1.0
1.93
1.87
3.0
2.05
1.77
1.57
4.10
5.90
1.13
1.24
2.40
2.0
1.0
2.05
2.25
1.75
1.65
 	 2:0(1:0)  
755	28/02
16:00	 Udinese
Hellas Verona	
–1.0
+1.0
2.65
1.47
2.5
1.83
1.97
1.94
3.55
4.00
1.23
1.30
1.87
1.5
1.0
1.87
1.95
1.93
1.85
 	 2:0(1:0)  
756	28/02
21:45	 Juventus
Internazionale Milan	
–1.0
+1.0
1.97
1.83
2.5
2.15
1.70
1.55
3.80
7.00
1.10
1.27
2.45
1.5
1.0
1.80
3.20
2.00
1.32
 	 2:0(0:0)  
757	29/02
20:00	 Lazio
Sassuolo	
–1.0
+1.0
2.30
1.62
2.5
2.05
1.77
1.70
3.65
5.30
1.15
1.29
2.15
1.5
1.0
1.93
2.80
1.87
1.44
 	 0:2(0:1)  
758	29/02
22:00	 Fiorentina
Napoli	
0
0
2.30
1.62
2.5
2.10
1.75
3.20
3.30
2.30
1.62
1.34
1.36
1.0
1.5
1.90
2.35
1.90
1.60
 	 1:1(1:1)  
6518	04/03
21:45	 AS Roma
Fiorentina	
0
0
1.47
2.55
2.5
2.05
1.77
2.10
3.27
3.90
1.27
1.36
1.75
1.5
1.0
2.15
1.95
1.70
1.85
 	 4:1(3:1)  
6519	05/03
19:00	 Hellas Verona
Sampdoria	
0
0
1.75
2.07
2.5
1.83
1.97
2.45
3.40
2.90
1.42
1.33
1.57
1.5
1.0
2.20
1.65
1.65
2.25
 	 0:3(0:3)  
6520	05/03
21:45	 Napoli
Chievo	
–2.0
+2.0
2.00
1.80
3.0
1.95
1.85
1.18
7.00
17.00
1.01
1.10
4.95
2.5
1.0
1.95
5.00
1.85
1.16
 	 3:1(2:1)  
6521	06/03
13:30	 Torino
Lazio	
0
0
1.65
2.25
2.5
2.20
1.67
2.35
3.25
3.15
1.36
1.35
1.60
1.0
1.0
1.65
2.00
2.25
1.80
 	 1:1(1:0)  
6522	06/03
16:00	 Atalanta
Juventus	
+1.0
–1.0
1.87
1.93
2.0
1.67
2.20
7.25
3.85
1.53
2.52
1.26
1.08
1.0
1.5
4.30
1.87
1.22
1.93
 	 0:2(0:1)  
6523	06/03
16:00	 Bologna
Carpi	
–1.0
+1.0
2.65
1.45
2.0
1.85
1.95
1.88
3.30
4.60
1.20
1.33
1.92
1.5
1.0
2.30
3.10
1.62
1.37
 	 0:0(0:0)  
6526	06/03
16:00	 Frosinone
Udinese	
0
0
2.50
1.52
2.5
1.93
1.87
3.42
3.40
2.15
1.70
1.32
1.32
1.0
1.5
1.90
2.15
1.90
1.70
 	 2:0(1:0)  
6524	06/03
16:00	 Genoa
Empoli	
0
0
1.40
2.85
2.5
2.20
1.67
1.97
3.30
4.15
1.23
1.34
1.83
1.5
1.0
2.20
2.45
1.65
1.57
 	 1:0(0:0)  
6525	06/03
16:00	 Sassuolo
AC Milan	
0
0
2.20
1.65
2.5
2.15
1.70
3.10
3.35
2.35
1.60
1.34
1.37
1.0
1.0
2.00
1.62
1.80
2.30
 	 2:0(1:0)  
6527	06/03
21:45	 Internazionale Milan
Palermo	
–1.5
+1.5
1.80
2.00
3.0
1.80
2.00
1.28
5.70
11.00
1.04
1.15
3.75
2.5
1.0
2.10
3.35
1.75
1.33
 	 3:1(2:1)  
5127	11/03
21:45	 Juventus
Sassuolo	
–1.5
+1.5
2.05
1.77
2.5
1.97
1.83
1.33
4.90
10.70
1.04
1.18
3.35
2.0
1.0
1.95
4.55
1.85
1.18
 	 1:0(1:0)  
5128	12/03
19:00	 Empoli
Sampdoria	
0
0
1.52
2.50
2.5
2.05
1.77
2.15
3.25
3.60
1.29
1.35
1.70
1.5
1.0
2.30
1.93
1.62
1.87
 	 1:1(0:1)  
5129	12/03
21:45	 Internazionale Milan
Bologna	
–1.0
+1.0
2.00
1.80
2.5
2.00
1.80
1.55
4.00
6.40
1.12
1.25
2.45
1.5
1.0
1.70
3.05
2.10
1.35
 	 2:1(0:0)  
5130	13/03
13:30	 Chievo
AC Milan	
0
0
2.75
1.43
2.0
1.67
2.20
4.00
3.30
2.02
1.80
1.34
1.25
1.0
1.5
2.40
2.20
1.57
1.65
 	 0:0(0:0)  
5132	13/03
16:00	 Carpi
Frosinone	
–1.0
+1.0
2.65
1.45
2.5
2.10
1.72
1.95
3.45
4.05
1.25
1.32
1.85
1.5
1.0
2.10
2.30
1.70
1.60
 	 2:1(1:0)  
5134	13/03
16:00	 Fiorentina
Hellas Verona	
–1.5
+1.5
1.85
1.95
3.0
2.00
1.80
1.30
5.10
11.50
1.04
1.17
3.50
2.0
1.0
1.67
4.00
2.20
1.25
 	 1:1(1:0)  
5131	13/03
16:00	 Genoa
Torino	
0
0
1.77
2.05
2.5
2.20
1.67
2.57
3.00
3.05
1.38
1.39
1.50
1.0
1.0
1.72
1.90
2.10
1.90
 	 3:2(2:2)  
5133	13/03
16:00	 Udinese
AS Roma	
+1.0
–1.0
1.55
2.45
2.5
2.05
1.77
4.55
3.65
1.80
2.00
1.29
1.20
1.0
1.5
2.50
1.90
1.50
1.90
 	 1:2(0:1)  
5135	13/03
21:45	 Lazio
Atalanta	
–1.0
+1.0
2.15
1.72
2.5
2.10
1.72
1.60
3.70
6.45
1.12
1.28
2.35
1.5
1.0
1.90
3.20
1.90
1.35
 	 2:0(0:0)  
5136	13/03
21:45	 Palermo
Napoli	
+1.5
–1.5
1.90
1.90
3.0
1.85
1.95
10.00
5.50
1.30
3.55
1.15
1.05
1.0
2.5
2.95
2.10
1.37
1.70
 	 0:1(0:1)  
5452	19/03
19:00	 Empoli
Palermo	
–1.0
+1.0
2.25
1.65
2.5
1.93
1.87
1.70
3.75
5.10
1.16
1.27
2.15
1.5
1.0
1.85
2.45
1.95
1.55
 	 0:0(0:0)  
5453	19/03
21:45	 AS Roma
Internazionale Milan	
–1.0
+1.0
2.50
1.50
2.5
1.93
1.87
1.83
3.55
4.55
1.20
1.30
1.97
1.5
1.0
1.90
2.20
1.90
1.67
 	 1:1(0:0)  
5454	20/03
13:30	 Atalanta
Bologna	
0
0
1.50
2.50
2.0
1.80
2.00
2.15
3.15
3.75
1.28
1.37
1.70
1.0
1.0
1.67
2.45
2.20
1.55
 	 2:0(2:0)  
5458	20/03
16:00	 Frosinone
Fiorentina	
+1.0
–1.0
1.72
2.15
2.5
1.83
1.97
5.50
3.90
1.62
2.35
1.27
1.15
1.0
1.5
2.45
1.72
1.57
2.10
 	 0:0(0:0)  
5459	20/03
16:00	 Hellas Verona
Carpi	
0
0
1.50
2.55
2.5
2.15
1.72
2.15
3.20
3.60
1.30
1.35
1.72
1.5
1.0
2.30
2.10
1.62
1.75
 	 1:2(0:1)  
5455	20/03
16:00	 Sampdoria
Chievo	
–1.0
+1.0
2.55
1.50
2.5
2.00
1.80
1.87
3.45
4.40
1.20
1.30
1.93
1.5
1.0
2.00
2.45
1.80
1.57
 	 0:1(0:1)  
5456	20/03
16:00	 Sassuolo
Udinese	
–1.0
+1.0
2.60
1.50
2.5
2.15
1.70
1.85
3.45
4.55
1.20
1.32
1.96
1.5
1.0
2.10
2.65
1.72
1.48
 	 1:1(0:1)  
5457	20/03
16:00	 Torino
Juventus	
+1.0
–1.0
1.48
2.55
2.0
1.77
2.05
4.85
3.35
1.83
1.98
1.33
1.17
1.0
1.5
3.05
2.10
1.38
1.73
 	 1:4(0:2)  
5460	20/03
19:00	 Napoli
Genoa	
–1.5
+1.5
1.85
1.95
3.0
1.90
1.90
1.27
5.80
11.00
1.04
1.14
3.80
2.5
1.0
2.20
3.45
1.67
1.32
 	 3:1(0:1)  
5461	20/03
21:45	 AC Milan
Lazio	
–1.0
+1.0
2.65
1.44
2.5
2.20
1.67
1.95
3.35
4.20
1.23
1.33
1.85
1.5
1.0
2.15
2.40
1.70
1.57
 	 1:1(1:1)  
2711	02/04
19:00	 Carpi
Sassuolo	
0
0
2.28
1.72
2.0
1.86
2.07
3.30
3.23
2.45
1.63
1.41
1.39
1.0
1.0
2.25
1.84
1.72
2.08
 	 1:3(1:2)  
2712	02/04
21:45	 Juventus
Empoli	
–1.5
+1.5
1.90
1.90
2.5
1.90
1.90
1.27
5.40
13.00
1.03
1.16
3.80
2.0
1.0
1.90
6.00
1.90
1.12
 	 1:0(1:0)  
2713	03/04
13:30	 Udinese
Napoli	
+1.0
–1.0
2.05
1.77
2.5
1.75
2.05
7.15
4.50
1.45
2.76
1.21
1.10
1.0
2.0
2.90
2.00
1.40
1.80
 	 3:1(2:1)  
2714	03/04
16:00	 Atalanta
AC Milan	
0
0
2.30
1.60
2.5
2.20
1.67
3.40
3.20
2.25
1.65
1.35
1.32
1.0
1.0
2.05
1.60
1.77
2.35
 	 2:1(1:1)  
2716	03/04
16:00	 Chievo
Palermo	
0
0
1.50
2.55
2.5
2.15
1.70
2.10
3.25
3.75
1.28
1.35
1.74
1.5
1.0
2.35
2.15
1.60
1.70
 	 3:1(1:1)  
2718	03/04
16:00	 Fiorentina
Sampdoria	
–1.0
+1.0
1.97
1.83
2.5
1.75
2.05
1.55
4.25
5.85
1.14
1.23
2.46
1.5
1.0
1.67
2.50
2.20
1.53
 	 1:1(1:1)  
2715	03/04
16:00	 Genoa
Frosinone	
–1.0
+1.0
1.83
1.97
2.5
1.80
2.00
1.48
4.30
7.00
1.10
1.23
2.70
2.0
1.0
2.15
2.80
1.70
1.44
 	 4:0(1:0)  
2717	03/04
16:00	 Lazio
AS Roma	
0
0
2.50
1.52
2.5
2.05
1.77
3.60
3.35
2.10
1.74
1.33
1.29
1.0
1.5
2.05
2.25
1.77
1.65
 	 1:4(0:1)  
2719	03/04
21:45	 Internazionale Milan
Torino	
–1.0
+1.0
2.35
1.60
2.5
1.93
1.87
1.75
3.60
4.95
1.18
1.29
2.08
1.5
1.0
1.87
2.45
1.93
1.57
 	 1:2(1:0)  
2720	04/04
21:45	 Bologna
Hellas Verona	
–1.0
+1.0
2.55
1.50
2.5
2.05
1.75
1.85
3.50
4.45
1.20
1.30
1.95
1.5
1.0
2.05
2.50
1.77
1.53
 	 0:1(0:1)  
8283	09/04
16:00	 Frosinone
Internazionale Milan	
+1.0
–1.0
1.80
2.00
2.5
1.80
2.00
6.10
3.85
1.60
2.36
1.27
1.12
1.0
1.5
2.50
1.67
1.53
2.20
 	 0:1(0:0)  
8284	09/04
19:00	 Chievo
Carpi	
0
0
1.53
2.50
2.0
1.72
2.10
2.20
3.15
3.57
1.30
1.36
1.67
1.0
1.0
1.60
2.25
2.35
1.65
 	 1:0(0:0)  
8285	09/04
19:00	 Sassuolo
Genoa	
–1.0
+1.0
2.60
1.50
2.5
1.93
1.87
1.87
3.55
4.25
1.22
1.30
1.93
1.5
1.0
1.97
2.20
1.83
1.67
 	 0:1(0:1)  
8286	09/04
21:45	 AC Milan
Juventus	
0
0
2.77
1.50
2.0
1.76
2.20
4.10
3.33
2.10
1.84
1.39
1.29
1.0
1.5
2.47
2.35
1.60
1.63
 	 1:2(1:1)  
8287	10/04
13:30	 Empoli
Fiorentina	
0
0
2.20
1.67
2.5
2.05
1.77
3.20
3.20
2.35
1.60
1.36
1.35
1.0
1.0
1.83
1.60
1.97
2.35
 	 2:0(1:0)  
8288	10/04
16:00	 Napoli
Hellas Verona	
–2.0
+2.0
2.10
1.72
3.5
2.15
1.70
1.22
6.45
13.00
1.03
1.12
4.30
2.5
1.0
1.93
3.45
1.87
1.32
 	 3:0(2:0)  
8289	10/04
16:00	 Sampdoria
Udinese	
0
0
1.47
2.55
2.5
2.00
1.80
2.07
3.20
3.90
1.26
1.35
1.76
1.5
1.0
2.20
2.05
1.67
1.77
 	 2:0(0:0)  
8290	10/04
16:00	 Torino
Atalanta	
–1.0
+1.0
2.60
1.50
2.5
2.20
1.67
1.83
3.40
4.75
1.19
1.32
1.98
1.5
1.0
2.10
2.75
1.72
1.46
 	 2:1(1:0)  
8291	10/04
21:45	 Palermo
Lazio	
0
0
2.50
1.52
2.5
2.00
1.80
3.55
3.45
2.10
1.75
1.32
1.30
1.0
1.5
1.97
2.20
1.83
1.67
 	 0:3(0:2)  
8292	11/04
21:45	 AS Roma
Bologna	
–1.5
+1.5
1.95
1.85
2.5
1.83
1.97
1.28
5.30
12.50
1.03
1.16
3.70
2.0
1.0
1.90
5.00
1.90
1.18
 	 1:1(0:1)  
241	16/04
16:00	 Bologna
Torino	
0
0
2.05
1.77
2.0
1.67
2.20
2.95
3.15
2.55
1.52
1.37
1.40
1.0
1.0
1.90
1.77
1.90
2.05
 	 0:1(0:0)  
242	16/04
19:00	 Carpi
Genoa	
0
0
1.90
1.90
2.0
1.67
2.20
2.75
3.10
2.75
1.46
1.38
1.46
1.0
1.0
1.85
1.85
1.95
1.95
 	 4:1(2:1)  
243	16/04
21:45	 Internazionale Milan
Napoli	
0
0
2.30
1.72
2.5
2.03
1.87
3.25
3.32
2.43
1.64
1.39
1.40
1.0
1.5
1.75
2.35
2.17
1.67
 	 2:0(2:0)  
244	17/04
13:30	 Atalanta
AS Roma	
+1.0
–1.0
1.60
2.35
2.5
1.93
1.87
4.90
3.70
1.73
2.10
1.28
1.18
1.0
1.5
2.40
1.83
1.57
1.97
 	 3:3(2:2)  
246	17/04
16:00	 Fiorentina
Sassuolo	
–1.0
+1.0
2.45
1.55
2.5
1.95
1.85
1.80
3.50
4.75
1.18
1.31
2.00
1.5
1.0
1.95
2.35
1.87
1.60
 	 3:1(1:0)  
247	17/04
16:00	 Hellas Verona
Frosinone	
–1.0
+1.0
2.00
1.80
2.5
1.75
2.05
1.60
4.05
5.55
1.14
1.24
2.34
1.5
1.0
1.67
2.45
2.20
1.57
 	 1:2(0:1)  
248	17/04
16:00	 Juventus
Palermo	
–2.0
+2.0
1.75
2.07
3.0
1.97
1.83
1.13
8.00
24.00
 	
1.08
6.00
2.5
1.0
1.90
7.00
1.90
1.08
 	 4:0(1:0)  
245	17/04
16:00	 Udinese
Chievo	
–1.0
+1.0
2.80
1.44
2.5
2.15
1.70
1.90
3.40
4.35
1.22
1.32
1.90
1.5
1.0
2.15
2.50
1.70
1.53
 	 0:0(0:0)  
249	17/04
19:00	 Lazio
Empoli	
–1.0
+1.0
1.97
1.83
2.5
1.83
1.97
1.57
4.00
6.10
1.12
1.25
2.42
1.5
1.0
1.65
2.65
2.20
1.46
 	 2:0(2:0)  
250	17/04
21:45	 Sampdoria
AC Milan	
0
0
2.20
1.65
2.5
1.95
1.85
3.10
3.30
2.35
1.60
1.34
1.37
1.0
1.5
1.80
2.25
2.00
1.62
 	 0:1(0:0)  
1031	19/04
21:45	 Napoli
Bologna	
–1.5
+1.5
1.75
2.10
3.0
1.97
1.83
1.23
6.00
13.00
1.02
1.12
4.10
2.5
1.0
2.15
4.30
1.72
1.22
 	 6:0(2:0)  
1032	20/04
19:30	 Sassuolo
Sampdoria	
–1.0
+1.0
2.75
1.42
2.5
2.05
1.77
1.97
3.40
3.95
1.25
1.31
1.83
1.5
1.0
2.15
2.25
1.72
1.65
 	 0:0(0:0)  
1034	20/04
21:45	 Chievo
Frosinone	
–1.0
+1.0
2.45
1.57
2.5
1.90
1.90
1.80
3.60
4.50
1.20
1.29
2.00
1.5
1.0
1.90
2.30
1.90
1.62
 	 5:1(1:1)  
1087	20/04
21:45	 Empoli
Hellas Verona	
–1.0
+1.0
2.45
1.57
2.5
1.90
1.90
1.80
3.60
4.50
1.20
1.29
2.00
1.5
1.0
1.90
2.30
1.90
1.62
 	 1:0(0:0)  
1033	20/04
21:45	 Genoa
Internazionale Milan	
0
0
2.10
1.72
2.5
2.05
1.75
3.00
3.30
2.38
1.57
1.33
1.38
1.0
1.0
1.77
1.57
2.05
2.40
 	 1:0(0:0)  
1088	20/04
21:45	 Juventus
Lazio	
–1.0
+1.0
1.72
2.15
2.5
1.95
1.85
1.43
4.30
8.10
1.06
1.22
2.80
1.5
1.0
1.65
4.00
2.25
1.25
 	 3:0(1:0)  
1035	20/04
21:45	 Palermo
Atalanta	
0
0
2.00
1.80
2.5
1.97
1.83
2.80
3.35
2.50
1.53
1.32
1.43
1.0
1.0
1.72
1.60
2.15
2.35
 	 2:2(1:1)  
1036	20/04
21:45	 AS Roma
Torino	
–1.0
+1.0
1.87
1.93
2.5
1.75
2.05
1.47
4.35
6.90
1.10
1.21
2.67
2.0
1.0
2.20
2.75
1.67
1.46
 	 3:2(0:1)  
1037	20/04
21:45	 Udinese
Fiorentina	
0
0
2.40
1.55
2.5
2.05
1.77
3.30
3.35
2.20
1.67
1.32
1.33
1.0
1.5
1.97
2.30
1.83
1.62
 	 2:1(1:1)  
1089	21/04
21:45	 AC Milan
Carpi	
–1.0
+1.0
1.80
2.00
2.5
2.00
1.80
1.43
4.30
8.10
1.07
1.22
2.80
1.5
1.0
1.72
3.80
2.15
1.27
 	 0:0(0:0)
4155	23/04
21:45	 Internazionale Milan
Udinese	
–1.0
+1.0
1.73
2.10
2.5
1.75
2.05
1.45
4.40
7.50
1.09
1.22
2.77
2.0
1.0
2.00
3.05
1.80
1.35
 	 3:1(1:1)  
4156	24/04
13:30	 Frosinone
Palermo	
0
0
1.93
1.87
2.5
1.72
2.10
2.67
3.47
2.57
1.50
1.30
1.47
1.5
1.5
2.25
2.20
1.65
1.67
 	 0:2(0:0)  
4157	24/04
16:00	 Atalanta
Chievo	
–1.0
+1.0
2.65
1.46
2.5
2.05
1.77
1.92
3.45
4.15
1.23
1.31
1.88
1.5
1.0
2.05
2.35
1.75
1.60
 	 1:0(0:0)  
4158	24/04
16:00	 Bologna
Genoa	
0
0
1.57
2.40
2.5
2.10
1.72
2.25
3.25
3.33
1.33
1.34
1.64
1.5
1.0
2.35
2.05
1.60
1.77
 	 2:0(1:0)  
4159	24/04
16:00	 Sampdoria
Lazio	
0
0
2.05
1.75
2.5
1.93
1.87
2.90
3.35
2.45
1.57
1.33
1.42
1.0
1.5
1.67
2.30
2.20
1.62
 	 2:1(1:1)  
4160	24/04
16:00	 Torino
Sassuolo	
0
0
1.50
2.50
2.5
1.95
1.85
2.10
3.40
3.55
1.30
1.32
1.74
1.5
1.0
2.15
1.95
1.70
1.85
 	 1:3(1:1)  
4161	24/04
21:45	 Fiorentina
Juventus	
0
0
2.60
1.50
2.5
2.07
1.75
3.60
3.35
2.10
1.74
1.33
1.29
1.0
1.5
2.10
2.20
1.75
1.67
 	 1:2(0:1)  
4162	25/04
16:00	 AS Roma
Napoli	
0
0
1.80
2.00
2.5
1.75
2.05
2.50
3.55
2.70
1.47
1.30
1.53
1.5
1.5
2.20
2.35
1.67
1.60
 	 1:0(0:0)  
4163	25/04
18:00	 Hellas Verona
AC Milan	
+1.0
–1.0
1.70
2.15
2.5
1.72
2.10
5.15
3.85
1.67
2.20
1.26
1.15
1.0
1.5
2.20
1.70
1.67
2.15
 	 2:1(0:1)  
4164	25/04
20:00	 Carpi
Empoli	
–1.0
+1.0
2.45
1.55
2.5
2.05
1.77
1.80
3.55
4.65
1.19
1.30
2.00
1.5
1.0
1.97
2.60
1.83
1.50
 	 1:0(0:0)  
3917	30/04
19:00	 Udinese
Torino	
–1.0
+1.0
2.65
1.45
2.5
1.90
1.90
1.95
3.50
4.00
1.25
1.31
1.85
1.5
1.0
2.05
2.10
1.77
1.75
 	 1:5(0:2)  
3918	30/04
21:45	 Chievo
Fiorentina	
+1.0
–1.0
1.47
2.70
2.5
2.05
1.77
4.30
3.50
1.88
1.93
1.30
1.22
1.0
1.5
2.35
2.00
1.60
1.80
 	 0:0(0:0)  
3919	01/05
13:30	 Juventus
Carpi	
–1.5
+1.5
1.85
1.95
2.5
1.72
2.10
1.28
5.55
11.00
1.04
1.15
3.69
2.0
1.0
1.70
5.00
2.10
1.16
 	 2:0(1:0)  
3923	01/05
16:00	 Empoli
Bologna	
0
0
1.67
2.20
2.5
1.95
1.85
2.35
3.20
3.20
1.36
1.36
1.60
1.5
1.0
2.30
1.77
1.62
2.05
 	 0:0(0:0)  
3920	01/05
16:00	 AC Milan
Frosinone	
–2.0
+2.0
2.10
1.72
3.5
2.10
1.72
1.24
6.30
11.50
1.04
1.12
4.07
2.5
1.0
1.90
3.40
1.90
1.32
 	 3:3(0:2)  
3921	01/05
16:00	 Palermo
Sampdoria	
–1.0
+1.0
2.55
1.47
2.5
1.80
2.00
1.85
3.62
4.25
1.22
1.29
1.96
1.5
1.0
1.90
1.95
1.90
1.85
 	 2:0(1:0)  
3922	01/05
16:00	 Sassuolo
Hellas Verona	
–1.0
+1.0
1.85
1.95
3.0
1.95
1.85
1.50
4.40
6.35
1.12
1.21
2.60
2.0
1.0
1.97
2.25
1.85
1.65
 	 1:0(0:0)  
3924	01/05
21:45	 Lazio
Internazionale Milan	
0
0
1.70
2.15
2.5
1.85
1.95
2.35
3.40
3.02
1.39
1.32
1.60
1.5
1.0
2.25
1.67
1.65
2.20
 	 2:0(1:0)  
3925	02/05
20:00	 Genoa
AS Roma	
+1.0
–1.0
1.77
2.05
3.0
2.10
1.72
5.30
4.07
1.62
2.30
1.24
1.15
1.0
2.0
2.20
2.20
1.67
1.67
 	 2:3(1:1)  
3926	02/05
22:00	 Napoli
Atalanta	
–2.0
+2.0
1.77
2.05
3.5
1.90
1.90
1.15
8.10
17.00
1.01
1.08
5.49
3.0
1.0
2.15
3.80
1.70
1.27
 	 2:1(1:0)  
2634	07/05
19:00	 Internazionale Milan
Empoli	
–1.5
+1.5
1.97
1.83
3.0
1.95
1.85
1.37
5.10
8.50
1.07
1.17
3.13
2.0
1.0
1.72
3.10
2.15
1.37
 	 2:1(2:1)  
2635	07/05
21:45	 Bologna
AC Milan	
0
0
2.85
1.42
2.5
2.00
1.80
3.90
3.40
2.00
1.82
1.32
1.26
1.0
1.5
2.15
2.10
1.70
1.75
 	 0:1(0:1)  
2636	08/05
13:30	 AS Roma
Chievo	
–2.0
+2.0
1.90
1.90
3.5
2.10
1.72
1.22
6.80
12.00
1.02
1.11
4.34
2.5
1.0
1.83
4.30
1.97
1.23
 	 3:0(2:0)  
2637	08/05
16:00	 Atalanta
Udinese	
0
0
2.65
1.45
2.5
1.90
1.90
3.75
3.35
2.05
1.77
1.33
1.27
1.0
1.5
1.97
2.05
1.83
1.77
 	 1:1(1:1)  
2638	08/05
16:00	 Carpi
Lazio	
0
0
1.90
1.90
2.5
1.97
1.85
2.65
3.30
2.65
1.48
1.35
1.48
1.0
1.0
1.62
1.62
2.30
2.30
 	 1:3(0:2)  
2640	08/05
16:00	 Fiorentina
Palermo	
–1.0
+1.0
2.30
1.62
2.5
1.72
2.10
1.70
3.90
4.80
1.20
1.27
2.20
1.5
1.0
1.70
2.05
2.15
1.77
 	 0:0(0:0)  
2641	08/05
16:00	 Frosinone
Sassuolo	
+1.0
–1.0
1.60
2.35
3.0
2.05
1.77
4.50
3.90
1.75
2.15
1.27
1.22
1.0
1.5
1.90
1.67
1.90
2.20
 	 0:1(0:0)  
2639	08/05
16:00	 Sampdoria
Genoa	
0
0
1.83
1.97
2.5
1.80
2.00
2.60
3.20
2.75
1.45
1.35
1.53
1.5
1.5
2.20
2.30
1.65
1.62
 	 0:3(0:2)  
2643	08/05
21:45	 Hellas Verona
Juventus	
+1.0
–1.0
1.83
1.97
3.0
2.15
1.70
5.55
4.25
1.57
2.41
1.22
1.15
1.0
2.0
2.35
2.15
1.60
1.70
 	 2:1(1:0)  
2642	08/05
21:45	 Torino
Napoli	
+1.5
–1.5
1.75
2.05
3.0
1.72
2.10
7.00
5.00
1.40
3.10
1.16
1.10
1.0
2.5
2.30
2.20
1.62
1.67
 	 1:2(0:2)  
4134	14/05
18:00	 Juventus
Sampdoria	
–2.0
+2.0
1.85
1.95
3.5
2.00
1.80
1.20
7.25
13.00
1.03
1.10
4.65
2.5
1.0
1.77
3.60
2.05
1.28
 	 5:0(3:0)  
4128	14/05
21:45	 AC Milan
AS Roma	
0
0
2.15
1.70
3.0
1.80
2.00
2.92
3.65
2.30
1.62
1.29
1.40
1.5
1.5
2.10
1.87
1.75
1.93
 	 1:3(0:1)  
4129	14/05
21:45	 Napoli
Frosinone	
–3.0
+3.0
1.75
2.05
4.5
1.90
1.90
1.06
14.00
30.00
 	
1.02
9.55
4.0
1.0
2.10
4.00
1.75
1.23
 	 4:0(1:0)  
4131	14/05
21:45	 Sassuolo
Internazionale Milan	
–1.0
+1.0
2.20
1.67
3.0
1.97
1.83
1.70
4.10
4.55
1.20
1.24
2.16
2.0
1.0
2.15
2.00
1.72
1.80
 	 3:1(3:1)  
4126	15/05
19:00	 Chievo
Bologna	
0
0
1.55
2.40
2.5
1.75
2.05
2.15
3.40
3.40
1.32
1.32
1.70
1.5
1.0
2.00
1.72
1.80
2.10
 	 0:0(0:0)  
4133	15/05
19:00	 Empoli
Torino	
0
0
1.87
1.93
3.0
1.80
2.00
2.62
3.40
2.67
1.48
1.32
1.50
1.5
1.5
1.95
1.97
1.85
1.83
 	 2:1(1:0)  
4125	15/05
19:00	 Genoa
Atalanta	
–1.0
+1.0
2.15
1.70
3.0
1.80
2.00
1.67
4.05
4.85
1.18
1.24
2.21
2.0
1.0
2.05
1.80
1.77
2.00
 	 1:2(0:0)  
4127	15/05
21:45	 Lazio
Fiorentina	
0
0
1.50
2.50
3.0
1.95
1.85
2.00
3.80
3.47
1.31
1.27
1.80
1.5
1.0
1.80
1.60
2.00
2.35
 	 2:4(1:3)  
4130	15/05
21:45	 Palermo
Hellas Verona	
–1.5
+1.5
1.75
2.10
3.5
2.00
1.80
1.20
7.00
13.00
1.03
1.10
4.50
2.5
1.0
1.90
2.75
1.90
1.46
 	 3:2(1:0)  
4132	15/05
21:45	 Udinese
Carpi	
0
0
1.65
2.25
3.0
2.05
1.77
2.25
3.50
3.10
1.38
1.30
1.65
1.5
1.5
1.93
2.30
1.87
1.62
 	 1:2(0:2) 