1105	11/09
21:30	 Levante
Sevilla	
+1.0
–1.0
1.47
2.70
2.5
1.93
1.87
4.10
3.60
1.90
1.93
1.30
1.25
1.0
1.5
2.15
1.97
1.70
1.83
 	 1:1(0:1)  
1106	12/09
17:00	 Espanyol
Real Madrid	
+1.5
–1.5
1.87
1.93
3.0
1.75
2.10
8.00
5.50
1.33
3.40
1.14
1.08
1.0
2.5
2.70
2.15
1.46
1.72
 	 0:6(0:4)  
1107	12/09
19:15	 Sporting Gijon
Valencia	
0
0
2.40
1.57
2.0
1.67
2.20
3.35
3.20
2.25
1.65
1.35
1.33
1.0
1.0
2.15
1.60
1.70
2.35
 	 0:1(0:0)  
1108	12/09
21:30	 Atletico Madrid
Barcelona	
0
0
2.35
1.60
2.5
2.10
1.75
3.30
3.30
2.25
1.67
1.35
1.35
1.0
1.5
2.00
2.30
1.80
1.62
 	 1:2(0:0)  
1109	12/09
23:00	 Real Betis
Real Sociedad	
0
0
1.62
2.30
2.5
2.15
1.70
2.30
3.35
3.15
1.36
1.33
1.65
1.0
1.0
1.60
2.05
2.35
1.77
 	 1:0(1:0)  
1110	13/09
13:00	 Granada
Villarreal	
0
0
2.45
1.55
2.0
1.72
2.10
3.40
3.30
2.20
1.70
1.35
1.32
1.0
1.0
2.30
1.65
1.62
2.25
 	 1:3(0:0)  
1111	13/09
17:00	 Athletic Bilbao
Getafe	
–1.0
+1.0
1.93
1.87
2.5
2.10
1.75
1.55
4.00
6.50
1.12
1.25
2.50
1.5
1.0
1.80
3.70
2.00
1.28
 	 3:1(2:0)  
1112	13/09
19:15	 Celta
Las Palmas	
–1.0
+1.0
1.85
1.97
2.5
1.77
2.05
1.53
4.30
6.00
1.13
1.22
2.60
2.0
1.0
2.20
2.80
1.67
1.44
 	 3:3(2:1)  
1113	13/09
21:30	 Malaga
Eibar	
–1.0
+1.0
2.50
1.53
2.0
1.70
2.15
1.80
3.50
4.70
1.20
1.32
2.05
1.5
1.0
2.10
3.05
1.72
1.38
 	 0:0(0:0)  
1114	14/09
21:30	 Rayo Vallecano
Deportivo La Coruna	
0
0
1.48
2.65
2.5
1.90
1.90
2.05
3.60
3.55
1.30
1.30
1.80
1.5
1.0
2.05
1.97
1.77
1.83
 	 1:3(1:2)  
1116	19/09
17:00	 Real Madrid
Granada	
–3.0
+3.0
1.90
1.90
4.0
1.80
2.00
1.06
13.00
30.00
 	
1.02
11.00
3.5
1.0
1.87
5.50
1.93
1.15
 	 1:0(0:0)  
1117	19/09
19:15	 Valencia
Real Betis	
–1.0
+1.0
1.90
1.90
2.5
1.72
2.10
1.53
4.30
6.00
1.13
1.22
2.50
2.0
1.0
2.15
2.55
1.70
1.50
 	 0:0(0:0)  
1118	19/09
21:30	 Eibar
Atletico Madrid	
+1.0
–1.0
1.80
2.00
2.0
1.72
2.10
6.50
3.80
1.57
2.45
1.27
1.11
1.0
1.5
4.30
1.93
1.22
1.87
 	 0:2(0:0)  
1120	20/09
13:00	 Sevilla
Celta	
–1.0
+1.0
2.45
1.55
3.0
2.15
1.70
1.87
3.80
4.00
1.25
1.27
1.95
1.5
1.0
1.77
1.90
2.05
1.90
 	 1:2(0:2)  
1121	20/09
17:00	 Deportivo La Coruna
Sporting Gijon	
0
0
1.50
2.60
2.0
1.67
2.20
2.10
3.35
3.60
1.30
1.33
1.75
1.5
1.0
2.35
2.35
1.60
1.60
 	 2:3(2:3)  
1122	20/09
19:15	 Villarreal
Athletic Bilbao	
0
0
1.46
2.75
2.5
2.05
1.77
2.00
3.50
3.70
1.28
1.30
1.83
1.5
1.0
2.15
2.20
1.72
1.67
 	 3:1(1:0)  
1124	20/09
21:30	 Barcelona
Levante	
–3.0
+3.0
1.80
2.00
4.0
1.80
2.05
1.05
16.00
25.00
 	
1.01
11.00
3.5
1.0
1.83
6.00
1.97
1.12
 	 4:1(0:0)  
4152	22/09
21:00	 Atletico Madrid
Getafe	
–1.5
+1.5
2.10
1.72
2.5
1.97
1.83
1.33
4.80
11.00
1.04
1.19
3.35
2.0
1.0
2.15
5.00
1.72
1.18
 	 2:0(1:0)  
4153	22/09
21:00	 Espanyol
Valencia	
0
0
2.25
1.65
2.5
2.15
1.70
3.20
3.30
2.30
1.62
1.34
1.36
1.0
1.0
2.00
1.62
1.80
2.30
 	 1:0(1:0)  
4154	22/09
23:00	 Granada
Real Sociedad	
0
0
1.77
2.05
2.0
1.80
2.00
2.50
3.20
2.95
1.40
1.35
1.53
1.0
1.0
1.85
2.05
1.95
1.75
 	 0:3(0:2)  
4155	23/09
21:00	 Celta
Barcelona	
+1.0
–1.0
1.97
1.83
3.0
1.85
1.95
6.00
4.50
1.53
2.60
1.22
1.14
1.0
2.0
2.15
1.90
1.70
1.90
 	 4:1(2:0)  
4156	23/09
21:00	 Levante
Eibar	
0
0
1.60
2.35
2.0
1.95
1.85
2.35
3.10
3.30
1.34
1.37
1.60
1.0
1.0
1.83
2.50
2.00
1.53
 	 2:2(0:1)  
4157	23/09
21:00	 Rayo Vallecano
Sporting Gijon	
0
0
1.57
2.40
2.5
1.90
1.90
2.15
3.50
3.30
1.33
1.30
1.70
1.5
1.0
2.15
1.87
1.72
1.93
 	 2:1(1:0)  
4158	23/09
22:00	 Athletic Bilbao
Real Madrid	
+1.0
–1.0
1.70
2.15
3.0
1.90
1.90
4.80
4.20
1.67
2.25
1.24
1.20
1.0
2.0
1.87
2.15
1.93
1.72
 	 1:2(0:1)  
4220	23/09
23:00	 Las Palmas
Sevilla	
0
0
2.35
1.60
2.5
1.87
1.93
3.35
3.45
2.15
1.70
1.31
1.32
1.0
1.5
1.80
2.10
2.00
1.75
 	 2:0(1:0)  
4221	23/09
23:00	 Malaga
Villarreal	
0
0
2.00
1.80
2.0
1.75
2.10
2.90
3.15
2.55
1.51
1.36
1.41
1.0
1.0
2.00
1.83
1.80
1.97
 	 0:1(0:0)  
4222	24/09
23:05	 Real Betis
Deportivo La Coruna	
0
0
1.55
2.45
2.5
2.10
1.72
2.15
3.40
3.40
1.32
1.32
1.70
1.5
1.0
2.30
2.10
1.62
1.75
 	 1:2(0:0)  
5905	25/09
21:30	 Valencia
Granada	
–1.0
+1.0
1.77
2.05
2.5
1.83
1.97
1.45
4.60
7.00
1.10
1.20
2.80
2.0
1.0
2.20
3.30
1.67
1.33
 	 1:0(1:0)  
5906	26/09
17:00	 Barcelona
Las Palmas	
–3.0
+3.0
2.05
1.77
4.0
1.97
1.83
1.07
14.00
25.00
 	
1.03
9.50
3.5
1.0
2.05
5.50
1.80
1.15
 	 2:1(1:0)  
5907	26/09
19:15	 Real Madrid
Malaga	
–2.5
+2.5
1.90
1.90
3.5
1.80
2.00
1.11
10.00
20.00
 	
1.05
7.50
3.0
1.0
1.85
5.00
1.95
1.17
 	 0:0(0:0)  
5908	26/09
21:30	 Villarreal
Atletico Madrid	
0
0
2.15
1.70
2.0
1.87
1.93
3.20
3.10
2.40
1.57
1.37
1.35
1.0
1.0
2.25
1.85
1.65
1.95
 	 1:0(1:0)  
5909	26/09
21:30	 Sevilla
Rayo Vallecano	
–1.0
+1.0
1.70
2.15
3.0
1.85
1.95
1.44
4.80
7.00
1.11
1.20
2.85
2.0
1.0
1.80
2.35
2.00
1.57
 	 3:2(2:0)  
5910	26/09
23:05	 Eibar
Celta	
0
0
2.75
1.46
2.0
1.72
2.10
3.80
3.35
2.05
1.80
1.33
1.27
1.0
1.5
2.50
2.35
1.53
1.60
 	 1:1(1:0)  
5912	27/09
17:00	 Deportivo La Coruna
Espanyol	
0
0
1.53
2.55
2.5
2.15
1.70
2.15
3.30
3.55
1.30
1.35
1.72
1.5
1.0
2.30
2.20
1.62
1.67
 	 3:0(2:0)  
5914	27/09
21:30	 Real Sociedad
Athletic Bilbao	
0
0
1.72
2.10
2.5
2.15
1.70
2.45
3.20
3.00
1.40
1.35
1.57
1.0
1.0
1.67
1.93
2.20
1.87
 	 0:0(0:0)  
7588	02/10
21:30	 Celta
Getafe	
–1.0
+1.0
1.70
2.15
3.0
2.10
1.72
1.44
4.70
7.50
1.10
1.22
2.90
2.0
1.0
1.95
2.85
1.85
1.42
 	 0:0(0:0)  
7589	03/10
17:00	 Sevilla
Barcelona	
+1.0
–1.0
1.60
2.35
3.0
2.00
1.80
4.00
3.90
1.83
2.00
1.27
1.25
1.0
1.5
1.85
1.70
1.95
2.15
 	 2:1(0:0)  
7590	03/10
19:15	 Granada
Deportivo La Coruna	
0
0
1.80
2.05
2.0
1.77
2.05
2.55
3.20
2.90
1.42
1.36
1.53
1.0
1.0
1.85
2.05
1.95
1.77
 	 1:1(0:1)  
7591	03/10
21:30	 Espanyol
Sporting Gijon	
0
0
1.44
2.80
2.0
1.70
2.15
2.00
3.25
4.10
1.25
1.35
1.83
1.5
1.0
2.30
2.50
1.62
1.53
 	 1:2(0:1)  
7593	03/10
23:00	 Las Palmas
Eibar	
0
0
1.50
2.60
2.0
1.77
2.05
2.10
3.20
3.80
1.27
1.35
1.75
1.0
1.0
1.60
2.50
2.35
1.53
 	 0:2(0:1)  
7592	03/10
23:05	 Malaga
Real Sociedad	
0
0
1.70
2.15
2.0
1.80
2.00
2.40
3.15
3.15
1.36
1.36
1.57
1.0
1.0
1.80
2.20
2.00
1.67
 	 3:1(2:1)  
7594	04/10
13:00	 Rayo Vallecano
Real Betis	
0
0
1.55
2.45
3.0
2.00
1.80
2.05
3.70
3.40
1.32
1.28
1.77
1.5
1.0
1.85
1.62
1.95
2.30
 	 0:2(0:1)  
7629	04/10
17:00	 Athletic Bilbao
Valencia	
0
0
1.75
2.10
2.5
2.15
1.70
2.45
3.25
3.00
1.40
1.35
1.57
1.0
1.0
1.67
1.90
2.20
1.90
 	 3:1(1:1)  
7630	04/10
19:15	 Levante
Villarreal	
+1.0
–1.0
1.48
2.65
2.5
2.15
1.70
4.50
3.45
1.85
1.95
1.32
1.20
1.0
1.5
2.60
2.10
1.50
1.72
 	 1:0(0:0)  
7631	04/10
21:30	 Atletico Madrid
Real Madrid	
0
0
2.10
1.72
2.5
2.05
1.77
3.00
3.30
2.40
1.57
1.33
1.40
1.0
1.0
1.83
1.60
1.97
2.35
 	 1:1(0:1)  
7640	17/10
17:00	 Real Madrid
Levante	
–3.0
+3.0
2.00
1.80
4.0
1.97
1.83
1.07
12.00
30.00
 	
1.03
9.00
3.5
1.0
2.00
6.00
1.80
1.13
 	 3:0(2:0)  
7642	17/10
21:30	 Barcelona
Rayo Vallecano	
–2.0
+2.0
1.80
2.00
4.0
2.10
1.75
1.20
7.50
12.00
1.03
1.10
5.00
3.0
1.0
2.00
2.65
1.83
1.48
 	 5:2(2:1)  
7643	17/10
23:00	 Valencia
Malaga	
–1.0
+1.0
2.05
1.77
2.0
1.70
2.15
1.57
3.75
7.00
1.11
1.28
2.45
1.5
1.0
1.93
4.00
1.87
1.25
 	 3:0(2:0)  
7644	17/10
23:05	 Real Betis
Espanyol	
0
0
1.53
2.50
2.5
2.10
1.72
2.10
3.35
3.60
1.30
1.33
1.75
1.5
1.0
2.25
2.15
1.62
1.72
 	 1:3(0:1)  
7645	18/10
13:00	 Villarreal
Celta	
–1.0
+1.0
2.55
1.50
2.5
1.83
1.97
1.85
3.70
4.20
1.23
1.28
1.97
1.5
1.0
1.90
2.05
1.90
1.75
 	 1:2(0:1)  
7647	18/10
19:15	 Getafe
Las Palmas	
0
0
1.53
2.55
2.0
1.67
2.20
2.10
3.35
3.60
1.30
1.33
1.75
1.5
1.0
2.35
2.30
1.60
1.62
 	 4:0(2:0)  
7648	18/10
21:30	 Deportivo La Coruna
Athletic Bilbao	
0
0
1.93
1.87
2.0
1.75
2.10
2.75
3.20
2.65
1.48
1.35
1.45
1.0
1.0
1.93
1.87
1.87
1.93
 	 2:2(0:1)  
7649	19/10
21:30	 Sporting Gijon
Granada	
0
0
1.47
2.65
2.0
1.70
2.15
2.05
3.30
3.80
1.26
1.33
1.77
1.5
1.0
2.35
2.45
1.60
1.57
 	 3:3(1:2)  
5910	23/10
21:30	 Rayo Vallecano
Espanyol	
0
0
1.48
2.65
2.5
1.85
1.95
2.00
3.60
3.70
1.30
1.30
1.83
1.5
1.0
2.00
1.93
1.80
1.87
 	 3:0(1:0)  
5911	24/10
17:00	 Celta
Real Madrid	
+1.0
–1.0
1.50
2.60
3.0
1.85
1.95
3.80
3.90
1.90
1.93
1.27
1.28
1.0
1.5
1.62
1.70
2.30
2.15
 	 1:3(0:2)  
5912	24/10
19:15	 Granada
Real Betis	
0
0
1.67
2.20
2.5
2.15
1.70
2.35
3.30
3.10
1.37
1.35
1.60
1.0
1.0
1.65
1.97
2.25
1.83
 	 1:1(1:1)  
5913	24/10
21:30	 Sevilla
Getafe	
–1.5
+1.5
2.05
1.77
2.5
1.72
2.15
1.36
5.00
8.00
1.07
1.17
3.25
2.0
1.0
1.87
3.60
1.93
1.30
 	 5:0(2:0)  
5914	24/10
23:05	 Malaga
Deportivo La Coruna	
0
0
1.60
2.35
2.0
1.67
2.20
2.25
3.25
3.35
1.33
1.35
1.65
1.0
1.0
1.62
2.15
2.30
1.72
 	 2:0(0:0)  
5915	25/10
13:00	 Levante
Real Sociedad	
0
0
1.83
1.97
2.0
1.90
1.90
2.65
3.10
2.85
1.44
1.37
1.48
1.0
1.0
2.00
2.10
1.80
1.72
 	 0:4(0:2)  
5916	25/10
17:00	 Las Palmas
Villarreal	
0
0
2.45
1.55
2.5
2.15
1.70
3.55
3.30
2.15
1.72
1.35
1.30
1.0
1.5
2.15
2.35
1.70
1.60
 	 0:0(0:0)  
5917	25/10
19:15	 Barcelona
Eibar	
–2.5
+2.5
1.90
1.90
3.5
1.77
2.05
1.11
10.00
20.00
 	
1.05
7.00
3.0
1.0
1.83
4.70
1.97
1.18
 	 3:1(1:1)  
5918	25/10
21:30	 Atletico Madrid
Valencia	
–1.0
+1.0
2.05
1.77
2.5
2.15
1.70
1.57
3.80
6.50
1.11
1.26
2.40
1.5
1.0
1.87
3.60
1.93
1.28
 	 2:1(2:0)  
5919	26/10
21:30	 Athletic Bilbao
Sporting Gijon	
–1.0
+1.0
1.90
1.90
2.5
2.00
1.80
1.50
4.10
7.00
1.10
1.25
2.60
1.5
1.0
1.75
3.50
2.10
1.30
 	 3:0(2:0)  
5876	30/10
21:30	 Deportivo La Coruna
Atletico Madrid	
+1.0
–1.0
1.46
2.70
2.0
1.85
1.95
4.70
3.35
1.85
1.97
1.33
1.20
1.0
1.5
3.20
2.30
1.35
1.62
 	 1:1(0:1)  
5877	31/10
17:00	 Real Madrid
Las Palmas	
–2.5
+2.5
1.85
1.95
4.0
2.00
1.80
1.11
10.00
20.00
 	
1.05
7.00
3.0
1.0
1.72
4.00
2.15
1.23
 	 3:1(3:1)  
5878	31/10
19:15	 Villarreal
Sevilla	
0
0
1.57
2.45
2.5
1.80
2.00
2.10
3.60
3.35
1.33
1.30
1.75
1.5
1.0
2.05
1.77
1.77
2.05
 	 2:1(1:0)  
5879	31/10
19:15	 Valencia
Levante	
–1.5
+1.5
2.20
1.67
2.5
1.90
1.90
1.40
4.50
9.00
1.07
1.22
3.00
2.0
1.0
2.15
4.00
1.70
1.25
 	 3:0(0:0)  
5880	31/10
21:30	 Getafe
Barcelona	
+1.5
–1.5
2.05
1.77
3.0
1.80
2.00
10.00
6.00
1.27
3.80
1.13
1.05
1.0
2.5
3.50
2.05
1.30
1.75
 	 0:2(0:1)  
5881	31/10
23:05	 Real Sociedad
Celta	
0
0
2.00
1.80
2.5
2.00
1.80
2.85
3.35
2.50
1.55
1.33
1.44
1.0
1.0
1.75
1.62
2.10
2.30
 	 2:3(2:1)  
5882	01/11
13:00	 Eibar
Rayo Vallecano	
0
0
1.57
2.40
2.5
2.00
1.80
2.15
3.40
3.40
1.32
1.32
1.70
1.5
1.0
2.20
1.95
1.65
1.85
 	 1:0(1:0)  
5883	01/11
17:00	 Espanyol
Granada	
–1.0
+1.0
2.90
1.42
2.0
1.67
2.20
1.95
3.45
4.10
1.25
1.32
1.87
1.5
1.0
2.25
2.50
1.65
1.53
 	 1:1(0:0)  
8750	06/11
21:30	 Las Palmas
Real Sociedad	
0
0
1.87
1.93
2.0
1.75
2.10
2.70
3.15
2.75
1.45
1.36
1.47
1.0
1.0
1.87
1.93
1.93
1.87
 	 2:0(1:0)  
8751	07/11
17:00	 Celta
Valencia	
–1.0
+1.0
2.55
1.53
2.5
1.75
2.10
1.85
3.80
4.10
1.25
1.27
1.97
1.5
1.0
1.83
1.93
1.97
1.87
 	 1:5(1:2)  
8752	07/11
19:15	 Levante
Deportivo La Coruna	
0
0
1.75
2.05
2.0
1.77
2.05
2.50
3.20
2.95
1.40
1.35
1.53
1.0
1.0
1.83
2.05
2.00
1.75
 	 1:1(0:1)  
8753	07/11
21:30	 Eibar
Getafe	
0
0
1.48
2.65
2.0
1.90
1.90
2.10
3.20
3.80
1.27
1.35
1.75
1.0
1.0
1.67
2.75
2.20
1.46
 	 3:1(2:1)  
8754	07/11
21:30	 Rayo Vallecano
Granada	
–1.0
+1.0
2.55
1.50
2.5
1.90
1.90
1.85
3.70
4.20
1.23
1.28
1.97
1.5
1.0
1.95
2.20
1.87
1.67
 	 2:1(2:0)  
8755	07/11
23:05	 Malaga
Real Betis	
–1.0
+1.0
2.45
1.55
2.5
2.05
1.77
1.80
3.60
4.50
1.22
1.30
2.05
1.5
1.0
1.97
2.60
1.83
1.50
 	 0:1(0:0)  
8756	08/11
13:00	 Athletic Bilbao
Espanyol	
–1.0
+1.0
1.75
2.10
2.5
1.77
2.05
1.45
4.50
7.50
1.10
1.22
2.85
2.0
1.0
2.10
3.10
1.75
1.37
 	 2:1(1:0)  
8757	08/11
17:00	 Barcelona
Villarreal	
–1.5
+1.5
1.90
1.90
3.0
1.80
2.00
1.33
5.50
8.50
1.07
1.15
3.40
2.5
1.0
2.15
2.95
1.70
1.40
 	 3:0(0:0)  
8758	08/11
19:15	 Atletico Madrid
Sporting Gijon	
–2.0
+2.0
2.05
1.75
2.5
1.70
2.15
1.20
6.70
17.00
1.01
1.11
5.00
2.5
1.0
2.15
7.00
1.70
1.10
 	 1:0(0:0)  
8759	08/11
21:30	 Sevilla
Real Madrid	
+1.0
–1.0
1.55
2.45
3.5
2.10
1.72
3.90
4.00
1.85
1.97
1.25
1.26
1.5
2.0
2.30
2.10
1.62
1.72
 	 3:2(1:1)  
8741	21/11
17:00	 Real Sociedad
Sevilla	
0
0
1.90
1.90
2.5
1.95
1.85
2.65
3.40
2.65
1.50
1.32
1.50
1.0
1.0
1.65
1.65
2.25
2.25
 	 2:0(0:0)  
8740	21/11
19:15	 Real Madrid
Barcelona	
0
0
1.60
2.35
3.0
1.85
1.95
2.10
3.80
3.25
1.35
1.28
1.75
1.5
1.5
1.80
2.25
2.00
1.65
 	 0:4(0:2)  
8742	21/11
21:30	 Espanyol
Malaga	
0
0
1.70
2.15
2.0
1.70
2.15
2.40
3.20
3.10
1.37
1.35
1.57
1.0
1.0
1.72
2.05
2.10
1.77
 	 2:0(2:0)  
8743	21/11
23:00	 Valencia
Las Palmas	
–1.0
+1.0
1.85
1.97
2.5
1.85
1.95
1.50
4.30
7.00
1.11
1.25
2.70
1.5
1.0
1.67
3.10
2.20
1.37
 	 1:1(1:0)  
8744	21/11
23:05	 Deportivo La Coruna
Celta	
0
0
2.45
1.55
2.5
1.85
1.95
3.40
3.55
2.10
1.75
1.30
1.32
1.0
1.5
1.83
2.05
1.97
1.75
 	 2:0(1:0)  
8745	22/11
13:00	 Sporting Gijon
Levante	
0
0
1.47
2.65
2.0
1.70
2.15
2.05
3.30
3.80
1.26
1.33
1.77
1.5
1.0
2.35
2.45
1.60
1.57
 	 0:3(0:3)  
8746	22/11
17:00	 Villarreal
Eibar	
–1.0
+1.0
1.83
1.97
2.5
2.00
1.80
1.47
4.15
7.70
1.10
1.23
2.70
1.5
1.0
1.72
3.70
2.10
1.28
 	 1:1(0:1)  
8747	22/11
19:15	 Granada
Athletic Bilbao	
0
0
2.60
1.50
2.5
2.05
1.77
3.70
3.40
2.05
1.77
1.32
1.28
1.0
1.5
2.10
2.20
1.72
1.67
 	 2:0(1:0)  
8748	22/11
21:30	 Real Betis
Atletico Madrid	
+1.0
–1.0
1.60
2.35
2.0
1.75
2.10
5.50
3.60
1.70
2.20
1.30
1.15
1.0
1.5
3.45
2.10
1.32
1.75
 	 0:1(0:1)  
8749	23/11
21:30	 Getafe
Rayo Vallecano	
0
0
1.62
2.30
2.5
2.00
1.80
2.25
3.40
3.20
1.35
1.32
1.65
1.5
1.0
2.30
1.87
1.62
1.93
 	 1:1(0:0)  
9443	27/11
21:30	 Levante
Real Betis	
0
0
1.42
2.75
2.5
2.10
1.72
2.00
3.40
3.90
1.27
1.32
1.83
1.5
1.0
2.20
2.25
1.67
1.65
 	 0:1(0:1)  
9444	28/11
17:00	 Barcelona
Real Sociedad	
–3.0
+3.0
1.95
1.87
4.0
1.93
1.87
1.07
13.00
27.00
 	
1.03
9.00
3.5
1.0
1.95
6.00
1.85
1.12
 	 4:0(2:0)  
9445	28/11
19:15	 Atletico Madrid
Espanyol	
–1.5
+1.5
1.77
2.05
2.5
1.85
1.95
1.25
6.00
14.00
1.03
1.15
4.20
2.0
1.0
1.80
7.00
2.05
1.10
 	 1:0(1:0)  
9446	28/11
21:30	 Malaga
Granada	
–1.0
+1.0
2.55
1.48
2.0
1.70
2.15
1.80
3.50
4.80
1.20
1.32
2.05
1.5
1.0
2.15
2.95
1.70
1.40
 	 2:2(1:0)  
9447	28/11
23:00	 Las Palmas
Deportivo La Coruna	
0
0
1.60
2.35
2.0
1.67
2.20
2.25
3.30
3.30
1.35
1.35
1.65
1.0
1.0
1.62
2.10
2.30
1.72
 	 0:2(0:1)  
9448	28/11
23:05	 Celta
Sporting Gijon	
–1.5
+1.5
2.10
1.75
3.0
1.90
1.90
1.40
5.00
7.50
1.10
1.18
3.00
2.0
1.0
1.75
2.70
2.05
1.47
 	 2:1(1:0)  
9449	29/11
13:00	 Getafe
Villarreal	
0
0
2.20
1.67
2.0
1.75
2.10
3.15
3.25
2.35
1.60
1.35
1.36
1.0
1.0
2.15
1.72
1.70
2.10
 	 2:0(1:0)  
9450	29/11
17:00	 Eibar
Real Madrid	
+1.5
–1.5
1.72
2.15
3.0
1.80
2.00
7.00
5.00
1.42
2.95
1.18
1.11
1.0
2.0
2.40
1.75
1.57
2.10
 	 0:2(0:1)  
9451	29/11
19:15	 Rayo Vallecano
Athletic Bilbao	
0
0
2.20
1.70
2.5
1.80
2.00
3.05
3.50
2.30
1.65
1.32
1.40
1.0
1.5
1.67
2.15
2.20
1.70
 	 0:3(0:2)  
9452	29/11
21:30	 Sevilla
Valencia	
–1.0
+1.0
2.40
1.57
3.0
2.00
1.80
1.77
3.90
4.40
1.22
1.26
2.10
1.5
1.0
1.70
1.85
2.15
1.95
 	 1:0(0:0)  
9453	05/12
17:00	 Real Madrid
Getafe	
–2.5
+2.5
1.83
2.00
4.0
1.97
1.83
1.10
10.50
20.00
 	
1.04
7.00
3.5
1.0
2.15
4.00
1.70
1.23
 	 4:1(4:0)  
9454	05/12
19:15	 Granada
Atletico Madrid	
+1.0
–1.0
1.90
1.90
2.0
1.67
2.20
7.50
4.00
1.50
2.65
1.25
1.10
1.0
1.5
4.50
1.85
1.20
1.97
 	 0:2(0:1)  
9455	05/12
21:30	 Valencia
Barcelona	
+1.0
–1.0
2.10
1.75
3.0
1.72
2.15
6.50
4.70
1.46
2.75
1.20
1.11
1.0
2.0
2.10
1.75
1.75
2.10
 	 1:1(0:0)  
9456	05/12
23:00	 Deportivo La Coruna
Sevilla	
0
0
2.40
1.57
2.5
1.75
2.10
3.30
3.55
2.15
1.72
1.30
1.35
1.0
1.5
1.67
2.00
2.20
1.80
 	 1:1(1:0)  
9457	05/12
23:05	 Real Betis
Celta	
0
0
2.55
1.53
3.0
2.05
1.75
3.40
3.70
2.05
1.77
1.28
1.32
1.0
1.5
1.65
1.87
2.25
1.93
 	 1:1(0:1)  
9458	06/12
13:00	 Real Sociedad
Eibar	
–1.0
+1.0
2.65
1.45
2.0
1.70
2.15
1.85
3.40
4.60
1.20
1.32
1.97
1.5
1.0
2.20
2.80
1.67
1.44
 	 2:1(1:1)  
9459	06/12
17:00	 Villarreal
Rayo Vallecano	
–1.0
+1.0
1.90
1.90
3.0
2.05
1.75
1.53
4.30
6.00
1.13
1.22
2.50
2.0
1.0
2.05
2.35
1.75
1.60
 	 2:1(0:1)  
9460	06/12
19:15	 Sporting Gijon
Las Palmas	
0
0
1.57
2.40
2.5
2.15
1.70
2.20
3.30
3.40
1.32
1.35
1.67
1.0
1.0
1.57
2.10
2.40
1.75
 	 3:1(1:1)  
9461	06/12
21:30	 Athletic Bilbao
Malaga	
–1.0
+1.0
1.95
1.85
2.5
1.80
2.00
1.55
4.20
6.20
1.13
1.25
2.50
1.5
1.0
1.67
2.75
2.20
1.46
 	 0:0(0:0)  
9462	07/12
21:30	 Espanyol
Levante	
0
0
1.42
2.80
2.0
1.67
2.20
2.00
3.35
3.90
1.25
1.32
1.80
1.5
1.0
2.30
2.45
1.62
1.57
 	 1:1(0:1)  
5475	11/12
21:30	 Getafe
Real Sociedad	
0
0
1.97
1.83
2.0
1.67
2.20
2.80
3.25
2.60
1.50
1.35
1.44
1.0
1.0
1.87
1.77
1.93
2.05
 	 1:1(0:0)  
5476	12/12
17:00	 Barcelona
Deportivo La Coruna	
–2.5
+2.5
1.72
2.10
4.0
2.00
1.80
1.08
11.00
25.00
 	
1.03
9.00
3.5
1.0
2.10
5.00
1.75
1.16
 	 2:2(1:0)  
5477	12/12
19:15	 Celta
Espanyol	
–1.0
+1.0
1.85
1.95
3.0
2.15
1.70
1.50
4.40
6.50
1.12
1.22
2.65
2.0
1.0
2.05
2.55
1.75
1.53
 	 1:0(1:0)  
5478	12/12
19:15	 Levante
Granada	
0
0
1.42
2.75
2.0
1.80
2.00
2.05
3.25
4.00
1.27
1.36
1.80
1.0
1.0
1.60
2.65
2.35
1.48
 	 1:2(0:0)  
5479	12/12
21:30	 Sevilla
Sporting Gijon	
–1.5
+1.5
1.90
1.90
3.0
1.77
2.05
1.33
5.50
8.50
1.07
1.15
3.35
2.5
1.0
2.15
2.80
1.70
1.44
 	 2:0(0:0)  
5480	12/12
23:05	 Las Palmas
Real Betis	
0
0
1.50
2.50
2.5
2.00
1.80
2.10
3.45
3.50
1.32
1.32
1.75
1.5
1.0
2.20
2.00
1.67
1.80
 	 1:0(0:0)  
5481	13/12
13:00	 Rayo Vallecano
Malaga	
0
0
1.65
2.25
2.5
2.05
1.77
2.30
3.35
3.15
1.36
1.33
1.62
1.5
1.0
2.35
1.87
1.60
1.93
 	 1:2(1:0)  
5482	13/12
17:00	 Eibar
Valencia	
0
0
1.87
1.93
2.0
1.67
2.20
2.65
3.25
2.75
1.47
1.35
1.50
1.0
1.0
1.80
1.85
2.00
1.95
 	 1:1(1:0)  
5483	13/12
19:15	 Atletico Madrid
Athletic Bilbao	
–1.0
+1.0
2.05
1.77
2.0
1.67
2.20
1.57
3.80
6.70
1.11
1.27
2.45
1.5
1.0
1.90
3.90
1.90
1.25
 	 2:1(1:1)  
5484	13/12
21:30	 Villarreal
Real Madrid	
+1.0
–1.0
1.70
2.15
3.0
1.80
2.00
4.70
4.20
1.67
2.25
1.24
1.20
1.0
2.0
1.80
2.05
2.00
1.77
 	 1:0(1:0)  
5466	19/12
17:00	 Valencia
Getafe	
–1.0
+1.0
1.97
1.83
2.5
1.90
1.90
1.55
4.10
6.20
1.12
1.25
2.50
1.5
1.0
1.72
3.00
2.10
1.40
 	 2:2(2:2)  
5467	19/12
19:15	 Espanyol
Las Palmas	
–1.0
+1.0
2.75
1.42
2.5
2.10
1.72
1.90
3.50
4.20
1.23
1.31
1.93
1.5
1.0
2.10
2.45
1.72
1.57
 	 1:0(0:0)  
5468	19/12
21:30	 Real Betis
Sevilla	
0
0
2.55
1.52
2.5
1.75
2.05
3.50
3.60
2.05
1.77
1.30
1.32
1.0
1.5
1.75
1.97
2.05
1.83
 	 0:0(0:0)  
5469	19/12
23:05	 Deportivo La Coruna
Eibar	
0
0
1.40
2.90
2.0
1.80
2.00
2.00
3.25
4.10
1.25
1.35
1.83
1.0
1.0
1.57
2.75
2.40
1.46
 	 2:0(1:0)  
5470	20/12
17:00	 Real Madrid
Rayo Vallecano	
–2.5
+2.5
1.75
2.10
4.0
1.75
2.10
1.10
11.00
20.00
 	
1.04
7.50
3.5
1.0
1.95
3.40
1.85
1.32
 	 10:2(4:2)  
5471	20/12
19:15	 Real Sociedad
Villarreal	
0
0
1.80
2.00
2.5
2.15
1.70
2.55
3.25
2.85
1.44
1.35
1.53
1.0
1.0
1.72
1.85
2.10
1.95
 	 0:2(0:1)  
5472	20/12
19:15	 Granada
Celta	
0
0
2.60
1.50
2.5
1.80
2.00
3.55
3.55
2.05
1.77
1.30
1.30
1.0
1.5
1.83
2.00
2.00
1.80
 	 0:2(0:2)  
5473	20/12
19:15	 Athletic Bilbao
Levante	
–1.0
+1.0
1.70
2.15
2.5
1.95
1.85
1.42
4.50
8.00
1.08
1.22
2.90
2.0
1.0
2.25
4.00
1.65
1.23
 	 2:0(0:0)  
5474	20/12
21:30	 Malaga
Atletico Madrid	
+1.0
–1.0
1.50
2.50
2.0
1.85
1.95
5.20
3.40
1.77
2.10
1.32
1.16
1.0
1.5
3.50
2.20
1.30
1.67
 	 1:0(0:0)  
5011	30/12
17:00	 Real Madrid
Real Sociedad	
–2.0
+2.0
1.85
1.95
3.5
1.77
2.05
1.16
9.00
14.00
1.03
1.07
5.50
3.0
1.0
2.10
2.80
1.75
1.44
 	 3:1(1:0)  
5012	30/12
17:00	 Levante
Malaga	
0
0
2.30
1.62
2.0
1.85
1.95
3.30
3.15
2.35
1.62
1.37
1.35
1.0
1.0
2.20
1.80
1.67
2.00
 	 0:1(0:0)  
5013	30/12
19:15	 Sevilla
Espanyol	
–1.5
+1.5
2.20
1.67
3.0
2.00
1.80
1.42
4.80
7.50
1.10
1.20
2.95
2.0
1.0
1.87
2.65
1.93
1.48
 	 2:0(2:0)  
5014	30/12
19:15	 Rayo Vallecano
Atletico Madrid	
+1.0
–1.0
1.95
1.85
2.5
1.95
1.85
7.00
4.30
1.50
2.70
1.25
1.11
1.0
1.5
3.40
1.70
1.32
2.15
 	 0:2(0:0)  
5015	30/12
19:30	 Eibar
Sporting Gijon	
–1.0
+1.0
2.95
1.40
2.5
2.15
1.70
1.95
3.40
4.20
1.25
1.33
1.90
1.5
1.0
2.15
2.35
1.70
1.57
 	 2:0(0:0)  
5016	30/12
21:30	 Getafe
Deportivo La Coruna	
0
0
1.80
2.00
2.0
1.77
2.05
2.60
3.15
2.85
1.44
1.36
1.53
1.0
1.0
1.83
1.97
1.97
1.83
 	 0:0(0:0)  
5017	30/12
21:30	 Barcelona
Real Betis	
–3.5
+3.5
1.97
1.83
4.5
2.00
1.83
1.05
17.00
30.00
 	
1.01
12.00
4.0
1.0
2.00
6.50
1.80
1.11
 	 4:0(2:0)  
5018	30/12
21:30	 Celta
Athletic Bilbao	
0
0
1.95
1.85
2.5
2.15
1.70
2.75
3.25
2.60
1.50
1.35
1.45
1.0
1.0
1.80
1.72
2.00
2.10
 	 0:1(0:0)  
5019	30/12
22:00	 Las Palmas
Granada	
–1.0
+1.0
2.95
1.40
2.0
1.75
2.10
1.95
3.40
4.00
1.25
1.32
1.87
1.5
1.0
2.30
2.65
1.62
1.48
 	 4:1(1:0)  
5020	31/12
17:00	 Villarreal
Valencia	
–1.0
+1.0
2.75
1.45
2.5
2.15
1.70
1.95
3.35
4.10
1.24
1.33
1.87
1.5
1.0
2.15
2.50
1.70
1.53
 	 1:0(0:0)  
5001	02/01
17:00	 Espanyol
Barcelona	
+2.0
–2.0
1.95
1.85
3.5
2.00
1.80
13.00
7.00
1.20
4.70
1.10
1.02
1.0
2.5
3.90
1.77
1.25
2.05
 	 0:0(0:0)  
5002	02/01
21:30	 Atletico Madrid
Levante	
–2.0
+2.0
2.15
1.70
2.5
1.87
1.93
1.20
6.30
17.00
 	
1.11
5.00
2.0
1.0
1.72
10.00
2.10
1.05
 	 1:0(0:0)  
5003	02/01
23:05	 Malaga
Celta	
0
0
1.67
2.20
2.0
1.67
2.20
2.40
3.20
3.15
1.37
1.36
1.60
1.0
1.0
1.67
2.05
2.20
1.77
 	 2:0(2:0)  
5004	03/01
13:00	 Rayo Vallecano
Real Sociedad	
0
0
1.87
1.93
2.5
1.90
1.90
2.60
3.35
2.70
1.47
1.33
1.50
1.5
1.0
2.35
1.60
1.60
2.35
 	 2:2(1:1)  
5010	03/01
17:00	 Real Betis
Eibar	
0
0
1.72
2.10
2.0
1.67
2.20
2.45
3.30
2.95
1.40
1.35
1.57
1.0
1.0
1.70
1.97
2.15
1.83
 	 0:4(0:2)  
5006	03/01
17:00	 Granada
Sevilla	
+1.0
–1.0
1.50
2.60
2.5
1.90
1.90
4.00
3.55
1.90
1.93
1.30
1.25
1.0
1.5
2.15
1.95
1.70
1.85
 	 2:1(2:1)  
5007	03/01
19:15	 Deportivo La Coruna
Villarreal	
0
0
2.05
1.80
2.0
1.70
2.15
2.90
3.20
2.55
1.53
1.36
1.42
1.0
1.0
1.95
1.80
1.85
2.00
 	 1:2(0:1)  
5008	03/01
19:15	 Athletic Bilbao
Las Palmas	
–1.5
+1.5
2.05
1.77
2.5
1.77
2.05
1.38
4.50
9.00
1.06
1.20
3.10
2.0
1.0
1.90
3.90
1.90
1.25
 	 2:2(1:0)  
5009	03/01
21:30	 Valencia
Real Madrid	
+1.0
–1.0
1.90
1.90
3.0
1.77
2.05
5.50
4.50
1.55
2.55
1.20
1.15
1.0
2.0
1.95
1.85
1.85
1.95
 	 2:2(1:1)  
5005	04/01
21:30	 Sporting Gijon
Getafe	
0
0
1.50
2.50
2.0
1.75
2.10
2.15
3.25
3.60
1.30
1.35
1.72
1.0
1.0
1.62
2.35
2.30
1.60
 	 1:2(1:0)  
2904	09/01
17:00	 Barcelona
Granada	
–3.5
+3.5
2.00
1.80
4.5
2.05
1.77
1.04
17.00
30.00
 	
1.01
13.00
4.0
1.0
2.05
7.00
1.75
1.10
 	 4:0(2:0)  
2905	09/01
19:15	 Getafe
Real Betis	
–1.0
+1.0
2.80
1.44
2.5
2.20
1.67
1.90
3.45
4.25
1.23
1.31
1.90
1.5
1.0
2.15
2.50
1.70
1.53
 	 1:0(0:0)  
2906	09/01
19:15	 Sevilla
Athletic Bilbao	
0
0
1.55
2.45
2.5
1.95
1.85
2.15
3.45
3.35
1.32
1.32
1.70
1.5
1.0
2.15
1.87
1.70
1.93
 	 2:0(1:0)  
2907	09/01
21:30	 Real Madrid
Deportivo La Coruna	
–2.0
+2.0
1.77
2.05
4.0
2.12
1.72
1.13
9.00
18.00
 	
1.06
6.00
3.0
1.0
1.97
2.85
1.83
1.42
 	 5:0(2:0)  
2908	09/01
23:05	 Levante
Rayo Vallecano	
0
0
1.67
2.20
2.5
2.10
1.75
2.35
3.35
3.05
1.40
1.33
1.60
1.0
1.0
1.60
1.87
2.35
1.93
 	 2:1(0:0)  
2909	10/01
13:00	 Villarreal
Sporting Gijon	
–1.0
+1.0
1.85
1.95
2.5
1.93
1.87
1.50
4.25
6.75
1.11
1.23
2.60
1.5
1.0
1.70
3.40
2.15
1.32
 	 2:0(1:0)  
2910	10/01
17:00	 Real Sociedad
Valencia	
0
0
1.62
2.30
2.5
2.15
1.70
2.25
3.35
3.20
1.35
1.33
1.65
1.0
1.0
1.57
2.05
2.40
1.77
 	 2:0(0:0)  
2911	10/01
19:15	 Eibar
Espanyol	
–1.0
+1.0
3.00
1.40
2.0
1.77
2.05
1.95
3.35
4.20
1.23
1.33
1.87
1.5
1.0
2.30
2.70
1.62
1.46
 	 2:1(1:1)  
2912	10/01
19:15	 Las Palmas
Malaga	
0
0
1.83
1.97
2.0
1.77
2.05
2.65
3.15
2.80
1.44
1.36
1.48
1.0
1.0
1.87
1.97
1.93
1.83
 	 1:1(0:0)  
2913	10/01
21:30	 Celta
Atletico Madrid	
+1.0
–1.0
1.45
2.75
2.0
1.90
1.90
4.50
3.40
1.85
1.97
1.32
1.22
1.0
1.5
3.30
2.35
1.33
1.60
 	 0:2(0:0)  
2894	16/01
17:00	 Sevilla
Malaga	
–1.0
+1.0
1.95
1.85
2.5
1.75
2.10
1.55
4.30
6.00
1.14
1.22
2.50
2.0
1.0
2.20
2.50
1.67
1.53
 	 2:1(2:0)  
2895	16/01
19:15	 Celta
Levante	
–1.0
+1.0
1.95
1.85
2.5
1.83
2.00
1.55
4.20
6.00
1.13
1.23
2.50
1.5
1.0
1.67
2.70
2.20
1.47
 	 4:3(2:0)  
2896	16/01
21:30	 Villarreal
Real Betis	
–1.5
+1.5
2.15
1.70
2.5
1.75
2.10
1.40
4.80
8.00
1.08
1.20
3.10
2.0
1.0
1.95
3.30
1.85
1.33
 	 0:0(0:0)  
2897	16/01
23:05	 Real Sociedad
Deportivo La Coruna	
0
0
1.46
2.70
2.0
1.77
2.05
2.05
3.25
3.80
1.27
1.35
1.77
1.0
1.0
1.57
2.45
2.40
1.55
 	 1:1(0:1)  
2898	17/01
13:00	 Valencia
Rayo Vallecano	
–1.0
+1.0
1.83
1.97
2.5
1.75
2.10
1.47
4.25
7.25
1.09
1.22
2.70
2.0
1.0
2.15
2.80
1.70
1.44
 	 2:2(0:1)  
2899	17/01
17:00	 Real Madrid
Sporting Gijon	
–3.0
+3.0
1.77
2.05
4.5
2.05
1.77
1.07
14.00
22.00
 	
1.01
8.70
3.5
1.0
1.75
5.00
2.05
1.18
 	 5:1(5:0)  
2900	17/01
19:15	 Las Palmas
Atletico Madrid	
+1.0
–1.0
1.80
2.05
2.0
1.80
2.05
7.00
3.70
1.55
2.50
1.28
1.10
1.0
1.5
4.50
1.95
1.20
1.85
 	 0:3(0:1)  
2901	17/01
19:15	 Getafe
Espanyol	
0
0
1.60
2.35
2.0
1.75
2.10
2.25
3.25
3.35
1.33
1.35
1.65
1.0
1.0
1.65
2.15
2.25
1.70
 	 3:1(2:1)  
2902	17/01
21:30	 Barcelona
Athletic Bilbao	
–2.5
+2.5
2.05
1.77
3.5
1.95
1.85
1.13
8.75
19.00
 	
1.07
6.00
3.0
1.0
2.05
5.00
1.77
1.17
 	 6:0(2:0)  
2903	18/01
21:30	 Eibar
Granada	
–1.0
+1.0
2.60
1.48
2.0
1.75
2.10
1.80
3.45
4.80
1.20
1.32
2.05
1.5
1.0
2.15
2.95
1.70
1.40
 	 5:1(2:0)  
1604	22/01
21:30	 Sporting Gijon
Real Sociedad	
0
0
2.20
1.67
2.5
2.15
1.70
3.10
3.25
2.40
1.60
1.35
1.38
1.0
1.0
1.93
1.62
1.87
2.30
 	 5:1(3:1)  
1605	23/01
17:00	 Malaga
Barcelona	
+1.0
–1.0
2.05
1.77
2.5
1.75
2.10
7.00
4.55
1.45
2.75
1.20
1.10
1.0
2.0
3.00
2.10
1.40
1.75
 	 1:2(1:1)  
1611	23/01
19:15	 Espanyol
Villarreal	
0
0
2.00
1.80
2.0
1.77
2.05
2.90
3.15
2.57
1.51
1.36
1.42
1.0
1.0
2.00
1.83
1.83
1.97
 	 2:2(2:1)  
1607	23/01
21:30	 Granada
Getafe	
0
0
1.77
2.05
2.0
1.70
2.15
2.50
3.25
2.90
1.41
1.34
1.53
1.0
1.0
1.75
1.97
2.10
1.83
 	 3:2(2:0)  
1608	23/01
23:05	 Rayo Vallecano
Celta	
0
0
1.77
2.05
2.5
2.00
1.80
2.45
3.45
2.80
1.44
1.32
1.55
1.0
1.0
1.62
1.75
2.30
2.05
 	 3:0(3:0)  
1609	24/01
13:00	 Athletic Bilbao
Eibar	
–1.0
+1.0
2.20
1.67
2.5
2.05
1.77
1.65
3.75
5.50
1.15
1.27
2.25
1.5
1.0
1.90
2.95
1.90
1.40
 	 5:2(3:1)  
1610	24/01
17:00	 Atletico Madrid
Sevilla	
–1.0
+1.0
2.15
1.70
2.0
1.72
2.15
1.62
3.70
6.00
1.12
1.28
2.35
1.5
1.0
1.97
3.60
1.83
1.28
 	 0:0(0:0)  
1606	24/01
19:15	 Deportivo La Coruna
Valencia	
0
0
1.60
2.35
2.5
2.15
1.70
2.20
3.30
3.40
1.32
1.34
1.67
1.0
1.0
1.60
2.05
2.35
1.77
 	 1:1(1:0)  
1612	24/01
21:30	 Real Betis
Real Madrid	
+1.5
–1.5
2.05
1.77
3.5
2.10
1.75
12.00
6.00
1.25
4.00
1.13
1.03
1.0
2.5
2.90
1.95
1.42
1.85
 	 1:1(1:0)  
1613	25/01
21:30	 Levante
Las Palmas	
0
0
1.72
2.15
2.0
1.80
2.05
2.45
3.15
3.05
1.38
1.36
1.57
1.0
1.0
1.77
2.10
2.05
1.75
 	 3:2(1:0)  
1594	30/01
17:00	 Barcelona
Atletico Madrid	
–1.0
+1.0
1.87
1.93
2.5
1.80
2.00
1.50
4.25
6.75
1.11
1.23
2.60
2.0
1.0
2.25
2.85
1.65
1.42
 	 2:1(2:1)  
1595	30/01
19:15	 Eibar
Malaga	
0
0
1.70
2.15
2.0
1.75
2.10
2.40
3.15
3.15
1.36
1.36
1.57
1.0
1.0
1.75
2.12
2.10
1.72
 	 1:2(0:1)  
1596	30/01
19:15	 Getafe
Athletic Bilbao	
0
0
2.35
1.60
2.0
1.70
2.15
3.45
3.25
2.20
1.67
1.34
1.31
1.0
1.0
2.20
1.62
1.67
2.30
 	 0:1(0:1)  
1597	31/01
19:15	 Las Palmas
Celta	
0
0
1.95
1.85
2.5
2.05
1.77
2.75
3.30
2.60
1.50
1.34
1.45
1.0
1.0
1.75
1.67
2.10
2.20
 	 2:1(1:1)  
1598	30/01
23:05	 Real Sociedad
Real Betis	
–1.0
+1.0
2.35
1.60
2.5
1.95
1.85
1.72
3.70
5.00
1.17
1.28
2.12
1.5
1.0
1.90
2.50
1.90
1.53
 	 2:1(2:0)  
1599	31/01
13:00	 Sevilla
Levante	
–1.5
+1.5
1.93
1.87
2.5
1.75
2.10
1.28
5.50
11.00
1.04
1.15
3.65
2.0
1.0
1.83
4.30
1.97
1.22
 	 3:1(1:0)  
1600	31/01
17:00	 Valencia
Sporting Gijon	
–1.0
+1.0
2.15
1.70
2.5
1.87
1.93
1.65
4.00
5.00
1.17
1.25
2.30
1.5
1.0
1.77
2.50
2.05
1.53
 	 0:1(0:0)  
1601	30/01
21:30	 Villarreal
Granada	
–1.0
+1.0
1.77
2.05
2.5
1.95
1.85
1.44
4.40
7.75
1.08
1.21
2.80
1.5
1.0
1.67
3.80
2.20
1.27
 	 1:0(0:0)  
1602	31/01
21:30	 Real Madrid
Espanyol	
–2.5
+2.5
1.80
2.00
4.0
1.97
1.83
1.10
11.00
19.00
 	
1.04
7.00
3.5
1.0
2.15
4.00
1.70
1.23
 	 6:0(4:0)  
1603	01/02
21:30	 Deportivo La Coruna
Rayo Vallecano	
–1.0
+1.0
2.50
1.55
2.5
1.97
1.83
1.80
3.60
4.55
1.20
1.29
2.00
1.5
1.0
1.95
2.40
1.85
1.57
 	 2:2(1:2)  
6492	05/02
21:30	 Malaga
Getafe	
–1.0
+1.0
2.05
1.80
2.5
2.20
1.67
1.57
3.85
6.50
1.12
1.26
2.40
1.5
1.0
1.90
3.80
1.90
1.27
 	 3:0(3:0)  
6493	06/02
17:00	 Atletico Madrid
Eibar	
–1.5
+1.5
2.15
1.70
2.5
2.00
1.80
1.37
4.60
9.50
1.06
1.20
3.20
2.0
1.0
2.20
4.80
1.67
1.18
 	 3:1(0:0)  
6494	06/02
19:15	 Rayo Vallecano
Las Palmas	
–1.0
+1.0
2.55
1.50
2.5
1.77
2.05
1.87
3.65
4.10
1.24
1.28
1.93
1.5
1.0
1.85
1.95
1.95
1.85
 	 2:0(1:0)  
6495	06/02
21:30	 Athletic Bilbao
Villarreal	
–1.0
+1.0
2.45
1.55
2.5
2.25
1.65
1.77
3.50
5.00
1.18
1.31
2.05
1.5
1.0
2.05
2.95
1.77
1.40
 	 0:0(0:0)  
6496	06/02
23:05	 Sporting Gijon
Deportivo La Coruna	
0
0
1.77
2.05
2.5
2.15
1.70
2.50
3.25
2.90
1.42
1.35
1.55
1.0
1.0
1.67
1.85
2.20
1.95
 	 1:1(1:1)  
6497	07/02
13:00	 Levante
Barcelona	
+2.0
–2.0
2.00
1.80
3.5
2.10
1.75
19.00
8.00
1.15
5.75
1.08
1.01
1.0
2.5
4.50
1.77
1.20
2.05
 	 0:2(0:1)  
6498	07/02
17:00	 Real Betis
Valencia	
0
0
1.77
2.05
2.5
2.20
1.67
2.55
3.20
2.85
1.42
1.35
1.51
1.0
1.0
1.72
1.90
2.12
1.90
 	 1:0(0:0)  
6499	07/02
19:15	 Celta
Sevilla	
0
0
2.20
1.67
2.5
1.95
1.85
3.05
3.45
2.30
1.62
1.32
1.38
1.0
1.5
1.77
2.25
2.05
1.65
 	 1:1(0:1)  
6500	07/02
21:30	 Granada
Real Madrid	
+2.0
–2.0
1.72
2.10
3.5
1.93
1.87
10.00
6.50
1.25
4.30
1.11
1.05
1.0
2.5
2.75
1.83
1.45
1.97
 	 1:2(0:1)  
6501	08/02
21:30	 Espanyol
Real Sociedad	
0
0
1.90
1.90
2.5
2.15
1.70
2.70
3.25
2.70
1.47
1.35
1.47
1.0
1.0
1.75
1.75
2.10
2.10
 	 0:5(0:2)  
6502	12/02
21:30	 Sporting Gijon
Rayo Vallecano	
0
0
1.60
2.35
2.5
1.90
1.90
2.20
3.50
3.25
1.35
1.32
1.70
1.5
1.0
2.15
1.80
1.72
2.00
 	 2:2(2:1)  
6503	13/02
17:00	 Real Madrid
Athletic Bilbao	
–1.5
+1.5
1.72
2.10
3.5
1.90
1.90
1.27
6.50
9.00
1.06
1.12
4.00
2.5
1.0
1.83
2.55
1.97
1.53
 	 4:2(3:1)  
6504	13/02
19:15	 Villarreal
Malaga	
–1.0
+1.0
2.85
1.42
2.5
2.20
1.67
1.90
3.45
4.30
1.22
1.32
1.93
1.5
1.0
2.15
2.55
1.70
1.50
 	 1:0(1:0)  
6505	13/02
21:30	 Valencia
Espanyol	
–1.0
+1.0
2.50
1.53
2.5
1.97
1.85
1.77
3.60
4.70
1.20
1.30
2.10
1.5
1.0
1.90
2.35
1.90
1.60
 	 2:1(0:0)  
6507	14/02
13:00	 Real Sociedad
Granada	
–1.0
+1.0
2.05
1.77
2.5
2.10
1.75
1.55
3.90
6.50
1.11
1.25
2.45
1.5
1.0
1.83
3.35
1.97
1.33
 	 3:0(2:0)  
6508	14/02
17:00	 Sevilla
Las Palmas	
–1.5
+1.5
2.00
1.80
3.0
2.05
1.77
1.36
5.00
8.00
1.08
1.16
3.25
2.0
1.0
1.80
3.25
2.05
1.35
 	 2:0(0:0)  
6509	14/02
19:15	 Eibar
Levante	
–1.0
+1.0
2.45
1.55
2.5
2.20
1.67
1.75
3.55
5.00
1.17
1.30
2.15
1.5
1.0
2.05
2.95
1.77
1.40
 	 2:0(1:0)  
6510	14/02
19:15	 Getafe
Atletico Madrid	
+1.0
–1.0
1.75
2.05
2.0
1.77
2.05
7.00
3.70
1.57
2.45
1.28
1.10
1.0
1.5
4.30
1.95
1.23
1.85
 	 0:1(0:1)  
6511	14/02
21:30	 Barcelona
Celta	
–2.5
+2.5
1.85
1.95
3.5
1.77
2.05
1.10
10.50
22.00
 	
1.05
7.50
3.0
1.0
1.80
5.00
2.05
1.17
 	 6:1(1:1)  
7274	19/02
21:30	 Levante
Getafe	
0
0
1.55
2.45
2.5
2.20
1.67
2.15
3.25
3.55
1.29
1.34
1.70
1.5
1.0
2.35
2.15
1.57
1.70
 	 3:0(2:0)  
7275	20/02
17:00	 Las Palmas
Barcelona	
+2.0
–2.0
1.87
1.93
3.5
1.97
1.83
14.00
7.00
1.20
4.70
1.11
1.02
1.0
2.5
3.40
1.77
1.32
2.05
 	 1:2(1:2)  
7276	20/02
19:15	 Espanyol
Deportivo La Coruna	
0
0
1.67
2.20
2.0
1.70
2.15
2.35
3.30
3.10
1.37
1.35
1.60
1.0
1.0
1.67
2.05
2.20
1.77
 	 1:0(0:0)  
7277	20/02
21:30	 Real Betis
Sporting Gijon	
0
0
1.44
2.80
2.5
2.15
1.70
1.97
3.40
4.00
1.25
1.32
1.83
1.5
1.0
2.20
2.35
1.67
1.60
 	 1:1(0:0)  
7278	20/02
23:05	 Celta
Eibar	
–1.0
+1.0
2.50
1.53
2.5
1.97
1.85
1.77
3.55
4.80
1.20
1.30
2.10
1.5
1.0
1.90
2.35
1.90
1.60
 	 3:2(2:0)  
7279	21/02
13:00	 Rayo Vallecano
Sevilla	
0
0
2.25
1.65
3.0
2.15
1.70
3.05
3.60
2.25
1.67
1.30
1.38
1.5
1.5
2.40
1.97
1.57
1.83
 	 2:2(1:2)  
7280	21/02
17:00	 Malaga
Real Madrid	
+1.0
–1.0
1.65
2.25
3.0
2.05
1.77
4.70
4.00
1.70
2.20
1.25
1.20
1.0
1.5
1.95
1.67
1.85
2.20
 	 1:1(0:1)  
7281	21/02
19:15	 Athletic Bilbao
Real Sociedad	
–1.0
+1.0
2.55
1.53
2.5
1.95
1.85
1.80
3.70
4.50
1.22
1.30
2.05
1.5
1.0
1.93
2.30
1.87
1.62
 	 0:1(0:1)  
7282	21/02
19:15	 Granada
Valencia	
0
0
1.95
1.85
2.0
1.70
2.15
2.80
3.20
2.60
1.50
1.35
1.43
1.0
1.0
1.90
1.80
1.90
2.00
 	 1:2(0:0)  
7283	21/02
21:30	 Atletico Madrid
Villarreal	
–1.0
+1.0
1.95
1.85
2.0
1.85
1.95
1.50
3.80
8.00
1.08
1.27
2.65
1.5
1.0
1.95
5.00
1.87
1.17
 	 0:0(0:0)  
7226	26/02
21:30	 Eibar
Las Palmas	
–1.0
+1.0
2.55
1.53
2.5
2.15
1.70
1.80
3.50
4.75
1.19
1.31
2.00
1.5
1.0
2.05
2.70
1.77
1.47
 	 0:1(0:1)  
7227	27/02
17:00	 Real Madrid
Atletico Madrid	
–1.0
+1.0
2.40
1.57
2.5
1.93
1.87
1.75
3.70
4.75
1.19
1.28
2.10
1.5
1.0
1.90
2.35
1.90
1.57
 	 0:1(0:0)  
7228	27/02
19:15	 Getafe
Celta	
0
0
1.83
1.97
2.5
2.20
1.67
2.60
3.25
2.80
1.45
1.35
1.53
1.0
1.0
1.75
1.85
2.05
1.95
 	 0:1(0:0)  
7229	27/02
19:15	 Sporting Gijon
Espanyol	
0
0
1.60
2.35
2.5
2.15
1.70
2.20
3.30
3.40
1.32
1.34
1.67
1.5
1.0
2.40
2.05
1.57
1.77
 	 2:4(1:1)  
7230	27/02
21:30	 Real Betis
Rayo Vallecano	
0
0
1.57
2.40
2.5
1.85
1.97
2.15
3.50
3.35
1.33
1.31
1.70
1.5
1.0
2.10
1.80
1.75
2.00
 	 2:2(2:0)  
7231	27/02
23:05	 Real Sociedad
Malaga	
0
0
1.55
2.45
2.0
1.67
2.20
2.15
3.25
3.55
1.29
1.34
1.70
1.0
1.0
1.60
2.25
2.35
1.65
 	 1:1(0:0)  
7232	28/02
13:00	 Villarreal
Levante	
–1.0
+1.0
1.90
1.90
2.5
2.00
1.80
1.50
4.15
7.00
1.10
1.24
2.60
1.5
1.0
1.75
3.45
2.10
1.32
 	 3:0(2:0)  
7233	28/02
17:00	 Valencia
Athletic Bilbao	
0
0
1.75
2.10
2.5
2.15
1.70
2.45
3.35
2.90
1.42
1.33
1.55
1.0
1.0
1.67
1.90
2.20
1.90
 	 0:3(0:0)  
7234	28/02
19:15	 Deportivo La Coruna
Granada	
–1.0
+1.0
2.50
1.53
2.5
2.25
1.65
1.77
3.50
5.00
1.18
1.31
2.05
1.5
1.0
2.10
2.90
1.75
1.42
 	 0:1(0:1)  
7235	28/02
21:30	 Barcelona
Sevilla	
–2.0
+2.0
1.80
2.00
3.5
1.77
2.05
1.17
8.00
14.50
1.02
1.08
5.25
3.0
1.0
2.05
3.00
1.77
1.40
 	 2:1(1:1)  
1969	01/03
22:00	 Atletico Madrid
Real Sociedad	
–1.5
+1.5
2.20
1.67
2.5
2.15
1.70
1.38
4.40
10.00
1.05
1.21
3.05
1.5
1.0
1.67
5.50
2.20
1.14
 	 3:0(1:0)  
1970	01/03
23:00	 Las Palmas
Getafe	
0
0
1.44
2.80
2.5
2.10
1.75
1.95
3.40
4.05
1.24
1.32
1.85
1.5
1.0
2.15
2.30
1.70
1.60
 	 4:0(2:0)  
1971	02/03
21:00	 Sevilla
Eibar	
–1.0
+1.0
1.75
2.10
3.0
2.05
1.77
1.46
4.50
7.00
1.10
1.22
2.75
2.0
1.0
1.93
2.55
1.87
1.50
 	 1:0(1:0)  
1972	02/03
21:00	 Celta
Villarreal	
0
0
1.60
2.35
2.5
2.10
1.75
2.20
3.25
3.45
1.31
1.34
1.67
1.5
1.0
2.35
2.05
1.60
1.77
 	 0:0(0:0)  
1973	02/03
21:00	 Malaga
Valencia	
0
0
1.47
2.70
2.0
1.72
2.15
2.05
3.30
3.85
1.26
1.34
1.77
1.5
1.0
2.35
2.45
1.60
1.55
 	 1:2(1:1)  
1974	02/03
21:00	 Athletic Bilbao
Deportivo La Coruna	
–1.0
+1.0
1.87
1.93
2.5
1.90
1.90
1.50
4.30
6.50
1.11
1.23
2.65
1.5
1.0
1.67
3.10
2.20
1.37
 	 4:1(2:0)  
1975	02/03
22:00	 Levante
Real Madrid	
+1.0
–1.0
2.05
1.75
3.0
1.80
2.00
6.00
4.80
1.48
2.70
1.18
1.14
1.0
2.0
2.20
1.80
1.67
2.00
 	 1:3(1:2)  
1976	03/03
21:00	 Granada
Sporting Gijon	
0
0
1.42
2.85
2.5
2.15
1.70
2.00
3.35
3.90
1.25
1.33
1.83
1.5
1.0
2.20
2.30
1.67
1.62
 	 2:0(0:0)  
1977	03/03
21:30	 Espanyol
Real Betis	
0
0
1.60
2.35
2.5
2.05
1.77
2.25
3.35
3.25
1.35
1.33
1.65
1.5
1.0
2.30
1.90
1.62
1.90
 	 0:3(0:2)  
1978	03/03
22:00	 Rayo Vallecano
Barcelona	
+2.0
–2.0
2.05
1.77
4.0
1.85
1.95
12.00
8.00
1.20
4.80
1.10
1.04
1.0
3.0
2.30
1.83
1.62
1.97
 	 1:5(0:2)  
3785	05/03
17:00	 Real Madrid
Celta	
–1.5
+1.5
1.90
1.90
3.5
1.90
1.90
1.30
6.00
8.50
1.07
1.13
3.52
2.5
1.0
1.95
2.15
1.85
1.70
 	 7:1(1:0)  
3786	05/03
19:15	 Villarreal
Las Palmas	
–1.0
+1.0
2.05
1.75
2.5
2.00
1.80
1.57
3.95
6.25
1.12
1.25
2.40
1.5
1.0
1.80
3.05
2.00
1.38
 	 0:1(0:1)  
3787	05/03
21:30	 Getafe
Sevilla	
0
0
2.65
1.48
2.5
1.90
1.90
3.80
3.50
2.00
1.80
1.31
1.27
1.0
1.5
2.00
2.05
1.80
1.77
 	 1:1(0:0)  
3788	05/03
23:05	 Deportivo La Coruna
Malaga	
0
0
1.77
2.05
2.0
1.77
2.05
2.45
3.15
3.05
1.38
1.36
1.55
1.0
1.0
1.80
2.05
2.00
1.77
 	 3:3(1:1)  
3789	06/03
13:00	 Real Betis
Granada	
0
0
1.50
2.55
2.5
2.10
1.75
2.00
3.65
3.60
1.29
1.29
1.80
1.5
1.0
2.25
2.15
1.65
1.70
 	 2:0(0:0)  
3790	06/03
17:00	 Eibar
Barcelona	
+2.0
–2.0
2.00
1.80
3.5
1.77
2.05
16.50
8.50
1.15
5.75
1.08
1.01
1.0
3.0
2.95
2.00
1.40
1.80
 	 0:4(0:2)  
3791	06/03
19:15	 Real Sociedad
Levante	
–1.0
+1.0
1.90
1.90
2.5
1.95
1.85
1.50
4.10
7.00
1.10
1.24
2.60
1.5
1.0
1.72
3.25
2.12
1.35
 	 1:1(1:1)  
3793	06/03
19:15	 Sporting Gijon
Athletic Bilbao	
0
0
2.55
1.50
2.5
2.15
1.70
3.60
3.30
2.15
1.72
1.35
1.30
1.0
1.5
2.20
2.30
1.67
1.62
 	 0:2(0:1)  
3794	06/03
21:30	 Valencia
Atletico Madrid	
0
0
2.75
1.46
2.0
1.90
1.90
4.00
3.20
2.05
1.77
1.36
1.25
1.0
1.0
2.80
1.67
1.44
2.20
 	 1:3(1:1)  
3795	07/03
21:30	 Espanyol
Rayo Vallecano	
0
0
1.48
2.60
2.5
1.90
1.90
2.00
3.55
3.75
1.28
1.30
1.80
1.5
1.0
2.05
1.97
1.77
1.83
 	 2:1(1:0)  
5137	11/03
21:30	 Malaga
Sporting Gijon	
–1.0
+1.0
2.25
1.65
2.5
2.05
1.75
1.67
3.75
5.50
1.16
1.28
2.20
1.5
1.0
1.90
2.90
1.90
1.42
 	 1:0(1:0)  
5138	12/03
17:00	 Barcelona
Getafe	
–3.5
+3.5
1.93
1.87
4.5
2.05
1.77
1.04
20.00
35.00
 	
1.01
13.00
4.0
1.0
2.00
8.50
1.80
1.07
 	 6:0(4:0)  
5139	12/03
19:15	 Celta
Real Sociedad	
0
0
1.50
2.60
2.5
1.87
1.95
2.05
3.55
3.55
1.30
1.30
1.78
1.5
1.0
2.00
1.85
1.80
1.95
 	 1:0(1:0)  
5140	12/03
21:30	 Atletico Madrid
Deportivo La Coruna	
–1.5
+1.5
1.83
1.97
2.5
2.05
1.77
1.25
5.50
15.00
1.02
1.14
4.30
2.0
1.0
1.97
9.00
1.85
1.06
 	 3:0(1:0)  
5141	12/03
23:05	 Rayo Vallecano
Eibar	
0
0
1.47
2.70
2.5
1.75
2.10
1.97
3.70
3.60
1.30
1.28
1.85
1.5
1.0
1.90
1.77
1.90
2.05
 	 1:1(1:1)  
5142	13/03
13:00	 Levante
Valencia	
0
0
1.80
2.00
2.5
2.00
1.80
2.55
3.25
2.80
1.44
1.35
1.53
1.0
1.0
1.60
1.70
2.35
2.15
 	 1:0(0:0)  
5143	13/03
17:00	 Sevilla
Villarreal	
–1.0
+1.0
2.35
1.60
2.5
2.05
1.75
1.70
3.70
5.25
1.16
1.28
2.15
1.5
1.0
1.93
2.75
1.87
1.45
 	 4:2(1:2)  
5144	13/03
19:15	 Athletic Bilbao
Real Betis	
–1.0
+1.0
1.77
2.05
2.5
1.80
2.00
1.47
4.50
7.00
1.10
1.22
2.75
2.0
1.0
2.15
3.00
1.72
1.40
 	 3:1(2:0)  
5145	13/03
21:30	 Las Palmas
Real Madrid	
+1.5
–1.5
1.85
1.95
3.5
2.00
1.80
7.50
5.50
1.36
3.30
1.15
1.10
1.0
2.5
2.25
2.05
1.65
1.77
 	 1:2(0:1)  
5146	14/03
21:30	 Granada
Espanyol	
0
0
1.57
2.40
2.5
2.10
1.75
2.20
3.40
3.30
1.35
1.32
1.70
1.5
1.0
2.30
2.00
1.62
1.80
 	 1:1(1:0)  
5147	18/03
21:30	 Getafe
Eibar	
0
0
1.72
2.15
2.5
2.20
1.67
2.40
3.25
3.00
1.40
1.35
1.57
1.0
1.0
1.67
1.95
2.20
1.85
 	 1:1(1:0)  
5148	19/03
17:00	 Sporting Gijon
Atletico Madrid	
+1.0
–1.0
2.00
1.80
2.0
1.77
2.05
9.00
4.00
1.45
2.85
1.25
1.06
1.0
1.5
5.50
1.83
1.15
1.97
 	 2:1(0:1)  
5149	19/03
19:15	 Real Sociedad
Las Palmas	
–1.0
+1.0
2.10
1.72
2.5
1.80
2.00
1.62
4.00
5.50
1.16
1.25
2.35
1.5
1.0
1.72
2.35
2.15
1.57
 	 0:1(0:1)  
5150	19/03
19:15	 Granada
Rayo Vallecano	
0
0
1.67
2.20
2.5
1.77
2.05
2.30
3.55
2.95
1.40
1.30
1.65
1.5
1.0
2.10
1.60
1.75
2.35
 	 2:2(1:1)  
5151	19/03
21:30	 Deportivo La Coruna
Levante	
–1.0
+1.0
2.60
1.50
2.5
2.10
1.72
1.80
3.55
4.70
1.20
1.30
2.05
1.5
1.0
2.00
2.55
1.80
1.50
 	 2:1(1:0)  
5152	19/03
23:05	 Real Betis
Malaga	
0
0
1.87
1.93
2.5
2.15
1.70
2.65
3.30
2.70
1.47
1.35
1.50
1.0
1.0
1.75
1.77
2.10
2.05
 	 0:1(0:0)  
5153	20/03
13:00	 Espanyol
Athletic Bilbao	
0
0
2.50
1.53
2.5
2.05
1.75
3.50
3.40
2.10
1.75
1.32
1.32
1.0
1.5
2.05
2.25
1.77
1.65
 	 2:1(0:1)  
5154	20/03
17:00	 Villarreal
Barcelona	
+1.5
–1.5
1.90
1.90
3.0
1.77
2.05
8.50
5.50
1.33
3.40
1.15
1.07
1.0
2.5
2.80
2.15
1.44
1.70
 	 2:2(0:2)  
5155	20/03
19:15	 Valencia
Celta	
0
0
1.62
2.30
2.5
1.95
1.85
2.25
3.45
3.15
1.37
1.32
1.65
1.5
1.0
2.20
1.80
1.65
2.00
 	 0:2(0:0)  
5156	20/03
21:30	 Real Madrid
Sevilla	
–1.5
+1.5
1.83
1.97
4.0
2.10
1.72
1.33
6.00
7.50
1.09
1.13
3.40
2.5
1.0
1.80
1.93
2.05
1.87
 	 4:0(1:0)  
3296	01/04
21:30	 Rayo Vallecano
Getafe	
–1.0
+1.0
2.80
1.44
2.5
1.77
2.05
1.90
3.65
3.95
1.25
1.28
1.90
1.5
1.0
1.87
1.85
1.93
1.95
 	 2:0(1:0)  
3297	02/04
17:00	 Atletico Madrid
Real Betis	
–1.5
+1.5
2.15
1.70
2.5
2.00
1.80
1.36
4.70
10.00
1.05
1.20
3.25
2.0
1.0
2.15
5.00
1.70
1.18
 	 5:1(2:0)  
3298	02/04
19:15	 Las Palmas
Valencia	
0
0
1.67
2.20
2.5
2.05
1.77
2.32
3.30
3.15
1.36
1.34
1.61
1.5
1.0
2.35
1.90
1.57
1.90
 	 2:1(0:1)  
3299	02/04
21:30	 Barcelona
Real Madrid	
–1.0
+1.0
1.80
2.00
3.5
1.83
1.97
1.50
4.80
5.50
1.15
1.20
2.65
2.5
1.0
2.10
1.60
1.75
2.35
 	 1:2(0:0)  
3300	02/04
23:05	 Celta
Deportivo La Coruna	
–1.0
+1.0
2.35
1.60
2.5
1.80
2.00
1.74
3.75
4.80
1.19
1.28
2.11
1.5
1.0
1.80
2.15
2.00
1.70
 	 1:1(1:1)  
3301	03/04
13:00	 Athletic Bilbao
Granada	
–1.0
+1.0
1.83
1.97
2.5
2.05
1.77
1.48
4.20
7.30
1.09
1.23
2.67
1.5
1.0
1.72
3.80
2.10
1.27
 	 1:1(1:0)  
3302	03/04
17:00	 Malaga
Espanyol	
–1.0
+1.0
2.65
1.48
2.5
2.15
1.70
1.83
3.55
4.50
1.20
1.30
2.00
1.5
1.0
2.05
2.60
1.75
1.50
 	 1:1(1:1)  
3303	03/04
19:15	 Eibar
Villarreal	
0
0
1.97
1.83
2.0
1.77
2.05
2.85
3.10
2.65
1.48
1.37
1.43
1.0
1.0
1.95
1.85
1.85
1.95
 	 1:2(1:1)  
3304	03/04
21:30	 Sevilla
Real Sociedad	
–1.0
+1.0
2.00
1.80
3.0
2.15
1.70
1.60
3.90
5.80
1.13
1.25
2.33
2.0
1.0
2.20
2.30
1.67
1.60
 	 1:2(0:2)  
3305	04/04
21:30	 Levante
Sporting Gijon	
0
0
1.50
2.55
2.5
2.15
1.70
2.10
3.35
3.55
1.30
1.33
1.75
1.5
1.0
2.30
2.15
1.62
1.70
 	 0:0(0:0)  
3286	08/04
21:30	 Granada
Malaga	
0
0
1.77
2.05
2.0
1.75
2.10
2.55
3.10
2.95
1.40
1.38
1.53
1.0
1.0
1.77
1.95
2.05
1.85
 	 0:0(0:0)  
3287	09/04
17:00	 Real Madrid
Eibar	
–2.5
+2.5
2.05
1.75
4.0
2.10
1.72
1.14
9.00
16.50
1.01
1.07
5.85
3.0
1.0
1.85
3.30
1.95
1.33
 	 4:0(4:0)  
3288	09/04
19:15	 Espanyol
Atletico Madrid	
0
0
3.00
1.38
2.0
1.85
1.95
4.30
3.25
1.97
1.85
1.35
1.23
1.0
1.5
2.80
2.40
1.44
1.57
 	 1:3(1:1)  
3289	09/04
21:30	 Real Sociedad
Barcelona	
+1.0
–1.0
2.10
1.72
3.0
1.80
2.00
6.50
4.80
1.47
2.80
1.20
1.13
1.0
2.0
2.20
1.77
1.67
2.05
 	 1:0(1:0)  
3290	09/04
23:05	 Real Betis
Levante	
0
0
1.44
2.85
2.5
2.00
1.80
2.00
3.40
3.90
1.26
1.32
1.80
1.5
1.0
2.10
2.10
1.75
1.75
 	 1:0(0:0)  
3291	10/04
13:00	 Sporting Gijon
Celta	
0
0
2.30
1.60
2.5
2.00
1.80
3.25
3.35
2.25
1.65
1.33
1.35
1.0
1.5
1.83
2.25
1.97
1.65
 	 0:1(0:0)  
3292	10/04
17:00	 Valencia
Sevilla	
0
0
1.77
2.05
2.5
1.77
2.05
2.45
3.45
2.85
1.43
1.32
1.55
1.5
1.5
2.15
2.35
1.70
1.60
 	 2:1(1:0)  
3293	10/04
19:15	 Villarreal
Getafe	
–1.0
+1.0
1.90
1.90
2.5
2.05
1.77
1.50
4.00
7.25
1.09
1.24
2.60
1.5
1.0
1.77
3.55
2.05
1.30
 	 2:0(1:0)  
3294	10/04
21:30	 Athletic Bilbao
Rayo Vallecano	
–1.0
+1.0
2.00
1.80
2.5
1.72
2.12
1.55
4.10
6.00
1.12
1.23
2.45
2.0
1.0
2.20
2.30
1.67
1.60
 	 1:0(0:0)  
3295	11/04
21:30	 Deportivo La Coruna
Las Palmas	
0
0
1.42
2.85
2.5
2.05
1.77
2.00
3.40
3.90
1.27
1.32
1.83
1.5
1.0
2.15
2.15
1.70
1.70
 	 1:3(0:0)  
477	15/04
21:30	 Levante
Espanyol	
0
0
1.65
2.25
2.5
2.10
1.75
2.35
3.30
3.15
1.37
1.35
1.62
1.0
1.0
1.57
1.90
2.40
1.90
 	 2:1(1:1)  
478	16/04
17:00	 Getafe
Real Madrid	
+2.0
–2.0
1.80
2.00
3.5
1.90
1.90
13.00
7.00
1.20
4.80
1.10
1.02
1.0
2.5
2.85
1.75
1.42
2.05
 	 1:5(0:2)  
479	16/04
19:15	 Las Palmas
Sporting Gijon	
–1.0
+1.0
2.80
1.44
2.5
2.05
1.77
1.90
3.55
4.00
1.25
1.30
1.90
1.5
1.0
2.05
2.25
1.75
1.65
 	 1:1(1:0)  
480	16/04
21:31	 Eibar
Real Sociedad	
0
0
1.93
1.87
2.5
2.15
1.70
2.75
3.20
2.65
1.48
1.35
1.45
1.0
1.0
1.77
1.75
2.05
2.10
 	 2:1(1:1)  
481	16/04
23:05	 Celta
Real Betis	
–1.0
+1.0
1.97
1.85
3.0
2.10
1.72
1.55
4.15
6.00
1.13
1.23
2.50
2.0
1.0
2.10
2.30
1.72
1.62
 	 1:1(0:1)  
482	17/04
13:00	 Malaga
Athletic Bilbao	
0
0
1.67
2.20
2.0
1.70
2.15
2.40
3.15
3.10
1.37
1.36
1.60
1.0
1.0
1.67
2.00
2.20
1.80
 	 0:1(0:0)  
483	17/04
17:00	 Sevilla
Deportivo La Coruna	
–1.0
+1.0
1.85
1.97
3.0
1.85
1.95
1.50
4.50
6.00
1.14
1.20
2.60
2.0
1.0
1.87
2.10
1.93
1.72
 	 1:1(1:0)  
484	17/04
19:15	 Rayo Vallecano
Villarreal	
0
0
1.87
1.95
2.5
1.87
1.93
2.60
3.30
2.70
1.47
1.35
1.50
1.5
1.5
2.30
2.35
1.62
1.57
 	 2:1(1:1)  
485	17/04
19:15	 Atletico Madrid
Granada	
–1.5
+1.5
1.80
2.00
2.5
1.87
1.93
1.25
5.50
13.00
1.02
1.14
4.30
2.0
1.0
1.83
7.00
2.00
1.10
 	 3:0(1:0)  
486	17/04
21:30	 Barcelona
Valencia	
–2.5
+2.5
2.05
1.77
4.0
1.95
1.85
1.11
9.75
20.00
 	
1.05
6.50
3.0
1.0
1.80
2.85
2.00
1.42
 	 1:2(0:2)  
467	19/04
21:00	 Espanyol
Celta	
0
0
1.85
1.95
2.5
2.00
1.80
2.60
3.25
2.75
1.45
1.35
1.50
1.0
1.0
1.62
1.67
2.30
2.20
 	 1:1(1:1)  
468	19/04
22:00	 Real Betis
Las Palmas	
0
0
1.53
2.50
2.5
1.93
1.87
2.12
3.45
3.45
1.31
1.31
1.72
1.5
1.0
2.10
1.85
1.75
1.95
 	 1:0(0:0)  
469	20/04
21:00	 Deportivo La Coruna
Barcelona	
+1.5
–1.5
2.10
1.75
3.5
2.10
1.72
12.00
6.10
1.25
4.00
1.13
1.04
1.0
2.5
3.05
1.97
1.38
1.83
 	 0:8(0:2)  
470	20/04
21:45	 Athletic Bilbao
Atletico Madrid	
0
0
2.50
1.55
2.0
1.75
2.10
3.50
3.20
2.20
1.70
1.35
1.32
1.0
1.0
2.25
1.62
1.65
2.30
 	 0:1(0:1)  
471	20/04
21:45	 Valencia
Eibar	
–1.0
+1.0
2.40
1.57
2.5
1.80
2.00
1.75
3.70
4.70
1.20
1.27
2.15
1.5
1.0
1.77
2.10
2.05
1.72
 	 4:0(3:0)  
472	20/04
21:45	 Malaga
Rayo Vallecano	
–1.0
+1.0
2.50
1.53
2.5
1.80
2.00
1.80
3.70
4.40
1.21
1.28
2.00
1.5
1.0
1.80
2.00
2.00
1.80
 	 1:1(0:0)  
473	20/04
21:45	 Sporting Gijon
Sevilla	
0
0
2.45
1.55
2.5
1.75
2.10
3.40
3.50
2.12
1.72
1.31
1.32
1.0
1.5
1.67
1.95
2.20
1.85
 	 2:1(1:1)  
474	20/04
23:00	 Real Madrid
Villarreal	
–2.0
+2.0
2.10
1.72
3.5
1.77
2.05
1.25
6.50
10.00
1.05
1.11
4.30
2.5
1.0
1.72
2.30
2.10
1.62
 	 3:0(1:0)  
475	21/04
21:30	 Real Sociedad
Getafe	
–1.0
+1.0
2.10
1.75
2.5
1.90
1.90
1.60
4.00
5.55
1.14
1.24
2.30
1.5
1.0
1.75
2.65
2.05
1.48
 	 1:2(1:1)  
476	21/04
22:00	 Granada
Levante	
–1.0
+1.0
2.60
1.50
2.5
2.05
1.77
1.80
3.60
4.50
1.20
1.29
2.00
1.5
1.0
2.00
2.40
1.83
1.57
 	 5:1(3:0)  
6152	22/04
22:00	 Las Palmas
Espanyol	
0
0
1.65
2.25
2.5
2.05
1.77
2.30
3.30
3.15
1.37
1.33
1.62
1.5
1.0
2.35
1.87
1.60
1.93
 	 4:0(1:0)  
6153	23/04
17:00	 Rayo Vallecano
Real Madrid	
+1.5
–1.5
2.00
1.80
3.5
1.77
2.05
8.50
6.00
1.30
3.70
1.13
1.07
1.0
2.5
2.05
1.80
1.77
2.00
 	 2:3(2:1)  
6154	23/04
19:15	 Atletico Madrid
Malaga	
–1.5
+1.5
1.95
1.85
2.5
1.95
1.85
1.28
5.00
13.50
1.02
1.17
3.90
2.0
1.0
1.95
6.00
1.85
1.13
 	 1:0(0:0)  
6159	23/04
23:05	 Eibar
Deportivo La Coruna	
0
0
1.62
2.30
2.5
2.05
1.77
2.30
3.30
3.20
1.35
1.35
1.65
1.5
1.0
2.30
1.87
1.62
1.93
 	 1:1(1:0)  
6156	24/04
13:00	 Levante
Athletic Bilbao	
0
0
2.35
1.60
2.5
2.05
1.80
3.30
3.30
2.25
1.67
1.35
1.35
1.0
1.5
1.90
2.25
1.90
1.65
 	 2:2(1:0)  
6157	24/04
17:00	 Sevilla
Real Betis	
–1.0
+1.0
1.75
2.05
3.0
1.83
1.97
1.46
4.60
6.75
1.11
1.20
2.75
2.0
1.0
1.80
2.15
2.00
1.70
 	 2:0(0:0)  
6158	24/04
19:15	 Getafe
Valencia	
0
0
2.15
1.70
2.5
1.95
1.85
3.00
3.30
2.40
1.60
1.35
1.40
1.0
1.5
1.70
2.30
2.15
1.62
 	 2:2(0:0)  
6160	24/04
21:30	 Villarreal
Real Sociedad	
–1.0
+1.0
2.60
1.50
2.5
1.90
1.90
1.80
3.60
4.50
1.22
1.30
2.05
1.5
1.0
1.90
2.20
1.90
1.67
 	 0:0(0:0)  
7581	25/04
21:30	 Celta
Granada	
–1.0
+1.0
1.85
1.95
3.0
2.15
1.70
1.48
4.35
6.75
1.10
1.21
2.65
2.0
1.0
2.05
2.50
1.77
1.53
 	 2:1(1:0)  
6673	29/04
21:30	 Sporting Gijon
Eibar	
–1.0
+1.0
2.10
1.75
2.5
1.83
1.97
1.62
4.00
5.50
1.15
1.25
2.32
1.5
1.0
1.72
2.55
2.10
1.53
 	 2:0(1:0)  
6674	30/04
17:00	 Real Sociedad
Real Madrid	
+1.0
–1.0
1.65
2.25
3.0
2.05
1.77
4.70
4.00
1.70
2.20
1.25
1.20
1.0
1.5
1.95
1.67
1.85
2.20
 	 0:1(0:0)  
6675	30/04
19:15	 Atletico Madrid
Rayo Vallecano	
–2.0
+2.0
2.15
1.70
3.0
2.10
1.75
1.26
5.75
12.00
1.03
1.14
3.90
2.5
1.0
2.15
6.00
1.72
1.14
 	 1:0(0:0)  
6676	30/04
21:30	 Real Betis
Barcelona	
+3.0
–3.0
1.75
2.10
4.0
1.85
1.95
25.00
11.00
1.08
9.00
1.03
 	
1.0
3.5
4.30
1.97
1.22
1.83
 	 0:2(0:0)  
6677	30/04
23:05	 Granada
Las Palmas	
–1.0
+1.0
2.00
1.83
2.5
2.00
1.80
1.57
4.00
6.00
1.14
1.25
2.45
1.5
1.0
1.80
3.20
2.05
1.35
 	 3:2(2:2)  
6678	01/05
13:00	 Athletic Bilbao
Celta	
–1.0
+1.0
2.65
1.48
2.5
1.77
2.05
1.85
3.70
4.30
1.23
1.28
2.00
1.5
1.0
1.83
1.95
1.97
1.85
 	 2:1(1:1)  
6679	01/05
17:00	 Espanyol
Sevilla	
0
0
1.62
2.25
2.5
1.77
2.05
2.25
3.50
3.10
1.37
1.30
1.67
1.5
1.0
2.05
1.62
1.77
2.30
 	 1:0(0:0)  
6680	01/05
19:15	 Deportivo La Coruna
Getafe	
0
0
1.62
2.30
2.5
1.90
1.90
2.25
3.40
3.20
1.35
1.32
1.65
1.5
1.0
2.15
1.75
1.70
2.10
 	 0:2(0:1)  
6681	01/05
21:30	 Valencia
Villarreal	
0
0
1.50
2.60
2.5
1.90
1.90
2.10
3.40
3.55
1.30
1.32
1.77
1.5
1.0
2.05
1.87
1.77
1.93
 	 0:2(0:2)  
6682	02/05
21:30	 Malaga
Levante	
0
0
1.55
2.45
2.5
2.05
1.77
2.15
3.35
3.40
1.32
1.33
1.70
1.5
1.0
2.25
1.95
1.65
1.85
 	 3:1(1:1)  
8104	08/05
18:00	 Barcelona
Espanyol	
–3.5
+3.5
2.00
1.80
4.5
1.75
2.10
1.05
15.00
30.00
 	
1.01
13.00
4.0
1.0
1.77
3.60
2.05
1.28
 	 5:0(1:0)  
8105	08/05
18:00	 Villarreal
Deportivo La Coruna	
0
0
1.70
2.15
2.5
2.05
1.80
2.35
3.30
3.10
1.37
1.34
1.60
1.5
1.0
2.35
1.80
1.60
2.00
 	 0:2(0:1)  
8106	08/05
18:00	 Las Palmas
Athletic Bilbao	
+1.0
–1.0
1.45
2.75
2.5
1.75
2.10
3.85
3.75
1.90
1.90
1.27
1.26
1.0
1.5
1.83
1.85
2.00
1.95
 	 0:0(0:0)  
8107	08/05
18:00	 Levante
Atletico Madrid	
+1.5
–1.5
2.00
1.80
2.5
1.97
1.83
18.00
5.65
1.22
4.30
1.14
 	
1.0
2.0
8.50
1.87
1.07
1.93
 	 2:1(1:1)  
8108	08/05
18:00	 Real Madrid
Valencia	
–2.5
+2.5
2.10
1.84
4.0
1.79
2.15
1.18
9.40
14.50
1.06
1.10
5.80
3.5
1.0
2.21
2.48
1.75
1.61
 	 3:2(2:0)  
8109	08/05
18:00	 Real Sociedad
Rayo Vallecano	
0
0
1.97
1.85
3.0
2.05
1.77
2.65
3.60
2.50
1.55
1.30
1.48
1.5
1.5
2.15
2.05
1.72
1.77
 	 2:1(1:0)  
8110	08/05
18:00	 Sevilla
Granada	
0
0
2.35
1.60
3.0
1.87
1.93
3.10
3.80
2.15
1.75
1.25
1.38
1.5
1.5
2.25
1.80
1.65
2.00
 	 1:4(0:1)  
8111	08/05
18:00	 Celta
Malaga	
–1.0
+1.0
2.00
1.80
3.0
2.00
1.80
1.57
4.30
5.50
1.15
1.23
2.45
2.0
1.0
2.10
2.10
1.75
1.72
 	 1:0(1:0)  
8112	08/05
18:00	 Getafe
Sporting Gijon	
0
0
1.48
2.65
2.5
1.95
1.85
2.05
3.50
3.60
1.30
1.32
1.80
1.5
1.0
2.10
1.95
1.75
1.85
 	 1:1(0:0)  
8113	08/05
18:00	 Eibar
Real Betis	
0
0
1.57
2.40
2.5
1.83
1.97
2.20
3.45
3.30
1.35
1.32
1.70
1.5
1.0
2.05
1.72
1.77
2.12
 	 1:1(0:1)  
4700	13/05
21:30	 Valencia
Real Sociedad	
0
0
1.53
2.55
3.0
1.97
1.83
2.05
3.60
3.50
1.31
1.29
1.77
1.5
1.0
1.80
1.60
2.00
2.35
 	 0:1(0:0)  
4702	14/05
18:00	 Deportivo La Coruna
Real Madrid	
+2.0
–2.0
1.95
1.85
4.0
2.00
1.80
14.00
8.00
1.17
5.00
1.08
1.02
1.0
3.0
2.40
1.97
1.57
1.83
 	 0:2(0:2)  
4701	14/05
18:00	 Granada
Barcelona	
+3.0
–3.0
1.72
2.10
4.0
1.80
2.05
25.00
11.00
1.08
8.50
1.03
1.01
1.0
3.5
3.80
1.95
1.27
1.85
 	 0:3(0:2)  
4697	14/05
20:30	 Athletic Bilbao
Sevilla	
–1.5
+1.5
2.00
1.83
3.0
1.77
2.05
1.34
5.30
8.50
1.07
1.16
3.26
2.5
1.0
2.20
2.60
1.67
1.50
 	 3:1(2:0)  
4698	14/05
20:30	 Atletico Madrid
Celta	
–1.0
+1.0
2.50
1.53
2.5
1.83
2.00
1.80
3.80
4.30
1.22
1.27
2.05
1.5
1.0
1.83
2.10
1.97
1.75
 	 2:0(0:0)  
4703	15/05
13:00	 Malaga
Las Palmas	
–1.0
+1.0
2.55
1.53
2.5
1.77
2.05
1.80
3.70
4.50
1.22
1.28
2.05
1.5
1.0
1.80
2.00
2.00
1.83
 	 4:1(2:1)  
4699	15/05
20:30	 Real Betis
Getafe	
+1.0
–1.0
1.65
2.25
3.0
2.05
1.77
4.65
3.95
1.72
2.14
1.26
1.20
1.0
1.5
1.95
1.67
1.85
2.20
 	 2:1(0:0)  
4704	15/05
20:30	 Rayo Vallecano
Levante	
–1.5
+1.5
1.80
2.00
3.5
1.97
1.83
1.30
5.75
9.00
1.06
1.14
3.51
2.5
1.0
1.93
2.45
1.87
1.57
 	 3:1(2:0)  
4705	15/05
20:30	 Sporting Gijon
Villarreal	
–1.0
+1.0
1.72
2.10
2.5
1.85
1.95
1.42
4.50
8.00
1.08
1.21
2.90
2.0
1.0
2.15
3.40
1.70
1.32
 	 2:0(1:0)  
4706	15/05
20:00	 Espanyol
Eibar	
0
0
1.46
2.75
2.5
1.75
2.05
1.98
3.60
3.70
1.28
1.29
1.82
1.5
1.0
1.90
1.85
1.90
1.95
 	 4:2(2:0)  
7622	18/09
21:30	 Getafe
Malaga	
0
0
1.90
1.90
2.0
1.83
2.00
2.75
3.15
2.75
1.47
1.38
1.47
1.0
1.0
1.97
1.97
1.83
1.83
 	 1:0(1:0)  
7626	19/09
23:00	 Real Sociedad
Espanyol	
–1.0
+1.0
2.75
1.46
2.0
1.70
2.15
1.90
3.45
4.30
1.22
1.32
1.93
1.5
1.0
2.20
2.75
1.67
1.45
 	 2:3(1:1)  
7630	20/09
21:30	 Las Palmas
Rayo Vallecano	
–1.0
+1.0
2.70
1.47
2.5
1.83
1.97
1.93
3.70
3.80
1.27
1.28
1.90
1.5
1.0
1.93
2.00
1.87
1.80
 	 0:1(0:1)  
4037	27/09
19:15	 Getafe
Levante	
0
0
1.55
2.50
2.0
1.87
1.93
2.20
3.10
3.70
1.30
1.38
1.70
1.0
1.0
1.72
2.50
2.15
1.53
 	 3:0(0:0)  
4038	27/09
21:30	 Real Sociedad
Athletic Bilbao	
0
0
1.67
2.20
2.0
1.72
2.15
2.40
3.20
3.15
1.37
1.36
1.60
1.0
1.0
1.77
2.00
2.05
1.80
 	 0:0(0:0)  
251	17/10
19:15	 Eibar
Sevilla	
0
0
2.45
1.55
2.5
2.10
1.72
3.50
3.35
2.15
1.72
1.33
1.32
1.0
1.5
2.10
2.30
1.75
1.62
 	 1:1(1:0)  
256	18/10
17:00	 Real Sociedad
Atletico Madrid	
0
0
2.85
1.42
2.0
1.90
1.90
4.20
3.25
2.00
1.83
1.35
1.25
1.0
1.0
2.90
1.62
1.42
2.30
 	 0:2(0:1)  
7665	01/11
19:15	 Sporting Gijon
Malaga	
0
0
1.90
1.90
2.0
1.67
2.20
2.70
3.25
2.70
1.47
1.35
1.47
1.0
1.0
1.83
1.83
1.97
1.97
 	 1:0(1:0)  
7666	01/11
21:30	 Real Betis
Athletic Bilbao	
0
0
2.45
1.55
2.5
1.90
1.90
3.50
3.50
2.10
1.75
1.32
1.32
1.0
1.5
1.90
2.10
1.90
1.72
 	 1:3(0:2)  