507	04/10
18:00	 Volga Nizhny Novgorod
Amkar	
+0.25
-0.25
1.87
1.87
 
 	
2.25
1.95
 	
1.80
 	
3.30
3.20
2.20
1.62
1.32
1.30
1.0
1.0
2.10
1.62
1.70
2.20
 	 0:2(0:1)  
508	05/10
15:00	 Krylia Sovetov
Lokomotiv Moscow	
+1.0
–1.0
1.75
2.00
  	
2.5
1.95
1.80
5.85
3.75
1.57
2.30
1.25
1.11
1.0
1.5
2.55
1.75
1.47
2.00
 	 2:2(2:0)  
509	05/10
12:30	 Ural
FK Krasnodar	
+0.25
-0.25
2.15
1.67
 
 	
2.5
1.90
1.85
4.00
3.40
1.90
1.85
1.30
1.22
1.0
1.5
2.15
1.95
1.67
1.85
 	 0:2(0:0)  
510	06/10
12:30	 Spartak Moscow
Terek	
-1.25
+1.25
1.95
1.76
 
 	
2.5
1.87
1.87
1.42
4.30
7.80
1.07
1.20
2.80
1.5
1.0
1.65
3.50
2.15
1.27
 	 0:0(0:0)  
511	06/10
12:30	 CSKA Moscow
Dynamo Moscow	
0
0
1.72
2.05
  	
2.5
1.95
1.80
2.40
3.30
2.90
1.40
1.32
1.55
1.5
1.0
2.30
1.72
1.58
2.05
 	 0:2(0:0)  
512	06/10
14:45	 Tom
Zenit	
+1.5
–1.5
1.75
2.00
  	
2.5
1.85
1.90
9.00
4.70
1.33
3.20
1.17
1.04
1.0
2.0
4.00
1.90
1.22
1.85
 	 0:3(0:2)  
513	06/10
17:00	 Rubin
Anzhi	
-1.25
+1.25
1.95
1.76
 
 	
2.5
1.87
1.87
1.42
4.30
7.80
1.07
1.20
2.80
1.5
1.0
1.65
3.90
2.15
1.23
 	 5:1(2:0)  
514	06/10
19:15	 Kuban
Rostov	
-0.75
+0.75
2.00
1.72
 
 	
2.25
1.75
 	
1.96
 	
1.80
3.60
4.30
1.20
1.27
2.00
1.5
1.0
1.95
2.35
1.80
1.55
 	 2:2(0:1)  
538	18/10
19:00	 Zenit
CSKA Moscow	
–1.0
+1.0
1.95
1.80
  	
2.75
1.95
 	
1.80
 	
1.57
4.00
5.80
1.13
1.24
2.40
1.5
1.0
1.65
2.50
2.15
1.50
 	 2:0(2:0)  
539	19/10
12:30	 Terek
Ural	
–1.0
+1.0
1.87
1.87
  	
2.5
1.90
1.85
1.50
4.00
6.50
1.10
1.22
2.50
1.5
1.0
1.72
2.80
2.05
1.40
 	 1:1(1:0)  
540	19/10
15:00	 FK Krasnodar
Tom	
–1.0
+1.0
1.75
2.00
  	
2.5
1.87
1.87
1.45
4.20
7.20
1.08
1.22
2.65
2.0
1.0
2.15
3.10
1.65
1.35
 	 4:0(1:0)  
541	20/10
12:30	 Anzhi
Spartak Moscow	
+0.75
-0.75
2.00
1.72
 
 	
2.5
1.90
1.85
5.50
3.75
1.60
2.25
1.25
1.13
1.0
1.5
2.65
1.75
1.45
2.00
 	 0:1(0:1)  
542	20/10
14:45	 Rostov
Krylia Sovetov	
-0.25
+0.25
1.80
1.90
 
 	
2.5
1.87
1.87
2.05
3.20
3.70
1.28
1.30
1.72
1.5
1.0
2.05
1.90
1.72
1.85
 	 1:2(1:0)  
543	20/10
17:00	 Dynamo Moscow
Kuban	
-0.75
+0.75
1.95
1.76
 
 	
2.5
1.90
1.85
1.75
3.60
4.50
1.18
1.27
2.00
1.5
1.0
1.85
2.30
1.90
1.60
 	 3:1(0:0)  
544	20/10
19:15	 Volga Nizhny Novgorod
Rubin	
+0.75
-0.75
1.75
1.96
 
 	
2.5
1.95
1.80
4.40
3.60
1.80
2.00
1.28
1.20
1.0
1.5
2.25
1.90
1.60
1.85
 	 2:1(1:0)  
545	21/10
18:00	 Lokomotiv Moscow
Amkar	
-0.75
+0.75
1.75
1.96
 
 	
2.5
1.85
1.90
1.60
3.80
5.50
1.13
1.25
2.25
1.5
1.0
1.72
2.50
2.05
1.50
 	 4:0(2:0)  
513	25/10
18:00	 Krylia Sovetov
Volga Nizhny Novgorod	
-0.25
+0.25
1.75
2.00
 
 	
2.25
1.90
 	
1.85
 	
2.05
3.10
4.20
1.23
1.38
1.78
1.5
1.0
2.25
2.20
1.62
1.65
 	 2:2(1:1)  
514	26/10
11:30	 Tom
Terek	
0
0
2.00
1.75
  	
2.25
1.95
 	
1.76
 	
2.85
3.20
2.50
1.52
1.33
1.40
1.0
1.0
1.87
1.72
1.87
2.05
 	 0:0(0:0)  
515	26/10
13:45	 Amkar
Dynamo Moscow	
+0.25
-0.25
1.95
1.76
 
 	
2.25
1.85
 	
1.85
 	
3.50
3.30
2.10
1.70
1.32
1.28
1.0
1.5
2.05
2.20
1.72
1.62
 	 2:1(2:0)  
516	26/10
16:00	 Ural
Zenit	
+1.5
–1.5
1.95
1.80
  	
2.75
1.87
 	
1.83
 	
11.00
5.10
1.27
3.45
1.14
1.02
1.0
2.0
3.55
1.55
1.25
2.30
 	 1:2(1:0)  
517	26/10
18:30	 Spartak Moscow
Rostov	
-1.25
+1.25
1.90
1.85
 
 	
2.5
1.87
1.87
1.38
4.50
8.50
1.06
1.20
3.00
2.0
1.0
2.05
3.60
1.72
1.27
 	 2:0(1:0)  
518	27/10
11:30	 Rubin
Lokomotiv Moscow	
0
0
1.75
2.05
  	
2.5
1.87
1.87
2.45
3.40
2.85
1.42
1.32
1.55
1.5
1.0
2.25
1.65
1.60
2.20
 	 1:2(0:0)  
519	27/10
14:00	 CSKA Moscow
FK Krasnodar	
-0.75
+0.75
1.95
1.76
 
 	
2.5
1.90
1.85
1.75
3.70
4.50
1.20
1.27
2.05
1.5
1.0
1.85
2.25
1.90
1.60
 	 5:1(4:0)  
520	28/10
17:00	 Kuban
Anzhi	
-0.75
+0.75
1.80
1.90
 
 	
2.5
1.87
1.87
1.65
3.80
5.20
1.15
1.25
2.20
1.5
1.0
1.75
2.40
2.00
1.53
 	 2:0(2:0)  
670	02/11
11:30	 Volga Nizhny Novgorod
CSKA Moscow	
+1.0
–1.0
1.80
1.95
  	
2.5
1.87
1.87
6.30
3.85
1.55
2.35
1.25
1.08
1.0
1.5
3.15
1.65
1.31
2.11
 	 1:2(1:1)  
671	02/11
14:00	 Dynamo Moscow
Tom	
–1.5
+1.5
1.95
1.85
  	
2.75
1.95
 	
1.80
 	
1.30
4.90
11.00
1.03
1.16
3.40
2.0
1.0
1.80
4.00
1.95
1.22
 	 1:0(1:0)  
672	02/11
16:30	 Zenit
Amkar	
–1.5
+1.5
1.80
1.95
  	
2.75
1.80
 	
1.95
 	
1.27
5.50
10.00
1.04
1.13
3.60
2.0
1.0
1.65
3.80
2.15
1.25
 	 1:1(1:1)  
673	03/11
11:30	 FK Krasnodar
Kuban	
0
0
1.75
2.00
  	
2.5
1.90
1.85
2.45
3.30
2.80
1.42
1.32
1.53
1.5
1.0
2.30
1.65
1.60
2.15
 	 1:2(0:0)  
674	03/11
13:45	 Rostov
Rubin	
+0.25
-0.25
1.95
1.76
 
 	
2.25
1.80
 	
1.90
 	
3.50
3.30
2.10
1.70
1.32
1.28
1.0
1.5
2.00
2.15
1.75
1.65
 	 0:0(0:0)  
675	03/11
16:00	 Spartak Moscow
Lokomotiv Moscow	
0
0
1.80
1.95
  	
2.5
1.87
1.87
2.50
3.30
2.75
1.42
1.32
1.50
1.5
1.0
2.35
1.65
1.57
2.20
 	 1:3(1:2)  
676	03/11
18:15	 Anzhi
Ural	
-0.25
+0.25
1.70
2.03
 
 	
2.5
1.90
1.85
1.95
3.50
3.80
1.25
1.30
1.85
1.5
1.0
2.00
2.00
1.75
1.75
 	 0:1(0:0)  
677	04/11
14:00	 Terek
Krylia Sovetov	
-0.25
+0.25
1.65
2.11
 
 	
2.5
1.95
1.80
1.90
3.40
4.00
1.22
1.30
1.85
1.5
1.0
2.00
2.10
1.75
1.70
 	 0:1(0:1) 
535	08/11
15:00	 Ural
Rostov	
0
0
2.00
1.75
  	
2.25
1.90
 	
1.85
 	
3.00
3.20
2.50
1.55
1.36
1.40
1.0
1.0
1.85
1.70
1.90
2.10
 	 1:4(0:2)  
536	09/11
11:30	 Tom
Lokomotiv Moscow	
+1.25
-1.25
1.75
1.96
 
 	
2.5
1.90
1.85
6.80
4.30
1.45
2.65
1.20
1.08
1.0
1.5
3.30
1.65
1.30
2.20
 	 2:0(2:0)  
537	09/11
14:00	 Krylia Sovetov
Dynamo Moscow	
+0.75
-0.75
1.72
2.00
 
 	
2.5
1.95
1.80
4.30
3.50
1.85
1.95
1.30
1.22
1.0
1.5
2.20
1.95
1.62
1.80
 	 1:2(1:1)  
538	10/11
11:30	 Spartak Moscow
Zenit	
+0.25
-0.25
1.95
1.76
 
 	
2.75
1.90
 	
1.80
 	
3.40
3.40
2.10
1.70
1.30
1.30
1.0
1.5
1.65
1.90
2.15
1.85
 	 4:2(2:1)  
539	10/11
12:00	 Amkar
Anzhi	
–1.0
+1.0
1.95
1.80
  	
2.25
1.95
 	
1.76
 	
1.55
3.75
6.50
1.10
1.25
2.40
1.5
1.0
1.87
3.60
1.87
1.27
 	 1:0(0:0)  
540	10/11
16:00	 Rubin
FK Krasnodar	
-0.25
+0.25
1.65
2.11
 
 	
2.5
1.95
1.80
1.90
3.40
4.00
1.22
1.30
1.85
1.5
1.0
2.00
2.10
1.75
1.70
 	 0:1(0:0)  
541	10/11
13:45	 CSKA Moscow
Terek	
-1.25
+1.25
1.87
1.83
 
 	
2.25
1.75
 	
1.96
 	
1.37
4.40
9.50
1.04
1.20
3.05
1.5
1.0
1.65
3.90
2.15
1.23
 	 4:1(4:0)  
542	10/11
18:15	 Kuban
Volga Nizhny Novgorod	
–1.0
+1.0
1.85
1.90
  	
2.5
1.87
1.87
1.50
4.00
7.00
1.10
1.25
2.55
1.5
1.0
1.67
3.00
2.15
1.36
 	 4:0(3:0) 
535	22/11
17:00	 Zenit
Rostov	
–1.5
+1.5
1.90
1.85
  	
3.0
1.90
1.85
1.26
5.90
11.90
1.04
1.14
3.94
2.0
1.0
1.62
3.30
2.25
1.32
 	 0:2(0:2)  
536	23/11
10:30	 Tom
Rubin	
+0.25
-0.25
1.80
1.95
 
 	
2.0
1.75
1.96
3.35
2.95
2.30
1.57
1.37
1.29
1.5
1.5
3.10
2.40
1.32
1.50
 	 0:1(0:0)  
537	23/11
12:45	 Amkar
Kuban	
0
0
1.72
2.05
  	
2.25
1.85
 	
1.85
 	
2.40
3.20
3.00
1.37
1.33
1.55
1.0
1.0
1.65
1.85
2.15
1.90
 	 3:1(0:1)  
538	23/11
15:00	 CSKA Moscow
Spartak Moscow	
-0.25
+0.25
1.80
1.90
 
 	
2.5
1.80
1.95
2.10
3.55
3.45
1.32
1.31
1.75
1.5
1.0
2.05
1.80
1.75
1.95
 	 1:0(1:0)  
539	24/11
11:30	 Lokomotiv Moscow
Dynamo Moscow	
-0.25
+0.25
1.95
1.76
 
 	
2.5
1.95
1.80
2.30
3.20
3.10
1.34
1.32
1.58
1.5
1.0
2.25
1.80
1.60
1.95
 	 1:0(0:0)  
540	24/11
14:00	 Ural
Krylia Sovetov	
0
0
2.00
1.75
  	
2.25
1.90
 	
1.80
 	
2.85
3.20
2.50
1.52
1.33
1.40
1.0
1.0
1.85
1.70
1.90
2.10
 	 1:1(1:0)  
541	24/11
16:30	 Anzhi
Volga Nizhny Novgorod	
-0.25
+0.25
1.80
2.00
 
 	
2.0
1.75
2.00
2.10
3.20
3.70
1.27
1.35
1.72
1.0
1.0
1.62
2.35
2.20
1.55
 	 0:0(0:0)  
542	25/11
17:00	 FK Krasnodar
Terek	
-0.75
+0.75
1.87
1.83
 
 	
2.5
1.95
1.80
1.70
3.70
5.00
1.16
1.27
2.15
1.5
1.0
1.85
2.40
1.90
1.53
 	 3:2(1:1)  
681	30/11
12:00	 Dynamo Moscow
Ural	
–1.5
+1.5
1.80
1.95
  	
2.5
1.85
1.90
1.27
5.50
13.70
1.03
1.16
3.92
2.0
1.0
1.87
4.50
1.87
1.18
 	 3:0(1:0)  
682	01/12
11:30	 Terek
Zenit	
+1.0
–1.0
1.80
1.95
  	
2.5
1.80
1.95
6.00
3.90
1.57
2.40
1.25
1.12
1.0
1.5
2.55
1.67
1.48
2.15
 	 1:1(0:0)  
683	01/12
14:00	 Krylia Sovetov
FK Krasnodar	
0
0
2.00
1.75
  	
2.5
1.95
1.80
2.80
3.20
2.50
1.50
1.32
1.40
1.0
1.0
1.65
1.60
2.15
2.30
 	 1:0(0:0)  
684	01/12
16:30	 Spartak Moscow
Volga Nizhny Novgorod	
-1.25
+1.25
1.75
1.96
 
 	
2.5
1.80
1.95
1.33
5.10
10.50
1.05
1.18
3.43
2.0
1.0
1.90
3.80
1.85
1.25
 	 6:1(3:0)  
685	02/12
15:00	 Anzhi
Tom	
-0.25
+0.25
1.80
1.90
 
 	
2.0
1.87
1.87
2.10
3.15
3.70
1.27
1.35
1.70
1.0
1.0
1.65
2.50
2.15
1.50
 	 0:2(0:1)  
686	02/12
15:00	 Rostov
CSKA Moscow	
+0.75
-0.75
1.80
1.90
 
 	
2.5
1.95
1.80
4.80
3.50
1.80
2.10
1.28
1.20
1.0
1.5
2.35
1.87
1.55
1.87
 	 0:0(0:0)  
687	02/12
17:30	 Rubin
Amkar	
-0.75
+0.75
2.05
1.68
 
 	
2.25
1.95
 	
1.76
 	
1.80
3.50
4.50
1.20
1.30
2.00
1.5
1.0
2.10
2.65
1.70
1.45
 	 3:0(1:0)  
688	02/12
17:30	 Kuban
Lokomotiv Moscow	
0
0
2.00
1.75
  	
2.5
1.95
1.80
2.95
3.20
2.55
1.53
1.37
1.42
1.0
1.0
1.65
1.60
2.15
2.30
 	 1:3(0:3) 
548	06/12
15:45	 FK Krasnodar
CSKA Moscow	
+0.25
-0.25
1.90
1.80
 
 	
2.5
1.95
1.80
3.30
3.40
2.25
1.68
1.34
1.35
1.0
1.5
1.80
2.20
1.95
1.62
 	 1:0(0:0)  
549	06/12
18:00	 Zenit
Ural	
–2.0
+2.0
1.90
1.85
  	
3.0
1.87
1.87
1.18
6.50
15.00
1.01
1.10
4.60
2.5
1.0
1.95
5.30
1.85
1.14
 	 2:1(1:0)  
550	07/12
11:30	 Volga Nizhny Novgorod
Krylia Sovetov	
0
0
1.75
2.00
  	
2.25
2.00
 	
1.72
 	
2.50
3.20
2.85
1.42
1.33
1.52
1.0
1.0
1.80
1.95
1.95
1.80
 	 1:2(1:1)  
551	07/12
14:00	 Anzhi
Kuban	
+0.25
-0.25
1.95
1.76
 
 	
2.25
1.95
 	
1.76
 	
3.30
3.30
2.15
1.65
1.30
1.30
1.0
1.0
2.15
1.60
1.67
2.25
 	 0:0(0:0)  
552	07/12
16:30	 Lokomotiv Moscow
Rubin	
-0.75
+0.75
1.90
1.85
 
 	
2.25
1.95
 	
1.80
 	
1.72
3.50
5.00
1.15
1.28
2.10
1.5
1.0
2.00
2.80
1.75
1.40
 	 0:0(0:0)  
553	08/12
11:30	 Rostov
Spartak Moscow	
+0.75
-0.75
1.80
1.90
 
 	
2.5
1.87
1.87
4.50
3.70
1.75
2.05
1.27
1.20
1.0
1.5
2.20
1.85
1.62
1.90
 	 0:1(0:0)  
554	08/12
14:00	 Dynamo Moscow
Amkar	
–1.0
+1.0
1.95
1.80
  	
2.5
1.95
1.80
1.55
3.90
6.20
1.11
1.25
2.40
1.5
1.0
1.72
2.90
2.05
1.38
 	 2:0(0:0)  
555	08/12
14:30	 Terek
Tom	
-0.75
+0.75
2.00
1.72
 
 	
2.0
1.75
2.00
1.75
3.50
5.00
1.17
1.30
2.10
1.5
1.0
2.10
3.00
1.70
1.36
 	 2:0(1:0)  
670	08/03
14:30	 FK Krasnodar
Ural	
–1.0
+1.0
1.80
1.95
  	
2.5
1.95
1.80
1.50
4.15
6.95
1.10
1.23
2.60
1.5
1.0
1.65
3.20
2.15
1.32
 	 0:1(0:1)  
671	08/03
17:00	 Terek
Spartak Moscow	
+0.25
-0.25
1.95
1.85
 
 	
2.5
1.95
1.80
3.35
3.45
2.20
1.70
1.33
1.34
1.0
1.5
1.87
2.15
1.87
1.65
 	 1:0(1:0)  
672	09/03
11:30	 Dynamo Moscow
CSKA Moscow	
-0.25
+0.25
1.95
1.76
 
 	
2.25
1.80
 	
1.90
 	
2.25
3.35
3.30
1.35
1.34
1.66
1.5
1.0
2.30
1.87
1.60
1.87
 	 4:2(0:2)  
673	09/03
14:00	 Anzhi
Rubin	
-0.25
+0.25
1.90
1.80
 
 	
2.0
1.80
2.00
2.25
3.15
3.40
1.32
1.35
1.65
1.0
1.0
1.65
2.20
2.15
1.62
 	 1:0(0:0)  
674	09/03
16:30	 Zenit
Tom	
-1.75
+1.75
1.95
1.76
 
 	
2.75
1.95
 	
1.76
 	
1.25
5.50
12.00
1.02
1.13
3.80
2.5
1.0
2.20
5.00
1.62
1.15
 	 0:0(0:0)  
675	10/03
12:00	 Amkar
Volga Nizhny Novgorod	
-0.75
+0.75
2.10
1.66
 
 	
2.0
1.75
2.00
1.85
3.30
4.70
1.20
1.33
1.95
1.5
1.0
2.15
2.75
1.65
1.42
 	 5:1(2:1)  
676	10/03
14:30	 Lokomotiv Moscow
Krylia Sovetov	
-1.25
+1.25
1.95
1.76
 
 	
2.25
1.80
 	
1.90
 	
1.40
4.30
8.50
1.06
1.20
2.90
1.5
1.0
1.65
4.30
2.15
1.20
 	 2:1(1:0)  
677	10/03
17:00	 Rostov
Kuban	
0
0
1.90
1.80
  	
2.0
1.75
1.96
2.75
3.00
2.65
1.42
1.37
1.40
1.5
1.5
2.73
2.65
1.40
1.42
 	 0:0(0:0)  
517	14/03
15:00	 Ural
Terek	
+0.25
-0.25
1.75
2.05
 
 	
2.25
1.90
 	
1.90
 	
3.10
3.25
2.35
1.60
1.35
1.36
1.0
1.0
1.87
1.62
1.87
2.25
 	 2:1(0:0)  
518	15/03
11:30	 Krylia Sovetov
Rostov	
0
0
1.85
1.95
  	
2.25
2.00
 	
1.72
 	
2.60
3.20
2.75
1.44
1.35
1.48
1.0
1.0
1.85
1.87
1.90
1.87
 	 0:2(0:1)  
519	15/03
14:00	 CSKA Moscow
Zenit	
0
0
1.85
1.90
  	
2.5
2.00
1.75
2.55
3.30
2.65
1.46
1.35
1.49
 2.55
3.30
2.65
1.46
1.35
1.49
 	 1:0(1:0)  
520	15/03
16:30	 Kuban
Dynamo Moscow	
+0.25
-0.25
1.95
1.76
 
 	
2.25
1.87
 	
1.83
 	
3.50
3.20
2.15
1.67
1.33
1.30
1.0
1.5
2.10
2.30
1.70
1.58
 	 1:1(0:1)  
521	16/03
11:30	 Amkar
Lokomotiv Moscow	
+0.25
-0.25
2.05
1.68
 
 	
2.0
1.80
1.95
3.80
3.25
2.05
1.75
1.33
1.27
1.0
1.0
2.40
1.60
1.53
2.25
 	 0:0(0:0)  
522	16/03
16:00	 Rubin
Volga Nizhny Novgorod	
–1.0
+1.0
2.00
1.75
  	
2.25
1.85
 	
1.85
 	
1.57
3.80
6.30
1.11
1.26
2.40
1.5
1.0
1.80
3.20
1.95
1.33
 	 3:1(2:0)  
523	17/03
14:30	 Tom
FK Krasnodar	
+0.25
-0.25
1.80
1.90
 
 	
2.25
1.95
 	
1.76
 	
3.10
3.20
2.35
1.57
1.34
1.35
1.0
1.0
2.00
1.70
1.75
2.15
 	 1:1(0:0)  
524	17/03
17:00	 Spartak Moscow
Anzhi	
–1.0
+1.0
1.75
2.00
  	
2.5
1.87
1.87
1.45
4.20
7.20
1.08
1.22
2.65
2.0
1.0
2.15
3.10
1.65
1.35
 	 2:2(2:0)  
492	21/03
17:00	 Rostov
Amkar	
-0.25
+0.25
2.05
1.80
 
 	
2.25
2.00
 	
1.80
 	
2.50
3.15
3.10
1.39
1.38
1.56
1.0
1.0
1.72
1.95
2.05
1.80
 	 3:3(1:2)  
493	22/03
12:00	 Volga Nizhny Novgorod
Tom	
0
0
1.75
2.10
  	
2.0
1.77
2.05
2.50
3.15
3.00
1.40
1.36
1.55
1.0
1.0
1.77
2.00
2.05
1.80
 	 0:1(0:0)  
494	22/03
14:30	 Lokomotiv Moscow
Ural	
-1.25
+1.25
1.95
1.76
 
 	
2.5
1.87
1.87
1.42
4.30
7.80
1.07
1.20
2.80
1.5
1.0
1.65
3.90
2.15
1.23
 	 3:0(2:0)  
495	22/03
17:00	 FK Krasnodar
Spartak Moscow	
0
0
1.97
1.83
  	
2.5
1.85
1.95
2.80
3.40
2.60
1.54
1.35
1.47
1.0
1.5
1.60
2.30
2.35
1.62
 	 4:0(3:0)  
496	23/03
11:30	 Dynamo Moscow
Rubin	
-0.75
+0.75
1.95
1.76
 
 	
2.25
1.90
 	
1.80
 	
1.72
3.40
5.10
1.15
1.30
2.05
1.5
1.0
2.00
2.75
1.75
1.42
 	 0:0(0:0)  
497	24/03
15:00	 Anzhi
CSKA Moscow	
+0.25
-0.25
1.80
1.90
 
 	
2.25
1.95
 	
1.76
 	
3.10
3.20
2.35
1.57
1.34
1.35
1.0
1.0
2.00
1.70
1.75
2.15
 	 0:3(0:1)  
498	23/03
16:30	 Terek
Kuban	
0
0
1.90
1.80
  	
2.0
1.75
1.96
2.75
3.00
2.65
1.42
1.37
1.40
1.5
1.5
2.73
2.65
1.40
1.42
 	 2:1(1:0)  
499	24/03
17:00	 Zenit
Krylia Sovetov	
–1.5
+1.5
1.95
1.85
  	
2.75
1.95
 	
1.76
 	
1.30
4.90
11.00
1.03
1.16
3.40
2.0
1.0
1.80
4.00
1.95
1.22
 	 2:1(1:0)  
651	29/03
11:30	 Ural
Anzhi	
0
0
2.00
1.75
  	
2.0
1.80
1.95
2.90
3.05
2.50
1.50
1.35
1.38
1.0
1.0
2.00
1.80
1.75
1.95
 	 2:1(2:0)  
652	29/03
14:00	 Amkar
Zenit	
+0.25
-0.25
1.95
1.80
 
 	
2.25
1.80
 	
1.95
 	
3.50
3.30
2.15
1.70
1.33
1.30
1.0
1.5
2.00
2.15
1.75
1.65
 	 1:2(1:0)  
653	30/03
12:30	 Lokomotiv Moscow
Spartak Moscow	
-0.75
+0.75
2.05
1.68
 
 	
2.5
1.85
1.95
1.85
3.70
4.20
1.23
1.28
2.00
1.5
1.0
1.87
2.05
1.87
1.75
 	 0:0(0:0)  
654	30/03
14:45	 Tom
Dynamo Moscow	
+0.75
-0.75
1.85
1.95
 
 	
2.25
2.00
 	
1.75
 	
4.90
3.50
1.72
2.05
1.28
1.16
1.0
1.5
3.00
2.05
1.36
1.72
 	 1:3(0:0)  
655	30/03
17:00	 Rubin
Rostov	
-0.75
+0.75
2.05
1.68
 
 	
2.0
1.80
1.95
1.80
3.35
4.90
1.17
1.32
2.00
1.5
1.0
2.15
2.90
1.65
1.38
 	 1:2(1:2)  
656	30/03
19:15	 Kuban
FK Krasnodar	
0
0
1.87
1.87
  	
2.25
1.85
 	
1.85
 	
2.65
3.20
2.65
1.45
1.33
1.45
1.0
1.0
1.72
1.72
2.05
2.05
 	 1:3(1:1)  
657	01/04
18:00	 Krylia Sovetov
Terek	
0
0
2.00
1.75
  	
2.0
1.80
1.95
2.90
3.10
2.55
1.50
1.36
1.40
1.0
1.0
2.00
1.85
1.75
1.95
 	 cancelled  
658	31/03
19:45	 CSKA Moscow
Volga Nizhny Novgorod	
-1.75
+1.75
1.85
1.85
 
 	
2.75
1.85
 	
1.85
 	
1.20
6.00
15.00
1.01
1.11
4.30
2.5
1.0
2.15
5.50
1.65
1.13
 	 3:0(2:0)  
528	04/04
17:15	 Kuban
Tom	
-0.75
+0.75
2.00
1.85
 
 	
2.0
1.75
2.00
1.75
3.50
5.00
1.17
1.30
2.10
1.5
1.0
2.10
3.00
1.70
1.36
 	 2:0(0:0)  
529	04/04
19:30	 Spartak Moscow
Ural	
–1.0
+1.0
1.72
2.05
  	
2.5
1.85
1.90
1.42
4.50
8.50
1.08
1.22
2.94
2.0
1.0
2.15
3.20
1.67
1.32
 	 0:1(0:1)  
530	05/04
13:00	 Amkar
Terek	
-0.25
+0.25
1.75
1.96
 
 	
2.0
1.80
2.00
2.00
3.20
4.20
1.23
1.35
1.85
1.0
1.0
1.60
2.50
2.35
1.53
 	 0:1(0:1)  
531	05/04
15:30	 Krylia Sovetov
CSKA Moscow	
+0.75
-0.75
1.90
1.80
 
 	
2.25
1.85
 	
1.85
 	
5.50
3.50
1.65
2.15
1.28
1.13
1.0
1.5
2.80
1.90
1.40
1.85
 	 1:3(0:2)  
532	06/04
12:30	 Zenit
Rubin	
–1.0
+1.0
1.90
1.85
  	
2.25
1.80
 	
1.90
 	
1.50
4.00
6.50
1.09
1.22
2.48
1.5
1.0
1.75
3.20
2.00
1.32
 	 6:2(2:0)  
533	06/04
15:00	 Anzhi
Dynamo Moscow	
+0.25
-0.25
1.95
1.76
 
 	
2.25
1.90
 	
1.80
 	
3.60
3.25
2.10
1.72
1.33
1.28
1.0
1.5
2.15
2.25
1.65
1.60
 	 4:0(2:0)  
534	06/04
17:30	 FK Krasnodar
Rostov	
-0.75
+0.75
1.90
1.80
 
 	
2.25
1.85
 	
1.85
 	
1.70
3.50
5.20
1.14
1.28
2.10
1.5
1.0
1.95
2.75
1.80
1.42
 	 0:2(0:1)  
535	07/04
18:00	 Lokomotiv Moscow
Volga Nizhny Novgorod	
-1.75
+1.75
1.85
1.85
 
 	
2.75
1.85
 	
1.85
 	
1.20
6.00
15.00
1.01
1.11
4.30
2.5
1.0
2.15
5.50
1.65
1.13
 	 3:0(1:0)  
419	08/04
18:00	 Krylia Sovetov
Terek	
0
0
2.05
1.75
  	
2.0
1.95
1.80
3.20
2.80
2.65
1.49
1.45
1.36
1.0
1.0
2.35
1.95
1.52
1.76
 	 1:1(1:1)  
420	11/04
18:30	 Spartak Moscow
Krylia Sovetov	
–1.0
+1.0
1.75
2.00
  	
2.5
1.80
1.95
1.47
4.20
7.00
1.10
1.22
2.65
1.5
1.0
1.57
2.90
2.30
1.38
 	 1:0(1:0)  
421	12/04
11:00	 Tom
Amkar	
0
0
1.85
1.95
  	
2.0
1.75
2.05
2.60
3.15
2.75
1.42
1.34
1.47
1.0
1.0
1.85
1.95
1.90
1.85
 	 0:0(0:0)  
422	12/04
13:30	 CSKA Moscow
Ural	
–1.5
+1.5
1.95
1.85
  	
2.75
1.85
 	
1.85
 	
1.32
5.20
10.00
1.05
1.17
3.45
2.0
1.0
1.75
3.30
2.05
1.30
 	 1:0(1:0)  
423	12/04
16:00	 Terek
Rostov	
-0.25
+0.25
1.85
1.85
 
 	
2.0
1.85
1.95
2.15
3.20
3.70
1.30
1.36
1.72
1.0
1.0
1.65
2.36
2.15
1.55
 	 3:0(2:0)  
424	12/04
18:30	 Zenit
FK Krasnodar	
–1.0
+1.0
1.75
2.00
  	
2.5
1.80
1.95
1.47
4.20
7.00
1.10
1.22
2.65
1.5
1.0
1.57
2.90
2.30
1.38
 	 4:1(1:0)  
425	13/04
12:30	 Lokomotiv Moscow
Anzhi	
-1.25
+1.25
1.95
1.76
 
 	
2.5
1.85
1.90
1.42
4.20
7.80
1.07
1.20
2.75
2.0
1.0
2.15
3.20
1.70
1.32
 	 0:0(0:0)  
426	13/04
15:00	 Rubin
Kuban	
-0.25
+0.25
1.80
1.90
 
 	
2.25
2.00
 	
1.72
 	
2.10
3.25
3.80
1.28
1.35
1.75
1.0
1.0
1.57
2.30
2.40
1.62
 	 0:2(0:1)  
427	14/04
18:00	 Volga Nizhny Novgorod
Dynamo Moscow	
+1.25
-1.25
1.75
1.96
 
 	
2.5
1.90
1.85
6.80
4.30
1.45
2.65
1.20
1.08
1.0
1.5
3.30
1.65
1.30
2.20
 	 0:5(0:0) 
533	18/04
16:00	 Amkar
Ural	
-0.25
+0.25
2.00
1.72
 
 	
2.25
2.00
 	
1.72
 	
2.35
3.35
2.35
1.49
1.18
1.38
1.0
1.0
1.65
2.05
2.15
1.75
 	 0:2(0:0)  
534	19/04
12:00	 Tom
Krylia Sovetov	
0
0
1.75
2.00
  	
2.0
1.85
1.90
2.50
3.15
2.85
1.40
1.33
1.50
1.0
1.0
1.90
2.05
1.85
1.72
 	 2:0(2:0)  
535	19/04
14:30	 Lokomotiv Moscow
Terek	
-0.75
+0.75
1.75
2.00
 
 	
2.25
1.80
 	
1.95
 	
1.60
3.75
5.80
1.12
1.25
2.30
1.5
1.0
1.85
3.00
1.90
1.36
 	 2:1(0:1)  
536	19/04
17:00	 Anzhi
Zenit	
+0.75
-0.75
2.00
1.72
 
 	
2.5
1.90
1.85
5.50
3.75
1.60
2.25
1.25
1.13
1.0
1.5
2.65
1.75
1.45
2.00
 	 1:2(1:1)  
537	20/04
12:30	 Rubin
Spartak Moscow	
+0.25
-0.25
1.75
1.96
 
 	
2.25
1.85
 	
1.85
 	
2.95
3.30
2.45
1.57
1.35
1.42
1.0
1.5
1.80
2.40
1.95
1.53
 	 2:1(0:0)  
538	20/04
15:00	 Dynamo Moscow
FK Krasnodar	
-0.75
+0.75
1.87
1.87
 
 	
2.5
1.85
1.90
1.70
3.75
4.80
1.17
1.27
2.15
1.5
1.0
1.75
2.25
2.00
1.60
 	 1:2(1:0)  
539	20/04
17:30	 Kuban
CSKA Moscow	
+0.75
-0.75
1.75
1.96
 
 	
2.25
1.85
 	
1.85
 	
5.00
3.25
1.80
1.95
1.32
1.14
1.5
1.5
3.85
1.80
1.22
1.90
 	 0:4(0:2)  
540	21/04
18:00	 Volga Nizhny Novgorod
Rostov	
+0.25
-0.25
2.05
1.68
 
 	
2.25
1.85
 	
1.85
 	
3.80
3.30
2.00
1.80
1.32
1.25
1.0
1.5
2.15
2.15
1.65
1.65
 	 2:1(1:0)  
644	25/04
18:00	 Krylia Sovetov
Amkar	
-0.25
+0.25
1.55
2.50
 
 	
2.25
2.05
 	
1.77
 	
1.80
3.45
4.65
1.18
1.30
1.98
1.5
1.0
2.20
2.90
1.67
1.42
 	 2:2(0:1)  
645	26/04
13:00	 Ural
Tom	
-0.25
+0.25
1.72
2.00
 
 	
2.0
1.85
1.90
2.05
3.10
4.00
1.23
1.36
1.75
1.0
1.0
1.62
2.55
2.25
1.48
 	 0:0(0:0)  
646	26/04
15:30	 Zenit
Volga Nizhny Novgorod	
-2.25
+2.25
1.95
1.76
 
 	
3.25
1.85
 	
1.85
 	
1.13
7.50
18.00
1.01
1.07
5.50
3.0
1.0
2.20
4.50
1.62
1.18
 	 2:0(1:0)  
647	26/04
18:00	 FK Krasnodar
Lokomotiv Moscow	
+0.25
-0.25
1.80
1.90
 
 	
2.5
1.87
1.87
3.00
3.40
2.30
1.60
1.30
1.37
1.0
1.5
1.70
2.20
2.10
1.65
 	 1:3(1:1)  
648	27/04
12:30	 CSKA Moscow
Rubin	
–1.0
+1.0
1.80
1.95
  	
2.5
1.95
1.80
1.48
4.00
7.30
1.08
1.23
2.60
1.5
1.0
1.65
3.20
2.15
1.32
 	 2:1(1:0)  
649	27/04
15:00	 Rostov
Anzhi	
+0.25
-0.25
1.85
1.85
 
 	
2.0
1.75
2.00
3.15
3.30
2.25
1.60
1.30
1.33
1.5
1.5
3.30
2.55
1.30
1.47
 	 1:1(1:0)  
650	27/04
17:30	 Terek
Dynamo Moscow	
+0.25
-0.25
1.87
1.83
 
 	
2.25
1.95
 	
1.76
 	
3.30
3.20
2.20
1.62
1.32
1.30
1.0
1.0
2.10
1.62
1.70
2.20
 	 1:0(0:0)  
651	28/04
19:30	 Spartak Moscow
Kuban	
-0.75
+0.75
1.95
1.76
 
 	
2.25
1.75
 	
1.96
 	
1.75
3.60
4.70
1.18
1.28
2.05
1.5
1.0
1.90
2.40
1.85
1.53
 	 0:2(0:0)  
514	02/05
13:00	 Amkar
CSKA Moscow	
+1.25
-1.25
1.70
2.03
 
 	
2.25
1.80
 	
1.90
 	
8.00
4.20
1.42
2.75
1.22
1.06
1.0
1.5
3.70
1.57
1.25
2.30
 	 1:3(1:1)  
515	02/05
15:30	 Volga Nizhny Novgorod
FK Krasnodar	
+0.75
-0.75
1.87
1.87
 
 	
2.5
1.87
1.87
5.00
3.75
1.70
2.15
1.27
1.17
1.0
1.5
2.30
1.80
1.57
1.95
 	 0:1(0:1)  
516	02/05
18:00	 Rostov
Dynamo Moscow	
+0.75
-0.75
1.85
1.90
 
 	
2.5
1.95
1.80
4.90
3.85
1.72
2.16
1.27
1.19
1.0
1.5
2.40
1.85
1.55
1.90
 	 2:3(0:2)  
517	03/05
13:00	 Tom
Spartak Moscow	
+0.25
-0.25
1.95
1.76
 
 	
2.25
1.87
 	
1.83
 	
3.50
3.40
2.10
1.72
1.32
1.30
1.0
1.5
2.15
2.25
1.67
1.60
 	 2:1(0:0)  
518	03/05
18:00	 Kuban
Krylia Sovetov	
-0.75
+0.75
2.00
1.72
 
 	
2.25
1.91
 	
1.79
 	
1.80
3.50
4.40
1.20
1.28
1.95
1.5
1.0
2.05
2.60
1.72
1.46
 	 4:0(0:0)  
519	04/05
12:30	 Lokomotiv Moscow
Zenit	
+0.25
-0.25
1.80
1.95
 
 	
2.5
1.87
1.87
3.00
3.40
2.30
1.60
1.30
1.37
1.0
1.5
1.70
2.20
2.10
1.65
 	 1:1(0:1)  
520	04/05
15:30	 Rubin
Ural	
-0.75
+0.75
1.95
1.76
 
 	
2.25
1.90
 	
1.80
 	
1.75
3.60
4.50
1.18
1.27
2.00
1.5
1.0
2.05
2.65
1.75
1.45
 	 1:0(1:0)  
521	04/05
18:00	 Anzhi
Terek	
-0.75
+0.75
2.05
1.68
 
 	
2.25
1.95
 	
1.76
 	
1.80
3.50
4.50
1.20
1.30
2.00
1.5
1.0
2.10
2.65
1.70
1.45
 	 3:0(2:0)  
541	10/05
12:00	 Ural
Kuban	
0
0
1.75
2.00
  	
2.25
1.85
 	
1.90
 	
2.50
3.25
2.80
1.42
1.32
1.50
1.0
1.0
1.65
1.75
2.15
2.00
 	 2:1(1:1)  
542	10/05
16:45	 Spartak Moscow
Amkar	
–1.0
+1.0
1.85
1.90
  	
2.5
1.87
1.87
1.50
4.00
7.00
1.10
1.25
2.55
1.5
1.0
1.67
3.00
2.15
1.36
 	 1:0(1:0)  
543	10/05
19:00	 Terek
Volga Nizhny Novgorod	
-1.25
+1.25
1.90
1.80
 
 	
2.5
1.90
1.85
1.38
4.40
9.00
1.05
1.20
3.00
1.5
1.0
1.58
3.70
2.30
1.25
 	 2:0(0:0)  
544	11/05
12:30	 Zenit
Dynamo Moscow	
–1.0
+1.0
1.95
1.80
  	
2.75
1.95
 	
1.76
 	
1.55
4.00
6.00
1.12
1.23
2.40
1.5
1.0
1.62
2.40
2.20
1.53
 	 cancelled  
545	11/05
14:45	 CSKA Moscow
Tom	
-1.75
+1.75
1.90
1.80
 
 	
2.75
1.80
 	
1.90
 	
1.22
6.00
14.00
1.01
1.12
4.20
2.0
1.0
1.60
4.50
2.25
1.18
 	 2:0(0:0)  
546	11/05
19:15	 Rostov
Lokomotiv Moscow	
+1.5
–1.5
1.76
2.00
  	
2.5
1.90
1.85
10.50
5.00
1.30
3.35
1.16
1.04
1.5
1.5
6.25
1.50
1.10
2.50
 	 2:0(1:0)  
371	15/05
17:30	 CSKA Moscow
Lokomotiv Moscow	
-0.75
+0.75
1.95
1.80
 
 	
2.5
1.85
1.90
1.75
3.90
4.70
1.21
1.28
2.13
1.5
1.0
1.80
2.15
1.95
1.65
 	 1:0(0:0)  
372	15/05
17:30	 Spartak Moscow
Dynamo Moscow	
0
0
1.87
1.87
  	
2.75
1.95
 	
1.80
 	
2.55
3.50
2.75
1.48
1.32
1.54
1.5
1.5
2.25
2.25
1.62
1.62
 	 3:2(0:1)  
373	15/05
17:30	 Volga Nizhny Novgorod
Ural	
+0.25
-0.25
1.87
1.87
 
 	
2.25
1.85
 	
1.90
 	
3.30
3.30
2.20
1.65
1.32
1.32
1.0
1.5
1.95
2.30
1.80
1.58
 	 1:2(0:1)  
374	15/05
17:30	 Anzhi
Krylia Sovetov	
-0.75
+0.75
1.95
1.76
 
 	
2.25
1.75
 	
1.96
 	
1.75
3.60
4.70
1.18
1.28
2.05
1.5
1.0
1.90
2.40
1.85
1.53
 	 0:1(0:0)  
375	15/05
17:30	 Kuban
Zenit	
+1.25
-1.25
1.85
1.90
 
 	
2.75
1.80
 	
1.95
 	
7.50
4.50
1.42
2.85
1.20
1.08
1.0
2.0
2.65
1.87
1.45
1.87
 	 1:4(0:2)  
376	15/05
17:30	 Amkar
FK Krasnodar	
+0.25
-0.25
2.20
1.65
 
 	
2.25
1.85
 	
1.90
 	
4.30
3.30
1.90
1.90
1.32
1.22
1.0
1.5
2.35
2.10
1.57
1.70
 	 2:2(1:1)  
377	15/05
17:30	 Rubin
Terek	
-0.25
+0.25
1.65
2.11
 
 	
2.25
1.90
 	
1.80
 	
1.90
3.40
4.20
1.22
1.32
1.90
1.5
1.0
2.15
2.40
1.67
1.53
 	 1:1(0:0)  
378	15/05
17:30	 Tom
Rostov	
-0.25
+0.25
1.90
1.85
 
 	
2.25
2.00
 	
1.75
 	
2.25
3.20
3.20
1.32
1.32
1.60
1.0
1.0
1.67
2.15
2.15
1.67
 	 3:2(1:0)