791	02/11
20:45	 Aarau
Basel	
+0.75
-0.75
1.85
1.90
 
 	
3.0
1.95
1.80
4.40
3.90
1.72
2.10
1.25
1.20
1.0
2.0
1.85
2.15
1.90
1.65
 	 1:1(0:0)  
792	02/11
20:45	 Sion
Luzern	
0
0
2.00
1.75
  	
2.25
1.90
 	
1.85
 	
2.85
3.20
2.50
1.52
1.33
1.40
1.0
1.0
1.85
1.70
1.90
2.10
 	 3:0(1:0)  
793	03/11
14:45	 FC Lausanne-Sport
St. Gallen	
+0.25
-0.25
2.15
1.65
 
 	
2.5
1.90
1.85
4.20
3.60
1.85
1.95
1.28
1.22
1.0
1.5
2.10
1.95
1.70
1.85
 	 0:3(0:0)  
794	03/11
14:45	 Thun
Zurich	
-0.25
+0.25
1.95
1.80
 
 	
2.5
1.80
1.95
2.30
3.30
3.00
1.36
1.32
1.60
1.5
1.0
2.15
1.70
1.67
2.10
 	 2:1(0:0)  
795	03/11
17:00	 Grasshopper
Young Boys	
-0.25
+0.25
1.75
2.05
 
 	
2.5
1.85
1.90
2.00
3.50
3.50
1.28
1.28
1.75
1.5
1.0
2.00
1.90
1.75
1.85
 	 0:1(0:0)  
875	23/11
20:45	 Basel
Thun	
–1.0
+1.0
1.87
1.87
  	
2.75
1.85
 	
1.90
 	
1.53
4.20
5.70
1.13
1.22
2.45
2.0
1.0
2.05
2.30
1.72
1.57
 	 4:1(1:1)  
876	23/11
20:45	 Young Boys
FC Lausanne-Sport	
-1.25
+1.25
1.95
1.80
 
 	
2.75
1.75
 	
2.00
 	
1.45
4.50
7.00
1.10
1.20
2.75
2.0
1.0
1.87
2.50
1.87
1.50
 	 3:2(2:0)  
877	24/11
14:45	 Zurich
Sion	
-0.25
+0.25
1.70
2.10
 
 	
2.5
1.90
1.85
1.95
3.50
3.80
1.25
1.30
1.85
1.5
1.0
2.00
2.00
1.75
1.75
 	 4:1(2:0)  
878	24/11
14:45	 Aarau
Grasshopper	
+0.25
-0.25
1.80
2.00
 
 	
2.75
1.95
 	
1.80
 	
3.00
3.30
2.30
1.60
1.30
1.37
1.5
1.5
2.35
2.10
1.55
1.70
 	 2:4(2:1)  
879	24/11
17:00	 Luzern
St. Gallen	
-0.25
+0.25
2.00
1.75
 
 	
2.25
1.80
 	
1.95
 	
2.35
3.20
3.00
1.37
1.32
1.57
1.5
1.0
2.30
1.80
1.57
1.95
 	 3:1(1:0)  
794	30/11
20:45	 Grasshopper
Luzern	
-0.75
+0.75
2.10
1.70
 
 	
2.5
1.90
1.85
1.85
3.40
4.30
1.20
1.30
1.90
1.5
1.0
1.95
2.15
1.85
1.70
 	 1:2(0:1)  
795	01/12
14:45	 FC Lausanne-Sport
Thun	
+0.25
-0.25
1.85
1.95
 
 	
2.5
1.90
1.85
3.10
3.25
2.25
1.62
1.30
1.35
1.0
1.5
1.75
2.20
2.00
1.65
 	 0:2(0:0)  
796	01/12
14:45	 St. Gallen
Zurich	
-0.25
+0.25
1.80
1.95
 
 	
2.5
1.95
1.80
2.10
3.40
3.40
1.30
1.30
1.70
1.5
1.0
2.10
1.90
1.70
1.85
 	 2:1(1:0)  
797	01/12
17:00	 Young Boys
Basel	
+0.25
-0.25
1.95
1.85
 
 	
3.0
1.90
1.85
3.25
3.40
2.10
1.70
1.27
1.30
1.5
1.5
2.25
1.80
1.60
1.95
 	 2:2(1:2)
811	07/12
20:45	 Basel
Grasshopper	
-0.75
+0.75
1.80
1.95
 
 	
2.75
1.95
 	
1.80
 	
1.60
3.75
5.55
1.12
1.25
2.25
1.5
1.0
1.60
2.30
2.20
1.55
 	 1:1(0:1)  
812	07/12
20:45	 Zurich
FC Lausanne-Sport	
–1.0
+1.0
1.75
2.00
  	
2.75
1.87
 	
1.87
 	
1.46
4.25
7.00
1.10
1.22
2.65
2.0
1.0
2.05
2.65
1.75
1.45
 	 4:0(1:0)  
813	08/12
14:45	 Luzern
Aarau	
-0.75
+0.75
1.95
1.85
 
 	
2.75
1.83
 	
1.97
 	
1.75
3.80
4.50
1.20
1.27
2.10
1.5
1.0
1.65
1.90
2.15
1.85
 	 1:0(0:0)  
814	08/12
14:45	 St. Gallen
Sion	
-0.75
+0.75
1.90
1.85
 
 	
2.25
1.83
 	
1.95
 	
1.72
3.60
5.00
1.16
1.28
2.10
1.5
1.0
1.90
2.56
1.85
1.45
 	 2:0(0:0)  
815	08/12
17:00	 Thun
Young Boys	
0
0
1.80
2.00
  	
2.5
1.87
1.87
2.50
3.20
2.80
1.40
1.32
1.50
1.5
1.5
2.30
2.40
1.57
1.53
 	 1:0(1:0)  
760	14/12
20:45	 Basel
Luzern	
–1.0
+1.0
1.85
1.90
  	
2.75
2.00
 	
1.80
 	
1.53
4.30
6.20
1.13
1.23
2.55
2.0
1.0
2.05
2.40
1.72
1.53
 	 1:1(0:1)  
761	14/12
20:45	 FC Lausanne-Sport
Sion	
0
0
1.95
1.85
  	
2.25
1.90
 	
1.85
 	
2.75
3.15
2.60
1.47
1.35
1.42
1.0
1.0
1.80
1.75
1.95
2.00
 	 3:1(0:1)  
762	15/12
14:45	 Aarau
Thun	
0
0
1.80
2.00
  	
2.75
1.90
 	
1.85
 	
2.50
3.40
2.80
1.45
1.33
1.55
1.5
1.5
2.15
2.30
1.70
1.60
 	 2:1(0:0)  
763	15/12
14:45	 Young Boys
St. Gallen	
-0.25
+0.25
2.05
1.75
 
 	
2.5
1.85
1.90
2.35
3.40
2.90
1.40
1.30
1.57
1.5
1.0
2.20
1.65
1.65
2.20
 	 1:0(1:0)  
764	15/12
17:00	 Zurich
Grasshopper	
0
0
1.75
2.00
  	
2.5
1.80
1.95
2.50
3.20
2.80
1.40
1.33
1.52
1.5
1.5
2.20
2.30
1.62
1.57
 	 1:1(0:0)  
769	01/02
18:45	 Aarau
St. Gallen	
0
0
2.00
1.80
  	
2.5
1.87
1.87
2.80
3.20
2.50
1.50
1.32
1.40
1.5
1.5
2.40
2.30
1.53
1.57
 	 1:1(1:0)  
770	01/02
18:45	 Zurich
Sion	
-0.75
+0.75
2.02
1.72
 
 	
2.25
1.80
 	
1.90
 	
1.75
3.50
4.55
1.15
1.26
2.05
1.5
1.0
1.95
2.45
1.75
1.47
 	 1:0(1:0)  
771	02/02
14:45	 FC Lausanne-Sport
Basel	
+1.0
–1.0
1.95
1.80
  	
2.75
1.95
 	
1.80
 	
6.50
4.30
1.48
2.60
1.22
1.10
1.0
2.0
2.75
2.10
1.42
1.70
 	 1:3(0:1)  
772	02/02
14:45	 Luzern
Grasshopper	
-0.25
+0.25
2.00
1.75
 
 	
2.25
1.85
 	
1.90
 	
2.35
3.20
3.00
1.37
1.32
1.57
1.0
1.0
1.62
1.87
2.25
1.87
 	 1:3(0:2)  
773	02/02
17:00	 Young Boys
Thun	
-0.25
+0.25
1.72
2.05
 
 	
2.5
1.87
1.87
2.00
3.30
3.70
1.25
1.30
1.80
1.5
1.0
2.00
1.90
1.75
1.85
 	 2:1(0:0)  
794	08/02
20:45	 Basel
Young Boys	
-0.75
+0.75
1.75
2.00
 
 	
2.75
1.95
 	
1.80
 	
1.62
3.80
5.50
1.14
1.25
2.25
1.5
1.0
1.65
2.30
2.15
1.57
 	 3:2(1:2)  
795	08/02
20:45	 Thun
Luzern	
-0.25
+0.25
1.87
1.87
 
 	
2.25
1.80
 	
1.95
 	
2.20
3.30
3.30
1.32
1.32
1.65
1.5
1.0
2.25
1.95
1.60
1.80
 	 2:1(2:0)  
796	09/02
14:45	 Sion
FC Lausanne-Sport	
-0.25
+0.25
1.62
2.25
 
 	
2.25
1.90
 	
1.85
 	
1.85
3.40
4.20
1.22
1.30
1.90
1.5
1.0
2.10
2.50
1.70
1.50
 	 1:2(1:1)  
797	09/02
14:45	 Grasshopper
Aarau	
–1.0
+1.0
2.00
1.75
  	
2.5
1.87
1.87
1.58
3.75
6.00
1.11
1.25
2.35
1.5
1.0
1.75
2.65
2.05
1.45
 	 1:2(0:2)  
798	09/02
17:00	 St. Gallen
Zurich	
-0.25
+0.25
1.90
1.85
 
 	
2.5
1.90
1.85
2.20
3.30
3.20
1.35
1.30
1.65
1.5
1.0
2.15
1.80
1.65
1.95
 	 0:2(0:0) 
733	15/02
20:45	 Basel
Sion	
–1.5
+1.5
2.00
1.76
  	
2.5
1.90
1.85
1.32
5.00
9.00
1.04
1.16
3.20
1.5
1.5
1.50
6.25
2.50
1.10
 	 1:0(0:0)  
734	15/02
20:45	 Luzern
Aarau	
-0.25
+0.25
1.70
2.10
 
 	
2.5
1.85
1.90
1.95
3.50
3.70
1.25
1.28
1.80
1.5
1.0
1.95
1.90
1.80
1.85
 	 3:2(1:1)  
735	16/02
14:45	 St. Gallen
Grasshopper	
-0.25
+0.25
2.05
1.70
 
 	
2.25
1.90
 	
1.85
 	
2.45
3.15
2.95
1.37
1.35
1.52
1.0
1.0
1.67
1.80
2.12
1.95
 	 1:5(1:1)  
736	16/02
14:45	 Zurich
Thun	
-0.25
+0.25
1.72
2.15
 
 	
2.5
1.97
1.83
2.00
3.30
3.80
1.27
1.32
1.85
1.5
1.0
2.05
2.00
1.72
1.75
 	 3:1(2:0)  
737	16/02
17:00	 Young Boys
FC Lausanne-Sport	
–1.0
+1.0
1.75
2.00
  	
2.75
1.90
 	
1.85
 	
1.48
4.00
7.00
1.10
1.22
2.70
1.5
1.0
1.57
2.65
2.35
1.45
 	 5:3(4:2)  
685	22/02
20:45	 Aarau
Zurich	
+0.25
-0.25
1.75
2.05
 
 	
2.75
1.85
 	
1.90
 	
2.90
3.40
2.35
1.57
1.28
1.38
1.5
1.5
2.25
2.05
1.60
1.72
 	 1:2(1:0)  
686	22/02
20:45	 Thun
Sion	
-0.75
+0.75
2.02
1.72
 
 	
2.25
1.80
 	
1.90
 	
1.75
3.50
4.55
1.15
1.26
2.05
1.5
1.0
1.95
2.45
1.75
1.47
 	 3:1(2:0)  
687	23/02
14:45	 FC Lausanne-Sport
St. Gallen	
+0.25
-0.25
2.05
1.72
 
 	
2.5
1.95
1.80
3.70
3.40
2.00
1.80
1.30
1.27
1.0
1.5
2.00
2.05
1.75
1.72
 	 3:0(1:0)  
688	23/02
14:45	 Luzern
Young Boys	
0
0
1.75
2.00
  	
2.75
1.95
 	
1.80
 	
2.40
3.50
2.75
1.42
1.28
1.55
1.5
1.5
2.15
2.30
1.65
1.57
 	 1:2(0:1)  
689	23/02
17:00	 Grasshopper
Basel	
+0.25
-0.25
1.75
2.05
 
 	
2.5
1.90
1.85
2.85
3.30
2.40
1.53
1.30
1.40
1.0
1.5
1.70
2.25
2.10
1.60
 	 1:1(0:0)
460	26/02
19:30	 Sion
Young Boys	
+0.25
-0.25
1.95
1.80
 
 	
2.25
1.75
 	
2.00
 	
3.40
3.40
2.10
1.70
1.30
1.30
1.0
1.5
1.95
2.15
1.80
1.67
 	 3:0(1:0)  
709	01/03
20:45	 FC Lausanne-Sport
Aarau	
0
0
1.90
1.85
  	
2.75
1.95
 	
1.80
 	
2.70
3.20
2.60
1.50
1.35
1.48
1.5
1.5
2.20
2.20
1.65
1.65
 	 0:1(0:0)  
710	01/03
20:45	 Zurich
Grasshopper	
0
0
1.87
1.87
  	
2.5
1.90
1.85
2.65
3.20
2.65
1.45
1.33
1.45
1.0
1.0
1.62
1.62
2.25
2.25
 	 3:1(2:0)  
711	02/03
14:45	 Thun
Basel	
+0.25
-0.25
1.95
1.80
 
 	
2.75
1.95
 	
1.80
 	
3.40
3.40
2.10
1.70
1.30
1.30
1.0
1.5
1.72
1.95
2.05
1.80
 	 2:2(0:1)  
712	02/03
17:00	 St. Gallen
Luzern	
-0.25
+0.25
1.85
1.90
 
 	
2.25
1.87
 	
1.87
 	
2.15
3.05
3.60
1.26
1.35
1.65
1.5
1.5
2.25
3.20
1.57
1.30
 	 1:1(1:0)  
778	08/03
20:45	 Basel
St. Gallen	
–1.0
+1.0
2.00
1.75
  	
2.5
1.80
1.95
1.60
4.00
5.50
1.15
1.25
2.35
1.5
1.0
1.70
2.40
2.10
1.53
 	 1:1(0:0)  
779	08/03
20:45	 Grasshopper
FC Lausanne-Sport	
-1.25
+1.25
1.93
1.87
 
 	
2.75
1.95
 	
1.85
 	
1.40
4.60
8.00
1.07
1.20
2.95
2.0
1.0
1.95
3.10
1.80
1.35
 	 2:1(1:0)  
780	09/03
14:45	 Aarau
Thun	
-0.25
+0.25
2.05
1.70
 
 	
2.75
1.95
 	
1.80
 	
2.40
3.50
2.75
1.42
1.28
1.55
1.5
1.5
2.15
2.30
1.65
1.57
 	 1:4(1:0)  
781	09/03
14:45	 Young Boys
Zurich	
-0.25
+0.25
1.95
1.85
 
 	
2.75
1.95
 	
1.80
 	
2.25
3.20
3.20
1.32
1.32
1.60
1.5
1.0
2.05
1.62
1.72
2.20
 	 1:3(0:0)  
782	09/03
17:00	 Sion
Luzern	
0
0
1.95
1.80
  	
2.25
1.90
 	
1.85
 	
2.75
3.20
2.55
1.48
1.32
1.42
1.0
1.0
1.85
1.75
1.95
2.05
 	 3:2(1:2)
763	15/03
20:45	 St. Gallen
Young Boys	
-0.25
+0.25
1.80
2.00
 
 	
2.5
1.87
1.87
2.05
3.40
3.50
1.28
1.30
1.72
1.5
1.0
2.05
1.90
1.72
1.85
 	 1:1(1:1)  
764	15/03
20:45	 Thun
FC Lausanne-Sport	
–1.0
+1.0
1.85
1.90
  	
2.5
1.80
1.95
1.50
4.00
6.50
1.10
1.22
2.50
2.0
1.0
2.15
2.75
1.65
1.42
 	 2:2(0:1)  
765	16/03
14:45	 Luzern
Zurich	
+0.25
-0.25
1.72
2.05
 
 	
2.5
1.80
1.95
2.90
3.30
2.40
1.55
1.32
1.40
1.0
1.5
1.60
2.15
2.25
1.65
 	 1:0(1:0)  
766	16/03
14:45	 Grasshopper
Sion	
-0.75
+0.75
1.80
2.00
 
 	
2.5
1.95
1.80
1.62
3.80
5.20
1.14
1.25
2.25
1.5
1.0
1.80
2.65
1.95
1.45
 	 4:2(2:0)  
767	16/03
17:00	 Basel
Aarau	
-1.25
+1.25
1.87
1.87
 
 	
2.75
1.80
 	
1.95
 	
1.38
4.80
7.50
1.07
1.17
2.95
2.0
1.0
1.85
2.90
1.90
1.38
 	 5:0(3:0)  
736	22/03
20:45	 Aarau
Sion	
-0.25
+0.25
1.75
2.00
 
 	
2.5
1.80
1.95
2.05
3.50
3.50
1.30
1.30
1.75
1.5
1.0
1.95
1.80
1.80
1.95
 	 2:0(1:0)  
737	22/03
20:45	 St. Gallen
Thun	
-0.25
+0.25
1.72
2.05
 
 	
2.5
1.87
1.87
2.00
3.50
3.60
1.28
1.30
1.80
1.5
1.0
2.00
1.90
1.75
1.85
 	 1:0(0:0)  
738	23/03
14:45	 FC Lausanne-Sport
Luzern	
+0.25
-0.25
1.85
1.90
 
 	
2.5
1.95
1.80
3.20
3.35
2.20
1.65
1.30
1.33
1.0
1.5
1.85
2.15
1.90
1.65
 	 1:0(0:0)  
739	23/03
17:00	 Zurich
Basel	
0
0
2.00
1.80
  	
2.75
1.90
 	
1.85
 	
2.80
3.30
2.50
1.55
1.33
1.45
1.5
1.5
2.30
2.15
1.60
1.70
 	 0:0(0:0)  
740	23/03
17:00	 Young Boys
Grasshopper	
0
0
1.87
1.87
  	
2.75
1.85
 	
1.90
 	
2.65
3.20
2.65
1.50
1.33
1.50
1.5
1.5
2.10
2.10
1.70
1.70
 	 0:4(0:0)  
768	29/03
20:45	 Aarau
Young Boys	
0
0
1.75
2.00
  	
2.75
1.95
 	
1.80
 	
2.40
3.40
2.80
1.40
1.28
1.55
1.5
1.5
2.15
2.30
1.65
1.57
 	 2:1(0:0)  
769	29/03
20:45	 Sion
St. Gallen	
+0.25
-0.25
1.72
2.05
 
 	
2.5
1.95
1.80
2.85
3.30
2.40
1.53
1.30
1.40
1.0
1.5
1.72
2.30
2.05
1.58
 	 1:1(0:1)  
770	30/03
14:45	 Thun
Grasshopper	
+0.25
-0.25
1.80
1.95
 
 	
2.25
1.75
 	
2.00
 	
3.05
3.20
2.35
1.55
1.32
1.33
1.5
1.5
2.75
2.35
1.42
1.55
 	 1:3(0:0)  
771	30/03
14:45	 Zurich
FC Lausanne-Sport	
-1.25
+1.25
1.95
1.80
 
 	
2.75
1.75
 	
2.00
 	
1.42
4.50
7.50
1.08
1.19
2.80
2.5
1.0
2.45
2.55
1.50
1.47
 	 0:3(0:1)  
772	30/03
17:00	 Luzern
Basel	
+0.25
-0.25
2.05
1.70
 
 	
2.5
1.95
1.80
3.75
3.30
2.00
1.75
1.30
1.25
1.0
1.5
2.00
2.05
1.75
1.72
 	 0:2(0:0) 
725	05/04
20:45	 St. Gallen
Aarau	
-0.75
+0.75
2.00
1.75
 
 	
2.5
1.80
1.95
1.85
3.50
4.30
1.22
1.30
1.95
1.5
1.0
1.85
1.95
1.90
1.80
 	 4:1(1:0)  
726	05/04
20:45	 Grasshopper
Zurich	
-0.25
+0.25
1.90
1.85
 
 	
2.5
1.80
1.95
2.22
3.20
3.15
1.35
1.30
1.65
1.5
1.0
2.05
1.70
1.72
2.10
 	 2:0(1:0)  
727	06/04
14:45	 Basel
Thun	
–1.0
+1.0
1.95
1.77
  	
2.75
1.90
 	
1.80
 	
1.55
3.80
6.00
1.10
1.24
2.30
1.5
1.0
1.62
2.38
2.18
1.52
 	 0:0(0:0)  
728	06/04
14:45	 FC Lausanne-Sport
Sion	
-0.25
+0.25
1.95
1.80
 
 	
2.5
1.95
1.80
2.30
3.20
3.10
1.34
1.32
1.58
1.5
1.0
2.25
1.80
1.60
1.95
 	 0:1(0:1)  
729	06/04
17:00	 Young Boys
Luzern	
-0.25
+0.25
1.80
1.95
 
 	
2.5
1.85
1.90
2.10
3.30
3.50
1.28
1.32
1.70
1.5
1.0
2.00
1.80
1.75
1.95
 	 2:1(2:0) 
761	12/04
20:45	 FC Lausanne-Sport
Grasshopper	
+0.75
-0.75
1.75
2.00
 
 	
2.5
1.95
1.80
4.50
3.40
1.80
1.95
1.30
1.18
1.0
1.5
2.25
1.95
1.60
1.80
 	 0:2(0:0)  
762	12/04
20:45	 Thun
Aarau	
-0.75
+0.75
2.00
1.80
 
 	
3.0
1.95
1.80
1.80
3.80
4.00
1.25
1.27
2.05
1.5
1.0
1.70
1.75
2.15
2.00
 	 2:0(1:0)  
763	13/04
14:45	 Luzern
St. Gallen	
-0.25
+0.25
1.95
1.80
 
 	
2.5
1.90
1.85
2.30
3.30
3.05
1.36
1.32
1.60
1.5
1.0
2.20
1.75
1.62
2.00
 	 1:0(0:0)  
764	13/04
14:45	 Sion
Basel	
+0.75
-0.75
1.90
1.90
 
 	
2.25
1.75
 	
2.00
 	
5.00
3.50
1.70
2.20
1.27
1.17
1.0
1.5
2.35
1.83
1.60
1.97
 	 0:1(0:0)  
765	13/04
17:00	 Zurich
Young Boys	
-0.25
+0.25
1.72
2.15
 
 	
2.75
1.87
 	
1.93
 	
2.00
3.40
3.70
1.30
1.30
1.85
1.5
1.0
1.85
1.70
1.90
2.10
 	 2:2(1:2) 
544	16/04
20:45	 Aarau
Luzern	
0
0
1.95
1.80
  	
2.75
1.85
 	
1.90
 	
2.65
3.20
2.65
1.50
1.33
1.50
1.5
1.5
2.10
2.10
1.70
1.70
 	 1:2(1:1)  
545	16/04
20:45	 Grasshopper
Thun	
-0.75
+0.75
1.75
2.00
 
 	
2.75
1.95
 	
1.80
 	
1.62
3.80
5.50
1.14
1.25
2.25
1.5
1.0
1.65
2.30
2.15
1.57
 	 0:5(0:4)  
546	16/04
21:30	 Basel
Zurich	
–1.0
+1.0
2.00
1.75
  	
2.75
1.85
 	
1.90
 	
1.60
4.00
5.30
1.14
1.23
2.30
1.5
1.0
1.62
2.20
2.20
1.65
 	 4:2(1:0)  
547	17/04
20:45	 St. Gallen
FC Lausanne-Sport	
-0.75
+0.75
1.80
1.95
 
 	
2.5
1.80
1.95
1.63
3.75
5.55
1.11
1.25
2.20
1.5
1.0
1.65
2.35
2.11
1.52
 	 0:0(0:0)  
548	17/04
20:45	 Young Boys
Sion	
-0.75
+0.75
1.95
1.80
 
 	
2.5
1.80
1.95
1.75
3.60
4.50
1.18
1.27
2.00
1.5
1.0
1.80
2.15
1.95
1.65
 	 0:0(0:0)  
740	26/04
20:45	 Sion
Aarau	
-0.25
+0.25
1.90
1.85
 
 	
2.75
1.90
 	
1.85
 	
2.20
3.50
3.10
1.35
1.30
1.65
1.5
1.0
2.00
1.62
1.75
2.20
 	 2:0(0:0)  
741	26/04
20:45	 Zurich
Luzern	
-0.25
+0.25
1.90
1.85
 
 	
2.5
1.80
1.95
2.20
3.50
3.10
1.35
1.30
1.65
1.5
1.0
2.05
1.70
1.72
2.10
 	 1:2(1:0)  
742	27/04
14:45	 FC Lausanne-Sport
Young Boys	
+0.25
-0.25
2.00
1.75
 
 	
2.75
1.95
 	
1.80
 	
3.50
3.50
2.05
1.80
1.30
1.32
1.0
1.5
1.75
1.95
2.05
1.85
 	 0:1(0:0)  
743	27/04
14:45	 Thun
St. Gallen	
-0.25
+0.25
1.80
1.95
 
 	
2.5
1.80
1.95
2.10
3.50
3.30
1.32
1.28
1.70
1.5
1.0
2.00
1.75
1.75
2.05
 	 4:0(1:0)  
744	27/04
17:00	 Basel
Grasshopper	
-0.75
+0.75
1.90
1.85
 
 	
2.75
1.90
 	
1.85
 	
1.70
3.70
4.95
1.15
1.27
2.10
1.5
1.0
1.67
1.95
2.12
1.80
 	 1:1(1:1)  
639	03/05
20:45	 Luzern
Sion	
–1.0
+1.0
1.95
1.80
  	
2.5
1.80
1.95
1.55
4.00
6.00
1.12
1.23
2.40
2.0
1.0
2.20
2.55
1.62
1.48
 	 0:1(0:0)  
640	03/05
20:45	 Thun
Zurich	
-0.25
+0.25
1.65
2.15
 
 	
3.0
1.95
1.80
1.90
3.60
3.80
1.25
1.27
1.85
1.5
1.0
1.72
1.65
2.05
2.15
 	 1:2(0:2)  
641	04/05
14:45	 Aarau
FC Lausanne-Sport	
-0.75
+0.75
1.90
1.85
 
 	
3.0
1.95
1.80
1.75
3.90
4.30
1.22
1.25
2.05
2.0
1.0
2.25
1.80
1.62
1.95
 	 3:1(0:0)  
642	04/05
14:45	 St. Gallen
Basel	
+0.25
-0.25
2.12
1.67
 
 	
2.75
2.00
 	
1.75
 	
3.90
3.45
1.95
1.80
1.30
1.23
1.0
1.5
1.85
1.85
1.90
1.90
 	 0:3(0:2)  
643	04/05
17:00	 Grasshopper
Young Boys	
-0.75
+0.75
1.95
1.80
 
 	
2.75
1.85
 	
1.90
 	
1.75
3.80
4.30
1.20
1.25
2.05
1.5
1.0
1.70
1.95
2.10
1.80
 	 5:0(2:0) 
401	06/05
20:45	 Sion
Zurich	
0
0
2.00
1.75
  	
2.75
1.95
 	
1.80
 	
2.75
3.30
2.40
1.55
1.28
1.42
1.5
1.5
2.30
2.15
1.57
1.65
 	 1:0(0:0) 
433	07/05
20:45	 Grasshopper
St. Gallen	
-0.75
+0.75
1.75
2.00
 
 	
3.0
2.00
1.80
1.62
4.00
5.00
1.15
1.22
2.25
2.0
1.0
2.10
2.00
1.70
1.75
 	 2:0(1:0)  
434	07/05
20:45	 Young Boys
Aarau	
-0.75
+0.75
1.80
2.00
 
 	
3.25
1.95
 	
1.85
 	
1.65
4.30
4.50
1.20
1.22
2.20
2.0
1.0
1.90
1.72
1.85
2.05
 	 2:2(1:0)  
435	07/05
21:30	 Basel
Luzern	
–1.0
+1.0
1.85
1.95
  	
2.75
1.80
 	
2.00
 	
1.50
4.50
6.10
1.13
1.20
2.60
2.0
1.0
2.00
2.35
1.80
1.60
 	 3:1(2:1)  
436	08/05
20:45	 FC Lausanne-Sport
Thun	
+0.75
-0.75
1.80
1.95
 
 	
2.75
1.85
 	
1.90
 	
4.30
3.80
1.75
2.05
1.25
1.20
1.0
1.5
1.95
1.70
1.80
2.10
 	 1:3(1:2)  
595	10/05
20:45	 Aarau
Grasshopper	
+0.75
-0.75
2.00
1.75
 
 	
3.0
1.85
1.90
5.00
4.10
1.60
2.25
1.21
1.15
1.0
2.0
1.87
1.95
1.87
1.80
 	 4:0(1:0)  
596	10/05
20:45	 Zurich
St. Gallen	
-0.25
+0.25
1.67
2.10
 
 	
2.75
1.90
 	
1.85
 	
2.00
3.30
3.75
1.25
1.30
1.75
1.5
1.0
1.87
1.75
1.87
2.00
 	 2:2(1:0)  
597	11/05
14:45	 Luzern
FC Lausanne-Sport	
-1.25
+1.25
1.85
1.90
 
 	
2.75
1.82
 	
1.95
 	
1.38
4.80
7.50
1.07
1.17
2.95
2.0
1.0
1.85
2.90
1.90
1.38
 	 3:4(1:2)  
598	11/05
14:45	 Sion
Thun	
+0.25
-0.25
1.75
2.00
 
 	
2.75
1.95
 	
1.80
 	
3.00
3.30
2.30
1.60
1.30
1.37
1.5
1.5
2.35
2.10
1.55
1.70
 	 3:1(2:0)  
599	11/05
17:00	 Young Boys
Basel	
+0.25
-0.25
2.00
1.75
 
 	
3.0
1.95
1.80
3.40
3.70
2.00
1.80
1.27
1.30
1.0
1.5
1.62
1.80
2.20
1.95
 	 3:1(1:0)  
423	15/05
21:30	 Aarau
Basel	
+1.0
–1.0
1.95
1.80
  	
3.0
1.80
1.95
6.10
4.30
1.52
2.50
1.22
1.11
1.0
2.0
2.05
1.75
1.70
2.00
 	 1:3(1:2)  
424	15/05
21:30	 FC Lausanne-Sport
Zurich	
+0.25
-0.25
2.15
1.65
 
 	
3.0
1.95
1.80
3.80
3.60
1.90
1.85
1.27
1.25
1.0
1.5
1.65
1.72
2.15
2.05
 	 0:1(0:0)  
425	15/05
21:30	 St. Gallen
Sion	
-0.25
+0.25
1.70
2.05
 
 	
2.75
1.85
 	
1.90
 	
2.05
3.50
3.50
1.30
1.30
1.75
1.5
1.0
1.87
1.65
1.87
2.15
 	 2:0(0:0)  
426	15/05
21:30	 Thun
Young Boys	
-0.25
+0.25
1.70
2.10
 
 	
3.0
1.85
1.90
1.95
3.80
3.50
1.30
1.25
1.85
1.5
1.5
1.70
2.30
2.10
1.57
 	 0:3(0:2)  
427	15/05
21:30	 Grasshopper
Luzern	
-0.75
+0.75
1.75
2.00
 
 	
3.0
1.90
1.85
1.62
4.20
4.80
1.17
1.22
2.25
2.0
1.0
2.00
1.95
1.75
1.85
 	 4:1(3:1) 
404	18/05
17:00	 Basel
FC Lausanne-Sport	
–2.0
+2.0
1.90
1.85
  	
3.5
1.80
1.95
1.23
6.50
11.00
1.03
1.11
4.10
2.5
1.0
1.70
2.65
2.10
1.45
 	 4:2(1:0)  
405	18/05
17:00	 Luzern
Thun	
0
0
1.80
2.00
  	
2.75
1.85
 	
1.90
 	
2.45
3.40
2.75
1.42
1.30
1.52
1.5
1.5
2.05
2.15
1.72
1.65
 	 3:0(2:0)  
406	18/05
17:00	 Sion
Grasshopper	
+0.25
-0.25
1.90
1.85
 
 	
2.75
1.80
 	
1.95
 	
3.20
3.40
2.15
1.65
1.28
1.30
1.0
1.5
1.65
1.80
2.20
1.95
 	 3:1(2:1)  
407	18/05
17:00	 Zurich
Aarau	
–1.0
+1.0
1.95
1.80
  	
3.25
1.85
 	
1.90
 	
1.57
4.50
4.90
1.17
1.18
2.35
1.5
1.5
1.42
2.70
2.75
1.43
 	 2:2(1:0)  
408	18/05
17:00	 Young Boys
St. Gallen	
-0.75
+0.75
1.80
1.95
 
 	
3.25
1.85
 	
1.90
 	
1.65
4.30
4.50
1.20
1.22
2.20
2.0
1.5
1.85
2.40
1.90
1.53
 	 2:0(1:0)  