287	02/10
14:00	 Hearts
Rangers	
+1.0
–1.0
1.70
2.00
  	
2.75
1.90
 	
1.80
 	
5.50
3.55
1.57
2.35
1.21
1.08
0.5
1.5
1.50
1.55
2.40
2.25
 	 1:2(1:0)  
288	02/10
17:00	 Celtic
Hamilton	
–2.0
+2.0
1.90
1.80
  	
3.25
1.85
 	
1.85
 	
1.14
6.40
15.40
1.01
1.05
4.60
 
 	 3:1(1:1)  
289	02/10
17:00	 Saint Johnstone
Hibernian	
0
0
1.70
2.03
  	
2.25
1.75
 	
1.96
 	
2.35
3.25
2.75
1.35
1.25
1.47
1.5
1.5
2.30
2.55
1.55
1.45
 	 2:0(0:0)  
290	02/10
17:00	 Inverness Caledonian Thistle
Aberdeen	
0
0
1.75
1.96
  	
2.25
1.85
 	
1.85
 	
2.45
3.25
2.60
1.39
1.25
1.44
1.5
1.5
2.40
2.55
1.50
1.45
 	 2:0(1:0)  
291	02/10
17:00	 Kilmarnock
Dundee United	
0
0
2.00
1.72
  	
2.25
1.90
 	
1.80
 	
2.70
3.20
2.40
1.45
1.26
1.36
1.5
1.5
2.55
2.40
1.45
1.50
 	 1:2(0:1)  
292	02/10
17:00	 Motherwell
Saint Mirren	
-0.75
+0.75
1.75
1.96
 
 	
2.25
1.90
 	
1.80
 	
1.60
3.50
5.30
1.09
1.22
2.20
1.5
0.5
1.65
1.55
2.10
2.25
 	 3:1(1:0)  
377	10/11
14:00	 Inverness Caledonian Thistle
Hearts	
0
0
1.80
1.90
  	
2.25
1.72
 	
2.00
 	
2.55
3.30
2.60
1.39
1.25
1.45
1.5
1.5
2.55
2.60
1.45
1.44
 	 1:1(1:0)  
378	10/11
17:00	 Kilmarnock
Ross County	
-0.25
+0.25
1.95
1.76
 
 	
2.5
1.80
1.90
2.25
3.40
2.90
1.32
1.23
1.56
1.5
1.5
2.15
2.55
1.63
1.45
 	 3:0(0:0)  
379	10/11
17:00	 Motherwell
FC Dundee	
–1.0
+1.0
1.80
1.90
  	
2.75
1.90
 	
1.80
 	
1.45
4.10
6.90
1.04
1.16
2.60
1.5
1.0
1.60
2.55
2.20
1.45
 	 1:1(1:1)  
380	10/11
17:00	 Saint Mirren
Aberdeen	
+0.25
-0.25
1.80
1.90
 
 	
2.25
1.80
 	
1.90
 	
3.10
3.20
2.25
1.56
1.26
1.28
1.5
1.5
3.00
2.40
1.34
1.50
 	 1:4(0:2)  
381	11/11
14:45	 Hibernian
Dundee United	
0
0
1.90
1.80
  	
2.5
1.75
1.96
2.60
3.30
2.55
1.45
1.25
1.39
1.5
1.5
2.30
2.30
1.55
1.55
 	 2:1(1:0)  
382	11/11
17:00	 Celtic
Saint Johnstone	
-1.75
+1.75
1.90
1.80
 
 	
3.0
1.85
1.85
1.23
5.70
11.00
1.01
1.08
3.65
2.5
1.0
2.00
3.80
1.70
1.22
 	 1:1(0:0)  
287	16/11
21:45	 Dundee United
Kilmarnock	
-0.25
+0.25
1.55
2.29
 
 	
2.5
1.85
1.85
1.80
3.40
4.30
1.15
1.23
1.90
1.5
1.0
1.85
2.20
1.85
1.60
 	 3:3(0:2)  
288	17/11
14:00	 Aberdeen
Celtic	
+0.75
-0.75
2.00
1.72
 
 	
2.5
1.80
1.90
5.60
3.95
1.55
2.35
1.17
1.08
 
 	 0:2(0:0)  
289	17/11
17:00	 FC Dundee
Hibernian	
+0.25
-0.25
2.10
1.65
 
 	
2.75
1.95
 	
1.76
 	
3.80
3.60
1.85
1.85
1.21
1.19
 
 	 3:1(1:0)  
290	17/11
17:00	 Hearts
Saint Mirren	
-0.25
+0.25
1.60
2.20
 
 	
2.25
1.80
 	
1.90
 	
1.90
3.30
3.95
1.17
1.25
1.80
 
 	 1:0(0:0)  
291	17/11
17:00	 Saint Johnstone
Ross County	
-0.25
+0.25
1.70
2.03
 
 	
2.5
1.95
1.76
2.00
3.30
3.60
1.21
1.25
1.72
 
 	 1:1(0:0) 
354	24/11
14:45	 Motherwell
Hearts	
-0.25
+0.25
2.00
1.72
 
 	
2.25
1.80
 	
1.90
 	
2.35
3.30
2.85
1.33
1.25
1.52
1.5
1.5
2.50
2.90
1.47
1.36
 	 0:0(0:0)  
355	24/11
17:00	 Celtic
Inverness Caledonian Thistle	
-1.75
+1.75
1.90
1.80
 
 	
3.5
2.10
1.66
1.20
6.20
12.00
1.01
1.06
3.90
2.5
1.0
1.90
4.00
1.80
1.20
 	 0:1(0:0)  
356	24/11
17:00	 Ross County
Dundee United	
+0.25
-0.25
1.80
1.90
 
 	
2.5
1.95
1.76
3.10
3.30
2.20
1.60
1.25
1.28
1.5
1.5
2.90
2.25
1.36
1.57
 	 1:2(0:0)  
357	24/11
17:00	 Kilmarnock
Saint Johnstone	
0
0
1.75
1.96
  	
2.5
1.90
1.80
2.50
3.30
2.65
1.37
1.25
1.47
1.5
1.5
2.40
2.50
1.50
1.47
 	 1:2(0:1)  
358	24/11
17:00	 Saint Mirren
FC Dundee	
-0.25
+0.25
1.55
2.29
 
 	
2.5
1.90
1.80
1.80
3.60
4.05
1.17
1.21
1.90
1.5
1.0
1.90
2.20
1.80
1.60
 	 3:1(1:0)  
359	24/11
17:00	 Hibernian
Aberdeen	
0
0
1.95
1.76
  	
2.5
1.80
1.90
2.65
3.30
2.50
1.47
1.25
1.37
1.5
1.5
2.30
2.25
1.55
1.57
 	 0:1(0:0)  
161	27/11
21:45	 Aberdeen
Inverness Caledonian Thistle	
-0.25
+0.25
1.70
2.03
 
 	
2.5
1.95
1.76
1.95
3.40
3.70
1.20
1.23
1.76
1.5
1.0
2.00
2.10
1.72
1.65
 	 2:3(1:1)  
162	27/11
21:45	 Dundee United
Motherwell	
-0.25
+0.25
1.95
1.76
 
 	
2.5
1.80
1.90
2.25
3.40
2.90
1.32
1.23
1.56
1.5
1.5
2.10
2.50
1.65
1.47
 	 1:2(1:2)  
163	27/11
21:45	 Ross County
Saint Mirren	
0
0
1.72
2.00
  	
2.5
1.85
1.85
2.45
3.30
2.70
1.36
1.25
1.49
1.5
1.5
2.30
2.40
1.55
1.50
 	 0:0(0:0)  
164	28/11
21:30	 Hearts
Celtic	
+1.0
–1.0
1.72
2.00
  	
2.5
1.95
1.76
5.90
3.80
1.55
2.35
1.19
1.07
1.0
1.5
3.00
1.75
1.34
1.95
 	 0:4(0:3)  
165	28/11
21:45	 Saint Johnstone
Hibernian	
-0.25
+0.25
1.80
1.90
 
 	
2.5
1.75
1.96
2.10
3.40
3.20
1.26
1.23
1.65
1.5
1.5
2.00
2.70
1.70
1.40
 	 0:1(0:0)  
332	08/12
14:30	 Kilmarnock
Celtic	
+1.25
-1.25
1.80
1.90
 
 	
3.0
1.90
1.80
7.00
5.00
1.35
2.95
1.10
1.04
1.0
1.5
2.90
1.50
1.35
2.40
 	 1:3(0:1)  
333	08/12
17:00	 Saint Mirren
Saint Johnstone	
0
0
1.70
2.03
  	
2.5
1.95
1.76
2.45
3.20
2.80
1.34
1.26
1.49
1.5
1.5
2.55
2.50
1.45
1.47
 	 1:1(0:1)  
334	08/12
17:00	 Inverness Caledonian Thistle
Hibernian	
-0.25
+0.25
1.70
2.03
 
 	
2.75
1.95
 	
1.76
 	
1.95
3.50
3.55
1.21
1.22
1.76
1.5
1.5
1.95
2.55
1.75
1.45
 	 3:0(1:0)  
335	08/12
17:00	 Hearts
Aberdeen	
-0.25
+0.25
1.95
1.76
 
 	
2.25
2.00
 	
1.72
 	
2.30
3.20
3.00
1.30
1.26
1.54
1.5
1.5
2.65
3.20
1.42
1.30
 	 2:0(1:0)  
336	08/12
17:00	 Motherwell
Ross County	
-0.25
+0.25
1.55
2.30
 
 	
2.25
1.75
 	
1.96
 	
1.75
3.50
4.50
1.13
1.22
1.96
1.5
1.0
1.90
2.00
1.80
1.70
 	 3:2(1:1)  
337	09/12
14:45	 FC Dundee
Dundee United	
+0.75
-0.75
1.76
1.95
 
 	
2.5
1.90
1.80
4.75
3.60
1.70
2.03
1.21
1.12
 
 	 0:3(0:1)  
308	15/12
17:00	 Ross County
FC Dundee	
-0.25
+0.25
1.60
2.19
 
 	
2.5
1.95
1.76
1.85
3.50
3.90
1.18
1.22
1.85
1.5
1.0
1.95
2.20
1.75
1.60
 	 1:1(0:1)  
309	15/12
17:00	 Celtic
Saint Mirren	
-1.75
+1.75
1.75
1.96
 
 	
3.0
1.85
1.85
1.17
6.45
15.00
1.01
1.05
4.20
2.5
1.0
1.90
4.40
1.80
1.17
 	 2:0(1:0)  
310	15/12
17:00	 Saint Johnstone
Hearts	
+0.25
-0.25
1.75
1.96
 
 	
2.25
2.00
 	
1.72
 	
3.00
3.10
2.35
1.52
1.28
1.30
1.5
1.5
2.95
2.85
1.35
1.37
 	 2:2(1:2)  
311	15/12
17:00	 Dundee United
Inverness Caledonian Thistle	
-0.25
+0.25
1.85
1.85
 
 	
2.75
1.90
 	
1.80
 	
2.15
3.40
3.10
1.28
1.23
1.62
1.5
1.5
1.85
2.65
1.85
1.42
 	 4:4(3:2)  
312	15/12
17:00	 Aberdeen
Kilmarnock	
-0.25
+0.25
1.60
2.19
 
 	
2.5
1.95
1.76
1.90
3.30
4.00
1.17
1.25
1.80
1.5
1.0
2.00
2.20
1.70
1.60
 	 0:2(0:1)  
313	15/12
17:00	 Hibernian
Motherwell	
+0.25
-0.25
1.72
2.00
 
 	
2.5
1.85
1.85
2.85
3.30
2.35
1.52
1.25
1.33
1.5
1.5
2.50
2.30
1.47
1.55
 	 2:3(1:0)  
193	21/12
21:45	 Saint Mirren
Motherwell	
+0.25
-0.25
1.85
1.85
 
 	
2.5
1.95
1.76
3.20
3.30
2.15
1.62
1.25
1.26
1.5
1.5
2.90
2.20
1.35
1.60
 	 2:1(2:0)  
194	22/12
17:00	 Aberdeen
Saint Johnstone	
-0.25
+0.25
1.85
1.85
 
 	
2.25
1.85
 	
1.85
 	
2.20
3.20
3.20
1.26
1.26
1.60
 
 	 2:0(0:0)  
195	22/12
17:00	 Inverness Caledonian Thistle
FC Dundee	
–1.0
+1.0
1.90
1.80
  	
3.0
1.95
1.76
1.50
4.30
5.50
1.10
1.20
2.12
 
 	 4:1(2:1)  
173	26/12
14:00	 Dundee United
Saint Johnstone	
-0.25
+0.25
1.75
1.96
 
 	
2.5
1.80
1.90
2.00
3.40
3.50
1.22
1.23
1.72
1.5
1.5
2.00
3.00
1.70
1.30
 	 1:1(1:0)  
174	26/12
17:00	 Inverness Caledonian Thistle
Saint Mirren	
–1.0
+1.0
2.30
1.55
  	
2.5
1.70
2.03
1.70
3.80
4.40
1.14
1.19
2.03
1.5
1.0
1.80
2.00
1.90
1.70
 	 2:2(1:1)  
175	26/12
17:00	 Motherwell
Aberdeen	
0
0
1.72
2.00
  	
2.5
1.95
1.76
2.40
3.30
2.80
1.34
1.25
1.50
1.5
1.5
2.25
2.80
1.57
1.38
 	 4:1(3:1)  
176	26/12
17:00	 Kilmarnock
Hearts	
0
0
2.00
1.72
  	
2.25
1.75
 	
1.96
 	
2.80
3.20
2.45
1.49
1.26
1.34
1.5
1.5
2.75
2.50
1.40
1.47
 	 1:0(1:0)  
177	26/12
17:00	 Hibernian
Ross County	
-0.75
+0.75
2.40
1.50
 
 	
2.5
1.90
1.80
2.05
3.20
3.55
1.21
1.26
1.68
1.5
1.0
1.95
2.10
1.75
1.65
 	 0:1(0:0)  
178	26/12
21:30	 FC Dundee
Celtic	
+1.75
-1.75
1.95
1.76
 
 	
3.0
1.70
2.03
13.00
6.00
1.20
3.90
1.07
1.01
1.0
2.5
4.40
1.90
1.17
1.80
 	 0:2(0:1)  
235	29/12
17:00	 Hibernian
Celtic	
+1.25
-1.25
1.95
1.76
 
 	
2.75
1.80
 	
1.90
 	
9.00
4.90
1.30
3.20
1.11
1.01
1.0
2.0
3.80
1.75
1.22
1.95
 	 1:0(1:0)  
236	29/12
17:00	 Ross County
Hearts	
+0.25
-0.25
1.87
1.87
 
 	
2.25
1.95
 	
1.80
 	
3.40
3.10
2.20
1.62
1.34
1.30
1.0
1.0
2.15
1.62
1.70
2.25
 	 cancelled  
237	29/12
17:00	 Saint Johnstone
Inverness Caledonian Thistle	
-0.25
+0.25
2.05
1.75
 
 	
2.5
1.80
1.95
2.35
3.50
2.85
1.42
1.30
1.57
1.5
1.5
2.15
2.40
1.65
1.53
 	 0:0(0:0)  
238	29/12
17:00	 Motherwell
Kilmarnock	
-0.25
+0.25
1.55
2.29
 
 	
2.75
1.95
 	
1.76
 	
1.80
3.60
4.10
1.16
1.21
1.90
1.5
1.0
1.75
1.95
1.95
1.75
 	 2:2(0:1)  
239	29/12
17:00	 FC Dundee
Aberdeen	
+0.25
-0.25
2.30
1.55
 
 	
2.25
1.80
 	
1.90
 	
4.30
3.40
1.80
1.90
1.23
1.15
1.0
1.5
2.55
2.00
1.45
1.70
 	 1:3(0:0)  
240	30/12
17:00	 Dundee United
Saint Mirren	
-0.25
+0.25
1.55
2.29
 
 	
2.5
1.75
1.96
1.85
3.60
3.80
1.19
1.21
1.85
1.5
1.0
1.85
1.90
1.85
1.80
 	 3:4(2:1)  
113	02/01
16:00	 Saint Johnstone
FC Dundee	
–1.0
+1.0
1.95
1.80
  	
2.5
1.95
1.80
1.55
3.90
6.20
1.11
1.25
2.40
1.5
1.0
1.72
2.90
2.05
1.38
 	 1:0(1:0)  
114	02/01
17:00	 Aberdeen
Dundee United	
-0.25
+0.25
1.85
1.85
 
 	
2.5
1.90
1.80
2.15
3.30
3.20
1.26
1.25
1.62
1.5
1.5
2.10
2.90
1.65
1.36
 	 2:2(1:2)  
115	02/01
17:00	 Celtic
Motherwell	
–1.5
+1.5
1.90
1.80
  	
3.0
2.00
1.75
1.30
5.40
8.50
1.01
1.09
3.10
1.5
1.0
1.40
3.40
2.75
1.27
 	 1:0(0:0)  
117	02/01
17:00	 Saint Mirren
Kilmarnock	
-0.25
+0.25
2.00
1.72
 
 	
2.5
1.80
1.90
2.30
3.30
2.90
1.32
1.25
1.54
1.5
1.5
2.15
2.55
1.63
1.45
 	 1:1(0:1)  
118	03/01
21:45	 Hearts
Hibernian	
-0.25
+0.25
1.75
2.00
 
 	
2.5
1.90
1.85
2.05
3.40
3.50
1.28
1.30
1.72
1.5
1.0
2.05
1.90
1.72
1.85
 	 0:0(0:0)  
335	19/01
14:45	 Saint Mirren
Ross County	
-0.25
+0.25
1.75
1.96
 
 	
2.5
1.95
1.76
2.05
3.40
3.30
1.25
1.23
1.68
1.5
1.0
2.15
1.95
1.63
1.76
 	 1:4(0:1)  
336	19/01
17:00	 Celtic
Hearts	
-1.25
+1.25
1.75
1.96
 
 	
2.5
1.75
1.96
1.30
4.80
10.00
1.01
1.12
3.20
1.5
1.0
1.40
3.55
2.75
1.25
 	 4:1(2:0)  
337	19/01
17:00	 Inverness Caledonian Thistle
Aberdeen	
0
0
1.72
2.00
  	
2.5
1.75
1.96
2.40
3.40
2.70
1.36
1.23
1.50
1.5
1.5
2.20
2.30
1.60
1.55
 	 3:0(0:0)  
338	19/01
17:00	 Kilmarnock
Dundee United	
0
0
2.00
1.72
  	
2.5
1.85
1.85
2.70
3.30
2.45
1.49
1.25
1.36
1.5
1.5
2.50
2.30
1.47
1.55
 	 2:3(1:1)  
339	19/01
17:00	 Hibernian
FC Dundee	
–1.0
+1.0
2.40
1.50
  	
2.5
1.95
1.76
1.75
3.70
4.60
1.13
1.20
1.96
1.5
1.0
1.85
2.50
1.85
1.47
 	 1:1(0:1)  
340	20/01
16:15	 Motherwell
Saint Johnstone	
-0.25
+0.25
1.75
1.96
 
 	
2.5
1.95
1.76
2.05
3.30
3.50
1.22
1.25
1.68
 
 	 3:2(2:0)  
359	26/01
17:00	 Dundee United
Ross County	
-0.25
+0.25
1.60
2.19
 
 	
2.75
1.95
 	
1.76
 	
1.85
3.50
3.90
1.18
1.22
1.85
1.5
1.0
1.85
1.95
1.85
1.76
 	 1:1(0:0)  
360	27/01
14:30	 Aberdeen
Hibernian	
-0.25
+0.25
1.70
2.03
 
 	
2.5
1.90
1.80
2.00
3.40
3.50
1.22
1.23
1.72
 
 	 0:0(0:0)  
361	27/01
17:00	 FC Dundee
Kilmarnock	
+0.25
-0.25
1.75
1.96
 
 	
2.5
1.85
 	
1.85
 	
2.95
3.25
2.30
1.54
1.25
1.31
 
 	 0:0(0:0)  
192	30/01
21:30	 Saint Johnstone
Aberdeen	
0
0
1.95
1.76
  	
2.25
1.95
 	
1.76
 	
2.80
3.15
2.45
1.48
1.27
1.34
1.5
1.5
2.95
2.65
1.35
1.42
 	 3:1(1:1)  
193	30/01
21:45	 Celtic
Kilmarnock	
–2.0
+2.0
1.80
1.90
  	
3.5
2.10
1.66
1.15
6.50
17.00
1.01
1.05
4.45
2.5
1.0
1.80
4.50
1.90
1.16
 	 4:1(1:0)  
194	30/01
21:45	 Ross County
Hibernian	
0
0
1.75
1.96
  	
2.5
2.00
1.72
2.45
3.20
2.75
1.35
1.26
1.49
1.5
1.5
2.50
2.70
1.47
1.41
 	 1:0(1:0)  
195	30/01
21:45	 Saint Mirren
Inverness Caledonian Thistle	
+0.25
-0.25
1.72
2.00
 
 	
2.75
1.90
 	
1.80
 	
2.85
3.30
2.35
1.52
1.25
1.33
1.5
1.5
2.40
2.10
1.50
1.66
 	 2:1(1:1)  
196	30/01
21:45	 Hearts
FC Dundee	
–1.0
+1.0
1.95
1.76
  	
2.25
1.85
 	
1.85
 	
1.45
4.00
7.00
1.04
1.17
2.60
1.5
1.0
1.75
4.00
1.96
1.20
 	 1:0(0:0)  
299	08/02
21:45	 FC Dundee
Ross County	
+0.25
-0.25
1.75
1.96
 
 	
2.25
1.95
 	
1.76
 	
3.10
3.10
2.30
1.54
1.28
1.28
1.5
1.5
3.20
2.50
1.30
1.47
 	 0:2(0:0)  
301	09/02
17:00	 Aberdeen
Saint Mirren	
-0.25
+0.25
1.75
1.96
 
 	
2.5
1.90
1.80
2.05
3.35
3.40
1.23
1.24
1.68
 
 	 0:0(0:0)  
302	09/02
17:00	 Dundee United
Hearts	
-0.25
+0.25
2.03
1.70
 
 	
2.5
1.95
1.76
2.40
3.20
2.85
1.33
1.26
1.50
 
 	 3:1(1:0)  
303	09/02
17:00	 Kilmarnock
Motherwell	
+0.25
-0.25
1.85
1.85
 
 	
2.5
1.75
1.96
3.06
3.30
2.20
1.60
1.25
1.29
 
 	 2:0(1:0)  
257	15/02
21:45	 Aberdeen
FC Dundee	
–1.0
+1.0
1.80
1.90
  	
2.25
1.75
 	
1.96
 	
1.45
4.00
7.00
1.04
1.17
2.60
1.5
1.0
1.70
3.55
2.03
1.25
 	 1:0(1:0)  
258	16/02
17:00	 Motherwell
Inverness Caledonian Thistle	
-0.25
+0.25
1.90
1.80
 
 	
2.75
1.90
 	
1.80
 	
2.20
3.40
3.00
1.30
1.23
1.60
1.5
1.5
2.00
2.65
1.72
1.42
 	 3:0(1:0)  
259	16/02
17:00	 Celtic
Dundee United	
–1.5
+1.5
1.95
1.76
  	
3.0
1.75
1.96
1.32
5.00
8.30
1.02
1.10
3.10
2.0
1.0
1.55
2.55
2.30
1.45
 	 6:2(3:1)  
260	16/02
17:00	 Hearts
Kilmarnock	
-0.25
+0.25
1.65
2.11
 
 	
2.5
1.95
1.76
1.90
3.30
4.00
1.17
1.25
1.80
1.5
1.0
1.95
2.20
1.76
1.60
 	 0:3(0:1)  
261	16/02
17:00	 Ross County
Saint Johnstone	
+0.25
-0.25
1.70
2.03
 
 	
2.25
1.75
 	
1.96
 	
2.80
3.25
2.40
1.50
1.25
1.34
1.5
1.5
2.70
2.50
1.41
1.47
 	 1:0(1:0)  
262	16/02
17:00	 Saint Mirren
Hibernian	
-0.25
+0.25
1.95
1.76
 
 	
2.5
1.95
1.76
2.30
3.20
3.00
1.30
1.26
1.54
1.5
1.5
2.30
2.75
1.55
1.40
 	 0:1(0:0)  
318	23/02
17:00	 Ross County
Motherwell	
+0.25
-0.25
1.80
1.90
 
 	
2.5
1.87
1.87
3.00
3.30
2.30
1.60
1.30
1.37
1.0
1.5
1.70
2.20
2.10
1.65
 	 3:0(1:0)  
319	23/02
17:00	 Kilmarnock
Aberdeen	
0
0
2.00
1.75
  	
2.5
1.95
1.80
2.80
3.20
2.40
1.50
1.32
1.40
1.0
1.0
1.65
1.60
2.15
2.30
 	 1:1(1:1)  
320	23/02
17:00	 Hearts
Inverness Caledonian Thistle	
-0.25
+0.25
1.85
1.85
 
 	
2.5
1.87
1.87
2.15
3.45
3.20
1.32
1.32
1.70
1.5
1.0
2.05
1.80
1.72
1.95
 	 2:3(0:1)  
321	23/02
17:00	 Saint Johnstone
Saint Mirren	
-0.25
+0.25
1.90
1.80
 
 	
2.5
1.95
1.80
2.20
3.35
3.20
1.33
1.30
1.65
1.5
1.0
2.15
1.85
1.65
1.90
 	 1:0(0:0)  
322	24/02
14:45	 Celtic
FC Dundee	
-2.25
+2.25
1.75
1.96
 
 	
3.25
1.75
 	
1.96
 	
1.11
7.70
19.50
1.01
1.03
5.10
 
 	 5:0(1:0)  
323	24/02
18:30	 Dundee United
Hibernian	
-0.25
+0.25
1.65
2.11
 
 	
2.75
1.95
 	
1.76
 	
1.90
3.50
3.90
1.23
1.28
1.85
1.5
1.0
1.87
1.87
1.87
1.87
 	 2:2(1:1)  
167	26/02
21:30	 Aberdeen
Ross County	
-0.25
+0.25
1.72
2.00
 
 	
2.5
1.95
1.80
2.00
3.40
3.70
1.27
1.30
1.80
1.5
1.0
2.05
2.00
1.72
1.75
 	 0:1(0:0) 
201	27/02
21:45	 Motherwell
Celtic	
+1.25
-1.25
1.70
2.03
 
 	
2.75
1.80
 	
1.90
 	
6.50
4.30
1.45
2.65
1.15
1.05
1.0
2.0
2.35
2.00
1.55
1.80
 	 2:1(1:0)  
202	27/02
21:45	 Saint Mirren
Hearts	
0
0
1.95
1.80
  	
2.25
1.80
 	
1.95
 	
2.75
3.25
2.55
1.50
1.33
1.45
1.0
1.0
1.70
1.65
2.10
2.15
 	 2:0(2:0)  
203	27/02
21:45	 Hibernian
Kilmarnock	
-0.25
+0.25
1.85
1.85
 
 	
2.25
1.75
 	
1.96
 	
2.15
3.40
3.30
1.30
1.32
1.67
1.5
1.0
2.20
1.95
1.62
1.80
 	 2:2(0:0)  
204	27/02
21:45	 Inverness Caledonian Thistle
Dundee United	
-0.25
+0.25
2.00
1.72
 
 	
3.0
1.85
1.85
2.35
3.40
2.90
1.40
1.30
1.57
1.5
1.5
1.95
2.20
1.80
1.62
 	 0:0(0:0)  
205	27/02
21:45	 FC Dundee
Saint Johnstone	
+0.75
-0.75
1.70
2.03
 
 	
2.25
1.90
 	
1.80
 	
4.30
3.40
1.85
1.90
1.30
1.20
1.0
1.5
2.50
2.10
1.50
1.70
 	 2:2(1:1)  
360	09/03
17:00	 Aberdeen
Motherwell	
0
0
1.80
1.95
  	
2.5
2.00
1.80
2.50
3.30
2.75
1.42
1.32
1.50
1.0
1.0
1.62
1.70
2.25
2.10
 	 0:0(0:0)  
361	09/03
17:00	 Ross County
Celtic	
+1.25
-1.25
1.80
1.95
 
 	
2.5
1.80
1.95
7.50
4.40
1.42
2.85
1.20
1.08
1.0
2.0
3.10
2.05
1.35
1.75
 	 3:2(2:2)  
362	09/03
17:00	 Saint Johnstone
Kilmarnock	
-0.75
+0.75
2.15
1.63
 
 	
2.25
1.80
 	
1.90
 	
1.90
3.50
4.00
1.23
1.30
1.90
1.5
1.0
2.05
2.20
1.72
1.62
 	 2:0(0:0)  
363	09/03
17:00	 Saint Mirren
Dundee United	
0
0
1.95
1.80
  	
2.5
1.85
1.90
2.80
3.30
2.40
1.50
1.25
1.34
1.5
1.5
2.40
2.30
1.50
1.55
 	 0:0(0:0)  
364	09/03
17:00	 FC Dundee
Inverness Caledonian Thistle	
+0.25
-0.25
2.15
1.63
 
 	
2.5
1.80
1.90
4.00
3.50
1.85
1.85
1.22
1.17
1.0
1.5
2.15
1.95
1.67
1.85
 	 1:1(1:0)  
365	10/03
14:45	 Hibernian
Hearts	
0
0
1.80
1.95
  	
2.5
2.00
1.80
2.50
3.30
2.75
1.42
1.32
1.50
1.0
1.0
1.62
1.70
2.25
2.10
 	 0:0(0:0)  
164	05/03
21:45	 Hearts
Saint Johnstone	
0
0
1.75
2.00
  	
2.25
1.80
 	
1.90
 	
2.50
3.10
2.95
1.37
1.35
1.47
1.5
1.5
2.40
2.75
1.50
1.40
 	 2:0(1:0)  
165	06/03
21:45	 FC Dundee
Saint Mirren	
+0.25
-0.25
1.90
1.80
 
 	
2.5
1.95
1.80
3.30
3.40
2.15
1.70
1.30
1.32
1.0
1.5
1.87
2.15
1.87
1.65
 	 2:1(0:1)  
265	15/03
21:45	 Motherwell
Hibernian	
-0.25
+0.25
1.70
2.03
 
 	
2.5
1.90
1.85
1.95
3.50
3.80
1.25
1.30
1.85
1.5
1.0
2.00
2.00
1.75
1.75
 	 4:1(0:1)  
266	16/03
17:00	 Celtic
Aberdeen	
–1.5
+1.5
1.85
1.90
  	
3.0
1.95
1.80
1.28
5.25
10.50
1.03
1.15
3.55
2.0
1.0
1.65
3.40
2.15
1.30
 	 4:3(1:1)  
267	16/03
17:00	 Inverness Caledonian Thistle
Ross County	
-0.25
+0.25
1.95
1.76
 
 	
2.5
1.90
1.85
2.25
3.40
3.10
1.35
1.30
1.62
1.5
1.0
2.20
1.75
1.65
2.00
 	 2:1(1:1)  
268	17/03
14:00	 Dundee United
FC Dundee	
-0.75
+0.75
1.75
2.05
 
 	
2.75
1.90
 	
1.85
 	
1.60
3.90
5.50
1.13
1.25
2.30
1.5
1.0
1.65
2.25
2.15
1.60
 	 1:1(0:0)  
398	30/03
17:00	 Ross County
Kilmarnock	
-0.25
+0.25
1.85
1.90
 
 	
2.25
1.75
 	
2.00
 	
2.15
3.30
3.40
1.30
1.32
1.67
1.5
1.0
2.20
1.95
1.62
1.80
 	 0:1(0:1)  
399	30/03
17:00	 Aberdeen
Hearts	
-0.25
+0.25
2.05
1.68
 
 	
2.25
2.00
 	
1.72
 	
2.45
3.15
3.00
1.38
1.35
1.55
1.0
1.0
1.72
1.95
2.05
1.80
 	 2:0(1:0)  
400	30/03
17:00	 FC Dundee
Motherwell	
+0.25
-0.25
2.40
1.50
 
 	
2.5
1.80
1.90
4.30
3.65
1.75
1.96
1.20
1.15
1.0
1.5
2.15
1.80
1.63
1.90
 	 0:3(0:1)  
401	30/03
17:00	 Hibernian
Inverness Caledonian Thistle	
0
0
1.85
1.90
  	
2.5
1.80
1.95
2.55
3.35
2.65
1.45
1.30
1.48
1.5
1.5
2.25
2.30
1.62
1.57
 	 1:2(0:0)  
402	31/03
14:45	 Saint Mirren
Celtic	
+1.25
-1.25
1.80
1.90
 
 	
2.75
1.85
 	
1.85
 	
6.90
4.60
1.40
2.75
1.13
1.04
1.0
1.5
3.10
1.50
1.32
2.41
 	 1:1(0:1)  
403	01/04
22:00	 Saint Johnstone
Dundee United	
0
0
1.80
1.95
  	
2.5
1.87
1.87
2.50
3.30
2.75
1.42
1.32
1.50
1.5
1.0
2.35
1.65
1.57
2.20
 	 1:1(0:1)  
321	05/04
21:45	 Inverness Caledonian Thistle
Saint Johnstone	
-0.25
+0.25
2.05
1.72
 
 	
2.5
1.80
1.95
2.40
3.30
2.90
1.40
1.32
1.55
1.5
1.0
2.15
1.60
1.65
2.25
 	 0:0(0:0)  
322	06/04
14:00	 Hearts
Ross County	
-0.25
+0.25
1.90
1.80
 
 	
2.25
1.80
 	
1.90
 	
2.25
3.30
3.20
1.35
1.32
1.62
1.5
1.0
2.30
1.87
1.60
1.87
 	 4:2(0:1)  
323	06/04
17:00	 Kilmarnock
FC Dundee	
-0.75
+0.75
1.85
1.85
 
 	
2.5
1.85
1.85
1.65
3.65
5.10
1.13
1.27
2.11
1.5
1.5
1.72
3.75
2.00
1.23
 	 1:2(0:1)  
324	06/04
17:00	 Motherwell
Saint Mirren	
-0.25
+0.25
1.65
2.11
 
 	
2.5
1.87
1.87
1.90
3.55
3.85
1.25
1.28
1.85
1.5
1.0
1.95
2.00
1.85
1.75
 	 2:2(1:1)  
325	06/04
17:00	 Celtic
Hibernian	
-1.75
+1.75
1.95
1.76
 
 	
3.0
1.90
1.85
1.25
5.70
12.00
1.03
1.13
3.90
2.5
1.0
2.10
3.50
1.70
1.28
 	 3:0(1:0)  
326	06/04
17:00	 Dundee United
Aberdeen	
-0.25
+0.25
2.00
1.72
 
 	
2.5
1.95
1.80
2.35
3.30
2.95
1.37
1.32
1.57
1.5
1.0
2.30
1.75
1.60
2.00
 	 1:0(0:0)  
307	19/04
21:30	 Dundee United
Motherwell	
0
0
1.95
1.80
  	
2.75
1.90
 	
1.85
 	
2.75
3.40
2.55
1.53
1.33
1.47
1.5
1.5
2.15
2.10
1.65
1.70
 	 1:3(0:2)  
308	20/04
17:00	 Kilmarnock
Hearts	
0
0
2.00
1.75
  	
2.25
1.75
 	
1.96
 	
2.85
3.20
2.50
1.47
1.35
1.37
1.5
1.5
2.65
2.40
1.42
1.50
 	 0:1(0:1)  
309	20/04
17:00	 Saint Mirren
FC Dundee	
-0.75
+0.75
1.87
1.83
 
 	
2.5
1.95
1.80
1.70
3.70
5.00
1.16
1.27
2.15
1.5
1.0
1.85
2.40
1.90
1.53
 	 1:2(0:1)  
310	21/04
14:45	 Celtic
Inverness Caledonian Thistle	
-1.25
+1.25
1.75
1.96
 
 	
3.0
1.85
1.90
1.36
4.90
8.00
1.06
1.16
3.05
2.0
1.0
1.65
2.60
2.15
1.46
 	 4:1(0:0)  
311	21/04
18:05	 Saint Johnstone
Ross County	
-0.25
+0.25
1.87
1.83
 
 	
2.25
1.87
 	
1.83
 	
2.20
3.30
3.20
1.32
1.30
1.62
1.5
1.0
2.35
2.05
1.55
1.75
 	 2:2(2:1)  
291	26/04
21:35	 Ross County
Dundee United	
-0.25
+0.25
1.95
1.76
 
 	
2.75
1.95
 	
1.76
 	
2.30
3.35
3.00
1.35
1.35
1.57
1.5
1.5
2.00
2.35
1.72
1.52
 	 1:0(0:0)  
292	27/04
14:00	 Saint Johnstone
Inverness Caledonian Thistle	
-0.25
+0.25
1.90
1.80
 
 	
2.5
1.80
1.95
2.20
3.50
3.10
1.35
1.30
1.65
1.5
1.0
2.05
1.70
1.72
2.10
 	 1:0(0:0)  
293	27/04
17:00	 Hibernian
Saint Mirren	
-0.25
+0.25
1.95
1.76
 
 	
2.5
1.85
1.90
2.30
3.40
3.05
1.38
1.32
1.62
1.5
1.0
2.20
1.65
1.65
2.20
 	 3:3(1:0)  
294	27/04
17:00	 Aberdeen
Kilmarnock	
-0.25
+0.25
1.60
2.19
 
 	
2.25
1.90
 	
1.80
 	
1.90
3.15
4.40
1.18
1.33
1.85
1.5
1.0
2.07
2.30
1.67
1.55
 	 1:0(1:0)  
295	27/04
17:00	 FC Dundee
Hearts	
+0.25
-0.25
1.96
1.75
 
 	
2.25
1.90
 	
1.80
 	
3.70
3.15
2.05
1.70
1.33
1.23
1.5
1.5
3.55
2.10
1.25
1.65
 	 1:0(0:0)  
296	28/04
14:45	 Motherwell
Celtic	
+0.75
-0.75
1.80
1.90
 
 	
2.75
1.85
 	
1.85
 	
4.75
3.75
1.72
2.10
1.25
1.16
1.5
1.5
3.10
1.63
1.32
2.15
 	 3:1(1:1)  
262	04/05
17:00	 Dundee United
Saint Johnstone	
+0.25
-0.25
1.75
2.00
 
 	
2.5
1.87
1.87
2.90
3.30
2.40
1.55
1.32
1.40
1.0
1.5
1.70
2.25
2.10
1.60
 	 0:1(0:1)  
263	04/05
17:00	 Inverness Caledonian Thistle
Motherwell	
+0.25
-0.25
1.72
2.00
 
 	
2.5
1.80
1.95
2.90
3.30
2.40
1.55
1.32
1.40
1.0
1.5
1.60
2.15
2.25
1.65
 	 4:3(3:1)  
264	04/05
17:00	 Hearts
Saint Mirren	
-0.25
+0.25
2.00
1.72
 
 	
2.25
1.80
 	
1.90
 	
2.35
3.10
3.10
1.34
1.34
1.55
1.5
1.0
2.35
1.85
1.55
1.90
 	 3:0(2:0)  
265	05/05
14:00	 Ross County
Celtic	
+0.75
-0.75
1.80
1.90
 
 	
2.5
1.80
1.95
4.50
3.70
1.75
2.05
1.26
1.20
 
 	 1:1(1:1)  
266	05/05
17:00	 Kilmarnock
Hibernian	
0
0
1.75
2.00
  	
2.5
1.95
1.80
2.45
3.35
2.80
1.42
1.32
1.53
1.0
1.0
1.57
1.70
2.30
2.10
 	 cancelled  
267	05/05
17:00	 FC Dundee
Aberdeen	
+0.25
-0.25
1.95
1.76
 
 	
2.25
1.80
 	
1.90
 	
3.50
3.30
2.10
1.70
1.32
1.28
1.0
1.5
2.00
2.15
1.75
1.65
 	 1:1(1:0)  
295	11/05
14:15	 Celtic
Saint Johnstone	
-1.25
+1.25
2.00
1.75
 
 	
2.75
1.87
 	
1.87
 	
1.45
4.40
6.80
1.10
1.20
2.70
2.0
1.0
2.00
2.65
1.80
1.45
 	 4:0(2:0)  
296	11/05
17:00	 Inverness Caledonian Thistle
Dundee United	
-0.25
+0.25
1.65
2.11
 
 	
3.0
1.95
1.80
1.90
3.60
3.80
1.25
1.27
1.85
1.5
1.0
1.72
1.65
2.05
2.15
 	 1:2(1:0)  
297	11/05
17:00	 FC Dundee
Kilmarnock	
0
0
1.90
1.85
  	
2.25
1.80
 	
1.90
 	
2.70
3.30
2.60
1.50
1.32
1.45
1.0
1.0
1.70
1.65
2.10
2.15
 	 2:3(1:1)  
298	11/05
17:00	 Saint Mirren
Aberdeen	
0
0
1.90
1.80
  	
2.25
2.00
 	
1.75
 	
2.70
3.10
2.60
1.44
1.28
1.36
1.5
1.5
2.85
2.50
1.37
1.47
 	 0:0(0:0)  
299	12/05
18:05	 Motherwell
Ross County	
-0.25
+0.25
1.85
1.85
 
 	
3.0
1.90
1.85
2.10
3.45
3.40
1.23
1.23
1.70
1.5
1.5
1.80
2.25
1.95
1.60
 	 2:0(2:0)  
300	12/05
14:00	 Hearts
Hibernian	
-0.25
+0.25
1.75
1.96
 
 	
2.5
1.95
1.80
2.00
3.30
3.75
1.25
1.30
1.75
1.5
1.0
2.05
2.00
1.72
1.75
 	 1:2(1:0)  
246	18/05
17:00	 Aberdeen
Hearts	
-0.25
+0.25
1.85
1.90
 
 	
2.25
1.92
 	
1.85
 	
2.15
3.30
3.40
1.30
1.32
1.67
1.5
1.0
2.35
2.10
1.57
1.70
 	 1:1(0:0)  
247	18/05
17:00	 Hibernian
FC Dundee	
-0.25
+0.25
1.65
2.20
 
 	
2.5
1.80
1.95
1.90
3.50
4.00
1.23
1.30
1.90
1.5
1.0
1.87
1.90
1.87
1.85
 	 1:0(0:0)  
248	18/05
17:00	 Kilmarnock
Saint Mirren	
0
0
1.72
2.05
  	
2.5
1.87
1.87
2.40
3.35
2.90
1.40
1.32
1.55
1.5
1.0
2.25
1.65
1.62
2.15
 	 1:3(1:1)  
249	19/05
14:45	 Saint Johnstone
Motherwell	
-0.25
+0.25
1.95
1.76
 
 	
2.5
1.90
1.85
2.25
3.40
3.10
1.35
1.30
1.62
1.5
1.0
2.20
1.75
1.65
2.00
 	 2:0(1:0)  
250	19/05
14:45	 Dundee United
Celtic	
+1.0
–1.0
1.75
2.00
  	
3.0
1.95
1.80
5.30
4.00
1.60
2.30
1.23
1.14
1.0
2.0
2.05
2.05
1.72
1.72
 	 0:4(0:3)  
251	19/05
14:45	 Ross County
Inverness Caledonian Thistle	
0
0
1.95
1.76
  	
2.75
1.85
 	
1.85
 	
2.80
3.50
2.45
1.49
1.22
1.34
1.5
1.5
2.25
2.05
1.57
1.68
 	 1:0(1:0)  
367	03/11
17:00	 Kilmarnock
Inverness CT	
-0.25
+0.25
2.03
1.70
 
 	
2.5
1.75
1.96
2.45
3.30
2.70
1.36
1.25
1.49
1.5
1.5
2.20
2.30
1.60
1.55
 	 1:2(0:1)  
368	03/11
17:00	 Saint Johnstone
Motherwell	
0
0
1.80
1.90
  	
2.25
1.75
 	
1.96
 	
2.50
3.20
2.70
1.36
1.26
1.47
1.5
1.5
2.40
2.55
1.50
1.45
 	 1:3(0:2)  
369	03/11
17:00	 FC Dundee
Hearts	
+0.75
-0.75
1.80
1.90
 
 	
2.25
1.80
 	
1.90
 	
5.05
3.60
1.65
2.11
1.21
1.10
0.5
1.5
1.55
1.75
2.30
1.96
 	 1:0(1:0)  
370	03/11
17:00	 Ross County
Aberdeen F.C.	
+0.25
-0.25
1.75
1.96
 
 	
2.25
1.75
 	
1.96
 	
3.00
3.30
2.25
1.56
1.25
1.30
1.5
1.5
2.75
2.30
1.40
1.55
 	 2:1(1:0)  
371	03/11
17:00	 Hibernian
Saint Mirren	
-0.25
+0.25
1.75
1.96
 
 	
2.5
1.80
1.90
2.05
3.30
3.45
1.23
1.25
1.68
1.5
1.5
2.00
2.75
1.70
1.40
 	 2:1(1:1)  
372	04/11
14:45	 Dundee United
Celtic	
+1.0
–1.0
1.85
1.85
  	
2.75
1.85
 	
1.85
 	
5.40
4.00
1.55
2.35
1.17
1.09
 
 	 2:2(0:0)  
208	07/11
21:45	 Motherwell
Dundee United	
0
0
1.75
1.96
  	
2.5
1.90
1.80
2.45
3.30
2.70
1.36
1.25
1.49
1.5
1.5
2.40
2.55
1.50
1.45
 	 0:1(0:0)
379	10/11
17:00	 Motherwell
FC Dundee	
–1.0
+1.0
1.80
1.90
  	
2.75
1.90
 	
1.80
 	
1.45
4.10
6.90
1.04
1.16
2.60
1.5
1.0
1.60
2.55
2.20
1.45
 	 1:1(1:1) 
384	17/11
17:00	 FC Dundee
Hibernian	
+0.25
-0.25
2.10
1.66
 
 	
2.5
1.80
1.90
3.80
3.60
1.85
1.85
1.21
1.19
1.0
1.5
1.95
1.90
1.75
1.80
 	 3:1(1:0)  
267	18/11
14:45	 Inverness CT
Motherwell	
0
0
1.75
1.96
  	
2.75
1.95
 	
1.76
 	
2.40
3.40
2.70
1.36
1.23
1.50
1.5
1.5
2.10
2.30
1.65
1.55
 	 1:5(0:2)
358	24/11
17:00	 Saint Mirren
FC Dundee	
-0.25
+0.25
1.55
2.29
 
 	
2.5
1.90
1.80
1.80
3.60
4.05
1.17
1.21
1.90
1.5
1.0
1.90
2.20
1.80
1.60
 	 3:1(1:0) 
212	09/12
14:45	 FC Dundee
Dundee United	
+0.75
-0.75
1.80
1.90
 
 	
2.5
1.95
1.76
4.90
3.50
1.70
2.03
1.22
1.11
1.0
1.5
2.60
1.85
1.44
1.85
 	 0:3(0:1) 
308	15/12
17:00	 Ross County
FC Dundee	
-0.25
+0.25
1.60
2.19
 
 	
2.5
1.95
1.76
1.85
3.50
3.90
1.18
1.22
1.85
1.5
1.0
1.95
2.20
1.75
1.60
 	 1:1(0:1)  
257	22/12
17:00	 Inverness CT
FC Dundee	
–1.0
+1.0
1.90
1.80
  	
2.75
1.75
 	
1.96
 	
1.50
4.30
5.50
1.10
1.20
2.12
1.5
1.0
1.55
2.30
2.30
1.55
 	 4:1(2:1)  
258	22/12
17:00	 Celtic
Ross County	
–2.0
+2.0
1.95
1.76
3.0
1.75
1.96
1.15
6.95
14.50
1.01
1.04
4.45
2.5
1.0
1.85
4.70
1.85
1.15
 	 4:0(0:0)  
259	23/12
14:45	 Kilmarnock
Hibernian	
-0.25
+0.25
1.85
1.85
 
 	
2.75
1.90
 	
1.80
 	
2.15
3.40
3.10
1.28
1.23
1.62
1.5
1.5
1.95
2.55
1.75
1.45
 	 1:1(1:1)  
260	23/12
18:30	 Hearts
Dundee United	
-0.25
+0.25
1.90
1.80
 
 	
2.25
1.75
 	
1.96
 	
2.25
3.20
3.10
1.28
1.26
1.56
1.5
1.5
2.30
2.95
1.55
1.35
 	 2:1(2:0)  
178	26/12
21:30	 FC Dundee
Celtic	
+1.75
-1.75
1.95
1.76
 
 	
3.0
1.70
2.03
13.00
6.00
1.20
3.90
1.07
1.01
1.0
2.5
4.40
1.90
1.17
1.80
 	 0:2(0:1)  
239	29/12
17:00	 FC Dundee
Aberdeen F.C.	
+0.25
-0.25
2.30
1.55
 
 	
2.25
1.80
 	
1.90
 	
4.30
3.40
1.80
1.90
1.23
1.15
1.0
1.5
2.55
2.00
1.45
1.70
 	 1:3(0:0)  
113	02/01
16:00	 Saint Johnstone
FC Dundee	
–1.0
+1.0
1.95
1.80
  	
2.5
1.95
1.80
1.55
3.90
6.20
1.11
1.25
2.40
1.5
1.0
1.72
2.90
2.05
1.38
 	 1:0(1:0)
338	19/01
17:00	 Kilmarnock
Dundee United	
0
0
2.00
1.72
  	
2.5
1.85
1.85
2.70
3.30
2.45
1.49
1.25
1.36
1.5
1.5
2.50
2.30
1.47
1.55
 	 2:3(1:1)  
339	19/01
17:00	 Hibernian
FC Dundee	
–1.0
+1.0
2.40
1.50
  	
2.5
1.95
1.76
1.75
3.70
4.60
1.13
1.20
1.96
1.5
1.0
1.85
2.50
1.85
1.47
 	 1:1(0:1)  
150	22/01
21:45	 Celtic
Dundee United	
-1.25
+1.25
1.75
1.96
 
 	
3.0
1.90
1.80
1.32
4.70
9.00
1.01
1.12
3.10
2.0
1.0
1.65
3.30
2.11
1.29
 	 4:0(2:0) 
224	27/01
17:00	 FC Dundee
Kilmarnock	
+0.25
-0.25
1.75
1.96
 
 	
2.5
1.85
1.85
2.95
3.25
2.30
1.54
1.25
1.31
1.5
1.5
2.65
2.20
1.42
1.60
 	 0:0(0:0)  
196	30/01
21:45	 Hearts
FC Dundee	
–1.0
+1.0
1.95
1.76
  	
2.25
1.85
 	
1.85
 	
1.45
4.00
7.00
1.04
1.17
2.60
1.5
1.0
1.75
4.00
1.96
1.20
 	 1:0(0:0)  
358	02/02
17:00	 Ross County
Hearts	
+0.25
-0.25
1.85
1.85
 
 	
2.25
1.80
 	
1.90
 	
3.10
3.30
2.20
1.60
1.25
1.28
1.5
1.5
2.85
2.55
1.37
1.45
 	 2:2(1:1) 
299	08/02
21:45	 FC Dundee
Ross County	
+0.25
-0.25
1.75
1.96
 
 	
2.25
1.95
 	
1.76
 	
3.10
3.10
2.30
1.54
1.28
1.28
1.5
1.5
3.20
2.50
1.30
1.47
 	 0:2(0:0)  
375	09/02
14:00	 Inverness CT
Celtic	
+0.75
-0.75
1.95
1.76
 
 	
3.0
1.95
1.76
5.00
3.90
1.60
2.20
1.18
1.10
1.0
1.5
2.00
1.55
1.72
2.30
 	 1:3(1:1)  
146	11/02
21:30	 Hibernian
Saint Johnstone	
+0.25
-0.25
1.70
2.03
 
 	
2.25
1.90
 	
1.80
 	
2.90
3.10
2.40
1.50
1.28
1.32
1.5
1.5
3.05
2.60
1.33
1.44
 	 1:3(0:2)  
212	13/02
21:45	 Inverness CT
Kilmarnock	
–1.0
+1.0
2.30
1.55
  	
2.75
1.80
 	
1.90
 	
1.75
3.80
4.10
1.16
1.19
1.96
1.5
1.0
1.65
1.80
2.11
1.90
 	 1:1(1:0)
257	15/02
21:45	 Aberdeen F.C.
FC Dundee	
–1.0
+1.0
1.80
1.90
  	
2.25
1.75
 	
1.96
 	
1.45
4.00
7.00
1.04
1.17
2.60
1.5
1.0
1.70
3.55
2.03
1.25
 	 1:0(1:0)  
227	24/02
14:45	 Celtic
FC Dundee	
-2.25
+2.25
1.90
1.80
 
 	
3.25
1.90
 	
1.80
 	
1.11
7.70
19.50
1.01
1.03
5.10
2.5
1.0
1.70
5.30
2.03
1.12
 	 5:0(1:0)
205	27/02
21:45	 FC Dundee
Saint Johnstone	
+0.75
-0.75
1.70
2.03
 
 	
2.25
1.90
 	
1.80
 	
4.30
3.40
1.85
1.90
1.30
1.20
1.0
1.5
2.50
2.10
1.50
1.70
 	 2:2(1:1)  
344	02/03
17:00	 Ross County
Inverness CT	
0
0
1.80
1.95
  	
2.25
1.75
 	
1.96
 	
2.55
3.30
2.75
1.45
1.32
1.50
1.0
1.0
1.65
1.70
2.20
2.10
 	 0:0(0:0)  
345	02/03
17:00	 Hearts
Motherwell	
0
0
1.75
2.00
  	
2.5
1.90
1.85
2.45
3.35
2.80
1.42
1.32
1.53
1.5
1.0
2.30
1.65
1.60
2.15
 	 1:2(0:2)  
208	06/03
21:45	 FC Dundee
Saint Mirren	
+0.25
-0.25
1.90
1.80
 
 	
2.5
1.95
1.80
3.30
3.40
2.15
1.70
1.30
1.32
1.0
1.5
1.87
2.15
1.87
1.65
 	 2:1(0:1)
364	09/03
17:00	 FC Dundee
Inverness CT	
+0.25
-0.25
2.15
1.63
 
 	
2.5
1.80
1.90
4.00
3.50
1.85
1.85
1.22
1.17
1.0
1.5
2.15
1.95
1.67
1.85
 	 1:1(1:0)  
225	17/03
14:00	 Dundee United
FC Dundee	
-0.75
+0.75
1.87
1.83
 
 	
2.5
1.80
1.95
1.70
3.75
4.80
1.17
1.27
2.15
1.5
1.0
1.75
2.25
2.00
1.60
 	 1:1(0:0) 
400	30/03
17:00	 FC Dundee
Motherwell	
+0.25
-0.25
2.40
1.50
 
 	
2.5
1.80
1.90
4.30
3.65
1.75
1.96
1.20
1.15
1.0
1.5
2.15
1.80
1.63
1.90
 	 0:3(0:1) 
242	06/04
17:00	 Kilmarnock
FC Dundee	
-0.75
+0.75
1.75
1.96
 
 	
2.5
1.85
1.90
1.60
3.80
5.50
1.13
1.25
2.25
1.5
1.0
1.72
2.50
2.05
1.50
 	 1:2(0:1)
362	06/04
17:00	 Kilmarnock
FC Dundee	
-0.75
+0.75
1.85
1.85
 
 	
2.5
1.85
1.85
1.65
3.65
5.10
1.13
1.27
2.11
1.5
1.5
1.72
3.75
2.00
1.23
 	 1:2(0:1)  
159	15/05
21:45	 Kilmarnock
Hibernian	
0
0
1.80
1.95
  	
2.5
1.87
1.87
2.50
3.30
2.75
1.42
1.32
1.50
1.5
1.0
2.35
1.65
1.57
2.20
 	 1:3(0:1)  