269	01/10
20:00	 Caen
Nice	
-0.25
+0.25
1.75
2.00
 
 	
2.0
1.75
1.96
2.10
3.10
3.65
1.24
1.37
1.67
1.5
1.0
2.35
2.20
1.52
1.60
 	 1:1(0:0)  
270	01/10
20:00	 Dijon
Ajaccio	
-0.25
+0.25
1.57
2.25
 
 	
2.25
1.95
 	
1.80
 	
1.85
3.20
4.55
1.16
1.33
1.90
1.5
1.0
2.10
2.40
1.65
1.50
 	 1:1(1:1)  
271	01/10
20:00	 Lorient
Valenciennes	
-0.25
+0.25
1.75
2.00
 
 	
2.0
1.75
1.96
2.05
3.05
3.85
1.22
1.35
1.70
1.5
1.0
2.25
2.20
1.57
1.60
 	 2:0(1:0)  
272	01/10
20:00	 Nancy
Evian	
-0.25
+0.25
1.95
1.80
 
 	
2.0
1.72
2.00
2.30
3.05
3.25
1.30
1.37
1.57
1.5
1.5
2.40
3.10
1.50
1.32
 	 1:1(0:0)  
273	01/10
20:00	 Saint-Etienne
Auxerre	
-0.25
+0.25
1.95
1.80
 
 	
2.0
1.72
2.00
2.30
3.05
3.25
1.30
1.37
1.57
1.5
1.5
2.40
3.10
1.50
1.32
 	 1:1(1:1)  
274	01/10
20:00	 Sochaux
Toulouse	
0
0
1.80
1.90
  	
2.25
1.90
 	
1.80
 	
2.60
3.05
2.75
1.40
1.37
1.45
1.5
1.5
2.55
2.85
1.45
1.37
 	 3:0(1:0)  
275	01/10
22:00	 Bordeaux
Montpellier	
-0.25
+0.25
1.75
2.00
 
 	
2.25
1.95
 	
1.80
 	
2.10
3.10
3.65
1.25
1.33
1.67
1.5
1.5
2.30
3.40
1.55
1.27
 	 2:2(1:0)  
276	02/10
18:00	 Lille
Rennes	
-0.75
+0.75
1.87
1.87
 
 	
2.5
1.90
1.80
1.65
3.55
5.35
1.12
1.27
2.15
1.5
1.5
1.75
3.75
1.96
1.23
 	 2:0(2:0)  
277	02/10
18:00	 Marseille
Brest	
-1.25
+1.25
1.80
1.95
 
 	
2.5
1.80
1.90
1.35
4.40
9.50
1.03
1.18
3.00
1.5
1.0
1.47
3.20
2.50
1.30
 	 1:1(1:1)  
278	02/10
22:00	 Paris Saint-Germain
Lyon	
-0.25
+0.25
1.77
1.95
 
 	
2.5
1.95
1.80
2.10
3.25
3.45
1.27
1.32
1.67
1.5
1.5
2.05
2.85
1.70
1.37
 	 2:0(0:0)  
290	15/10
20:00	 Auxerre
Lille	
0
0
1.95
1.80
  	
2.0
1.75
1.96
2.85
2.95
2.60
1.45
1.38
1.38
1.5
1.5
2.95
2.65
1.35
1.42
 	 1:3(1:0)  
291	15/10
20:00	 Brest
Caen	
-0.25
+0.25
1.80
1.95
 
 	
2.25
2.00
 	
1.75
 	
2.15
2.95
3.70
1.24
1.38
1.65
1.5
1.5
2.40
3.40
1.50
1.27
 	 1:1(1:0)  
292	15/10
20:00	 Evian
Saint-Etienne	
0
0
1.75
2.00
  	
2.25
1.90
 	
1.85
 	
2.55
2.95
2.95
1.35
1.37
1.45
1.5
1.5
2.50
2.95
1.47
1.35
 	 1:2(0:0)  
293	15/10
20:00	 Lyon
Nancy	
-1.25
+1.25
1.85
1.90
 
 	
2.5
1.87
1.87
1.32
4.65
9.50
1.03
1.17
3.10
1.5
1.0
1.52
3.55
2.35
1.25
 	 3:1(3:0)  
294	15/10
20:00	 Montpellier
Dijon	
–1.0
+1.0
1.85
1.90
  	
2.25
1.80
 	
1.95
 	
1.45
3.90
7.85
1.05
1.23
2.55
1.5
1.0
1.70
3.40
2.03
1.27
 	 5:3(1:2)  
295	15/10
20:00	 Toulouse
Marseille	
0
0
1.95
1.76
  	
2.25
2.00
 	
1.75
 	
2.95
2.95
2.55
1.45
1.37
1.35
1.5
1.5
2.95
2.55
1.35
1.45
 	 0:0(0:0)  
296	15/10
22:00	 Nice
Bordeaux	
0
0
1.90
1.85
  	
2.25
2.05
 	
1.70
 	
2.80
2.90
2.70
1.42
1.38
1.40
1.5
1.5
2.95
2.65
1.35
1.42
 	 3:0(2:0)  
297	16/10
18:00	 Ajaccio
Paris Saint-Germain	
+1.0
–1.0
1.80
1.95
  	
2.5
1.87
1.87
6.45
3.70
1.55
2.35
1.25
1.08
1.0
1.5
2.50
1.67
1.47
2.07
 	 1:3(1:1)  
298	16/10
18:00	 Valenciennes
Sochaux	
-0.25
+0.25
1.65
2.15
 
 	
2.25
1.75
 	
2.00
 	
1.95
3.20
4.05
1.20
1.33
1.80
1.5
1.5
2.10
3.40
1.65
1.27
 	 3:0(1:0)  
299	16/10
22:00	 Rennes
Lorient	
-0.25
+0.25
1.65
2.15
 
 	
2.25
1.90
 	
1.85
 	
1.95
3.20
4.05
1.20
1.33
1.80
1.5
1.5
2.10
3.55
1.65
1.25
 	 2:0(1:0) 
307	22/10
20:00	 Bordeaux
Brest	
-0.75
+0.75
2.00
1.75
 
 	
2.25
2.00
 	
1.75
 	
1.72
3.40
5.10
1.13
1.30
2.03
1.5
1.0
1.95
2.65
1.76
1.42
 	 1:1(0:0)  
308	22/10
20:00	 Caen
Montpellier	
0
0
1.85
1.90
  	
2.25
1.87
 	
1.87
 	
2.65
3.00
2.75
1.40
1.37
1.42
1.5
1.5
2.73
2.65
1.40
1.42
 	 1:3(0:2)  
309	22/10
20:00	 Marseille
Ajaccio	
–1.5
+1.5
1.75
1.96
  	
2.75
1.87
 	
1.87
 	
1.25
5.35
11.50
1.01
1.13
3.60
2.0
1.0
1.70
4.05
2.03
1.20
 	 2:0(1:0)  
310	22/10
20:00	 Nancy
Nice	
-0.25
+0.25
1.95
1.80
 
 	
2.0
1.90
1.80
2.35
2.95
3.25
1.30
1.38
1.55
1.5
1.5
2.55
3.20
1.45
1.30
 	 1:0(0:0)  
311	22/10
20:00	 Saint-Etienne
Valenciennes	
-0.25
+0.25
1.85
1.90
 
 	
2.25
1.95
 	
1.80
 	
2.15
3.15
3.45
1.27
1.35
1.65
1.5
1.0
2.25
2.15
1.57
1.63
 	 1:0(0:0)  
312	22/10
20:00	 Sochaux
Evian	
-0.25
+0.25
1.60
2.25
 
 	
2.5
1.87
1.87
1.90
3.20
4.25
1.21
1.33
1.85
1.5
1.5
1.90
3.20
1.80
1.30
 	 1:1(0:0)  
313	22/10
22:00	 Lorient
Toulouse	
-0.25
+0.25
1.70
2.05
 
 	
2.0
1.80
1.90
2.00
3.05
4.05
1.20
1.35
1.75
1.5
1.5
2.20
3.40
1.60
1.27
 	 0:0(0:0)  
314	23/10
18:00	 Auxerre
Rennes	
-0.25
+0.25
2.00
1.75
 
 	
2.25
1.80
 	
1.95
 	
2.45
3.05
2.95
1.35
1.37
1.50
1.5
1.5
2.40
2.75
1.50
1.40
 	 0:1(0:0)  
315	23/10
18:00	 Paris Saint-Germain
Dijon	
-1.75
+1.75
1.85
1.85
 
 	
2.75
1.85
 	
1.90
 	
1.20
5.75
15.00
1.01
1.11
4.25
2.5
1.0
2.20
4.25
1.60
1.18
 	 2:0(1:0)  
316	23/10
22:00	 Lille
Lyon	
-0.25
+0.25
1.87
1.87
 
 	
2.5
1.95
1.80
2.25
3.10
3.25
1.30
1.33
1.60
1.5
1.5
2.20
2.75
1.60
1.40
 	 3:1(1:1)  
311	29/10
20:00	 Ajaccio
Bordeaux	
+0.25
-0.25
2.05
1.70
 
 	
2.25
1.75
 	
2.00
 	
3.95
3.15
2.00
1.75
1.37
1.21
1.5
1.5
3.40
2.15
1.27
1.63
 	 0:2(0:2)  
312	29/10
20:00	 Brest
Lorient	
0
0
1.70
2.05
  	
2.0
1.90
1.80
2.55
2.85
3.05
1.38
1.38
1.45
1.5
1.5
2.73
2.85
1.40
1.37
 	 3:1(3:0)  
313	29/10
20:00	 Dijon
Marseille	
+0.75
-0.75
1.75
1.96
 
 	
2.25
1.80
 	
1.95
 	
4.75
3.25
1.80
1.95
1.32
1.15
1.0
1.5
2.30
1.96
1.55
1.75
 	 2:3(0:2)  
314	29/10
20:00	 Evian
Auxerre	
-0.25
+0.25
1.95
1.80
 
 	
2.25
1.87
 	
1.87
 	
2.35
3.05
3.15
1.32
1.37
1.55
1.5
1.5
2.50
2.95
1.47
1.35
 	 3:1(2:0)  
315	29/10
20:00	 Montpellier
Nancy	
-0.75
+0.75
1.75
2.00
 
 	
2.25
1.77
 	
1.97
 	
1.55
3.70
6.30
1.09
1.24
2.35
1.5
1.0
1.70
2.85
2.03
1.37
 	 2:0(0:0)  
316	29/10
20:00	 Paris Saint-Germain
Caen	
-1.25
+1.25
1.85
1.90
 
 	
2.75
1.95
 	
1.80
 	
1.30
4.75
10.50
1.03
1.16
3.25
1.5
1.0
1.47
3.10
2.50
1.32
 	 4:2(1:1)  
317	29/10
22:00	 Lyon
Saint-Etienne	
-0.75
+0.75
1.90
1.85
 
 	
2.5
1.90
1.80
1.65
3.50
5.55
1.11
1.27
2.15
1.5
1.0
1.75
2.55
1.96
1.45
 	 2:0(0:0)  
318	30/10
18:00	 Nice
Sochaux	
-0.25
+0.25
1.80
1.95
 
 	
2.25
1.87
 	
1.87
 	
2.10
3.05
3.70
1.24
1.35
1.67
1.5
1.0
2.15
2.07
1.63
1.67
 	 1:1(1:1)  
319	30/10
18:00	 Toulouse
Rennes	
0
0
1.72
2.00
  	
2.0
1.75
1.96
2.50
2.95
3.00
1.35
1.38
1.47
1.5
1.5
2.65
2.85
1.42
1.37
 	 1:0(1:0)  
320	30/10
22:00	 Valenciennes
Lille	
+0.25
-0.25
1.87
1.87
 
 	
2.25
1.85
 	
1.90
 	
3.45
3.05
2.20
1.63
1.35
1.27
1.5
1.5
2.95
2.30
1.35
1.55
 	 0:0(0:0)
291	05/11
22:00	 Lille
Evian	
–1.5
+1.5
1.95
1.80
  	
2.75
1.95
 	
1.80
 	
1.30
4.75
10.50
1.02
1.16
3.25
1.5
1.0
1.42
3.10
2.65
1.32
 	 1:1(0:1)  
292	06/11
19:30	 Auxerre
Toulouse	
-0.25
+0.25
2.00
1.75
 
 	
2.0
1.75
1.96
2.40
2.90
3.20
1.30
1.38
1.55
1.5
1.5
2.50
3.10
1.47
1.32
 	 2:0(0:0)  
293	06/11
18:00	 Caen
Dijon	
-0.75
+0.75
2.00
1.75
 
 	
2.25
1.87
 	
1.87
 	
1.78
3.25
4.90
1.15
1.32
1.97
1.5
1.0
1.95
2.10
1.76
1.65
 	 3:0(1:0)  
294	06/11
18:00	 Lorient
Ajaccio	
-1.25
+1.25
2.00
1.75
 
 	
2.25
1.80
 	
1.95
 	
1.45
3.90
7.90
1.05
1.23
2.55
1.5
1.0
1.70
3.20
2.03
1.30
 	 2:0(0:0)  
295	06/11
18:00	 Marseille
Nice	
-1.25
+1.25
1.95
1.80
 
 	
2.5
1.87
1.87
1.40
4.25
8.00
1.05
1.20
2.75
1.5
1.0
1.55
3.05
2.30
1.33
 	 2:0(0:0)  
296	06/11
18:00	 Nancy
Brest	
-0.25
+0.25
1.95
1.80
 
 	
2.0
1.90
1.80
2.30
2.85
3.45
1.28
1.40
1.57
1.5
1.5
2.55
3.20
1.45
1.30
 	 2:1(0:0)  
297	06/11
18:00	 Rennes
Valenciennes	
-0.75
+0.75
1.95
1.80
 
 	
2.25
1.90
 	
1.85
 	
1.70
3.40
5.20
1.13
1.30
2.05
1.5
1.0
1.85
2.65
1.85
1.42
 	 1:1(1:1)  
298	06/11
18:00	 Saint-Etienne
Montpellier	
-0.25
+0.25
2.00
1.75
 
 	
2.25
1.87
 	
1.87
 	
2.45
3.05
2.95
1.35
1.37
1.50
1.5
1.5
2.50
2.85
1.47
1.37
 	 1:1(1:0)  
299	06/11
18:00	 Sochaux
Lyon	
+0.25
-0.25
1.95
1.80
 
 	
2.5
1.90
1.85
3.75
3.15
2.05
1.70
1.33
1.23
1.5
1.5
2.85
2.00
1.37
1.72
 	 2:1(2:1)  
300	06/11
22:00	 Bordeaux
Paris Saint-Germain	
+0.25
-0.25
1.80
1.95
 
 	
2.25
1.80
 	
1.95
 	
3.35
2.95
2.30
1.57
1.37
1.28
1.5
1.5
2.85
2.30
1.37
1.55
 	 1:1(1:1)  
195	18/11
21:00	 Lyon
Rennes	
-0.75
+0.75
2.10
1.67
 
 	
2.25
1.85
 	
1.90
 	
1.80
3.25
4.75
1.15
1.32
1.95
1.5
1.0
1.95
2.40
1.76
1.50
 	 1:2(1:1)  
196	18/11
21:00	 Toulouse
Lille	
+0.25
-0.25
1.80
1.95
 
 	
2.0
1.85
1.85
3.25
2.95
2.35
1.55
1.37
1.30
1.5
1.5
3.05
2.55
1.33
1.45
 	 0:0(0:0)  
197	19/11
20:00	 Ajaccio
Caen	
+0.25
-0.25
1.80
1.95
 
 	
2.25
1.87
 	
1.87
 	
3.25
3.00
2.35
1.55
1.37
1.32
1.5
1.5
2.95
2.40
1.35
1.50
 	 2:2(0:0)  
198	19/11
20:00	 Dijon
Bordeaux	
+0.25
-0.25
1.75
2.00
 
 	
2.25
1.95
 	
1.80
 	
3.05
3.05
2.40
1.52
1.37
1.33
1.5
1.5
3.10
2.50
1.32
1.47
 	 2:0(0:0)  
200	19/11
20:00	 Nice
Saint-Etienne	
-0.25
+0.25
1.95
1.80
 
 	
2.0
1.75
1.96
2.35
2.90
3.30
1.30
1.39
1.55
1.5
1.5
2.65
3.05
1.42
1.33
 	 0:2(0:2)  
201	19/11
22:00	 Montpellier
Marseille	
0
0
1.90
1.80
  	
2.25
1.80
 	
1.95
 	
2.75
3.00
2.65
1.42
1.37
1.40
1.5
1.5
2.65
2.55
1.42
1.45
 	 1:0(0:0)  
202	20/11
18:00	 Brest
Sochaux	
-0.25
+0.25
1.85
1.90
 
 	
2.25
1.90
 	
1.85
 	
2.20
2.95
3.55
1.25
1.38
1.63
1.5
1.5
2.30
3.40
1.55
1.27
 	 2:0(0:0)  
203	20/11
18:00	 Valenciennes
Auxerre	
-0.25
+0.25
1.85
1.90
 
 	
2.0
1.72
2.00
2.20
2.90
3.65
1.25
1.38
1.63
1.5
1.5
2.40
3.40
1.50
1.27
 	 2:1(0:1)  
204	20/11
22:00	 Paris Saint-Germain
Nancy	
–1.5
+1.5
1.90
1.80
  	
2.5
1.80
1.95
1.27
5.00
11.50
1.02
1.14
3.45
1.5
1.0
1.42
3.55
2.65
1.25
 	 0:1(0:0)
272	26/11
20:00	 Bordeaux
Caen	
-0.75
+0.75
1.80
1.95
 
 	
2.25
1.75
 	
2.00
 	
1.65
3.30
6.10
1.10
1.30
2.15
1.5
1.0
1.85
2.50
1.85
1.47
 	 2:0(0:0)  
273	26/11
20:00	 Nancy
Dijon	
-0.75
+0.75
2.25
1.60
 
 	
2.25
1.90
 	
1.85
 	
1.95
3.10
4.20
1.19
1.33
1.80
1.5
1.0
2.10
2.50
1.65
1.47
 	 1:2(1:1)  
274	26/11
20:00	 Rennes
Evian	
-0.75
+0.75
1.75
2.00
 
 	
2.25
1.80
 	
1.95
 	
1.57
3.55
6.45
1.08
1.27
2.30
1.5
1.0
1.75
2.85
1.96
1.37
 	 3:2(1:2)  
275	26/11
20:00	 Saint-Etienne
Ajaccio	
-1.25
+1.25
2.00
1.75
 
 	
2.25
1.75
 	
2.00
 	
1.45
4.00
7.50
1.06
1.22
2.60
1.5
1.0
1.65
3.10
2.10
1.32
 	 3:1(2:0)  
276	26/11
20:00	 Sochaux
Montpellier	
+0.25
-0.25
1.75
2.00
 
 	
2.25
1.95
 	
1.80
 	
3.05
3.05
2.40
1.52
1.37
1.33
1.5
1.5
2.95
2.40
1.35
1.50
 	 1:3(0:0)  
277	26/11
20:00	 Toulouse
Valenciennes	
-0.25
+0.25
1.87
1.87
 
 	
2.0
2.10
1.67
2.25
2.95
3.45
1.27
1.38
1.60
1.5
1.0
2.55
2.40
1.45
1.50
 	 2:0(1:0)  
278	26/11
22:00	 Lille
Brest	
–1.0
+1.0
1.75
1.96
  	
2.5
1.95
1.80
1.42
4.10
7.90
1.05
1.22
2.65
1.5
1.0
1.65
3.40
2.10
1.27
 	 2:0(1:0)  
279	27/11
18:00	 Auxerre
Lyon	
+0.25
-0.25
1.80
1.95
 
 	
2.25
1.85
 	
1.90
 	
3.20
3.05
2.30
1.57
1.37
1.30
1.5
1.5
3.05
2.30
1.33
1.55
 	 0:3(0:1)  
280	27/11
18:00	 Lorient
Nice	
-0.75
+0.75
1.80
1.95
 
 	
2.25
2.00
 	
1.75
 	
1.60
3.45
6.30
1.09
1.28
2.25
1.5
1.0
1.90
2.85
1.80
1.37
 	 1:0(0:0)  
281	27/11
22:00	 Marseille
Paris Saint-Germain	
-0.25
+0.25
1.90
1.85
 
 	
2.25
1.80
 	
1.95
 	
2.25
3.10
3.25
1.30
1.35
1.60
1.5
1.5
2.20
2.85
1.60
1.37
 	 3:0(1:0)  
159	02/12
21:00	 Caen
Marseille	
+0.25
-0.25
2.15
1.65
 
 	
2.5
1.95
1.80
4.20
3.10
1.95
1.80
1.33
1.19
1.0
1.5
2.15
2.00
1.63
1.72
 	 1:2(1:1)  
160	03/12
20:00	 Ajaccio
Lille	
+1.0
–1.0
1.85
1.90
  	
2.5
1.85
1.85
6.85
3.75
1.52
2.40
1.25
1.08
1.0
1.5
2.65
1.70
1.42
2.03
 	 2:3(2:2)  
161	03/12
20:00	 Brest
Saint-Etienne	
-0.25
+0.25
2.00
1.75
 
 	
2.0
1.90
1.80
2.45
2.90
3.15
1.33
1.37
1.50
1.5
1.5
2.65
3.20
1.42
1.30
 	 2:2(2:1)  
162	03/12
20:00	 Dijon
Sochaux	
-0.25
+0.25
1.87
1.87
 
 	
2.25
1.75
 	
2.00
 	
2.20
3.05
3.45
1.27
1.35
1.63
1.5
1.5
2.20
2.95
1.60
1.35
 	 0:0(0:0)  
163	03/12
20:00	 Evian
Valenciennes	
-0.25
+0.25
1.90
1.85
 
 	
2.25
1.90
 	
1.85
 	
2.25
3.00
3.40
1.27
1.38
1.60
1.5
1.5
2.40
3.05
1.50
1.33
 	 2:1(2:0)  
164	03/12
20:00	 Montpellier
Lorient	
-0.75
+0.75
2.00
1.75
 
 	
2.25
1.80
 	
1.95
 	
1.78
3.35
4.75
1.15
1.30
1.95
1.5
1.5
1.85
3.55
1.85
1.25
 	 4:0(1:0)  
165	03/12
22:00	 Nice
Rennes	
+0.25
-0.25
1.75
2.00
 
 	
2.25
2.00
 	
1.75
 	
3.15
2.95
2.40
1.52
1.38
1.32
1.5
1.5
3.10
2.50
1.32
1.47
 	 2:0(2:0)  
166	04/12
18:00	 Bordeaux
Nancy	
-0.75
+0.75
1.85
1.90
 
 	
2.25
2.00
 	
1.75
 	
1.65
3.30
6.10
1.10
1.30
2.15
1.5
1.0
1.90
2.85
1.80
1.37
 	 2:0(1:0)  
167	04/12
18:00	 Paris Saint-Germain
Auxerre	
-1.25
+1.25
2.00
1.75
 
 	
2.5
1.90
1.85
1.42
4.00
8.40
1.05
1.20
2.70
1.5
1.0
1.55
3.40
2.30
1.27
 	 3:2(0:0)  
168	04/12
22:00	 Lyon
Toulouse	
-0.75
+0.75
1.87
1.87
 
 	
2.25
1.87
 	
1.87
 	
1.67
3.40
5.55
1.11
1.30
2.15
1.5
1.0
1.85
2.95
1.85
1.35
 	 3:2(1:0) 
296	10/12
20:00	 Nancy
Ajaccio	
-0.75
+0.75
1.85
1.90
 
 	
2.25
1.90
 	
1.85
 	
1.63
3.40
6.10
1.10
1.30
2.20
1.5
1.0
1.80
2.75
1.90
1.40
 	 2:2(1:1)  
297	10/12
20:00	 Rennes
Brest	
-0.75
+0.75
1.80
1.95
 
 	
2.25
1.95
 	
1.80
 	
1.60
3.55
6.10
1.09
1.28
2.25
1.5
1.0
1.85
2.85
1.85
1.37
 	 1:1(1:1)  
298	10/12
20:00	 Saint-Etienne
Caen	
-0.25
+0.25
1.57
2.30
 
 	
2.25
1.80
 	
1.95
 	
1.83
3.15
4.75
1.15
1.33
1.90
1.5
1.0
1.95
2.40
1.76
1.50
 	 2:0(1:0)  
299	10/12
20:00	 Sochaux
Paris Saint-Germain	
+0.25
-0.25
2.35
1.55
 
 	
2.5
1.90
1.85
4.75
3.25
1.80
1.95
1.33
1.15
1.5
1.5
3.40
1.80
1.27
1.90
 	 0:1(0:1)  
300	10/12
20:00	 Toulouse
Evian	
-0.75
+0.75
1.90
1.85
 
 	
2.0
1.72
2.00
1.70
3.25
5.65
1.11
1.30
2.05
1.5
1.0
1.95
2.73
1.76
1.40
 	 2:1(1:0)  
301	10/12
20:00	 Valenciennes
Montpellier	
0
0
1.75
2.00
  	
2.0
1.72
2.03
2.60
2.90
2.90
1.37
1.38
1.45
1.5
1.5
2.65
2.85
1.42
1.37
 	 1:0(0:0)  
302	10/12
22:00	 Marseille
Bordeaux	
-0.75
+0.75
1.87
1.87
 
 	
2.25
1.80
 	
1.95
 	
1.67
3.40
5.55
1.12
1.30
2.12
1.5
1.0
1.75
2.50
1.96
1.47
 	 0:0(0:0)  
303	11/12
18:00	 Auxerre
Nice	
-0.25
+0.25
1.60
2.25
 
 	
2.25
2.00
 	
1.75
 	
1.90
3.05
4.55
1.17
1.33
1.85
1.5
1.0
2.15
2.40
1.63
1.50
 	 2:1(1:1)  
304	11/12
18:00	 Lille
Dijon	
–1.5
+1.5
1.85
1.85
  	
2.5
1.80
1.95
1.25
5.25
12.00
1.01
1.13
3.55
1.5
1.0
1.40
4.00
2.73
1.20
 	 2:0(1:0)  
305	11/12
22:00	 Lorient
Lyon	
+0.25
-0.25
1.75
2.00
 
 	
2.25
1.90
 	
1.85
 	
3.10
3.00
2.40
1.55
1.37
1.32
1.5
1.5
3.05
2.40
1.33
1.50
 	 0:1(0:0)  
266	17/12
20:00	 Brest
Auxerre	
-0.25
+0.25
1.75
2.00
 
 	
2.0
1.80
1.90
2.10
2.85
4.05
1.20
1.39
1.67
1.5
1.5
2.30
3.40
1.55
1.27
 	 1:0(1:0)  
267	17/12
20:00	 Caen
Nancy	
-0.25
+0.25
1.75
2.00
 
 	
2.25
1.90
 	
1.85
 	
2.00
3.05
4.05
1.20
1.37
1.75
1.5
1.5
2.20
3.55
1.60
1.25
 	 1:2(0:1)  
268	17/12
20:00	 Dijon
Saint-Etienne	
+0.25
-0.25
1.75
2.00
 
 	
2.25
1.87
 	
1.87
 	
2.95
3.00
2.50
1.47
1.37
1.35
1.5
1.5
2.85
2.65
1.37
1.42
 	 1:2(0:1)  
269	17/12
20:00	 Marseille
Lorient	
–1.0
+1.0
1.80
1.95
  	
2.25
1.80
 	
1.95
 	
1.45
3.90
7.85
1.05
1.23
2.55
1.5
1.0
1.60
3.20
2.20
1.30
 	 2:1(0:0)  
270	17/12
20:00	 Montpellier
Toulouse	
-0.25
+0.25
1.67
2.10
 
 	
2.0
1.80
1.90
1.95
3.05
4.30
1.18
1.37
1.80
1.5
1.0
2.25
2.40
1.57
1.50
 	 1:1(1:1)  
271	17/12
20:00	 Nice
Valenciennes	
-0.25
+0.25
1.95
1.80
 
 	
2.0
1.95
1.76
2.30
2.90
3.40
1.28
1.38
1.57
1.5
1.5
2.55
3.20
1.45
1.30
 	 2:0(0:0)  
272	17/12
22:00	 Lyon
Evian	
-1.25
+1.25
1.95
1.80
 
 	
2.5
1.80
1.90
1.35
4.35
9.70
1.03
1.17
2.95
1.5
1.0
1.55
3.40
2.30
1.27
 	 2:1(1:1)  
273	18/12
18:00	 Ajaccio
Rennes	
+0.75
-0.75
1.80
1.95
 
 	
2.5
1.95
1.76
4.90
3.40
1.75
2.00
1.30
1.14
1.5
1.5
3.75
1.85
1.23
1.85
 	 1:0(0:0)  
274	18/12
18:00	 Bordeaux
Sochaux	
–1.0
+1.0
1.95
1.80
  	
2.25
1.80
 	
1.95
 	
1.52
3.60
7.25
1.06
1.27
2.40
1.5
1.0
1.70
2.85
2.03
1.37
 	 1:0(1:0)  
275	18/12
22:00	 Paris Saint-Germain
Lille	
-0.25
+0.25
1.80
1.95
 
 	
2.25
1.80
 	
1.95
 	
2.15
3.05
3.55
1.25
1.35
1.65
1.5
1.0
2.10
1.96
1.65
1.75
 	 0:0(0:0)  
113	20/12
22:00	 Nancy
Marseille	
+0.25
-0.25
2.20
1.63
 
 	
2.25
1.87
 	
1.87
 	
4.45
3.25
1.85
1.90
1.33
1.17
1.0
1.5
2.40
2.07
1.50
1.67
 	 1:3(1:2)  
114	21/12
20:00	 Auxerre
Dijon	
-0.75
+0.75
1.95
1.80
 
 	
2.25
1.80
 	
1.95
 	
1.75
3.30
5.10
1.13
1.32
2.00
1.5
1.5
1.85
3.75
1.85
1.23
 	 2:2(0:2)  
115	21/12
20:00	 Evian
Montpellier	
+0.25
-0.25
1.75
2.00
 
 	
2.25
1.85
 	
1.90
 	
2.95
3.05
2.45
1.50
1.37
1.35
1.5
1.5
2.95
2.40
1.35
1.50
 	 4:2(0:0)  
116	21/12
20:00	 Lille
Nice	
-1.25
+1.25
1.90
1.85
 
 	
2.25
1.75
 	
2.00
 	
1.35
4.20
10.50
1.03
1.20
2.95
1.5
1.0
1.60
3.40
2.20
1.27
 	 4:4(2:3)  
117	21/12
20:00	 Lorient
Caen	
-0.75
+0.75
2.00
1.75
 
 	
2.25
1.87
 	
1.87
 	
1.78
3.20
5.00
1.14
1.32
1.97
1.5
1.0
1.90
2.25
1.80
1.57
 	 0:0(0:0)  
118	21/12
20:00	 Rennes
Bordeaux	
-0.25
+0.25
1.75
2.00
 
 	
2.25
1.95
 	
1.80
 	
2.10
3.05
3.70
1.23
1.35
1.67
1.5
1.5
2.25
3.20
1.57
1.30
 	 1:0(0:0)  
119	21/12
20:00	 Sochaux
Ajaccio	
-0.75
+0.75
1.80
1.95
 
 	
2.5
1.90
1.80
1.60
3.50
6.10
1.10
1.28
2.25
1.5
1.0
1.75
2.73
1.96
1.40
 	 0:2(0:0)  
120	21/12
20:00	 Toulouse
Brest	
-0.75
+0.75
2.05
1.70
 
 	
2.0
1.85
1.85
1.80
3.10
5.10
1.14
1.35
1.95
1.5
1.0
2.10
2.75
1.65
1.40
 	 0:0(0:0)  
121	21/12
20:00	 Valenciennes
Lyon	
+0.25
-0.25
1.80
1.95
 
 	
2.25
1.90
 	
1.85
 	
3.20
3.00
2.35
1.55
1.37
1.30
1.5
1.5
3.05
2.40
1.33
1.50
 	 1:0(1:0)  
122	21/12
22:00	 Saint-Etienne
Paris Saint-Germain	
+0.25
-0.25
1.87
1.87
 
 	
2.25
1.90
 	
1.85
 	
3.55
3.00
2.20
1.65
1.37
1.25
1.5
1.5
3.40
2.30
1.27
1.55
 	 0:1(0:1)  
256	14/01
22:00	 Ajaccio
Auxerre	
0
0
1.80
1.90
  	
2.0
1.75
1.96
2.60
3.00
2.80
1.40
1.37
1.45
1.5
1.5
2.65
2.85
1.42
1.37
 	 2:1(2:1)  
257	14/01
22:00	 Bordeaux
Valenciennes	
-0.75
+0.75
2.15
1.65
 
 	
2.0
1.85
1.85
1.90
3.10
4.45
1.17
1.35
1.85
1.5
1.0
2.10
2.55
1.65
1.45
 	 2:1(2:0)  
258	14/01
22:00	 Brest
Nice	
-0.25
+0.25
1.75
2.00
 
 	
2.0
1.90
1.80
2.05
2.95
4.05
1.20
1.37
1.70
1.5
1.0
2.30
2.50
1.55
1.47
 	 1:0(1:0)  
259	14/01
22:00	 Caen
Rennes	
+0.25
-0.25
1.80
1.95
 
 	
2.25
1.90
 	
1.85
 	
3.25
3.05
2.30
1.57
1.37
1.30
1.5
1.5
3.10
2.40
1.32
1.50
 	 0:2(0:1)  
260	14/01
22:00	 Dijon
Evian	
0
0
1.75
2.00
  	
2.25
1.80
 	
1.95
 	
2.40
3.05
3.05
1.35
1.35
1.50
1.5
1.5
2.40
2.85
1.50
1.37
 	 3:1(1:0)  
261	14/01
22:00	 Montpellier
Lyon	
-0.25
+0.25
1.95
1.80
 
 	
2.25
1.80
 	
1.95
 	
2.35
3.00
3.20
1.32
1.38
1.55
1.5
1.5
2.40
2.95
1.50
1.35
 	 1:0(0:0)  
262	14/01
22:00	 Nancy
Lorient	
0
0
1.70
2.05
  	
2.0
1.85
1.85
2.55
2.85
3.05
1.33
1.40
1.47
1.5
1.5
2.65
3.05
1.42
1.33
 	 2:2(1:0)  
263	14/01
22:00	 Paris Saint-Germain
Toulouse	
–1.0
+1.0
2.05
1.70
  	
2.25
1.90
 	
1.85
 	
1.55
3.70
6.40
1.09
1.25
2.35
1.5
1.0
1.70
2.85
2.03
1.37
 	 3:1(1:0)  
264	14/01
22:00	 Saint-Etienne
Sochaux	
-0.75
+0.75
1.80
1.95
 
 	
2.5
1.95
1.80
1.63
3.40
6.10
1.10
1.30
2.20
1.5
1.0
1.70
2.73
2.03
1.40
 	 1:0(0:0)  
265	15/01
22:00	 Marseille
Lille	
-0.25
+0.25
1.80
1.95
 
 	
2.25
1.90
 	
1.85
 	
2.10
3.05
3.70
1.24
1.37
1.67
1.5
1.5
2.30
3.20
1.55
1.30
 	 2:0(0:0)  
274	28/01
20:00	 Auxerre
Nancy	
-0.25
+0.25
1.67
2.10
 
 	
2.0
1.75
2.00
1.95
3.05
4.30
1.18
1.35
1.80
1.5
1.5
2.15
3.40
1.63
1.27
 	 1:3(0:0)  
275	28/01
20:00	 Brest
Paris Saint-Germain	
+0.25
-0.25
2.00
1.75
 
 	
2.0
1.75
2.00
4.05
3.00
2.05
1.70
1.37
1.20
1.5
1.5
3.40
2.15
1.27
1.63
 	 0:1(0:1)  
276	28/01
20:00	 Lorient
Sochaux	
-0.75
+0.75
1.75
2.00
 
 	
2.25
1.85
 	
1.90
 	
1.57
3.55
6.45
1.08
1.27
2.30
1.5
1.0
1.80
2.95
1.90
1.35
 	 1:1(0:0)  
277	28/01
20:00	 Lyon
Dijon	
-1.25
+1.25
1.90
1.85
 
 	
2.75
1.90
 	
1.85
 	
1.35
4.45
9.30
1.03
1.18
3.00
2.0
1.0
1.95
3.20
1.76
1.30
 	 3:1(1:0)  
278	28/01
20:00	 Nice
Montpellier	
0
0
2.00
1.75
  	
2.25
2.00
 	
1.75
 	
2.95
3.00
2.50
1.47
1.37
1.35
1.5
1.5
2.95
2.65
1.35
1.42
 	 0:1(0:0)  
279	28/01
20:00	 Toulouse
Caen	
-0.75
+0.75
1.95
1.80
 
 	
2.25
1.95
 	
1.80
 	
1.70
3.30
5.50
1.12
1.30
2.05
1.5
1.5
2.00
4.25
1.72
1.18
 	 1:0(1:0)  
280	28/01
22:00	 Lille
Saint-Etienne	
-0.75
+0.75
1.75
2.00
 
 	
2.25
1.80
 	
1.95
 	
1.57
3.55
6.45
1.08
1.27
2.30
1.5
1.0
1.72
2.85
2.00
1.37
 	 3:0(0:0)  
281	29/01
18:00	 Evian
Bordeaux	
0
0
1.90
1.85
  	
2.25
1.95
 	
1.80
 	
2.80
2.95
2.65
1.42
1.38
1.40
1.5
1.5
2.75
2.65
1.40
1.42
 	 0:0(0:0)  
282	29/01
18:00	 Valenciennes
Ajaccio	
–1.0
+1.0
1.95
1.76
  	
2.25
1.80
 	
1.95
 	
1.55
3.65
6.55
1.08
1.25
2.35
1.5
1.0
1.72
2.85
2.00
1.37
 	 1:2(0:1)  
283	29/01
22:00	 Rennes
Marseille	
0
0
1.95
1.80
  	
2.25
2.00
 	
1.75
 	
2.95
2.95
2.55
1.45
1.38
1.35
1.5
1.5
2.85
2.55
1.37
1.45
 	 1:2(1:1)  
269	04/02
20:00	 Ajaccio
Nice	
0
0
2.00
1.72
  	
2.0
1.85
1.85
2.95
2.95
2.55
1.45
1.38
1.35
1.5
1.5
2.85
2.73
1.37
1.40
 	 1:1(0:0)  
270	04/02
16:00	 Dijon
Valenciennes	
0
0
1.87
1.87
  	
2.25
1.87
 	
1.87
 	
2.70
3.00
2.70
1.42
1.37
1.42
1.5
1.5
2.65
2.65
1.42
1.42
 	 1:2(0:2)  
271	04/02
20:00	 Montpellier
Brest	
–1.0
+1.0
1.95
1.80
  	
2.25
2.00
 	
1.75
 	
1.52
3.65
7.10
1.07
1.26
2.40
1.5
1.0
1.75
2.85
1.96
1.37
 	 1:0(1:0)  
272	04/02
16:00	 Nancy
Rennes	
+0.25
-0.25
1.80
1.95
 
 	
2.25
1.95
 	
1.80
 	
3.15
3.00
2.35
1.55
1.37
1.32
1.5
1.5
3.10
2.40
1.32
1.50
 	 0:0(0:0)  
273	04/02
20:00	 Paris Saint-Germain
Evian	
-1.25
+1.25
1.75
2.00
 
 	
2.75
2.00
 	
1.75
 	
1.27
4.75
12.00
1.02
1.16
3.45
2.0
1.0
1.85
3.40
1.85
1.27
 	 3:1(0:1)  
274	04/02
16:00	 Saint-Etienne
Lorient	
-0.25
+0.25
1.80
1.95
 
 	
2.25
1.95
 	
1.80
 	
2.20
2.95
3.55
1.25
1.38
1.63
1.5
1.5
2.30
3.40
1.55
1.27
 	 cancelled  
275	04/02
22:00	 Bordeaux
Toulouse	
-0.25
+0.25
1.75
1.96
 
 	
2.0
2.00
1.72
2.10
2.95
3.85
1.22
1.37
1.67
1.5
1.0
2.40
2.30
1.50
1.55
 	 2:0(2:0)  
276	05/02
18:00	 Caen
Auxerre	
-0.25
+0.25
1.90
1.85
 
 	
2.25
1.90
 	
1.85
 	
2.25
3.00
3.40
1.27
1.38
1.60
1.5
1.5
2.40
3.05
1.50
1.33
 	 cancelled  
277	05/02
18:00	 Sochaux
Lille	
+0.75
-0.75
1.80
1.95
 
 	
2.25
1.85
 	
1.90
 	
5.10
3.25
1.75
2.00
1.32
1.14
1.5
1.5
3.55
1.95
1.25
1.76
 	 cancelled  
278	05/02
22:00	 Marseille
Lyon	
-0.25
+0.25
1.67
2.10
 
 	
2.25
1.87
 	
1.87
 	
1.95
3.10
4.20
1.20
1.32
1.80
1.5
1.5
2.10
3.35
1.65
1.28
 	 2:2(2:2)
268	11/02
16:00	 Auxerre
Lorient	
-0.25
+0.25
2.00
1.75
 
 	
2.0
1.75
1.96
2.40
3.00
3.10
1.32
1.37
1.52
1.5
1.5
2.40
3.10
1.50
1.32
 	 1:1(1:0)  
269	11/02
16:00	 Lyon
Caen	
-1.25
+1.25
1.90
1.85
 
 	
2.75
1.85
 	
1.90
 	
1.37
4.30
9.10
1.04
1.20
2.90
2.0
1.0
1.80
3.20
1.90
1.30
 	 1:2(0:1)  
270	11/02
16:00	 Montpellier
Ajaccio	
-1.25
+1.25
1.75
2.00
 
 	
2.5
1.85
1.90
1.30
4.75
10.50
1.02
1.16
3.25
2.0
1.0
1.95
3.40
1.76
1.27
 	 3:0(0:0)  
271	11/02
16:00	 Valenciennes
Nancy	
-0.75
+0.75
2.00
1.75
 
 	
2.25
1.95
 	
1.80
 	
1.80
3.25
4.75
1.15
1.32
1.95
1.5
1.0
2.00
2.55
1.72
1.45
 	 1:0(0:0)  
272	11/02
20:00	 Brest
Dijon	
-0.25
+0.25
1.67
2.12
 
 	
2.25
2.00
 	
1.75
 	
1.95
3.10
4.20
1.20
1.33
1.80
1.5
1.5
2.15
3.55
1.63
1.25
 	 1:1(0:0)  
273	11/02
19:00	 Rennes
Sochaux	
-1.25
+1.25
1.85
1.90
 
 	
2.5
1.80
1.90
1.37
4.25
9.10
1.04
1.20
2.90
1.5
1.0
1.50
3.40
2.40
1.27
 	 1:0(1:0)  
274	12/02
16:00	 Lille
Bordeaux	
-0.75
+0.75
1.87
1.87
 
 	
2.25
1.85
 	
1.90
 	
1.65
3.50
5.55
1.11
1.27
2.15
1.5
1.0
1.85
2.65
1.85
1.42
 	 4:5(1:2)  
275	12/02
18:00	 Nice
Paris Saint-Germain	
+0.25
-0.25
2.20
1.63
 
 	
2.25
1.95
 	
1.80
 	
4.40
3.15
1.90
1.85
1.33
1.17
1.0
1.5
2.30
2.07
1.55
1.67
 	 0:0(0:0)  
276	12/02
22:00	 Toulouse
Saint-Etienne	
-0.25
+0.25
1.75
2.00
 
 	
2.0
1.85
1.85
2.10
3.00
3.85
1.23
1.37
1.67
1.5
1.5
2.40
3.55
1.50
1.25
 	 0:1(0:0)  
235	18/02
20:00	 Ajaccio
Brest	
-0.25
+0.25
1.90
1.85
 
 	
2.0
1.80
1.90
2.35
2.90
3.30
1.30
1.38
1.57
1.5
1.5
2.65
2.85
1.42
1.37
 	 0:0(0:0)  
236	18/02
20:00	 Caen
Evian	
-0.25
+0.25
1.70
2.05
 
 	
2.25
1.80
 	
1.95
 	
2.05
3.10
3.85
1.22
1.35
1.70
1.5
1.5
2.15
3.40
1.63
1.27
 	 2:2(1:0)  
237	18/02
20:00	 Dijon
Nice	
0
0
1.72
2.00
  	
2.25
1.95
 	
1.80
 	
2.50
2.95
3.00
1.35
1.38
1.47
1.5
1.5
2.65
2.85
1.42
1.37
 	 3:0(1:0)  
238	18/02
20:00	 Lorient
Lille	
+0.25
-0.25
1.85
1.90
 
 	
2.25
1.90
 	
1.85
 	
3.40
3.00
2.25
1.60
1.37
1.27
1.5
1.5
3.10
2.30
1.32
1.55
 	 0:1(0:0)  
239	18/02
20:00	 Nancy
Toulouse	
-0.25
+0.25
1.95
1.80
 
 	
2.0
1.90
1.80
2.40
2.90
3.20
1.32
1.38
1.52
1.5
1.5
2.65
3.10
1.42
1.32
 	 0:3(0:2)  
240	18/02
20:00	 Sochaux
Auxerre	
-0.25
+0.25
2.05
1.70
 
 	
2.25
1.95
 	
1.80
 	
2.40
3.05
3.05
1.33
1.35
1.52
1.5
1.5
2.40
2.95
1.50
1.35
 	 0:0(0:0)  
241	18/02
22:00	 Marseille
Valenciennes	
–1.0
+1.0
2.05
1.70
  	
2.25
1.75
 	
2.00
 	
1.55
3.65
6.45
1.08
1.27
2.30
1.5
1.0
1.72
2.85
2.00
1.37
 	 1:1(1:0)  
242	19/02
18:00	 Bordeaux
Lyon	
-0.25
+0.25
2.05
1.70
 
 	
2.25
1.90
 	
1.85
 	
2.50
3.00
2.95
1.35
1.37
1.47
1.5
1.5
2.55
2.75
1.45
1.40
 	 1:0(1:0)  
243	19/02
18:00	 Saint-Etienne
Rennes	
-0.25
+0.25
2.00
1.75
 
 	
2.25
2.00
 	
1.75
 	
2.40
3.00
3.10
1.33
1.37
1.53
1.5
1.5
2.50
3.05
1.47
1.33
 	 4:0(1:0)  
244	19/02
22:00	 Paris Saint-Germain
Montpellier	
-0.75
+0.75
1.95
1.80
 
 	
2.25
1.85
 	
1.90
 	
1.72
3.40
5.10
1.12
1.30
2.05
1.5
1.0
1.80
2.50
1.90
1.47
 	 2:2(1:1)
243	25/02
20:00	 Ajaccio
Dijon	
0
0
1.72
2.00
  	
2.25
1.85
 	
1.90
 	
2.50
2.95
3.00
1.37
1.37
1.47
1.5
1.5
2.50
2.95
1.47
1.35
 	 2:1(0:0)  
244	25/02
20:00	 Auxerre
Saint-Etienne	
0
0
1.90
1.80
  	
2.25
1.95
 	
1.80
 	
2.75
3.00
2.65
1.42
1.37
1.40
1.5
1.5
2.85
2.75
1.37
1.40
 	 0:0(0:0)  
245	25/02
20:00	 Evian
Nancy	
-0.25
+0.25
1.70
2.05
 
 	
2.25
1.87
 	
1.87
 	
2.05
3.10
3.85
1.22
1.35
1.70
1.5
1.5
2.25
3.40
1.57
1.27
 	 2:0(2:0)  
246	25/02
20:00	 Montpellier
Bordeaux	
-0.25
+0.25
1.57
2.25
 
 	
2.25
1.95
 	
1.80
 	
1.85
3.20
4.55
1.16
1.33
1.90
1.5
1.0
2.07
2.30
1.67
1.55
 	 1:0(0:0)  
247	25/02
20:00	 Nice
Caen	
-0.25
+0.25
1.67
2.10
 
 	
2.0
1.72
2.00
1.95
3.00
4.40
1.18
1.37
1.80
1.5
1.0
2.15
2.30
1.63
1.55
 	 1:0(0:0)  
248	25/02
20:00	 Valenciennes
Lorient	
-0.25
+0.25
1.60
2.25
 
 	
2.25
2.00
 	
1.75
 	
1.90
3.05
4.55
1.17
1.33
1.85
1.5
1.0
2.15
2.40
1.63
1.50
 	 2:0(0:0)  
249	25/02
22:00	 Lyon
Paris Saint-Germain	
-0.25
+0.25
2.00
1.75
 
 	
2.25
1.80
 	
1.95
 	
2.40
3.05
3.05
1.33
1.35
1.52
1.5
1.5
2.35
2.75
1.52
1.40
 	 4:4(3:2)  
250	26/02
18:00	 Brest
Marseille	
+0.25
-0.25
2.12
1.67
 
 	
2.0
1.80
1.90
4.20
3.10
1.95
1.80
1.33
1.19
1.5
1.5
3.55
2.10
1.25
1.65
 	 1:0(1:0)  
251	26/02
18:00	 Toulouse
Sochaux	
–1.0
+1.0
1.85
1.85
  	
2.25
1.90
 	
1.85
 	
1.47
3.75
7.85
1.06
1.25
2.50
1.5
1.0
1.75
3.20
1.96
1.30
 	 2:0(1:0)  
252	26/02
22:00	 Rennes
Lille	
0
0
1.80
1.90
  	
2.25
1.87
 	
1.87
 	
2.65
3.00
2.75
1.40
1.37
1.42
1.5
1.5
2.65
2.73
1.42
1.40
 	 1:1(0:1) 
288	03/03
20:00	 Dijon
Montpellier	
+0.25
-0.25
1.75
2.00
 
 	
2.25
1.95
 	
1.80
 	
3.25
2.95
2.35
1.55
1.37
1.30
1.5
1.5
3.05
2.40
1.33
1.50
 	 1:1(0:0)  
289	03/03
20:00	 Lille
Auxerre	
-1.25
+1.25
2.00
1.75
 
 	
2.5
1.85
1.90
1.38
4.35
8.50
1.04
1.19
2.85
1.5
1.0
1.47
3.20
2.50
1.30
 	 2:2(1:0)  
290	03/03
20:00	 Marseille
Toulouse	
-0.75
+0.75
1.95
1.80
 
 	
2.25
1.95
 	
1.80
 	
1.70
3.30
5.55
1.12
1.30
2.05
1.5
1.0
1.90
2.85
1.80
1.37
 	 0:1(0:0)  
291	03/03
20:00	 Nancy
Lyon	
+0.25
-0.25
1.95
1.80
 
 	
2.25
1.87
 	
1.87
 	
3.55
3.20
2.10
1.70
1.33
1.25
1.0
1.5
2.30
2.10
1.55
1.65
 	 2:0(0:0)  
292	03/03
20:00	 Saint-Etienne
Evian	
-0.75
+0.75
1.87
1.87
 
 	
2.25
1.75
 	
2.00
 	
1.65
3.40
5.80
1.11
1.28
2.15
1.5
1.0
1.80
2.85
1.90
1.37
 	 0:2(0:1)  
293	03/03
20:00	 Sochaux
Valenciennes	
+0.25
-0.25
1.70
2.05
 
 	
2.0
1.72
2.00
3.05
2.95
2.45
1.50
1.38
1.35
1.5
1.5
3.05
2.55
1.33
1.45
 	 1:1(0:0)  
294	03/03
22:00	 Bordeaux
Nice	
-0.75
+0.75
1.80
1.90
 
 	
2.0
1.75
1.96
1.60
3.50
6.10
1.09
1.28
2.25
1.5
1.0
1.90
3.10
1.80
1.32
 	 1:2(0:2)  
295	04/03
18:00	 Caen
Brest	
-0.25
+0.25
1.70
2.05
 
 	
2.0
1.90
1.80
2.05
3.00
3.95
1.22
1.37
1.70
1.5
1.0
2.40
2.40
1.50
1.50
 	 0:0(0:0)  
297	04/03
22:00	 Lorient
Rennes	
0
0
1.80
1.90
  	
2.0
1.75
1.96
2.65
3.00
2.75
1.40
1.37
1.42
1.5
1.5
2.73
2.85
1.40
1.37
 	 0:2(0:1) 
178	09/03
21:00	 Ajaccio
Marseille	
+0.25
-0.25
2.15
1.65
 
 	
2.25
1.90
 	
1.85
 	
4.40
3.15
1.90
1.85
1.33
1.17
1.0
1.5
2.40
2.07
1.50
1.67
 	 1:0(0:0)  
179	10/03
20:00	 Brest
Bordeaux	
+0.25
-0.25
1.70
2.05
 
 	
2.0
2.00
1.72
3.10
2.85
2.50
1.47
1.39
1.33
1.5
1.5
3.20
2.75
1.30
1.40
 	 0:2(0:1)  
180	10/03
20:00	 Evian
Sochaux	
-0.25
+0.25
1.60
2.25
 
 	
2.25
1.87
 	
1.87
 	
1.87
3.20
4.45
1.17
1.33
1.87
1.5
1.5
2.10
3.55
1.65
1.25
 	 2:3(1:2)  
181	10/03
20:00	 Nice
Nancy	
-0.25
+0.25
1.67
2.10
 
 	
2.0
1.85
1.85
1.95
3.05
4.30
1.18
1.37
1.80
1.5
1.0
2.25
2.40
1.57
1.50
 	 1:1(1:1)  
182	10/03
20:00	 Toulouse
Lorient	
-0.75
+0.75
2.00
1.75
 
 	
2.0
1.80
1.90
1.75
3.15
5.40
1.12
1.32
2.00
1.5
1.0
2.10
2.75
1.65
1.40
 	 1:1(0:0)  
183	10/03
20:00	 Valenciennes
Saint-Etienne	
-0.25
+0.25
1.80
1.95
 
 	
2.25
1.90
 	
1.85
 	
2.15
3.05
3.55
1.25
1.35
1.65
1.5
1.5
2.25
3.40
1.57
1.27
 	 1:2(0:0)  
184	10/03
22:00	 Lyon
Lille	
-0.25
+0.25
2.00
1.75
 
 	
2.5
1.95
1.80
2.40
3.05
3.05
1.33
1.37
1.52
1.5
1.5
2.25
2.75
1.57
1.40
 	 2:1(2:1)  
185	11/03
18:00	 Dijon
Paris Saint-Germain	
+0.75
-0.75
1.70
2.05
 
 	
2.5
1.80
1.90
4.55
3.35
1.80
1.95
1.30
1.16
1.5
1.5
3.20
1.85
1.30
1.85
 	 1:2(0:0)  
186	11/03
18:00	 Rennes
Auxerre	
–1.0
+1.0
2.00
1.72
  	
2.25
1.95
 	
1.80
 	
1.55
3.55
6.85
1.08
1.25
2.35
1.5
1.0
1.80
3.10
1.90
1.32
 	 1:1(0:1)  
187	11/03
22:00	 Montpellier
Caen	
–1.0
+1.0
1.80
1.90
  	
2.5
1.90
1.80
1.45
3.90
7.85
1.06
1.22
2.55
1.5
1.0
1.65
3.10
2.10
1.32
 	 3:0(0:0)
258	17/03
20:00	 Auxerre
Evian	
-0.25
+0.25
1.90
1.85
 
 	
2.25
1.80
 	
1.95
 	
2.20
3.10
3.40
1.27
1.33
1.63
1.5
1.0
2.15
2.07
1.63
1.67
 	 0:2(0:1)  
259	17/03
20:00	 Bordeaux
Ajaccio	
–1.0
+1.0
1.75
2.00
  	
2.25
1.85
 	
1.90
 	
1.42
3.95
8.70
1.05
1.23
2.65
1.5
1.0
1.67
3.40
2.07
1.27
 	 1:1(0:0)  
260	17/03
20:00	 Caen
Paris Saint-Germain	
+0.25
-0.25
2.15
1.65
 
 	
2.5
1.95
1.80
4.05
3.35
1.90
1.85
1.33
1.20
1.0
1.5
2.30
1.90
1.55
1.80
 	 2:2(0:0)  
261	17/03
20:00	 Lorient
Brest	
-0.25
+0.25
1.60
2.25
 
 	
2.0
1.95
1.76
1.87
3.00
4.90
1.14
1.37
1.87
1.5
1.0
2.30
2.75
1.55
1.40
 	 2:1(0:1)  
262	17/03
20:00	 Marseille
Dijon	
-1.25
+1.25
2.00
1.75
 
 	
2.5
1.80
1.95
1.40
4.20
8.30
1.05
1.20
2.75
1.5
1.0
1.47
3.05
2.50
1.33
 	 1:2(1:1)  
263	17/03
20:00	 Nancy
Montpellier	
+0.25
-0.25
1.85
1.90
 
 	
2.25
1.95
 	
1.80
 	
3.40
3.00
2.25
1.60
1.38
1.27
1.5
1.5
3.05
2.40
1.33
1.50
 	 1:0(0:0)  
264	17/03
22:00	 Saint-Etienne
Lyon	
0
0
1.87
1.87
  	
2.25
1.87
 	
1.87
 	
2.70
3.00
2.70
1.42
1.37
1.42
1.5
1.5
2.65
2.65
1.42
1.42
 	 0:1(0:0)  
265	18/03
18:00	 Rennes
Toulouse	
-0.25
+0.25
1.67
2.10
 
 	
2.0
1.95
1.76
2.00
3.00
4.25
1.18
1.37
1.75
1.5
1.0
2.30
2.50
1.55
1.47
 	 0:1(0:1)  
266	18/03
18:00	 Sochaux
Nice	
-0.25
+0.25
1.95
1.80
 
 	
2.0
1.90
1.80
2.40
2.90
3.20
1.30
1.38
1.52
1.5
1.5
2.65
3.05
1.42
1.33
 	 2:0(1:0)  
267	18/03
22:00	 Lille
Valenciennes	
-0.75
+0.75
1.75
2.00
 
 	
2.25
1.85
 	
1.90
 	
1.55
3.65
6.45
1.08
1.26
2.35
1.5
1.0
1.75
2.85
1.96
1.37
 	 4:0(1:0) 
293	24/03
20:00	 Ajaccio
Lorient	
0
0
1.90
1.80
  	
2.25
1.95
 	
1.80
 	
2.75
3.00
2.65
1.42
1.37
1.40
1.5
1.5
2.85
2.75
1.37
1.40
 	 1:1(0:1)  
294	24/03
20:00	 Brest
Nancy	
-0.25
+0.25
1.90
1.85
 
 	
2.0
2.05
1.70
2.30
2.95
3.35
1.28
1.38
1.57
1.5
1.5
2.55
3.20
1.45
1.30
 	 0:1(0:1)  
295	24/03
20:00	 Evian
Lille	
+0.25
-0.25
2.05
1.70
 
 	
2.5
1.95
1.80
3.85
3.20
2.00
1.75
1.32
1.23
1.5
1.5
3.05
2.00
1.33
1.72
 	 0:3(0:1)  
296	24/03
20:00	 Lyon
Sochaux	
-1.25
+1.25
1.85
1.90
 
 	
2.75
1.90
 	
1.85
 	
1.35
4.40
9.50
1.04
1.19
2.95
2.0
1.0
1.85
3.40
1.85
1.27
 	 2:1(1:0)  
297	24/03
20:00	 Montpellier
Saint-Etienne	
-0.75
+0.75
1.87
1.87
 
 	
2.25
1.85
 	
1.90
 	
1.70
3.35
5.45
1.13
1.32
2.05
1.5
1.5
1.85
3.55
1.85
1.25
 	 1:0(0:0)  
298	24/03
20:00	 Nice
Marseille	
+0.25
-0.25
1.87
1.87
 
 	
2.0
1.75
1.96
3.40
3.00
2.25
1.60
1.37
1.28
1.5
1.5
3.10
2.40
1.32
1.50
 	 1:1(0:0)  
299	24/03
22:00	 Valenciennes
Rennes	
0
0
1.85
1.90
  	
2.0
1.75
1.96
2.70
2.95
2.75
1.40
1.38
1.42
1.5
1.5
2.75
2.75
1.40
1.40
 	 1:0(1:0)  
300	25/03
18:00	 Dijon
Caen	
-0.25
+0.25
1.87
1.87
 
 	
2.25
1.80
 	
1.95
 	
2.20
3.05
3.45
1.27
1.35
1.63
1.5
1.5
2.30
3.05
1.55
1.33
 	 2:0(1:0)  
301	25/03
18:00	 Toulouse
Auxerre	
-0.75
+0.75
1.87
1.87
 
 	
2.0
1.75
1.96
1.65
3.40
5.85
1.10
1.30
2.15
1.5
1.0
1.95
2.85
1.76
1.37
 	 1:0(1:0)  
302	25/03
22:00	 Paris Saint-Germain
Bordeaux	
-0.75
+0.75
1.85
1.90
 
 	
2.25
1.75
 	
2.00
 	
1.65
3.45
5.55
1.11
1.30
2.15
1.5
1.0
1.75
2.50
1.96
1.47
 	 1:1(0:0) 
270	31/03
20:00	 Auxerre
Valenciennes	
-0.25
+0.25
1.87
1.87
 
 	
2.0
1.75
1.96
2.25
2.95
3.45
1.27
1.38
1.60
1.5
1.5
2.55
3.05
1.45
1.33
 	 2:0(1:0)  
271	31/03
20:00	 Bordeaux
Dijon	
-0.75
+0.75
1.80
1.95
 
 	
2.5
1.95
1.76
1.57
3.65
6.15
1.09
1.26
2.30
1.5
1.0
1.70
2.85
2.03
1.37
 	 1:1(0:0)  
272	31/03
20:00	 Lorient
Evian	
-0.25
+0.25
1.65
2.15
 
 	
2.25
1.80
 	
1.95
 	
1.93
3.15
4.25
1.18
1.33
1.83
1.5
1.5
2.10
3.40
1.66
1.27
 	 0:1(0:1)  
273	31/03
20:00	 Saint-Etienne
Nice	
-0.25
+0.25
1.70
2.05
 
 	
2.0
1.72
2.00
2.00
3.05
4.05
1.20
1.35
1.75
1.5
1.0
2.25
2.65
1.57
1.42
 	 2:3(2:1)  
274	31/03
20:00	 Sochaux
Brest	
-0.25
+0.25
1.63
2.20
 
 	
2.0
1.75
1.96
1.90
3.15
4.40
1.18
1.33
1.85
1.5
1.0
2.15
2.75
1.63
1.40
 	 2:1(0:1)  
275	31/03
22:00	 Nancy
Paris Saint-Germain	
+0.25
-0.25
2.15
1.65
 
 	
2.25
1.75
 	
2.00
 	
4.25
3.20
1.90
1.85
1.33
1.18
1.5
1.5
3.40
2.00
1.27
1.72
 	 2:1(1:0)  
276	01/04
18:00	 Caen
Ajaccio	
-0.25
+0.25
1.57
2.25
 
 	
2.25
1.80
 	
1.95
 	
1.85
3.20
4.55
1.17
1.33
1.90
1.5
1.5
2.10
3.55
1.65
1.25
 	 0:0(0:0)  
277	01/04
18:00	 Lille
Toulouse	
-0.75
+0.75
1.95
1.80
 
 	
2.25
1.85
 	
1.90
 	
1.70
3.30
5.50
1.12
1.30
2.05
1.5
1.0
1.95
2.40
1.76
1.50
 	 2:1(2:0)  
278	01/04
22:00	 Rennes
Lyon	
-0.25
+0.25
2.05
1.70
 
 	
2.25
1.90
 	
1.85
 	
2.50
3.05
2.90
1.37
1.37
1.47
1.5
1.5
2.65
2.75
1.42
1.40
 	 1:1(1:0) 
282	07/04
20:00	 Ajaccio
Saint-Etienne	
0
0
2.00
1.75
  	
2.25
1.87
 	
1.87
 	
2.85
2.95
2.60
1.45
1.37
1.37
1.5
1.5
2.85
2.65
1.37
1.42
 	 1:1(0:0)  
283	07/04
20:00	 Brest
Lille	
+0.75
-0.75
1.80
1.95
 
 	
2.25
1.95
 	
1.80
 	
5.50
3.30
1.70
2.05
1.32
1.12
1.0
1.5
2.55
2.00
1.45
1.72
 	 3:1(2:1)  
284	07/04
20:00	 Dijon
Nancy	
-0.25
+0.25
1.95
1.80
 
 	
2.25
1.95
 	
1.80
 	
2.30
2.95
3.35
1.29
1.37
1.57
1.5
1.5
2.40
2.95
1.50
1.35
 	 0:2(0:1)  
285	07/04
20:00	 Evian
Rennes	
0
0
1.70
2.05
  	
2.25
2.00
 	
1.75
 	
2.50
3.00
2.95
1.35
1.37
1.47
1.5
1.5
2.65
2.95
1.42
1.35
 	 1:3(1:0)  
286	07/04
20:00	 Montpellier
Sochaux	
-1.25
+1.25
1.90
1.85
 
 	
2.5
1.87
1.87
1.37
4.20
9.50
1.04
1.20
2.85
1.5
1.0
1.50
3.40
2.40
1.27
 	 2:1(1:1)  
287	07/04
20:00	 Valenciennes
Toulouse	
0
0
1.75
2.00
  	
2.0
1.85
1.85
2.50
2.95
3.00
1.35
1.37
1.47
1.5
1.5
2.65
3.05
1.42
1.33
 	 2:0(0:0)  
288	07/04
22:00	 Lyon
Auxerre	
–1.0
+1.0
1.85
1.85
  	
2.5
1.85
1.90
1.45
4.05
7.25
1.06
1.22
2.55
1.5
1.0
1.60
3.10
2.20
1.32
 	 2:1(1:1)  
289	08/04
18:00	 Caen
Bordeaux	
+0.25
-0.25
1.75
2.00
 
 	
2.0
1.72
2.00
3.10
3.00
2.40
1.52
1.37
1.33
1.5
1.5
3.10
2.40
1.32
1.50
 	 1:0(1:0)  
290	08/04
18:00	 Nice
Lorient	
-0.25
+0.25
1.85
1.90
 
 	
2.0
1.85
1.85
2.20
2.95
3.55
1.25
1.38
1.63
1.5
1.5
2.55
3.55
1.45
1.25
 	 2:0(0:0)  
291	08/04
22:00	 Paris Saint-Germain
Marseille	
-0.75
+0.75
2.05
1.70
 
 	
2.25
1.80
 	
1.95
 	
1.80
3.25
4.75
1.15
1.32
1.95
1.5
1.5
1.95
3.55
1.76
1.25
 	 2:1(1:0)  
205	11/04
19:00	 Marseille
Montpellier	
0
0
2.00
1.75
  	
2.0
1.75
1.96
2.85
2.95
2.60
1.45
1.37
1.37
1.5
1.5
2.85
2.65
1.37
1.42
 	 1:3(1:1)  
206	15/04
18:00	 Lille
Ajaccio	
–1.5
+1.5
1.80
1.90
  	
2.75
1.87
 	
1.87
 	
1.27
5.00
11.50
1.02
1.14
3.45
2.0
1.0
1.70
4.05
2.03
1.20
 	 4:1(2:0)  
207	15/04
18:00	 Lorient
Montpellier	
+0.25
-0.25
1.80
1.95
 
 	
2.0
1.75
1.96
3.35
2.95
2.30
1.57
1.37
1.29
1.5
1.5
3.10
2.40
1.32
1.50
 	 2:1(0:0)  
208	15/04
18:00	 Nancy
Bordeaux	
0
0
1.80
1.95
  	
2.0
1.90
1.80
2.65
2.90
2.85
1.38
1.38
1.42
1.5
1.5
2.73
2.85
1.40
1.37
 	 2:2(0:1)  
209	15/04
18:00	 Saint-Etienne
Brest	
-0.75
+0.75
1.95
1.80
 
 	
2.0
1.72
2.00
1.70
3.30
5.50
1.12
1.32
2.05
1.5
1.0
1.90
2.65
1.80
1.42
 	 2:1(0:0)  
210	15/04
18:00	 Sochaux
Dijon	
-0.25
+0.25
1.67
2.12
 
 	
2.25
1.80
 	
1.95
 	
1.95
3.20
4.05
1.20
1.33
1.80
1.5
1.5
2.10
3.40
1.66
1.27
 	 1:0(0:0)  
211	15/04
18:00	 Valenciennes
Evian	
-0.25
+0.25
1.70
2.05
 
 	
2.25
1.90
 	
1.85
 	
2.00
3.10
4.00
1.21
1.35
1.75
1.5
1.5
2.10
3.40
1.66
1.27
 	 0:3(0:3)  
212	15/04
22:00	 Auxerre
Paris Saint-Germain	
+0.25
-0.25
1.95
1.80
 
 	
2.5
2.00
1.75
3.75
3.15
2.05
1.70
1.35
1.23
1.5
1.5
3.20
2.00
1.30
1.72
 	 1:1(0:1)  
213	16/04
22:00	 Rennes
Nice	
-0.75
+0.75
1.90
1.85
 
 	
2.0
1.72
2.00
1.67
3.30
5.85
1.11
1.32
2.12
1.5
1.0
1.90
2.65
1.80
1.42
 	 3:1(2:0)  
153	18/04
19:30	 Marseille
Caen	
–1.0
+1.0
1.80
1.90
  	
2.5
1.85
1.90
1.47
4.00
7.25
1.07
1.22
2.55
1.5
1.0
1.65
2.85
2.10
1.37
 	 1:1(1:1)  
154	18/04
19:30	 Toulouse
Lyon	
0
0
1.80
1.95
  	
2.25
1.95
 	
1.80
 	
2.60
3.00
2.80
1.40
1.37
1.45
1.5
1.5
2.65
2.65
1.42
1.42
 	 3:0(2:0)  
155	21/04
20:00	 Brest
Rennes	
+0.25
-0.25
1.80
1.95
 
 	
2.0
1.75
1.96
3.15
3.05
2.35
1.55
1.35
1.32
1.5
1.5
3.10
2.40
1.32
1.50
 	 0:1(0:1)  
156	21/04
20:00	 Caen
Saint-Etienne	
0
0
1.80
1.90
  	
2.25
1.87
 	
1.87
 	
2.65
3.00
2.75
1.40
1.37
1.42
1.5
1.5
2.65
2.73
1.42
1.40
 	 1:4(0:1)  
157	21/04
20:00	 Dijon
Lille	
+0.75
-0.75
1.80
1.95
 
 	
2.5
1.75
1.96
4.75
3.45
1.75
2.00
1.30
1.15
1.5
1.5
3.55
1.75
1.25
1.96
 	 0:2(0:2)  
158	21/04
20:00	 Evian
Toulouse	
0
0
1.80
1.90
  	
2.25
1.95
 	
1.80
 	
2.60
3.05
2.80
1.38
1.38
1.45
1.5
1.5
2.65
2.85
1.42
1.37
 	 2:1(1:0)  
159	21/04
20:00	 Montpellier
Valenciennes	
-1.25
+1.25
2.00
1.75
 
 	
2.5
1.90
1.85
1.42
4.05
8.30
1.05
1.22
2.65
1.5
1.0
1.60
3.05
2.20
1.33
 	 1:0(1:0)  
160	21/04
20:00	 Nice
Auxerre	
-0.25
+0.25
1.70
2.05
 
 	
2.25
1.95
 	
1.80
 	
2.00
3.15
3.95
1.22
1.33
1.75
1.5
1.0
2.25
2.10
1.57
1.65
 	 1:0(1:0)  
161	21/04
22:00	 Bordeaux
Marseille	
-0.25
+0.25
2.05
1.70
 
 	
2.25
2.10
 	
1.67
 	
2.40
3.05
3.05
1.33
1.35
1.52
 1.42
4.25
7.50
1.06
1.20
2.70
 	 2:1(2:0)  
162	22/04
18:00	 Ajaccio
Nancy	
0
0
1.75
2.00
  	
2.25
1.87
 	
1.87
 	
2.50
3.00
2.95
1.35
1.37
1.47
1.5
1.5
2.65
2.75
1.42
1.40
 	 0:0(0:0)  
163	22/04
18:00	 Paris Saint-Germain
Sochaux	
–1.5
+1.5
2.00
1.75
  	
2.75
1.80
 	
1.95
 	
1.30
4.75
10.50
1.02
1.16
3.25
2.0
1.0
1.75
3.40
1.96
1.27
 	 6:1(3:1)  
164	22/04
22:15	 Lyon
Lorient	
-1.25
+1.25
2.10
1.67
 
 	
2.5
1.85
1.90
1.42
4.25
7.50
1.06
1.20
2.70
 1.42
4.25
7.50
1.06
1.20
2.70
 	 3:2(1:2) 
275	21/04
20:00	 Brest
Rennes	
+0.25
-0.25
2.00
1.75
 
 	
2.0
1.75
2.00
3.85
3.00
2.10
1.67
1.37
1.23
1.5
1.5
3.40
2.40
1.27
1.50
 	 0:1(0:1)  
276	21/04
20:00	 Caen
Saint-Etienne	
0
0
1.85
1.90
  	
2.25
1.87
 	
1.87
 	
2.65
3.00
2.75
1.40
1.37
1.42
1.5
1.5
2.65
2.73
1.42
1.40
 	 1:4(0:1)  
277	21/04
20:00	 Dijon
Lille	
+0.75
-0.75
1.75
2.00
 
 	
2.5
1.80
1.90
4.95
3.45
1.72
2.03
1.30
1.14
1.5
1.5
3.55
1.70
1.25
2.03
 	 0:2(0:2)  
278	21/04
20:00	 Evian
Toulouse	
0
0
1.75
2.00
  	
2.25
1.95
 	
1.80
 	
2.60
2.90
2.90
1.38
1.38
1.45
1.5
1.5
2.65
2.85
1.42
1.37
 	 2:1(1:0)  
279	21/04
20:00	 Montpellier
Valenciennes	
-1.25
+1.25
2.00
1.75
 
 	
2.5
1.87
1.87
1.40
4.10
8.90
1.05
1.22
2.75
1.5
1.0
1.60
3.05
2.20
1.33
 	 1:0(1:0)  
280	21/04
20:00	 Nice
Auxerre	
-0.25
+0.25
1.67
2.12
 
 	
2.25
1.95
 	
1.80
 	
1.95
3.15
4.10
1.20
1.33
1.80
1.5
1.0
2.25
2.10
1.57
1.65
 	 1:0(1:0)  
281	21/04
22:00	 Bordeaux
Marseille	
-0.25
+0.25
1.95
1.80
 
 	
2.25
1.90
 	
1.85
 	
2.30
3.05
3.25
1.30
1.35
1.57
1.5
1.5
2.50
2.95
1.47
1.35
 	 2:1(2:0)  
282	22/04
18:00	 Ajaccio
Nancy	
0
0
1.80
1.95
  	
2.25
1.87
 	
1.87
 	
2.55
3.05
2.85
1.37
1.37
1.45
1.5
1.5
2.65
2.75
1.42
1.40
 	 0:0(0:0)  
283	22/04
18:00	 Paris Saint-Germain
Sochaux	
-1.25
+1.25
1.80
1.90
 
 	
2.75
1.80
 	
1.95
 	
1.32
4.75
9.50
1.03
1.16
3.15
2.0
1.0
1.75
3.40
1.96
1.27
 	 6:1(3:1)  
284	22/04
22:15	 Lyon
Lorient	
–1.0
+1.0
1.80
1.95
  	
2.5
1.80
1.95
1.45
4.05
7.25
1.06
1.22
2.60
1.5
1.0
1.57
3.05
2.25
1.33
 	 3:2(1:2) 
171	27/04
20:00	 Toulouse
Montpellier	
0
0
1.80
1.95
  	
2.25
2.00
 	
1.75
 	
2.60
3.05
2.80
1.40
1.35
1.45
1.5
1.5
2.65
2.65
1.42
1.42
 	 0:1(0:1)  
172	27/04
22:00	 Lorient
Marseille	
-0.25
+0.25
2.00
1.75
 
 	
2.25
1.77
 	
1.97
 	
2.40
3.15
2.95
1.35
1.35
1.52
1.5
1.5
2.35
2.65
1.52
1.42
 	 2:1(1:0)  
173	29/04
18:00	 Auxerre
Brest	
-0.25
+0.25
1.75
2.00
 
 	
2.0
1.75
1.96
2.10
3.05
3.75
1.23
1.35
1.67
1.5
1.0
2.35
2.20
1.52
1.60
 	 4:0(4:0)  
174	29/04
18:00	 Nancy
Caen	
-0.25
+0.25
1.70
2.05
 
 	
2.25
1.87
 	
1.87
 	
2.00
3.20
3.85
1.22
1.32
1.75
1.5
1.5
2.10
3.40
1.66
1.27
 	 1:1(0:0)  
175	29/04
18:00	 Rennes
Ajaccio	
–1.0
+1.0
1.80
1.95
  	
2.5
1.85
1.85
1.47
4.00
7.00
1.07
1.22
2.50
1.5
1.0
1.55
2.85
2.30
1.37
 	 3:1(1:0)  
176	29/04
18:00	 Saint-Etienne
Dijon	
-0.75
+0.75
1.80
1.95
 
 	
2.5
1.95
1.80
1.60
3.55
6.00
1.10
1.28
2.25
1.5
1.0
1.70
2.75
2.03
1.40
 	 1:0(1:0)  
177	29/04
18:00	 Sochaux
Bordeaux	
-0.25
+0.25
2.00
1.75
 
 	
2.25
1.80
 	
1.95
 	
2.40
3.10
3.00
1.35
1.35
1.52
1.5
1.5
2.40
2.85
1.50
1.37
 	 0:3(0:1)  
178	29/04
18:00	 Valenciennes
Nice	
-0.25
+0.25
1.67
2.10
 
 	
2.25
1.95
 	
1.80
 	
1.95
3.20
4.05
1.20
1.33
1.80
1.5
1.5
2.15
3.55
1.63
1.25
 	 2:0(1:0)  
179	29/04
22:00	 Lille
Paris Saint-Germain	
-0.25
+0.25
1.80
1.95
 
 	
2.5
1.80
1.95
2.15
3.30
3.30
1.30
1.33
1.65
1.5
1.5
2.00
2.65
1.72
1.42
 	 2:1(0:0)  
115	01/05
22:00	 Montpellier
Evian	
-1.25
+1.25
1.87
1.87
 
 	
2.75
1.90
 	
1.85
 	
1.37
4.30
9.00
1.04
1.20
2.85
1.5
1.0
1.40
3.40
2.73
1.27
 	 2:2(1:1)  
116	02/05
20:00	 Ajaccio
Sochaux	
-0.25
+0.25
1.87
1.87
 
 	
2.25
1.75
 	
2.00
 	
2.20
3.10
3.40
1.27
1.35
1.63
1.5
1.5
2.20
2.95
1.60
1.35
 	 2:1(0:0)  
117	02/05
20:00	 Bordeaux
Rennes	
-0.25
+0.25
1.95
1.80
 
 	
2.25
1.87
 	
1.87
 	
2.30
3.05
3.25
1.30
1.38
1.57
1.5
1.5
2.40
3.05
1.50
1.33
 	 2:0(0:0)  
118	02/05
20:00	 Brest
Toulouse	
0
0
2.00
1.75
  	
2.0
1.80
1.90
2.95
2.95
2.55
1.45
1.38
1.35
1.5
1.5
2.95
2.65
1.35
1.42
 	 0:0(0:0)  
119	02/05
20:00	 Caen
Lorient	
-0.25
+0.25
1.95
1.80
 
 	
2.25
1.75
 	
1.96
 	
2.30
3.05
3.25
1.30
1.38
1.57
1.5
1.5
2.40
3.05
1.50
1.33
 	 1:0(0:0)  
120	03/05
20:00	 Dijon
Auxerre	
-0.25
+0.25
2.00
1.75
 
 	
2.25
1.80
 	
1.95
 	
2.40
3.05
3.05
1.35
1.35
1.50
1.5
1.5
2.40
2.85
1.50
1.37
 	 0:2(0:1)  
121	02/05
20:00	 Lyon
Valenciennes	
–1.0
+1.0
1.95
1.80
  	
2.5
1.80
1.95
1.52
3.75
6.85
1.07
1.25
2.40
1.5
1.0
1.57
2.40
2.25
1.50
 	 4:1(1:1)  
122	02/05
20:00	 Marseille
Nancy	
-0.75
+0.75
1.87
1.87
 
 	
2.25
1.75
 	
2.00
 	
1.67
3.40
5.55
1.12
1.32
2.10
1.5
1.5
1.75
3.85
1.96
1.22
 	 1:0(1:0)  
123	02/05
20:00	 Nice
Lille	
+0.75
-0.75
1.75
2.00
 
 	
2.5
1.90
1.80
4.75
3.40
1.75
2.00
1.30
1.15
1.5
1.5
3.75
1.85
1.23
1.85
 	 0:1(0:1)  
124	02/05
22:00	 Paris Saint-Germain
Saint-Etienne	
–1.0
+1.0
1.87
1.87
  	
2.75
1.95
 	
1.80
 	
1.50
4.05
6.40
1.08
1.25
2.45
2.0
1.5
2.10
3.85
1.65
1.22
 	 2:0(1:0) 
143	06/05
18:00	 Evian
Ajaccio	
-0.25
+0.25
1.65
2.11
 
 	
2.5
1.95
1.80
1.95
3.30
3.95
1.22
1.32
1.80
1.5
1.5
1.95
3.20
1.76
1.30
 	 2:1(1:1)  
144	06/05
18:00	 Lyon
Brest	
-1.25
+1.25
1.90
1.85
 
 	
2.5
1.80
1.90
1.37
4.55
8.10
1.05
1.18
2.90
2.0
1.0
2.00
3.20
1.72
1.30
 	 1:1(1:0)  
145	06/05
22:15	 Valenciennes
Paris Saint-Germain	
+0.25
-0.25
2.15
1.65
 
 	
2.5
1.80
1.90
4.45
3.25
1.85
1.90
1.33
1.17
1.0
1.5
1.95
1.85
1.76
1.85
 	 3:4(2:3)  
146	07/05
20:00	 Auxerre
Bordeaux	
-0.25
+0.25
1.80
1.90
 
 	
2.25
1.80
 	
1.90
 	
2.15
3.20
3.40
1.27
1.32
1.65
1.5
1.0
2.20
2.00
1.60
1.72
 	 2:4(0:3)  
147	07/05
20:00	 Lille
Caen	
–1.5
+1.5
1.75
1.96
  	
3.0
1.90
1.80
1.25
5.30
12.00
1.02
1.13
3.55
2.0
1.0
1.55
4.05
2.30
1.20
 	 3:0(2:0)  
148	07/05
20:00	 Lorient
Dijon	
-0.75
+0.75
2.00
1.75
 
 	
2.25
1.77
 	
1.97
 	
1.75
3.35
4.95
1.15
1.30
2.00
1.5
1.0
1.90
2.35
1.80
1.52
 	 0:0(0:0)  
149	07/05
20:00	 Saint-Etienne
Marseille	
-0.25
+0.25
1.85
1.90
 
 	
2.5
1.80
1.95
2.15
3.20
3.40
1.27
1.32
1.65
1.5
1.0
2.00
1.75
1.72
1.96
 	 0:0(0:0)  
150	07/05
20:00	 Sochaux
Nancy	
-0.25
+0.25
1.75
2.00
 
 	
2.25
1.75
 	
2.00
 	
2.15
3.15
3.45
1.27
1.33
1.65
1.5
1.5
2.15
2.95
1.63
1.35
 	 1:0(0:0)  
151	07/05
20:00	 Toulouse
Nice	
-0.75
+0.75
1.95
1.80
 
 	
2.25
1.90
 	
1.85
 	
1.67
3.50
5.30
1.12
1.28
2.10
1.5
1.0
1.90
2.85
1.80
1.37
 	 0:0(0:0)  
152	07/05
22:00	 Rennes
Montpellier	
0
0
1.75
2.00
  	
2.25
1.80
 	
1.95
 	
2.50
3.10
2.85
1.37
1.35
1.47
1.5
1.5
2.50
2.75
1.47
1.40
 	 0:2(0:1)  
138	13/05
22:00	 Ajaccio
Lyon	
0
0
1.95
1.80
  	
2.5
1.75
1.96
2.85
3.05
2.55
1.45
1.35
1.37
1.5
1.5
2.65
2.30
1.42
1.55
 	 1:1(0:0)  
139	13/05
22:00	 Bordeaux
Lorient	
–1.0
+1.0
1.90
1.80
  	
2.5
2.00
1.75
1.52
3.85
6.45
1.08
1.25
2.40
1.5
1.0
1.70
2.85
2.03
1.37
 	 1:0(0:0)  
140	13/05
22:00	 Brest
Valenciennes	
0
0
1.75
2.00
  	
2.25
1.90
 	
1.85
 	
2.55
2.95
2.95
1.35
1.37
1.45
1.5
1.5
2.65
2.85
1.42
1.37
 	 1:0(1:0)  
141	13/05
22:00	 Caen
Sochaux	
-0.25
+0.25
1.65
2.15
 
 	
2.25
1.75
 	
2.00
 	
1.90
3.10
4.45
1.17
1.33
1.85
1.5
1.0
2.00
2.40
1.72
1.50
 	 1:3(0:2)  
142	13/05
22:00	 Dijon
Toulouse	
0
0
1.75
2.00
  	
2.25
1.95
 	
1.80
 	
2.50
3.10
2.85
1.38
1.35
1.47
1.5
1.5
2.65
2.85
1.42
1.37
 	 1:1(1:1)  
143	13/05
22:00	 Marseille
Auxerre	
-0.75
+0.75
2.15
1.65
 
 	
2.5
1.80
1.95
1.87
3.45
4.05
1.20
1.32
1.87
1.5
1.0
1.90
2.10
1.80
1.66
 	 3:0(1:0)  
144	13/05
22:00	 Montpellier
Lille	
0
0
1.77
1.97
  	
2.5
1.95
1.76
2.50
3.25
2.75
1.40
1.33
1.47
1.5
1.5
2.25
2.40
1.57
1.50
 	 1:0(0:0)  
145	13/05
22:00	 Nancy
Saint-Etienne	
+0.25
-0.25
1.75
2.00
 
 	
2.25
1.80
 	
1.95
 	
3.05
3.05
2.40
1.50
1.35
1.35
1.5
1.5
2.85
2.40
1.37
1.50
 	 3:2(3:1)  
146	13/05
22:00	 Nice
Evian	
-0.25
+0.25
1.70
2.05
 
 	
2.25
1.80
 	
1.95
 	
1.95
3.20
4.05
1.20
1.33
1.80
1.5
1.5
2.10
3.40
1.66
1.27
 	 1:1(1:1)  
147	13/05
22:00	 Paris Saint-Germain
Rennes	
–1.0
+1.0
1.90
1.80
  	
2.75
1.85
 	
1.90
 	
1.50
4.10
6.10
1.09
1.22
2.45
1.5
1.0
1.45
2.55
2.55
1.45
 	 3:0(0:0)  
108	20/05
22:00	 Auxerre
Montpellier	
+1.0
–1.0
1.80
2.00
  	
2.5
1.90
1.85
6.70
3.70
1.55
2.40
1.27
1.10
1.0
1.5
2.50
1.65
1.50
2.15
 	 1:2(1:1)  
109	20/05
22:00	 Evian
Brest	
-0.25
+0.25
1.85
1.90
 
 	
2.5
1.90
1.85
2.15
3.20
3.40
1.30
1.32
1.65
1.5
1.0
2.10
1.80
1.70
1.95
 	 0:1(0:0)  
110	20/05
22:00	 Lille
Nancy	
–1.5
+1.5
1.87
1.87
  	
3.25
1.95
 	
1.80
 	
1.32
5.20
9.00
1.05
1.15
3.30
2.5
1.0
2.05
2.55
1.72
1.48
 	 4:1(4:1)  
111	20/05
22:00	 Lorient
Paris Saint-Germain	
+0.75
-0.75
1.85
1.90
 
 	
2.75
1.80
 	
1.95
 	
4.50
3.80
1.72
2.10
1.25
1.18
1.0
1.5
1.87
1.65
1.87
2.15
 	 1:2(1:0)  
112	20/05
22:00	 Lyon
Nice	
-0.75
+0.75
1.90
1.85
 
 	
2.75
1.90
 	
1.85
 	
1.72
3.50
4.90
1.16
1.28
2.05
1.5
1.0
1.72
2.05
2.05
1.75
 	 3:4(2:2)  
113	20/05
22:00	 Rennes
Dijon	
–1.0
+1.0
2.00
1.75
  	
3.0
1.95
1.80
1.60
4.00
5.30
1.14
1.23
2.30
1.5
1.0
1.57
2.05
2.30
1.75
 	 5:0(1:0)  
114	20/05
22:00	 Saint-Etienne
Bordeaux	
-0.25
+0.25
2.05
1.72
 
 	
2.5
1.80
1.95
2.40
3.30
2.90
1.40
1.32
1.55
1.5
1.0
2.15
1.60
1.65
2.25
 	 2:3(1:2)  
115	20/05
22:00	 Sochaux
Marseille	
-0.25
+0.25
1.80
1.95
 
 	
2.5
1.85
1.90
2.10
3.30
3.50
1.28
1.32
1.70
1.5
1.0
2.00
1.80
1.75
1.95
 	 1:0(0:0)  
116	20/05
22:00	 Toulouse
Ajaccio	
-0.25
+0.25
1.85
1.90
 
 	
2.5
1.87
1.87
2.15
3.40
3.20
1.32
1.30
1.65
1.5
1.0
2.05
1.72
1.75
2.05
 	 0:2(0:2)  
117	20/05
22:00	 Valenciennes
Caen	
-0.25
+0.25
1.70
2.10
 
 	
2.5
1.95
1.80
1.95
3.30
3.90
1.23
1.30
1.80
1.5
1.0
2.05
2.05
1.75
1.75
 	 3:1(1:0)
172	06/03
20:00	 Angers SCO
AS Monaco	
0
0
1.55
2.30
2.5
2.07
1.67
2.10
3.20
3.40
1.27
1.32
1.65
 	 1:2(1:2)  
173	06/03
20:00	 Laval
Metz	
0
0
1.55
2.30
2.5
2.40
1.50
2.20
3.00
3.35
1.28
1.37
1.60
 	 0:0(0:0)  
174	06/03
20:00	 Clermont Foot
AC Arles-Avignon	
–1.0
+1.0
2.30
1.55
2.5
2.10
1.65
1.72
3.30
4.95
1.14
1.30
2.00
 	 0:0(0:0)  
175	06/03
20:00	 Troyes
Guingamp	
0
0
1.45
2.55
2.5
2.10
1.65
2.00
3.15
3.75
1.23
1.32
1.72
 	 1:1(1:0)  
176	06/03
21:00	 US Boulogne-sur-Mer
Lens	
0
0
1.75
1.96
2.5
2.40
1.50
2.50
2.95
2.90
1.36
1.37
1.47
 	 0:2(0:1) 
132	13/03
19:30	 Le Mans
Nantes	
0
0
1.65
2.10
2.5
2.35
1.52
2.45
2.85
3.10
1.32
1.39
1.50
 	 0:0(0:0)  
133	13/03
20:00	 Amiens SC
Angers SCO	
0
0
1.75
1.96
2.5
2.30
1.55
2.55
2.85
2.95
1.35
1.39
1.45
 	 2:0(1:0)  
134	13/03
20:00	 Le Havre
Sedan	
0
0
1.67
2.07
2.5
2.20
1.60
2.45
2.90
3.00
1.35
1.39
1.50
 	 0:0(0:0)  
135	13/03
20:00	 Reims
Laval	
0
0
1.30
3.20
2.5
2.10
1.65
1.80
3.25
4.55
1.16
1.32
1.90
 	 1:1(1:0)
222	06/04
21:00	 Amiens SC
Metz	
0
0
1.70
2.03
2.5
2.40
1.50
2.45
2.85
3.10
1.32
1.39
1.50
 
 	 1:1(1:1)  
223	06/04
21:00	 Angers SCO
Chateauroux	
0
0
1.45
2.55
2.5
2.20
1.60
2.05
2.95
3.95
1.22
1.37
1.70
 
 	 2:0(1:0)  
224	06/04
21:00	 AC Arles-Avignon
Tours	
0
0
1.55
2.30
2.5
2.25
1.57
2.20
2.95
3.45
1.27
1.37
1.60
 
 	 2:2(1:1)  
225	06/04
21:00	 SC Bastia
Guingamp	
–1.0
+1.0
1.72
2.00
2.5
1.95
1.76
1.40
4.15
7.85
1.05
1.21
2.75
 
 	 3:1(1:0)  
226	06/04
21:00	 US Boulogne-sur-Mer
Istres	
0
0
1.52
2.35
2.5
2.30
1.55
2.15
2.90
3.70
1.24
1.38
1.63
 
 	 1:1(1:0)  
227	06/04
21:00	 Laval
Sedan	
0
0
1.95
1.75
2.5
2.15
1.63
2.95
2.85
2.55
1.45
1.39
1.35
1.5
1.5
2.95
2.65
1.35
1.42
 	 5:1(1:1)  
228	06/04
21:00	 Lens
Le Mans	
0
0
1.45
2.55
2.5
2.40
1.50
2.05
2.95
3.95
1.22
1.37
1.70
1.5
1.5
2.30
3.75
1.55
1.23
 	 1:3(0:0)  
229	06/04
21:00	 Troyes
Le Havre	
0
0
1.33
3.05
2.5
2.15
1.63
1.80
3.10
4.90
1.15
1.37
1.90
 
 	 1:0(1:0)  
230	06/04
21:15	 AS Monaco
Nantes	
–1.0
+1.0
2.73
1.40
2.5
2.20
1.60
1.95
3.10
4.05
1.18
1.35
1.76
1.5
1.0
2.15
2.25
1.63
1.57
 	 2:1(1:0) 
204	13/04
21:00	 Chateauroux
AC Arles-Avignon	
0
0
1.47
2.50
2.5
2.30
1.55
2.10
2.95
3.75
1.23
1.37
1.65
 
 	 1:2(0:1)  
205	13/04
21:00	 Clermont Foot
Angers SCO	
0
0
1.42
2.65
2.5
2.20
1.60
2.00
3.05
3.95
1.21
1.35
1.72
 
 	 1:2(1:0)  
206	13/04
21:00	 Guingamp
Laval	
0
0
1.37
2.85
2.5
2.10
1.65
1.90
3.10
4.25
1.18
1.35
1.80
 
 	 1:0(0:0)  
207	13/04
21:00	 Istres
Troyes	
0
0
1.60
2.20
2.5
2.00
1.72
2.25
3.00
3.25
1.30
1.37
1.57
1.5
1.5
2.40
2.85
1.50
1.37
 	 0:0(0:0)  
208	13/04
21:00	 Le Havre
US Boulogne-sur-Mer	
0
0
1.47
2.50
2.5
2.35
1.52
2.10
3.00
3.65
1.24
1.37
1.65
 
 	 0:0(0:0)  
210	13/04
21:00	 Metz
AS Monaco	
0
0
1.67
2.07
2.5
2.20
1.60
2.40
3.05
2.95
1.37
1.35
1.50
1.5
1.5
2.65
2.85
1.42
1.37
 	 0:2(0:1)  
211	13/04
21:00	 Tours
Lens	
0
0
1.45
2.55
2.5
2.07
1.67
2.05
3.00
3.85
1.22
1.37
1.70
1.5
1.5
2.20
3.05
1.60
1.33
 	 0:3(0:1)  
212	13/04
21:15	 Sedan
SC Bastia	
0
0
1.90
1.80
2.5
1.97
1.74
2.75
2.95
2.65
1.42
1.37
1.40
1.5
1.5
2.75
2.65
1.40
1.42
 	 2:0(1:0)
212	20/04
21:00	 Amiens SC
Istres	
0
0
2.03
1.70
2.5
2.25
1.57
3.05
2.95
2.40
1.50
1.37
1.33
 
 	 1:2(0:0)  
213	20/04
21:00	 Angers SCO
Le Mans	
0
0
1.50
2.40
2.5
2.25
1.57
2.10
2.95
3.75
1.23
1.37
1.65
1.5
1.5
2.35
3.75
1.52
1.23
 	 1:1(0:1)  
214	20/04
21:00	 AC Arles-Avignon
Sedan	
0
0
1.80
1.90
2.5
2.20
1.60
2.65
2.90
2.75
1.40
1.38
1.42
1.5
1.5
2.65
2.73
1.42
1.40
 	 0:0(0:0)  
215	20/04
21:00	 US Boulogne-sur-Mer
Clermont Foot	
0
0
1.57
2.25
2.5
2.00
1.72
2.25
3.00
3.25
1.30
1.37
1.57
1.5
1.5
2.40
2.95
1.50
1.35
 	 1:1(0:1)  
216	20/04
21:00	 Guingamp
Tours	
0
0
1.37
2.85
2.5
2.00
1.72
1.90
3.10
4.25
1.18
1.35
1.80
 
 	 0:0(0:0)  
217	20/04
21:00	 Laval
Nantes	
0
0
1.65
2.10
2.5
2.07
1.67
2.40
2.95
3.05
1.33
1.37
1.50
1.5
1.5
2.40
3.05
1.50
1.33
 	 2:0(2:0)  
218	20/04
21:00	 Lens
Metz	
–1.0
+1.0
2.65
1.42
2.5
2.25
1.57
1.90
3.10
4.25
1.18
1.35
1.80
1.5
1.0
2.15
2.25
1.63
1.57
 	 0:2(0:1)  
219	20/04
21:00	 AS Monaco
Le Havre	
–1.0
+1.0
2.25
1.57
2.5
2.10
1.65
1.70
3.25
5.30
1.12
1.32
2.03
 
 	 1:0(0:0)  
220	20/04
21:15	 Reims
Troyes	
0
0
1.50
2.40
2.5
2.10
1.65
2.10
3.05
3.55
1.25
1.35
1.65
 
 	 1:0(0:0)
181	27/04
21:00	 Istres
AC Arles-Avignon	
0
0
1.35
2.95
2.5
2.40
1.50
1.85
3.15
4.40
1.17
1.32
1.85
 
 	 0:0(0:0)  
182	27/04
21:00	 Le Havre
Reims	
0
0
1.65
2.10
2.5
2.10
1.66
2.40
2.95
3.05
1.33
1.38
1.50
1.5
1.5
2.55
2.73
1.45
1.40
 	 1:1(0:0)  
183	27/04
21:00	 Le Mans
Laval	
0
0
1.42
2.65
2.5
2.10
1.65
1.95
3.10
4.00
1.21
1.33
1.76
 
 	 1:3(0:1)  
184	27/04
21:00	 Metz
Angers SCO	
0
0
1.50
2.40
2.5
2.35
1.52
2.10
2.95
3.75
1.23
1.37
1.65
1.5
1.5
2.40
3.20
1.50
1.30
 	 1:1(1:1)  
185	27/04
21:00	 Nantes
Amiens SC	
–1.0
+1.0
1.75
1.95
2.5
1.80
1.90
1.45
3.90
7.25
1.06
1.23
2.55
 
 	 5:0(1:0)  
186	27/04
21:00	 Sedan
Guingamp	
–1.0
+1.0
2.25
1.57
2.5
1.95
1.76
1.72
3.35
4.90
1.14
1.30
2.00
 
 	 0:1(0:1)  
187	27/04
21:00	 Troyes
US Boulogne-sur-Mer	
–1.0
+1.0
2.25
1.57
2.5
2.03
1.70
1.72
3.35
4.95
1.14
1.30
2.00
 
 	 2:1(0:0)  
188	27/04
21:15	 Clermont Foot
AS Monaco	
0
0
1.67
2.07
2.5
2.00
1.72
2.45
2.95
2.95
1.35
1.37
1.50
1.5
1.5
2.45
2.75
1.48
1.40
 	 1:0(0:0)  
189	27/04
21:30	 Tours
SC Bastia	
0
0
1.80
1.90
2.5
1.95
1.76
2.65
3.00
2.70
1.42
1.37
1.44
 
 	 2:1(1:0) 
170	04/05
21:00	 US Boulogne-sur-Mer
Laval	
0
0
1.47
2.50
  	
2.5
1.80
1.90
2.05
3.05
3.75
1.23
1.35
1.70
 
 	 3:0(2:0)  
171	04/05
21:00	 Chateauroux
Tours	
0
0
1.50
2.40
  	
2.5
1.85
1.85
2.10
3.15
3.45
1.27
1.35
1.65
1.5
1.5
2.20
2.65
1.60
1.42
 	 1:3(0:1)  
172	04/05
21:00	 Clermont Foot
Sedan	
0
0
1.55
2.30
  	
2.5
1.85
1.85
2.25
3.05
3.25
1.30
1.35
1.57
1.5
1.5
2.20
2.75
1.60
1.40
 	 1:1(0:0)  
173	04/05
21:00	 Istres
Angers SCO	
0
0
1.40
2.73
  	
2.5
2.10
1.65
2.00
3.10
3.85
1.22
1.35
1.72
1.5
1.5
2.10
3.05
1.65
1.33
 	 0:1(0:1)  
174	04/05
21:00	 Le Havre
Amiens SC	
–1.0
+1.0
1.57
2.25
  	
2.5
1.80
1.90
1.30
4.75
9.50
1.03
1.17
3.20
 
 	 2:0(1:0)  
175	04/05
21:00	 Le Mans
SC Bastia	
-0.25
+0.25
1.85
1.85
 
 	
2.5
2.00
1.72
2.20
3.15
3.20
1.30
1.33
1.60
 
 	 3:0(1:0)  
176	04/05
21:00	 Metz
Guingamp	
0
0
1.30
3.20
  	
2.5
2.20
1.60
1.80
3.15
4.75
1.15
1.33
1.90
 
 	 2:5(0:2)  
177	04/05
21:00	 Nantes
AC Arles-Avignon	
0
0
1.37
2.85
  	
2.5
2.07
1.67
1.85
3.30
4.15
1.20
1.30
1.85
 
 	 3:0(1:0)  
178	04/05
21:15	 Troyes
Lens	
–1.0
+1.0
2.15
1.63
  	
2.5
1.85
1.85
1.67
3.40
5.30
1.12
1.30
2.07
 
 	 2:0(2:0) 
150	11/05
21:30	 Amiens SC
Reims	
0
0
3.05
1.33
2.5
1.85
1.85
4.40
3.15
1.85
1.85
1.33
1.17
 
 	 0:2(0:1)  
151	11/05
21:30	 Angers SCO
US Boulogne-sur-Mer	
0
0
1.45
2.55
2.5
1.75
1.96
2.05
3.20
3.55
1.25
1.32
1.70
 
 	 2:1(1:0)  
152	11/05
21:30	 AC Arles-Avignon
Metz	
0
0
1.57
2.25
2.5
2.30
1.55
2.25
2.85
3.45
1.27
1.39
1.57
1.5
1.5
2.40
3.10
1.50
1.32
 	 1:0(1:0)  
155	11/05
21:30	 Laval
Le Havre	
0
0
1.95
1.75
2.5
1.90
1.80
2.85
3.00
2.50
1.47
1.35
1.37
 
 	 0:2(0:1)  
157	11/05
21:30	 AS Monaco
Troyes	
0
0
1.80
1.90
2.5
1.93
1.78
2.60
2.95
2.80
1.40
1.37
1.45
 
 	 0:2(0:1)  
158	11/05
21:30	 Sedan
Chateauroux	
–1.0
+1.0
1.75
1.96
2.5
1.65
2.10
1.45
4.00
6.85
1.07
1.22
2.55
 
 	 2:0(0:0)  
159	11/05
21:30	 Tours
Le Mans	
0
0
1.70
2.03
2.5
1.96
1.75
2.40
3.10
2.95
1.35
1.35
1.50
 
 	 2:1(1:0) 