184	06/01
16:00	 AC Milan
Siena	
–1.5
+1.5
1.90
1.85
  	
2.75
1.95
 	
1.80
 	
1.28
5.10
11.00
1.02
1.14
3.45
2.0
1.0
1.67
3.40
2.07
1.27
 	 2:1(0:0) 
220	24/02
21:45	 Internazionale Milan
AC Milan	
+0.25
-0.25
2.05
1.75
 
 	
2.5
1.87
1.87
3.65
3.40
2.05
1.75
1.30
1.25
1.5
1.5
2.65
1.95
1.42
1.76
 	 1:1(0:1)
160	08/05
19:00	 Pescara
AC Milan	
+2.0
–2.0
1.87
1.87
  	
3.25
1.95
 	
1.80
 	
16.00
7.00
1.15
4.85
1.08
1.01
1.5
2.5
6.00
1.75
1.09
1.96
 	 0:4(0:2)
168	12/05
13:30	 Chievo
Torino	
0
0
2.00
1.75
  	
2.0
2.00
1.75
3.55
2.10
2.95
1.35
1.67
1.25
 
 	 1:1(1:1)  
208	03/04
19:30	 Sampdoria
Internazionale Milan	
+0.25
-0.25
1.70
2.05
 
 	
2.25
1.80
 	
1.95
 	
2.95
3.15
2.50
1.50
1.33
1.35
1.5
1.5
2.65
2.30
1.42
1.55
 	 0:2(0:1)
287	06/10
19:00	 Chievo
Sampdoria	
-0.25
+0.25
2.00
1.75
 
 	
2.0
1.80
1.90
2.45
2.95
3.10
1.32
1.37
1.50
1.5
1.5
2.65
2.85
1.42
1.37
 	 2:1(1:0)  
288	06/10
21:45	 Genoa
Palermo	
-0.25
+0.25
1.90
1.85
 
 	
2.5
1.85
1.90
2.25
3.15
3.25
1.30
1.33
1.60
1.5
1.0
2.00
1.72
1.72
2.00
 	 1:1(0:1)  
289	07/10
13:30	 AS Roma
Atalanta	
-1.25
+1.25
1.90
1.85
 
 	
3.25
1.95
 	
1.80
 	
1.42
4.40
7.25
1.06
1.22
2.75
2.0
1.5
1.65
3.20
2.11
1.30
 	 2:0(1:0)  
290	07/10
16:00	 Catania
Parma	
-0.25
+0.25
1.87
1.87
 
 	
2.25
1.80
 	
1.95
 	
2.20
3.10
3.40
1.27
1.35
1.63
1.5
1.5
2.30
2.75
1.55
1.40
 	 2:0(1:0)  
291	07/10
16:00	 Fiorentina
Bologna	
-0.75
+0.75
1.75
2.00
 
 	
2.5
1.95
1.80
1.57
3.70
6.45
1.09
1.25
2.30
1.5
1.0
1.70
2.50
2.03
1.47
 	 1:0(1:0)  
292	07/10
16:00	 Pescara
Lazio	
+0.25
-0.25
2.15
1.65
 
 	
2.5
1.87
1.87
4.05
3.35
1.90
1.90
1.30
1.20
1.0
1.5
2.10
1.85
1.67
1.85
 	 0:3(0:3)  
293	07/10
16:00	 Siena
Juventus	
+1.0
–1.0
1.90
1.85
  	
2.5
1.87
1.87
6.85
3.95
1.50
2.45
1.23
1.07
1.0
1.5
2.85
1.57
1.37
2.25
 	 1:2(1:1)  
294	07/10
16:00	 Torino
Cagliari	
-0.25
+0.25
1.75
2.00
 
 	
2.25
2.00
 	
1.75
 	
2.00
3.00
4.15
1.20
1.37
1.75
1.5
1.0
2.10
2.25
1.66
1.57
 	 0:1(0:0)  
295	07/10
21:45	 AC Milan
Internazionale Milan	
-0.25
+0.25
2.05
1.70
 
 	
2.5
2.00
1.75
2.45
3.15
2.95
1.35
1.33
1.50
1.5
1.5
2.30
2.50
1.55
1.47
 	 0:1(0:1)  
296	07/10
21:45	 Napoli
Udinese	
–1.0
+1.0
1.85
1.90
  	
2.5
1.90
1.85
1.50
3.85
7.00
1.06
1.23
2.50
1.5
1.0
1.60
3.10
2.20
1.32
 	 2:1(2:1) 
325	20/10
19:00	 Juventus
Napoli	
-0.75
+0.75
1.87
1.87
 
 	
2.75
2.00
 	
1.75
 	
1.70
3.60
4.90
1.15
1.27
2.05
1.5
1.0
1.65
2.00
2.11
1.72
 	 2:0(0:0)  
326	20/10
21:45	 Lazio
AC Milan	
-0.25
+0.25
1.95
1.80
 
 	
2.5
1.95
1.80
2.35
3.25
2.95
1.35
1.33
1.55
1.5
1.5
2.30
2.55
1.55
1.45
 	 3:2(2:0)  
327	21/10
13:30	 Cagliari
Bologna	
-0.25
+0.25
1.70
2.05
 
 	
2.25
2.00
 	
1.75
 	
2.00
3.05
4.05
1.21
1.35
1.75
1.5
1.0
2.20
2.25
1.60
1.57
 	 1:0(0:0)  
328	21/10
16:00	 Atalanta
Siena	
-0.25
+0.25
1.70
2.05
 
 	
2.25
1.95
 	
1.80
 	
2.00
3.10
4.05
1.21
1.37
1.75
1.5
1.5
2.10
3.40
1.66
1.27
 	 2:1(0:0)  
329	21/10
16:00	 Chievo
Fiorentina	
+0.25
-0.25
1.85
1.90
 
 	
2.25
1.95
 	
1.80
 	
3.20
3.10
2.30
1.57
1.35
1.30
1.5
1.5
2.95
2.35
1.35
1.52
 	 1:1(1:1)  
330	21/10
16:00	 Internazionale Milan
Catania	
–1.0
+1.0
1.90
1.85
  	
2.75
1.90
 	
1.85
 	
1.52
3.90
6.45
1.08
1.24
2.40
1.5
1.0
1.55
2.30
2.30
1.55
 	 2:0(1:0)  
331	21/10
16:00	 Palermo
Torino	
-0.25
+0.25
1.80
1.90
 
 	
2.25
1.75
 	
2.00
 	
2.15
3.15
3.55
1.25
1.32
1.65
1.5
1.5
2.10
3.10
1.66
1.32
 	 0:0(0:0)  
333	21/10
16:00	 Udinese
Pescara	
–1.0
+1.0
1.85
1.90
  	
2.5
1.85
1.90
1.47
4.05
6.90
1.07
1.22
2.55
1.5
1.0
1.57
2.65
2.25
1.42
 	 1:0(0:0)  
334	21/10
21:45	 Genoa
AS Roma	
+0.25
-0.25
1.95
1.80
 
 	
3.25
1.87
 	
1.87
 	
3.20
3.40
2.15
1.65
1.30
1.30
1.5
1.5
2.00
1.65
1.72
2.11
 	 2:4(2:2) 
298	27/10
19:00	 Siena
Palermo	
-0.25
+0.25
1.95
1.80
 
 	
2.25
1.85
 	
1.90
 	
2.35
3.10
3.15
1.33
1.33
1.55
1.5
1.5
2.50
2.75
1.47
1.40
 	 0:0(0:0)  
299	27/10
21:45	 AC Milan
Genoa	
-1.25
+1.25
1.80
1.95
 
 	
2.75
1.80
 	
1.95
 	
1.37
4.45
9.30
1.04
1.20
2.90
2.0
1.0
1.70
2.75
2.03
1.40
 	 1:0(0:0)  
300	28/10
13:30	 Catania
Juventus	
+0.75
-0.75
1.80
1.95
 
 	
2.5
1.95
1.80
4.95
3.50
1.72
2.05
1.30
1.14
1.0
1.5
2.30
1.75
1.55
1.96
 	 0:1(0:0)  
301	28/10
16:00	 Bologna
Internazionale Milan	
+0.25
-0.25
2.05
1.70
 
 	
2.25
1.80
 	
1.95
 	
3.85
3.10
2.05
1.70
1.35
1.22
1.0
1.5
2.00
2.00
1.72
1.72
 	 1:3(0:1)  
302	28/10
16:00	 Fiorentina
Lazio	
-0.25
+0.25
1.80
1.95
 
 	
2.25
1.85
 	
1.90
 	
2.15
3.20
3.45
1.27
1.32
1.65
1.5
1.5
2.15
3.10
1.63
1.32
 	 2:0(1:0)  
303	28/10
16:00	 Pescara
Atalanta	
+0.25
-0.25
1.70
2.05
 
 	
2.25
1.80
 	
1.95
 	
2.95
3.05
2.50
1.47
1.35
1.35
1.5
1.5
2.65
2.40
1.42
1.50
 	 0:0(0:0)  
304	28/10
16:00	 Sampdoria
Cagliari	
-0.25
+0.25
1.80
1.95
 
 	
2.25
1.95
 	
1.80
 	
2.10
3.15
3.65
1.25
1.35
1.67
1.5
1.0
2.15
2.10
1.63
1.65
 	 0:1(0:0)  
305	28/10
16:00	 Torino
Parma	
-0.25
+0.25
1.80
1.95
 
 	
2.25
1.95
 	
1.80
 	
2.15
3.00
3.70
1.24
1.37
1.65
1.5
1.0
2.20
2.00
1.60
1.72
 	 1:3(0:0)  
306	28/10
21:45	 Napoli
Chievo	
-1.25
+1.25
1.95
1.80
 
 	
2.75
1.95
 	
1.80
 	
1.37
4.45
8.90
1.04
1.18
2.95
1.5
1.5
1.47
5.00
2.50
1.14
 	 1:0(0:0)  
307	28/10
21:45	 AS Roma
Udinese	
–1.0
+1.0
1.90
1.85
  	
3.25
1.90
 	
1.85
 	
1.55
4.00
5.85
1.11
1.23
2.35
1.5
1.5
1.40
2.65
2.75
1.42
 	 2:3(2:1)  
113	30/10
21:45	 Palermo
AC Milan	
+0.25
-0.25
1.85
1.90
 
 	
2.5
1.95
1.80
3.25
3.20
2.25
1.60
1.33
1.30
1.5
1.5
2.65
2.05
1.42
1.70
 	 2:2(1:0)  
114	31/10
21:45	 Atalanta
Napoli	
+0.25
-0.25
2.05
1.70
 
 	
2.25
1.95
 	
1.80
 	
3.75
3.20
2.05
1.70
1.35
1.23
1.0
1.5
2.10
2.10
1.65
1.65
 	 1:0(1:0)  
115	31/10
21:45	 Cagliari
Siena	
-0.25
+0.25
1.63
2.20
 
 	
2.25
1.95
 	
1.80
 	
1.87
3.25
4.45
1.17
1.33
1.87
1.5
1.0
2.10
2.30
1.66
1.55
 	 4:2(3:1)  
116	31/10
21:45	 Chievo
Pescara	
-0.75
+0.75
1.95
1.80
 
 	
2.25
1.75
 	
2.00
 	
1.75
3.35
5.10
1.13
1.30
2.00
1.5
1.0
1.85
2.40
1.85
1.50
 	 2:0(0:0)  
117	31/10
21:45	 Internazionale Milan
Sampdoria	
–1.0
+1.0
1.80
1.95
  	
2.5
1.80
1.95
1.45
4.05
7.50
1.06
1.22
2.65
1.5
1.0
1.47
2.75
2.50
1.40
 	 3:2(0:1)  
118	31/10
21:45	 Juventus
Bologna	
-1.75
+1.75
2.00
1.75
 
 	
2.75
1.90
 	
1.85
 	
1.23
5.45
14.50
1.01
1.12
3.85
2.5
1.5
2.25
6.45
1.57
1.08
 	 2:1(0:0)  
120	31/10
21:45	 Parma
AS Roma	
+0.25
-0.25
1.85
1.90
 
 	
3.25
1.85
 	
1.90
 	
2.85
3.50
2.30
1.57
1.28
1.37
1.5
1.5
1.95
1.72
1.76
2.00
 	 3:2(2:1)  
121	31/10
21:45	 Udinese
Catania	
-0.25
+0.25
1.60
2.25
 
 	
2.5
1.90
1.85
1.85
3.30
4.45
1.17
1.33
1.90
1.5
1.0
1.90
2.00
1.80
1.72
 	 2:2(1:0)  
122	01/11
21:45	 Genoa
Fiorentina	
+0.25
-0.25
1.85
1.90
 
 	
2.25
1.80
 	
1.95
 	
3.25
3.15
2.25
1.60
1.33
1.30
1.5
1.5
2.95
2.25
1.35
1.57
 	 0:1(0:1)  
310	03/11
19:00	 AC Milan
Chievo	
–1.0
+1.0
1.85
1.90
  	
2.25
1.75
 	
2.00
 	
1.45
4.05
7.50
1.06
1.22
2.65
1.5
1.0
1.57
2.95
2.25
1.35
 	 5:1(3:1)  
311	03/11
21:45	 Juventus
Internazionale Milan	
-0.75
+0.75
1.85
1.90
 
 	
2.75
2.00
 	
1.75
 	
1.65
3.75
5.30
1.14
1.25
2.15
1.5
1.0
1.60
2.10
2.20
1.65
 	 1:3(1:0)  
312	04/11
13:30	 Pescara
Parma	
+0.25
-0.25
1.90
1.85
 
 	
2.25
1.80
 	
1.95
 	
3.45
3.20
2.15
1.65
1.35
1.27
1.5
1.5
2.85
2.25
1.37
1.57
 	 2:0(0:0)  
313	04/11
16:00	 Bologna
Udinese	
-0.25
+0.25
1.87
1.87
 
 	
2.25
1.85
 	
1.90
 	
2.25
3.10
3.35
1.28
1.37
1.60
1.5
1.5
2.30
2.85
1.55
1.37
 	 1:1(0:0)  
314	04/11
16:00	 Catania
Lazio	
-0.25
+0.25
2.00
1.75
 
 	
2.25
1.80
 	
1.95
 	
2.45
3.15
2.95
1.35
1.35
1.50
1.5
1.5
2.40
2.65
1.50
1.42
 	 4:0(3:0)  
315	04/11
16:00	 Fiorentina
Cagliari	
–1.0
+1.0
1.95
1.80
  	
2.25
1.87
 	
1.87
 	
1.55
3.65
6.85
1.08
1.28
2.35
1.5
1.5
1.75
5.10
1.96
1.13
 	 4:1(1:1)  
316	04/11
16:00	 Napoli
Torino	
–1.0
+1.0
1.95
1.80
  	
2.5
1.95
1.80
1.50
4.00
6.45
1.08
1.23
2.45
1.5
1.0
1.60
3.10
2.20
1.32
 	 1:1(1:0)  
317	04/11
16:00	 Sampdoria
Atalanta	
-0.25
+0.25
1.90
1.85
 
 	
2.25
2.00
 	
1.75
 	
2.25
3.05
3.40
1.28
1.35
1.60
1.5
1.5
2.35
3.05
1.52
1.33
 	 1:2(0:1)  
318	04/11
16:00	 Siena
Genoa	
-0.25
+0.25
1.80
1.95
 
 	
2.25
1.90
 	
1.85
 	
2.15
3.10
3.60
1.25
1.35
1.65
1.5
1.0
2.20
2.10
1.60
1.65
 	 1:0(0:0)  
319	04/11
21:45	 AS Roma
Palermo	
-1.25
+1.25
2.00
1.75
 
 	
3.5
1.85
1.90
1.47
4.45
6.00
1.10
1.20
2.50
2.5
1.5
2.10
2.65
1.66
1.42
 	 4:1(2:0) 
321	10/11
19:00	 Cagliari
Catania	
-0.25
+0.25
1.75
2.00
 
 	
2.25
1.85
 	
1.90
 	
2.10
3.15
3.70
1.25
1.32
1.70
1.5
1.5
2.20
3.05
1.60
1.33
 	 0:0(0:0)  
322	10/11
21:45	 Pescara
Juventus	
+1.5
–1.5
1.80
1.90
  	
2.75
1.80
 	
1.95
 	
11.50
4.75
1.30
3.25
1.17
1.02
1.5
1.5
5.30
1.35
1.12
2.95
 	 1:6(1:5)  
323	11/11
13:30	 Palermo
Sampdoria	
-0.25
+0.25
1.75
2.00
 
 	
2.25
1.90
 	
1.85
 	
2.05
3.10
3.95
1.22
1.32
1.70
1.5
1.5
2.20
3.10
1.60
1.32
 	 2:0(0:0)  
324	11/11
16:00	 Chievo
Udinese	
-0.25
+0.25
1.95
1.80
 
 	
2.25
1.95
 	
1.80
 	
2.35
3.10
3.15
1.32
1.35
1.55
1.5
1.5
2.35
2.95
1.52
1.35
 	 2:2(1:1)  
325	11/11
16:00	 Genoa
Napoli	
+0.25
-0.25
2.12
1.67
 
 	
2.25
1.80
 	
1.95
 	
4.10
3.25
1.95
1.80
1.35
1.20
1.0
1.5
2.10
2.00
1.67
1.72
 	 2:4(1:0)  
326	11/11
16:00	 Lazio
AS Roma	
0
0
1.85
1.90
  	
3.5
1.90
1.80
2.50
3.50
2.60
1.45
1.30
1.47
1.5
1.5
1.72
1.72
2.00
2.00
 	 3:2(2:1)  
327	11/11
16:00	 AC Milan
Fiorentina	
-0.25
+0.25
1.65
2.15
 
 	
2.25
1.85
 	
1.90
 	
1.90
3.40
4.15
1.20
1.32
1.85
1.5
1.0
1.95
2.00
1.76
1.72
 	 1:3(0:2)  
328	11/11
16:00	 Parma
Siena	
-0.75
+0.75
1.95
1.80
 
 	
2.25
1.85
 	
1.90
 	
1.75
3.35
5.10
1.13
1.30
2.00
1.5
1.0
1.90
2.40
1.80
1.50
 	 0:0(0:0)  
329	11/11
16:00	 Torino
Bologna	
-0.25
+0.25
1.60
2.25
 
 	
2.0
1.75
1.96
1.87
3.20
4.55
1.17
1.33
1.87
1.5
1.0
2.10
2.25
1.67
1.57
 	 1:0(0:0)  
330	11/11
21:45	 Atalanta
Internazionale Milan	
+0.25
-0.25
1.85
1.90
 
 	
2.5
1.95
1.80
3.45
3.10
2.20
1.65
1.37
1.27
1.0
1.5
1.85
2.00
1.85
1.72
 	 3:2(1:0)  
326	17/11
19:00	 Juventus
Lazio	
-1.25
+1.25
2.00
1.75
 
 	
2.75
1.75
 	
2.00
 	
1.45
4.15
7.50
1.06
1.22
2.65
1.5
1.5
1.40
3.75
2.75
1.23
 	 0:0(0:0)  
327	17/11
21:45	 Napoli
AC Milan	
-0.75
+0.75
2.10
1.67
 
 	
2.5
1.80
1.95
1.90
3.50
3.95
1.21
1.28
1.85
1.5
1.0
1.75
1.90
1.96
1.80
 	 2:2(2:1)  
328	18/11
16:00	 Bologna
Palermo	
-0.25
+0.25
1.90
1.85
 
 	
2.25
1.87
 	
1.87
 	
2.25
3.10
3.35
1.30
1.35
1.60
1.5
1.5
2.25
2.95
1.57
1.35
 	 3:0(2:0)  
329	18/11
16:00	 Catania
Chievo	
-0.75
+0.75
2.00
1.75
 
 	
2.25
1.87
 	
1.87
 	
1.80
3.35
4.75
1.15
1.32
1.95
1.5
1.0
1.95
2.40
1.76
1.50
 	 2:1(0:0)  
330	18/11
16:00	 Fiorentina
Atalanta	
–1.0
+1.0
1.95
1.80
  	
2.25
1.75
 	
2.00
 	
1.55
3.75
6.45
1.09
1.25
2.35
1.5
1.5
1.67
4.25
2.07
1.18
 	 4:1(3:1)  
331	18/11
16:00	 Internazionale Milan
Cagliari	
–1.0
+1.0
1.90
1.85
  	
2.75
2.00
 	
1.75
 	
1.52
3.85
6.85
1.07
1.25
2.40
1.5
1.0
1.57
2.40
2.25
1.50
 	 2:2(1:1)  
332	18/11
16:00	 Siena
Pescara	
-0.75
+0.75
1.90
1.85
 
 	
2.25
1.80
 	
1.95
 	
1.70
3.45
5.30
1.13
1.30
2.05
1.5
1.0
1.80
2.40
1.90
1.50
 	 1:0(1:0)  
333	18/11
16:00	 Udinese
Parma	
-0.25
+0.25
1.75
2.00
 
 	
2.5
1.97
1.77
2.05
3.20
3.80
1.23
1.33
1.70
1.5
1.0
2.10
1.95
1.65
1.76
 	 2:2(1:0)  
334	18/11
21:45	 Sampdoria
Genoa	
0
0
1.80
1.95
  	
2.25
1.95
 	
1.80
 	
2.55
3.05
2.85
1.38
1.35
1.45
1.5
1.5
2.55
2.75
1.45
1.40
 	 3:1(2:0)  
335	19/11
21:45	 AS Roma
Torino	
–1.0
+1.0
1.90
1.85
  	
3.25
1.75
 	
2.00
 	
1.57
4.20
5.30
1.12
1.22
2.30
1.5
1.5
1.42
2.65
2.65
1.42
 	 2:0(0:0)  
301	24/11
21:45	 Palermo
Catania	
-0.25
+0.25
1.95
1.80
 
 	
2.5
1.95
1.80
2.30
3.15
3.20
1.32
1.33
1.57
1.5
1.5
2.20
2.65
1.60
1.42
 	 3:1(1:0)  
302	25/11
16:00	 Atalanta
Genoa	
-0.75
+0.75
2.05
1.70
 
 	
2.25
1.80
 	
1.95
 	
1.80
3.35
4.75
1.15
1.30
1.95
1.5
1.0
1.90
2.30
1.80
1.55
 	 0:1(0:1)  
303	25/11
16:00	 Chievo
Siena	
-0.25
+0.25
1.70
2.05
 
 	
2.25
2.00
 	
1.75
 	
2.00
3.10
4.15
1.20
1.35
1.75
1.5
1.0
2.20
2.25
1.60
1.57
 	 0:0(0:0)  
304	25/11
16:00	 Pescara
AS Roma	
+1.0
–1.0
1.80
1.95
  	
3.5
1.80
1.90
5.10
4.35
1.55
2.35
1.20
1.13
1.5
2.5
2.50
2.15
1.47
1.63
 	 0:1(0:1)  
305	25/11
16:00	 Sampdoria
Bologna	
-0.25
+0.25
1.90
1.85
 
 	
2.25
1.95
 	
1.80
 	
2.25
3.10
3.35
1.30
1.35
1.60
1.5
1.5
2.30
2.95
1.55
1.35
 	 1:0(0:0)  
306	25/11
16:00	 Torino
Fiorentina	
+0.25
-0.25
1.85
1.90
 
 	
2.25
1.90
 	
1.85
 	
3.25
3.10
2.30
1.57
1.37
1.30
1.5
1.5
3.05
2.30
1.33
1.55
 	 2:2(1:0)  
307	25/11
21:45	 AC Milan
Juventus	
+0.25
-0.25
1.90
1.85
 
 	
2.5
1.90
1.85
3.40
3.20
2.20
1.65
1.33
1.27
1.5
1.5
2.65
2.05
1.42
1.70
 	 1:0(1:0)  
308	26/11
20:00	 Cagliari
Napoli	
+0.25
-0.25
1.80
1.95
 
 	
2.5
1.95
1.80
3.05
3.15
2.40
1.55
1.32
1.33
1.5
1.5
2.75
2.20
1.40
1.60
 	 0:1(0:0)  
309	26/11
22:00	 Parma
Internazionale Milan	
+0.25
-0.25
1.70
2.05
 
 	
2.5
1.85
1.90
2.90
3.20
2.50
1.50
1.33
1.36
1.5
1.5
2.40
2.20
1.50
1.60
 	 1:0(0:0)  
310	27/11
21:45	 Lazio
Udinese	
-0.75
+0.75
2.05
1.70
 
 	
2.5
1.90
1.85
1.83
3.35
4.55
1.16
1.30
1.93
1.5
1.0
1.80
2.00
1.90
1.72
 	 3:0(2:0)  
227	30/11
21:45	 Catania
AC Milan	
+0.25
-0.25
1.90
1.85
 
 	
2.25
1.75
 	
2.00
 	
3.45
3.25
2.15
1.65
1.33
1.27
1.5
1.5
2.75
2.05
1.40
1.70
 	 1:3(1:0)  
228	01/12
21:45	 Juventus
Torino	
–1.5
+1.5
1.95
1.80
  	
2.75
2.00
 	
1.75
 	
1.33
4.75
10.00
1.03
1.18
3.15
2.0
1.5
1.80
5.30
1.90
1.12
 	 3:0(0:0)  
229	02/12
13:30	 Napoli
Pescara	
-1.75
+1.75
1.80
1.95
 
 	
2.75
1.77
 	
1.97
 	
1.20
6.00
15.50
1.01
1.10
4.25
2.5
1.5
2.00
6.50
1.72
1.08
 	 5:1(2:1)  
230	02/12
16:00	 Bologna
Atalanta	
-0.25
+0.25
1.90
1.85
 
 	
2.25
1.90
 	
1.85
 	
2.30
3.10
3.25
1.30
1.35
1.57
1.5
1.5
2.40
2.95
1.50
1.35
 	 2:1(1:0)  
231	02/12
16:00	 Genoa
Chievo	
-0.25
+0.25
1.85
1.90
 
 	
2.25
1.90
 	
1.85
 	
2.20
3.10
3.45
1.27
1.35
1.65
1.5
1.5
2.25
3.05
1.57
1.33
 	 2:4(1:3)  
232	02/12
16:00	 Internazionale Milan
Palermo	
-1.25
+1.25
1.95
1.80
 
 	
3.0
1.95
1.80
1.40
4.50
7.85
1.05
1.20
2.75
2.0
1.0
1.90
2.50
1.80
1.47
 	 1:0(0:0)  
233	02/12
16:00	 Lazio
Parma	
-0.75
+0.75
1.95
1.80
 
 	
2.5
1.90
1.85
1.72
3.55
4.95
1.15
1.30
2.05
1.5
1.0
1.72
2.10
2.00
1.66
 	 2:1(2:0)  
234	02/12
16:00	 Siena
AS Roma	
+0.25
-0.25
2.05
1.70
 
 	
3.25
2.00
 	
1.75
 	
3.45
3.65
2.00
1.75
1.28
1.28
1.5
1.5
2.25
1.65
1.57
2.11
 	 1:3(1:0)  
235	02/12
16:00	 Udinese
Cagliari	
-0.25
+0.25
1.65
2.15
 
 	
2.25
1.80
 	
1.95
 	
1.95
3.20
4.25
1.17
1.33
1.80
1.5
1.0
2.00
2.20
1.72
1.60
 	 4:1(2:0)  
236	02/12
21:45	 Fiorentina
Sampdoria	
-1.25
+1.25
2.00
1.75
 
 	
2.25
1.75
 	
2.00
 	
1.45
4.00
7.90
1.06
1.22
2.65
1.5
1.0
1.57
3.10
2.25
1.32
 	 2:2(1:0)  
290	08/12
19:00	 Atalanta
Parma	
-0.25
+0.25
1.90
1.85
 
 	
2.25
1.80
 	
1.95
 	
2.30
3.10
3.25
1.30
1.37
1.60
1.5
1.5
2.25
2.95
1.57
1.35
 	 2:1(2:1)  
291	08/12
21:45	 AS Roma
Fiorentina	
-0.25
+0.25
1.67
2.12
 
 	
3.25
1.95
 	
1.80
 	
1.95
3.75
3.50
1.27
1.25
1.80
1.5
1.5
1.57
2.20
2.25
1.60
 	 4:2(3:1)  
292	09/12
16:00	 Cagliari
Chievo	
-0.75
+0.75
2.05
1.70
 
 	
2.25
1.90
 	
1.85
 	
1.85
3.25
4.55
1.16
1.32
1.90
1.5
1.0
1.95
2.40
1.76
1.50
 	 0:2(0:0)  
293	09/12
16:00	 Palermo
Juventus	
+0.75
-0.75
1.95
1.80
 
 	
2.75
1.95
 	
1.80
 	
5.55
3.85
1.60
2.25
1.25
1.12
1.0
1.5
2.20
1.57
1.60
2.25
 	 0:1(0:0)  
294	09/12
16:00	 Pescara
Genoa	
0
0
1.95
1.80
  	
2.5
1.90
1.85
2.75
3.15
2.60
1.45
1.35
1.40
1.5
1.5
2.50
2.40
1.47
1.50
 	 2:0(0:0)  
295	09/12
16:00	 Siena
Catania	
-0.25
+0.25
1.87
1.87
 
 	
2.25
1.95
 	
1.80
 	
2.25
3.10
3.40
1.27
1.35
1.60
1.5
1.5
2.25
3.10
1.57
1.32
 	 1:3(1:0)  
296	09/12
16:00	 Torino
AC Milan	
+0.25
-0.25
2.00
1.75
 
 	
2.25
1.80
 	
1.95
 	
3.55
3.25
2.10
1.70
1.33
1.25
1.0
1.5
2.00
2.00
1.72
1.72
 	 2:4(1:1)  
297	09/12
21:45	 Internazionale Milan
Napoli	
-0.25
+0.25
1.95
1.80
 
 	
2.5
1.90
1.85
2.30
3.25
3.10
1.32
1.33
1.60
1.5
1.5
2.15
2.65
1.63
1.42
 	 2:1(2:0)  
298	10/12
20:00	 Sampdoria
Udinese	
-0.25
+0.25
2.00
1.75
 
 	
2.25
1.85
 	
1.90
 	
2.40
3.15
3.05
1.35
1.33
1.52
1.5
1.5
2.50
2.75
1.47
1.40
 	 0:2(0:2)  
299	10/12
22:00	 Bologna
Lazio	
0
0
2.00
1.75
  	
2.25
1.85
 	
1.90
 	
2.85
3.10
2.55
1.47
1.35
1.37
1.5
1.5
2.65
2.40
1.42
1.50
 	 0:0(0:0)  
275	15/12
19:00	 Udinese
Palermo	
-0.75
+0.75
2.00
1.75
 
 	
2.5
1.90
1.85
1.78
3.45
4.75
1.15
1.30
1.97
1.5
1.0
1.75
2.00
1.96
1.72
 	 1:1(0:1)  
276	15/12
21:45	 Lazio
Internazionale Milan	
0
0
1.75
2.00
  	
2.5
1.80
1.95
2.45
3.35
2.85
1.40
1.33
1.50
1.5
1.5
2.20
2.30
1.60
1.55
 	 1:0(0:0)  
277	16/12
13:30	 Fiorentina
Siena	
-1.25
+1.25
1.95
1.80
 
 	
2.5
1.95
1.80
1.40
4.25
8.75
1.05
1.20
2.80
1.5
1.0
1.55
3.40
2.30
1.27
 	 4:1(3:0)  
278	16/12
16:00	 Catania
Sampdoria	
-0.75
+0.75
2.05
1.70
 
 	
2.25
1.80
 	
1.95
 	
1.80
3.45
4.55
1.17
1.30
1.95
1.5
1.5
1.85
3.55
1.85
1.25
 	 3:1(0:1)  
279	16/12
16:00	 Chievo
AS Roma	
+0.25
-0.25
2.10
1.67
 
 	
3.0
1.85
1.90
3.65
3.75
1.90
1.85
1.25
1.25
1.5
1.5
2.65
1.72
1.42
2.00
 	 1:0(0:0)  
280	16/12
16:00	 Genoa
Torino	
-0.25
+0.25
2.00
1.75
 
 	
2.25
1.90
 	
1.85
 	
2.45
3.15
2.95
1.35
1.35
1.52
1.5
1.5
2.40
2.85
1.50
1.37
 	 1:1(1:1)  
281	16/12
16:00	 Juventus
Atalanta	
-1.75
+1.75
2.00
1.75
 
 	
2.75
1.85
 	
1.90
 	
1.22
5.85
13.50
1.01
1.12
4.00
2.0
1.5
1.60
5.85
2.20
1.10
 	 3:0(3:0)  
282	16/12
16:00	 AC Milan
Pescara	
–2.0
+2.0
1.90
1.80
  	
3.0
1.85
1.90
1.18
6.50
15.00
1.01
1.09
4.45
2.5
1.5
1.80
6.00
1.90
1.09
 	 4:1(1:0)  
283	16/12
16:00	 Parma
Cagliari	
-0.25
+0.25
1.65
2.15
 
 	
2.25
1.87
 	
1.87
 	
1.95
3.25
4.10
1.20
1.33
1.80
1.5
1.0
2.05
2.05
1.70
1.70
 	 4:1(1:1)  
284	16/12
21:45	 Napoli
Bologna	
-1.25
+1.25
1.87
1.87
 
 	
2.75
2.00
 	
1.75
 	
1.35
4.55
9.50
1.04
1.18
2.95
2.0
1.0
1.90
3.40
1.80
1.27
 	 2:3(0:1)  
150	21/12
19:00	 Pescara
Catania	
+0.25
-0.25
1.80
1.95
 
 	
2.5
1.95
1.80
3.15
3.20
2.30
1.57
1.35
1.32
1.5
1.5
2.75
2.20
1.40
1.63
 	 2:1(1:1)  
151	21/12
21:45	 Cagliari
Juventus	
+1.25
-1.25
1.95
1.80
 
 	
2.75
2.00
 	
1.75
 	
8.70
4.55
1.38
2.95
1.18
1.04
1.5
1.5
4.75
1.45
1.15
2.55
 	 1:3(1:0)  
152	22/12
13:30	 Internazionale Milan
Genoa	
-1.25
+1.25
1.80
1.95
 
 	
2.75
1.87
 	
1.87
 	
1.33
4.75
9.50
1.03
1.18
3.15
2.5
1.5
2.50
4.95
1.47
1.14
 	 1:1(0:0)  
153	22/12
16:00	 Atalanta
Udinese	
-0.25
+0.25
1.80
1.95
 
 	
2.25
1.80
 	
1.95
 	
2.15
3.20
3.45
1.28
1.32
1.65
1.5
1.5
2.25
3.05
1.57
1.33
 	 1:1(1:1)  
154	22/12
16:00	 Bologna
Parma	
-0.25
+0.25
1.95
1.80
 
 	
2.25
1.75
 	
2.00
 	
2.30
3.10
3.25
1.30
1.35
1.57
1.5
1.5
2.25
2.75
1.57
1.40
 	 1:2(0:0)  
155	22/12
16:00	 Palermo
Fiorentina	
+0.25
-0.25
1.85
1.90
 
 	
2.5
1.87
1.87
3.25
3.10
2.30
1.60
1.33
1.30
1.5
1.5
2.75
2.20
1.40
1.60
 	 0:3(0:0)  
156	22/12
16:00	 Sampdoria
Lazio	
+0.25
-0.25
1.80
1.95
 
 	
2.25
1.85
 	
1.90
 	
3.20
3.15
2.30
1.57
1.35
1.30
1.5
1.5
2.85
2.25
1.37
1.57
 	 0:1(0:1)  
157	22/12
16:00	 Siena
Napoli	
+0.75
-0.75
1.67
2.12
 
 	
2.5
1.95
1.80
4.40
3.35
1.87
1.87
1.30
1.17
1.0
1.5
2.10
1.90
1.65
1.80
 	 0:2(0:0)  
158	22/12
16:00	 Torino
Chievo	
-0.25
+0.25
1.70
2.05
 
 	
2.25
2.00
 	
1.75
 	
2.05
3.10
3.95
1.22
1.35
1.70
1.5
1.0
2.20
2.25
1.60
1.57
 	 2:0(2:0)  
159	22/12
21:45	 AS Roma
AC Milan	
-0.25
+0.25
1.95
1.80
 
 	
3.25
1.87
 	
1.87
 	
2.30
3.70
2.80
1.40
1.27
1.57
1.5
1.5
1.80
2.00
1.90
1.72
 	 4:2(3:0)  
257	05/01
19:00	 Catania
Torino	
-0.25
+0.25
1.65
2.15
 
 	
2.25
1.80
 	
1.95
 	
1.90
3.25
4.45
1.18
1.33
1.85
1.5
1.0
1.95
2.10
1.76
1.66
 	 0:0(0:0)  
258	05/01
21:45	 Lazio
Cagliari	
–1.0
+1.0
1.90
1.85
  	
2.5
1.85
1.90
1.50
4.15
6.50
1.08
1.22
2.50
1.5
1.0
1.52
2.65
2.35
1.42
 	 2:1(0:0)  
259	06/01
13:30	 Udinese
Internazionale Milan	
+0.25
-0.25
1.80
1.95
 
 	
2.5
1.90
1.85
3.10
3.25
2.30
1.57
1.33
1.32
1.5
1.5
2.65
2.15
1.42
1.63
 	 3:0(0:0)  
260	06/01
16:00	 Chievo
Atalanta	
-0.25
+0.25
1.80
1.95
 
 	
2.25
2.00
 	
1.75
 	
2.15
3.10
3.65
1.25
1.35
1.65
1.5
1.5
2.40
3.20
1.50
1.30
 	 1:0(1:0)  
261	06/01
16:00	 Fiorentina
Pescara	
-1.75
+1.75
1.87
1.87
 
 	
3.25
2.00
 	
1.75
 	
1.22
6.00
14.00
1.01
1.11
3.90
2.5
1.5
1.85
5.30
1.85
1.12
 	 0:2(0:0)  
262	06/01
16:00	 Genoa
Bologna	
-0.25
+0.25
1.95
1.80
 
 	
2.25
1.75
 	
2.00
 	
2.30
3.10
3.25
1.30
1.35
1.57
1.5
1.5
2.25
2.75
1.57
1.40
 	 2:0(0:0)  
263	06/01
16:00	 Juventus
Sampdoria	
–2.0
+2.0
1.95
1.80
  	
3.0
1.90
1.80
1.17
6.75
15.50
1.01
1.09
4.50
2.5
1.5
1.85
6.45
1.85
1.08
 	 1:2(1:0)  
265	06/01
16:00	 Parma
Palermo	
-0.75
+0.75
1.87
1.87
 
 	
2.5
1.85
1.90
1.70
3.55
5.10
1.13
1.28
2.05
1.5
1.0
1.80
2.10
1.90
1.66
 	 2:1(0:0)  
266	06/01
21:45	 Napoli
AS Roma	
-0.25
+0.25
1.75
2.00
 
 	
3.25
1.80
 	
1.95
 	
2.05
3.75
3.20
1.30
1.25
1.70
1.5
1.5
1.65
2.00
2.11
1.72
 	 4:1(1:0) 
347	12/01
19:00	 Bologna
Chievo	
-0.25
+0.25
1.70
2.05
 
 	
2.0
1.75
1.96
2.00
3.15
4.05
1.21
1.35
1.75
1.5
1.5
2.25
3.55
1.57
1.25
 	 4:0(2:0)  
348	12/01
21:45	 Internazionale Milan
Pescara	
–1.5
+1.5
1.80
1.95
  	
3.25
2.00
 	
1.75
 	
1.25
5.75
10.00
1.03
1.12
3.60
2.5
1.5
2.00
5.10
1.72
1.13
 	 2:0(1:0)  
349	13/01
13:30	 Torino
Siena	
-0.25
+0.25
1.87
1.87
 
 	
2.25
1.95
 	
1.80
 	
2.15
3.10
3.55
1.25
1.37
1.65
1.5
1.0
2.20
2.10
1.60
1.65
 	 3:2(3:1)  
350	13/01
16:00	 Lazio
Atalanta	
-0.75
+0.75
1.75
2.00
 
 	
2.5
1.87
1.87
1.57
3.75
6.10
1.09
1.25
2.30
1.5
1.0
1.67
2.50
2.07
1.47
 	 2:0(0:0)  
351	13/01
16:00	 Cagliari
Genoa	
-0.25
+0.25
1.70
2.05
 
 	
2.25
1.85
 	
1.90
 	
2.00
3.25
3.85
1.22
1.33
1.75
1.5
1.0
2.10
2.10
1.67
1.66
 	 2:1(0:0)  
352	13/01
16:00	 Catania
AS Roma	
+0.25
-0.25
1.85
1.90
 
 	
3.25
1.85
 	
1.90
 	
3.05
3.70
2.15
1.65
1.25
1.33
1.5
1.5
1.95
1.65
1.76
2.11
 	 1:0(0:0)  
353	13/01
16:00	 Napoli
Palermo	
–1.5
+1.5
1.90
1.85
  	
3.0
1.90
1.85
1.30
5.25
9.50
1.04
1.14
3.25
2.5
1.5
2.20
4.75
1.60
1.15
 	 3:0(2:0)  
354	13/01
16:00	 Parma
Juventus	
+0.75
-0.75
1.85
1.90
 
 	
2.5
1.87
1.87
4.95
3.65
1.70
2.05
1.27
1.14
1.0
1.5
2.10
1.65
1.65
2.11
 	 1:1(0:0)  
355	13/01
16:00	 Udinese
Fiorentina	
+0.25
-0.25
1.75
2.00
 
 	
2.5
1.95
1.80
2.95
3.25
2.40
1.55
1.33
1.35
1.5
1.5
2.55
2.30
1.45
1.55
 	 3:1(1:1)  
356	13/01
21:45	 Sampdoria
AC Milan	
+0.25
-0.25
2.05
1.70
 
 	
2.5
1.95
1.80
3.85
3.30
2.00
1.75
1.32
1.22
1.0
1.5
2.00
1.95
1.72
1.76
 	 0:0(0:0)  
313	19/01
19:00	 Palermo
Lazio	
+0.25
-0.25
1.75
2.00
 
 	
2.25
1.87
 	
1.87
 	
2.95
3.15
2.45
1.52
1.35
1.35
1.5
1.5
2.65
2.25
1.42
1.57
 	 2:2(0:1)  
314	19/01
21:45	 Juventus
Udinese	
-1.25
+1.25
1.75
2.00
 
 	
2.75
1.85
 	
1.90
 	
1.35
4.75
9.10
1.04
1.18
3.05
2.5
1.5
2.30
4.95
1.55
1.14
 	 4:0(1:0)  
315	20/01
13:30	 Fiorentina
Napoli	
0
0
1.80
1.95
  	
2.5
1.80
1.95
2.60
3.10
2.80
1.38
1.35
1.45
1.5
1.5
2.20
2.30
1.60
1.55
 	 1:1(1:1)  
316	20/01
16:30	 Atalanta
Cagliari	
-0.25
+0.25
1.70
2.05
 
 	
2.25
1.90
 	
1.85
 	
2.00
3.20
3.95
1.21
1.33
1.75
1.5
1.0
2.05
2.05
1.70
1.70
 	 1:1(0:1)  
317	20/01
16:00	 Chievo
Parma	
0
0
1.95
1.80
  	
2.25
1.95
 	
1.80
 	
2.80
3.10
2.60
1.45
1.35
1.40
1.5
1.5
2.85
2.65
1.37
1.42
 	 1:1(0:1)  
318	20/01
16:00	 Genoa
Catania	
-0.25
+0.25
1.95
1.80
 
 	
2.5
1.87
1.87
2.35
3.20
3.05
1.33
1.32
1.55
1.5
1.5
2.15
2.65
1.63
1.42
 	 0:2(0:1)  
319	20/01
16:00	 AC Milan
Bologna	
-1.25
+1.25
1.95
1.80
 
 	
2.75
2.00
 	
1.75
 	
1.40
4.35
8.50
1.05
1.20
2.80
2.0
1.0
1.85
3.35
1.85
1.28
 	 2:1(0:0)  
320	20/01
16:00	 Pescara
Torino	
0
0
1.90
1.85
  	
2.25
1.95
 	
1.80
 	
2.75
3.10
2.65
1.42
1.37
1.40
1.5
1.5
2.75
2.65
1.40
1.42
 	 0:2(0:2)  
321	20/01
16:00	 Siena
Sampdoria	
-0.25
+0.25
1.95
1.80
 
 	
2.25
1.95
 	
1.80
 	
2.30
3.10
3.25
1.30
1.35
1.57
1.5
1.5
2.40
2.95
1.50
1.35
 	 1:0(0:0)  
322	20/01
21:45	 AS Roma
Internazionale Milan	
-0.25
+0.25
1.67
2.12
 
 	
3.25
1.85
 	
1.90
 	
1.95
3.75
3.45
1.27
1.25
1.80
1.5
1.5
1.63
2.15
2.15
1.63
 	 1:1(1:1)  
326	26/01
19:00	 Lazio
Chievo	
-0.75
+0.75
1.87
1.87
 
 	
2.25
1.95
 	
1.80
 	
1.65
3.45
6.00
1.10
1.30
2.15
1.5
1.0
1.80
2.75
1.90
1.40
 	 0:1(0:0)  
327	26/01
21:45	 Juventus
Genoa	
–2.0
+2.0
1.95
1.80
  	
3.25
2.00
 	
1.75
 	
1.18
6.50
15.00
1.01
1.09
4.40
2.5
1.5
1.80
6.00
1.90
1.09
 	 1:1(0:0)  
328	27/01
13:30	 Bologna
AS Roma	
+0.25
-0.25
1.90
1.80
 
 	
3.0
1.80
1.95
3.20
3.50
2.15
1.65
1.30
1.30
1.5
1.5
2.10
1.72
1.66
2.00
 	 3:3(2:2)  
329	27/01
16:00	 Atalanta
AC Milan	
+0.25
-0.25
2.05
1.70
 
 	
2.5
1.95
1.80
3.85
3.30
2.00
1.75
1.32
1.22
1.0
1.5
2.00
1.95
1.72
1.76
 	 0:1(0:1)  
330	27/01
16:00	 Cagliari
Palermo	
-0.25
+0.25
1.65
2.15
 
 	
2.25
1.75
 	
2.00
 	
1.95
3.30
4.05
1.20
1.30
1.80
1.5
1.0
1.95
2.20
1.76
1.60
 	 1:1(0:1)  
331	27/01
16:00	 Catania
Fiorentina	
+0.25
-0.25
1.80
1.95
 
 	
2.5
2.00
1.75
3.05
3.20
2.35
1.55
1.32
1.33
1.5
1.5
2.75
2.15
1.40
1.63
 	 2:1(0:1)  
332	27/01
16:00	 Parma
Napoli	
+0.25
-0.25
1.80
1.95
 
 	
2.5
1.95
1.80
3.05
3.15
2.40
1.55
1.32
1.33
1.5
1.5
2.75
2.20
1.40
1.60
 	 1:2(0:1)  
333	27/01
16:00	 Sampdoria
Pescara	
-0.75
+0.75
1.80
1.95
 
 	
2.25
1.80
 	
1.95
 	
1.63
3.55
6.00
1.10
1.28
2.20
1.5
1.0
1.75
2.75
1.96
1.40
 	 6:0(2:0)  
334	27/01
16:00	 Udinese
Siena	
-0.75
+0.75
1.85
1.90
 
 	
2.5
1.95
1.80
1.63
3.70
5.55
1.11
1.25
2.20
1.5
1.0
1.72
2.55
2.00
1.45
 	 1:0(1:0)  
335	27/01
21:45	 Internazionale Milan
Torino	
–1.0
+1.0
1.95
1.80
  	
2.5
1.95
1.80
1.55
3.85
6.45
1.08
1.25
2.35
1.5
1.5
1.65
4.40
2.11
1.17
 	 2:2(1:1)  
257	01/02
21:45	 AS Roma
Cagliari	
-1.25
+1.25
1.90
1.85
 
 	
3.25
1.87
 	
1.87
 	
1.42
4.55
7.25
1.07
1.18
2.75
2.5
1.5
2.15
2.85
1.63
1.37
 	 2:4(1:1)  
258	02/02
19:00	 Torino
Sampdoria	
-0.25
+0.25
1.75
2.00
 
 	
2.25
1.95
 	
1.80
 	
2.05
3.15
3.85
1.23
1.35
1.70
1.5
1.5
2.25
3.10
1.57
1.32
 	 0:0(0:0)  
259	02/02
21:45	 Napoli
Catania	
-1.25
+1.25
2.00
1.75
 
 	
2.75
1.80
 	
1.95
 	
1.45
4.25
7.25
1.07
1.22
2.55
1.5
1.5
1.45
3.75
2.55
1.23
 	 2:0(2:0)  
260	03/02
13:30	 Chievo
Juventus	
+1.0
–1.0
1.80
1.95
  	
2.5
1.95
1.80
6.10
3.85
1.57
2.35
1.25
1.09
1.5
1.5
4.25
1.65
1.18
2.11
 	 1:2(0:2)  
261	03/02
16:00	 Fiorentina
Parma	
-0.75
+0.75
1.95
1.80
 
 	
2.5
1.90
1.85
1.70
3.55
5.10
1.13
1.28
2.05
1.5
1.0
1.75
2.25
1.96
1.57
 	 2:0(1:0)  
262	03/02
16:00	 Genoa
Lazio	
+0.25
-0.25
1.80
1.95
 
 	
2.25
1.75
 	
2.00
 	
3.05
3.15
2.40
1.55
1.35
1.33
1.5
1.5
2.75
2.25
1.40
1.57
 	 3:2(2:0)  
263	03/02
16:00	 Palermo
Atalanta	
-0.25
+0.25
1.80
1.95
 
 	
2.25
1.85
 	
1.90
 	
2.15
3.25
3.45
1.27
1.32
1.65
1.5
1.5
2.25
3.05
1.57
1.33
 	 1:2(0:0)  
264	03/02
16:00	 Pescara
Bologna	
+0.25
-0.25
1.80
1.95
 
 	
2.25
1.75
 	
2.00
 	
3.20
3.10
2.35
1.55
1.35
1.30
1.5
1.5
2.75
2.30
1.40
1.55
 	 2:3(2:1)  
265	03/02
16:00	 Siena
Internazionale Milan	
+0.25
-0.25
2.05
1.70
 
 	
2.5
1.95
1.80
3.85
3.30
2.00
1.75
1.32
1.22
1.0
1.5
2.00
2.00
1.72
1.72
 	 3:1(2:1)  
266	03/02
21:45	 AC Milan
Udinese	
–1.0
+1.0
1.95
1.80
  	
2.5
1.80
1.95
1.53
3.95
6.50
1.08
1.25
2.40
1.5
1.0
1.60
2.40
2.20
1.50
 	 2:1(1:0) 
339	09/02
19:00	 Juventus
Fiorentina	
-0.75
+0.75
1.75
2.00
 
 	
2.5
1.80
1.95
1.60
3.75
5.90
1.11
1.25
2.25
1.5
1.0
1.65
2.30
2.11
1.55
 	 2:0(2:0)  
340	09/02
21:45	 Lazio
Napoli	
0
0
2.00
1.75
  	
2.25
1.87
 	
1.87
 	
2.85
3.20
2.55
1.47
1.33
1.37
1.5
1.5
2.55
2.30
1.45
1.55
 	 1:1(1:0)  
341	10/02
13:30	 Parma
Genoa	
-0.75
+0.75
2.05
1.70
 
 	
2.5
1.95
1.80
1.80
3.45
4.55
1.17
1.30
1.95
1.5
1.5
1.85
3.40
1.85
1.27
 	 0:0(0:0)  
342	10/02
16:00	 Atalanta
Catania	
-0.25
+0.25
1.85
1.90
 
 	
2.25
1.90
 	
1.85
 	
2.20
3.10
3.50
1.26
1.35
1.65
1.5
1.0
2.20
2.00
1.60
1.72
 	 0:0(0:0)  
343	10/02
16:00	 Bologna
Siena	
-0.25
+0.25
1.60
2.25
 
 	
2.25
1.90
 	
1.85
 	
1.87
3.35
4.40
1.17
1.30
1.87
1.5
1.0
1.95
2.30
1.76
1.55
 	 1:1(1:1)  
344	10/02
16:00	 Cagliari
AC Milan	
+0.75
-0.75
1.75
2.00
 
 	
2.5
1.95
1.80
4.45
3.55
1.80
1.95
1.28
1.17
1.0
1.5
2.30
1.80
1.57
1.90
 	 1:1(1:0)  
345	10/02
16:00	 Palermo
Pescara	
–1.0
+1.0
1.87
1.87
  	
2.5
1.80
1.95
1.50
4.00
6.85
1.08
1.23
2.45
1.5
1.0
1.60
2.40
2.20
1.50
 	 1:1(0:0)  
346	10/02
16:00	 Sampdoria
AS Roma	
+0.25
-0.25
2.00
1.75
 
 	
2.75
1.95
 	
1.80
 	
3.40
3.45
2.10
1.70
1.30
1.27
1.5
1.5
2.40
1.85
1.50
1.85
 	 3:1(0:0)  
347	10/02
16:00	 Udinese
Torino	
-0.25
+0.25
1.67
2.12
 
 	
2.25
1.85
 	
1.90
 	
1.95
3.30
4.05
1.20
1.30
1.80
1.5
1.0
2.00
2.10
1.72
1.67
 	 1:0(1:0)  
348	10/02
21:45	 Internazionale Milan
Chievo	
–1.0
+1.0
1.95
1.80
  	
2.5
1.90
1.85
1.55
3.85
6.45
1.08
1.25
2.35
1.5
1.5
1.65
4.25
2.11
1.18
 	 3:1(2:1)  
212	15/02
21:45	 AC Milan
Parma	
-1.25
+1.25
2.00
1.75
 
 	
2.75
2.00
 	
1.75
 	
1.48
4.10
7.25
1.07
1.23
2.55
1.5
1.0
1.47
2.65
2.50
1.42
 	 2:1(1:0)  
213	16/02
19:00	 Chievo
Palermo	
-0.25
+0.25
1.87
1.87
 
 	
2.25
1.90
 	
1.85
 	
2.20
3.10
3.50
1.26
1.35
1.65
1.5
1.0
2.20
2.00
1.60
1.72
 	 1:1(0:1)  
214	16/02
21:45	 AS Roma
Juventus	
+0.25
-0.25
1.95
1.80
 
 	
2.75
1.87
 	
1.87
 	
3.40
3.35
2.15
1.65
1.30
1.27
1.5
1.5
2.40
1.90
1.50
1.80
 	 1:0(0:0)  
215	17/02
16:00	 Catania
Bologna	
-0.25
+0.25
1.67
2.12
 
 	
2.25
1.75
 	
2.00
 	
1.95
3.30
4.05
1.21
1.33
1.80
1.5
1.0
1.96
2.00
1.75
1.72
 	 1:0(1:0)  
216	17/02
16:00	 Genoa
Udinese	
-0.25
+0.25
2.00
1.75
 
 	
2.5
2.00
1.75
2.40
3.15
3.05
1.33
1.35
1.55
1.5
1.5
2.30
2.65
1.55
1.42
 	 1:0(1:0)  
217	17/02
16:00	 Napoli
Sampdoria	
-1.25
+1.25
1.87
1.87
 
 	
2.75
2.00
 	
1.75
 	
1.35
4.55
9.50
1.04
1.18
2.95
2.0
1.0
1.90
3.40
1.80
1.27
 	 0:0(0:0)  
218	17/02
16:00	 Pescara
Cagliari	
+0.25
-0.25
1.80
1.95
 
 	
2.25
1.75
 	
2.00
 	
3.20
3.10
2.35
1.55
1.35
1.30
1.5
1.5
2.75
2.30
1.40
1.55
 	 0:2(0:0)  
219	17/02
16:00	 Torino
Atalanta	
-0.25
+0.25
1.75
2.00
 
 	
2.25
2.00
 	
1.75
 	
2.10
3.05
3.85
1.23
1.35
1.67
1.5
1.5
2.25
3.55
1.57
1.25
 	 2:1(1:0)  
220	17/02
21:45	 Fiorentina
Internazionale Milan	
-0.25
+0.25
1.67
2.12
 
 	
2.5
1.80
1.95
1.95
3.45
3.75
1.22
1.30
1.80
1.5
1.5
1.90
2.75
1.80
1.40
 	 4:1(2:0)  
221	18/02
21:45	 Siena
Lazio	
+0.25
-0.25
1.75
2.00
 
 	
2.25
1.90
 	
1.85
 	
3.10
3.10
2.40
1.55
1.35
1.33
1.5
1.5
2.95
2.40
1.35
1.50
 	 3:0(2:0)  
287	23/02
21:45	 Palermo
Genoa	
-0.25
+0.25
1.65
2.15
 
 	
2.25
1.80
 	
1.95
 	
1.95
3.30
4.05
1.20
1.30
1.80
1.5
1.5
2.10
3.05
1.67
1.33
 	 0:0(0:0)  
288	24/02
13:30	 Sampdoria
Chievo	
-0.25
+0.25
1.67
2.12
 
 	
2.25
1.95
 	
1.80
 	
1.95
3.25
4.15
1.20
1.33
1.80
1.5
1.0
2.20
2.25
1.60
1.57
 	 2:0(1:0)  
289	24/02
16:00	 Atalanta
AS Roma	
+0.25
-0.25
1.75
2.00
 
 	
2.5
1.80
1.95
2.95
3.30
2.40
1.55
1.33
1.35
1.5
1.5
2.40
2.20
1.50
1.60
 	 2:3(2:2)  
290	26/02
21:00	 Bologna
Fiorentina	
+0.25
-0.25
1.87
1.87
 
 	
2.25
1.75
 	
2.00
 	
3.35
3.15
2.25
1.60
1.33
1.28
1.5
1.5
2.75
2.20
1.40
1.60
 	 2:1(0:1)  
291	24/02
16:00	 Cagliari
Torino	
-0.25
+0.25
1.85
1.90
 
 	
2.25
2.00
 	
1.75
 	
2.20
3.00
3.65
1.25
1.35
1.65
1.5
1.5
2.40
3.20
1.50
1.30
 	 4:3(1:0)  
292	24/02
16:00	 Juventus
Siena	
-1.75
+1.75
1.80
1.95
 
 	
3.0
1.90
1.80
1.18
6.55
15.50
1.01
1.09
4.40
2.5
1.5
1.95
6.50
1.76
1.08
 	 3:0(1:0)  
293	24/02
16:00	 Parma
Catania	
-0.25
+0.25
1.70
2.05
 
 	
2.25
1.85
 	
1.90
 	
2.00
3.20
4.05
1.21
1.33
1.75
1.5
1.0
2.10
2.10
1.67
1.66
 	 1:2(0:2)  
295	25/02
20:00	 Udinese
Napoli	
+0.25
-0.25
1.80
1.95
 
 	
2.25
1.75
 	
2.00
 	
3.15
3.25
2.30
1.57
1.33
1.32
1.5
1.5
2.75
2.25
1.40
1.57
 	 0:0(0:0)  
296	25/02
22:00	 Lazio
Pescara	
-1.75
+1.75
1.95
1.80
 
 	
3.0
1.95
1.80
1.25
5.75
11.50
1.02
1.13
3.60
2.5
1.5
2.10
5.85
1.67
1.10
 	 2:0(2:0)  
221	01/03
21:45	 Napoli
Juventus	
+0.25
-0.25
1.80
1.95
 
 	
2.25
1.80
 	
1.95
 	
3.15
3.15
2.35
1.57
1.33
1.32
1.5
1.5
2.55
2.15
1.45
1.65
 	 1:1(1:1)  
222	02/03
21:45	 AC Milan
Lazio	
-0.75
+0.75
1.80
1.95
 
 	
2.5
1.95
1.80
1.63
3.55
6.00
1.10
1.27
2.20
1.5
1.0
1.70
2.65
2.05
1.42
 	 3:0(2:0)  
223	03/03
13:30	 Torino
Palermo	
-0.25
+0.25
1.75
2.00
 
 	
2.25
1.90
 	
1.85
 	
2.10
3.15
3.75
1.23
1.32
1.70
1.5
1.5
2.20
3.10
1.60
1.32
 	 0:0(0:0)  
224	03/03
16:00	 Bologna
Cagliari	
-0.25
+0.25
1.75
2.00
 
 	
2.25
1.75
 	
2.00
 	
2.10
3.20
3.65
1.25
1.33
1.70
1.5
1.0
2.05
1.85
1.70
1.85
 	 3:0(2:0)  
225	03/03
16:00	 Catania
Internazionale Milan	
0
0
1.75
2.00
  	
2.5
1.87
1.87
2.45
3.25
2.85
1.37
1.33
1.50
1.5
1.5
2.20
2.30
1.60
1.55
 	 2:3(2:0)  
226	03/03
16:00	 Fiorentina
Chievo	
-1.25
+1.25
1.95
1.80
 
 	
2.75
2.00
 	
1.75
 	
1.42
4.25
7.85
1.05
1.20
2.70
1.5
1.5
1.52
4.55
2.35
1.16
 	 2:1(1:1)  
227	03/03
16:00	 Pescara
Udinese	
+0.25
-0.25
2.00
1.75
 
 	
2.5
2.00
1.75
3.65
3.20
2.10
1.70
1.33
1.25
1.0
1.5
1.85
2.05
1.85
1.70
 	 0:1(0:1)  
228	03/03
16:00	 Sampdoria
Parma	
-0.25
+0.25
1.87
1.87
 
 	
2.25
2.00
 	
1.75
 	
2.25
3.05
3.45
1.27
1.35
1.60
1.5
1.5
2.40
3.20
1.50
1.30
 	 1:0(0:0)  
229	03/03
16:00	 Siena
Atalanta	
-0.25
+0.25
1.87
1.87
 
 	
2.25
1.95
 	
1.80
 	
2.20
3.10
3.50
1.26
1.35
1.65
1.5
1.0
2.20
2.00
1.60
1.72
 	 0:2(0:1)  
230	03/03
21:45	 AS Roma
Genoa	
-1.25
+1.25
1.95
1.80
 
 	
3.0
1.87
1.87
1.45
4.25
7.25
1.07
1.22
2.60
1.5
1.5
1.45
3.55
2.55
1.25
 	 3:1(1:1)  
239	08/03
21:45	 Genoa
AC Milan	
+0.75
-0.75
1.75
2.00
 
 	
2.25
1.77
 	
1.97
 	
4.75
3.40
1.80
1.95
1.30
1.15
1.5
1.5
3.75
1.80
1.23
1.90
 	 0:2(0:1)  
240	09/03
21:45	 Udinese
AS Roma	
+0.25
-0.25
1.75
2.00
 
 	
2.75
1.95
 	
1.80
 	
2.85
3.40
2.40
1.52
1.30
1.37
1.5
1.5
2.20
2.05
1.60
1.70
 	 1:1(0:1)  
241	10/03
13:30	 Atalanta
Pescara	
-1.25
+1.25
2.00
1.75
 
 	
2.5
1.95
1.80
1.40
4.25
8.50
1.05
1.21
2.75
1.5
1.0
1.60
3.10
2.20
1.32
 	 2:1(1:1)  
242	10/03
16:00	 Cagliari
Sampdoria	
-0.25
+0.25
1.87
1.87
 
 	
2.25
1.90
 	
1.85
 	
2.25
3.00
3.50
1.27
1.37
1.60
1.5
1.5
2.25
3.05
1.57
1.33
 	 3:1(1:0)  
243	10/03
16:00	 Chievo
Napoli	
+0.25
-0.25
2.15
1.65
 
 	
2.25
1.87
 	
1.87
 	
4.05
3.30
1.95
1.80
1.30
1.20
1.5
1.5
3.20
2.10
1.30
1.67
 	 2:0(2:0)  
244	10/03
16:00	 Juventus
Catania	
–1.5
+1.5
1.80
1.95
  	
3.0
1.95
1.80
1.27
5.35
10.50
1.03
1.14
3.45
2.5
1.5
2.25
5.30
1.57
1.12
 	 1:0(0:0)  
245	10/03
16:00	 Palermo
Siena	
-0.25
+0.25
1.63
2.20
 
 	
2.25
1.80
 	
1.95
 	
1.85
3.35
4.45
1.17
1.30
1.90
1.5
1.0
1.95
2.10
1.76
1.67
 	 1:2(1:0)  
246	10/03
16:00	 Parma
Torino	
-0.25
+0.25
1.67
2.12
 
 	
2.25
1.90
 	
1.85
 	
1.95
3.25
4.15
1.20
1.33
1.80
1.5
1.0
2.20
2.25
1.60
1.57
 	 4:1(0:0)  
247	10/03
21:45	 Internazionale Milan
Bologna	
-0.75
+0.75
1.95
1.80
 
 	
2.75
1.95
 	
1.80
 	
1.70
3.65
5.00
1.14
1.27
2.05
1.5
1.0
1.65
2.10
2.10
1.67
 	 0:1(0:0)  
248	10/03
21:45	 Lazio
Fiorentina	
0
0
1.75
2.00
  	
2.25
1.80
 	
1.95
 	
2.50
3.15
2.90
1.37
1.33
1.48
1.5
1.5
2.40
2.65
1.50
1.42
 	 0:2(0:1)  
285	16/03
19:00	 Catania
Udinese	
-0.25
+0.25
1.63
2.20
 
 	
2.25
1.85
 	
1.90
 	
1.87
3.35
4.40
1.18
1.30
1.87
1.5
1.0
2.00
2.00
1.72
1.72
 	 3:1(0:0)  
286	16/03
21:45	 Bologna
Juventus	
+0.75
-0.75
1.95
1.80
 
 	
2.5
1.95
1.80
6.00
3.70
1.60
2.25
1.25
1.10
1.5
1.5
4.25
1.65
1.18
2.11
 	 0:2(0:0)  
287	17/03
13:30	 Siena
Cagliari	
-0.25
+0.25
1.87
1.87
 
 	
2.25
1.95
 	
1.80
 	
2.25
3.05
3.45
1.27
1.35
1.60
1.5
1.5
2.40
3.20
1.50
1.30
 	 0:0(0:0)  
288	17/03
16:00	 Fiorentina
Genoa	
-1.25
+1.25
1.80
1.95
 
 	
2.75
2.00
 	
1.75
 	
1.35
4.75
9.10
1.04
1.17
2.95
2.0
1.0
1.90
3.40
1.80
1.27
 	 3:2(1:0)  
289	17/03
16:00	 AC Milan
Palermo	
–1.5
+1.5
1.80
1.95
  	
2.75
1.80
 	
1.95
 	
1.27
5.35
11.00
1.02
1.14
3.50
2.0
1.5
1.57
5.85
2.25
1.10
 	 2:0(1:0)  
290	17/03
16:00	 Napoli
Atalanta	
–1.0
+1.0
1.80
1.95
  	
2.5
1.95
1.80
1.45
4.10
7.80
1.05
1.22
2.60
1.5
1.0
1.57
2.95
2.25
1.35
 	 3:2(1:1)  
291	17/03
16:00	 Pescara
Chievo	
+0.25
-0.25
1.75
2.00
 
 	
2.25
1.95
 	
1.80
 	
3.10
3.00
2.45
1.50
1.37
1.35
1.5
1.5
2.85
2.50
1.37
1.47
 	 0:2(0:0)  
292	17/03
21:45	 AS Roma
Parma	
–1.0
+1.0
1.80
1.95
  	
3.0
1.95
1.80
1.47
4.10
7.25
1.07
1.22
2.55
1.5
1.5
1.47
3.40
2.50
1.27
 	 2:0(1:0)  
293	17/03
21:45	 Sampdoria
Internazionale Milan	
-0.25
+0.25
2.00
1.75
 
 	
2.25
1.75
 	
2.00
 	
2.40
3.20
3.00
1.35
1.33
1.52
1.5
1.5
2.30
2.65
1.55
1.42
 	 cancelled  
294	17/03
21:45	 Torino
Lazio	
-0.25
+0.25
2.05
1.70
 
 	
2.25
1.90
 	
1.85
 	
2.50
3.15
2.95
1.35
1.35
1.47
1.5
1.5
2.50
2.85
1.47
1.37
 	 1:0(0:0) 
349	30/03
16:00	 Atalanta
Sampdoria	
-0.25
+0.25
1.85
1.90
 
 	
2.0
1.75
1.96
2.20
3.10
3.55
1.26
1.35
1.65
1.5
1.0
2.20
2.00
1.60
1.72
 	 0:0(0:0)  
350	30/03
16:00	 Cagliari
Fiorentina	
+0.25
-0.25
1.95
1.80
 
 	
2.5
1.87
1.87
3.55
3.30
2.10
1.70
1.33
1.25
1.0
1.5
1.85
2.00
1.85
1.72
 	 2:1(2:0)  
351	30/03
16:00	 Genoa
Siena	
-0.25
+0.25
1.65
2.15
 
 	
2.25
1.90
 	
1.85
 	
1.90
3.20
4.45
1.17
1.33
1.85
1.5
1.0
2.10
2.15
1.66
1.65
 	 2:2(1:1)  
352	30/03
16:00	 Internazionale Milan
Juventus	
+0.25
-0.25
1.95
1.80
 
 	
2.5
1.95
1.80
3.45
3.30
2.15
1.67
1.33
1.27
1.5
1.5
2.75
2.05
1.40
1.70
 	 1:2(0:1)  
353	30/03
16:00	 Lazio
Catania	
-0.25
+0.25
1.70
2.05
 
 	
2.25
1.75
 	
2.00
 	
2.00
3.30
3.85
1.22
1.33
1.75
1.5
1.0
2.00
2.00
1.72
1.72
 	 2:1(0:0)  
354	30/03
16:00	 Palermo
AS Roma	
+0.25
-0.25
1.90
1.85
 
 	
2.75
1.95
 	
1.80
 	
3.20
3.50
2.15
1.65
1.28
1.30
1.5
1.5
2.55
1.85
1.45
1.85
 	 2:0(2:0)  
355	30/03
16:00	 Parma
Pescara	
-1.25
+1.25
1.80
1.95
 
 	
2.75
1.87
 	
1.87
 	
1.35
4.65
9.50
1.04
1.17
2.95
2.0
1.0
1.80
3.20
1.90
1.30
 	 3:0(1:0)  
356	30/03
16:00	 Udinese
Bologna	
-0.25
+0.25
1.67
2.12
 
 	
2.25
1.90
 	
1.85
 	
1.95
3.30
4.05
1.20
1.33
1.80
1.5
1.0
2.05
2.05
1.70
1.70
 	 0:0(0:0)  
357	30/03
19:30	 Chievo
AC Milan	
+0.75
-0.75
1.85
1.90
 
 	
2.25
1.80
 	
1.95
 	
5.10
3.65
1.70
2.10
1.28
1.13
1.5
1.5
4.05
1.85
1.20
1.85
 	 0:1(0:1)  
358	30/03
22:00	 Torino
Napoli	
+0.25
-0.25
1.80
1.95
 
 	
2.25
1.90
 	
1.85
 	
3.25
3.15
2.30
1.60
1.35
1.30
1.0
1.5
1.95
2.20
1.76
1.60
 	 3:5(1:1) 
304	06/04
19:00	 Juventus
Pescara	
-2.25
+2.25
1.80
1.95
 
 	
3.25
1.80
 	
1.95
 	
1.12
8.50
19.00
 	
1.06
5.35
2.5
1.5
1.60
7.85
2.20
1.05
 	 2:1(0:0)  
305	06/04
21:45	 Bologna
Torino	
-0.25
+0.25
1.75
2.00
 
 	
2.25
1.95
 	
1.80
 	
2.05
3.10
4.05
1.21
1.33
1.70
1.5
1.0
2.05
2.05
1.70
1.70
 	 2:2(0:1)  
306	07/04
13:30	 Fiorentina
AC Milan	
0
0
1.90
1.85
  	
2.5
1.90
1.85
2.70
3.25
2.60
1.45
1.33
1.42
1.5
1.5
2.40
2.20
1.50
1.60
 	 2:2(0:1)  
307	07/04
16:00	 Catania
Cagliari	
-0.25
+0.25
1.67
2.12
 
 	
2.25
1.80
 	
1.95
 	
1.95
3.30
4.05
1.20
1.30
1.80
1.5
1.0
2.05
2.00
1.70
1.72
 	 0:0(0:0)  
308	07/04
16:00	 Sampdoria
Palermo	
-0.25
+0.25
1.87
1.87
 
 	
2.25
1.95
 	
1.80
 	
2.20
3.20
3.40
1.27
1.33
1.65
1.5
1.0
2.20
1.95
1.60
1.76
 	 1:3(1:1)  
309	07/04
16:00	 Siena
Parma	
-0.25
+0.25
2.00
1.75
 
 	
2.25
1.95
 	
1.80
 	
2.45
3.10
3.00
1.35
1.35
1.50
1.5
1.5
2.40
2.95
1.50
1.35
 	 0:0(0:0)  
310	07/04
16:00	 Udinese
Chievo	
-0.75
+0.75
2.00
1.75
 
 	
2.25
1.95
 	
1.80
 	
1.75
3.35
5.20
1.13
1.30
2.00
1.5
1.5
1.90
4.25
1.80
1.18
 	 3:1(2:1)  
311	07/04
21:45	 Internazionale Milan
Atalanta	
-0.75
+0.75
1.87
1.87
 
 	
2.5
1.90
1.85
1.65
3.70
5.40
1.12
1.27
2.15
1.5
1.0
1.75
2.30
1.96
1.55
 	 3:4(1:0)  
312	07/04
21:45	 Napoli
Genoa	
–1.5
+1.5
1.95
1.80
  	
2.75
1.95
 	
1.80
 	
1.33
4.70
10.50
1.03
1.18
3.10
2.5
1.5
2.40
5.55
1.50
1.11
 	 2:0(2:0)  
313	08/04
21:45	 AS Roma
Lazio	
-0.25
+0.25
1.63
2.20
 
 	
2.75
2.00
 	
1.75
 	
1.87
3.55
4.05
1.20
1.27
1.87
1.5
1.0
1.80
1.85
1.90
1.85
 	 1:1(0:1) 
290	13/04
19:00	 Pescara
Siena	
+0.25
-0.25
2.00
1.75
 
 	
2.25
1.90
 	
1.85
 	
3.75
3.25
2.05
1.70
1.33
1.23
1.0
1.5
2.00
2.05
1.72
1.70
 	 2:3(0:2)  
291	13/04
21:45	 Atalanta
Fiorentina	
+0.25
-0.25
1.95
1.80
 
 	
2.5
1.90
1.85
3.55
3.20
2.15
1.65
1.33
1.25
1.5
1.5
2.75
2.00
1.40
1.72
 	 0:2(0:0)  
292	14/04
13:30	 Palermo
Bologna	
-0.25
+0.25
1.60
2.25
 
 	
2.25
1.75
 	
2.00
 	
1.87
3.45
4.25
1.18
1.30
1.87
1.5
1.0
1.95
1.95
1.76
1.76
 	 1:1(1:1)  
293	14/04
16:00	 Cagliari
Internazionale Milan	
+0.25
-0.25
1.75
2.00
 
 	
2.5
1.90
1.85
2.95
3.20
2.45
1.50
1.32
1.35
1.5
1.5
2.65
2.20
1.42
1.60
 	 2:0(0:0)  
294	14/04
16:00	 Chievo
Catania	
-0.25
+0.25
1.87
1.87
 
 	
2.25
1.95
 	
1.80
 	
2.25
3.10
3.40
1.27
1.35
1.60
1.5
1.5
2.25
3.10
1.57
1.32
 	 0:0(0:0)  
295	14/04
16:00	 Genoa
Sampdoria	
-0.25
+0.25
2.00
1.75
 
 	
2.25
1.90
 	
1.85
 	
2.40
3.10
3.10
1.33
1.35
1.52
1.5
1.5
2.40
2.95
1.50
1.35
 	 1:1(0:1)  
296	14/04
16:00	 Parma
Udinese	
-0.25
+0.25
1.67
2.12
 
 	
2.5
1.97
1.77
2.00
3.25
3.95
1.22
1.33
1.75
1.5
1.0
2.10
1.95
1.65
1.76
 	 0:3(0:2)  
297	14/04
16:00	 Torino
AS Roma	
+0.25
-0.25
1.75
2.00
 
 	
2.5
1.80
1.95
3.00
3.30
2.35
1.55
1.30
1.35
1.5
1.5
2.50
2.00
1.47
1.72
 	 1:2(1:1)  
298	14/04
21:45	 AC Milan
Napoli	
-0.25
+0.25
1.75
2.00
 
 	
2.5
1.85
1.90
2.05
3.25
3.75
1.23
1.33
1.70
1.5
1.0
1.95
1.85
1.76
1.85
 	 1:1(1:1)  
299	15/04
21:45	 Lazio
Juventus	
+0.25
-0.25
2.20
1.63
 
 	
2.5
1.95
1.80
4.05
3.35
1.95
1.80
1.30
1.20
1.0
1.5
2.05
1.90
1.70
1.80
 	 0:2(0:2)  
348	20/04
19:00	 Genoa
Atalanta	
-0.25
+0.25
1.65
2.15
 
 	
2.25
1.90
 	
1.85
 	
1.90
3.30
4.30
1.19
1.32
1.85
1.5
1.0
2.20
2.10
1.60
1.66
 	 1:1(1:1)  
349	20/04
21:45	 Udinese
Lazio	
-0.25
+0.25
1.95
1.80
 
 	
2.25
1.87
 	
1.87
 	
2.35
3.25
3.05
1.34
1.33
1.55
1.5
1.5
2.30
2.75
1.55
1.40
 	 1:0(1:0)  
350	21/04
13:30	 Internazionale Milan
Parma	
-0.25
+0.25
1.65
2.15
 
 	
2.5
1.85
1.90
1.95
3.40
4.00
1.21
1.30
1.80
1.5
1.0
1.90
1.90
1.80
1.80
 	 1:0(0:0)  
351	21/04
16:00	 Bologna
Sampdoria	
-0.25
+0.25
1.80
1.95
 
 	
2.25
1.90
 	
1.85
 	
2.15
2.90
4.00
1.21
1.38
1.65
1.5
1.0
2.20
2.05
1.60
1.70
 	 1:1(1:0)  
352	21/04
16:00	 Catania
Palermo	
-0.25
+0.25
1.90
1.85
 
 	
2.25
1.80
 	
1.95
 	
2.25
3.15
3.35
1.28
1.33
1.60
1.5
1.5
2.25
2.95
1.57
1.35
 	 1:1(0:0)  
353	21/04
16:00	 Fiorentina
Torino	
-1.25
+1.25
2.00
1.75
 
 	
2.5
1.80
1.95
1.45
4.25
7.50
1.06
1.20
2.60
1.5
1.0
1.52
2.85
2.35
1.37
 	 4:3(3:1)  
354	21/04
16:00	 Napoli
Cagliari	
-1.25
+1.25
1.95
1.80
 
 	
2.75
1.95
 	
1.80
 	
1.40
4.45
8.10
1.05
1.20
2.80
1.5
1.0
1.45
2.95
2.55
1.35
 	 3:2(0:1)  
355	21/04
16:00	 AS Roma
Pescara	
–2.0
+2.0
1.80
1.95
  	
3.5
1.80
1.95
1.15
7.25
16.00
1.01
1.07
4.85
2.5
1.5
1.65
5.30
2.11
1.12
 	 1:1(0:1)  
356	21/04
16:00	 Siena
Chievo	
-0.25
+0.25
1.75
2.00
 
 	
2.25
2.00
 	
1.75
 	
2.10
3.10
3.75
1.23
1.35
1.67
1.5
1.5
2.30
3.55
1.55
1.25
 	 0:1(0:1)  
357	21/04
21:45	 Juventus
AC Milan	
-0.75
+0.75
1.85
1.90
 
 	
2.5
1.80
1.95
1.70
3.65
5.10
1.13
1.27
2.05
1.5
1.0
1.67
2.05
2.12
1.70
 	 1:0(0:0) 
277	27/04
19:00	 Atalanta
Bologna	
-0.25
+0.25
2.10
1.67
 
 	
2.25
2.00
 	
1.75
 	
2.75
2.20
3.90
1.22
1.60
1.40
1.5
1.5
2.65
3.20
1.42
1.30
 	 1:1(0:0)  
278	27/04
19:00	 Cagliari
Udinese	
+0.25
-0.25
2.00
1.75
 
 	
2.5
1.90
1.85
3.55
3.40
2.05
1.70
1.30
1.25
1.0
1.5
1.85
1.90
1.85
1.80
 	 0:1(0:0)  
279	27/04
21:45	 Pescara
Napoli	
+1.5
–1.5
1.85
1.90
  	
3.25
2.00
 	
1.75
 	
9.50
5.25
1.30
3.25
1.15
1.03
1.5
2.5
4.25
2.10
1.18
1.67
 	 0:3(0:0)  
280	28/04
16:00	 Chievo
Genoa	
0
0
1.80
1.95
  	
2.25
1.90
 	
1.85
 	
2.60
3.10
2.80
1.40
1.35
1.45
1.5
1.5
2.65
2.85
1.42
1.37
 	 0:1(0:0)  
281	28/04
16:00	 Palermo
Internazionale Milan	
-0.25
+0.25
1.85
1.90
 
 	
2.5
1.87
1.87
2.20
3.35
3.25
1.30
1.33
1.63
1.5
1.5
2.20
2.55
1.60
1.45
 	 1:0(1:0)  
282	28/04
16:00	 Parma
Lazio	
-0.25
+0.25
2.00
1.75
 
 	
2.5
1.95
1.80
2.45
3.20
2.95
1.35
1.33
1.50
1.5
1.5
2.25
2.55
1.57
1.45
 	 0:0(0:0)  
283	28/04
16:00	 AS Roma
Siena	
-1.25
+1.25
1.95
1.80
 
 	
3.0
1.85
1.90
1.45
4.25
7.25
1.07
1.22
2.60
1.5
1.5
1.40
3.55
2.75
1.25
 	 4:0(3:0)  
284	28/04
16:00	 Sampdoria
Fiorentina	
+0.25
-0.25
2.15
1.65
 
 	
2.5
1.87
1.87
4.15
3.25
1.95
1.80
1.33
1.20
1.0
1.5
2.00
1.95
1.72
1.76
 	 0:3(0:2)  
285	28/04
16:00	 Torino
Juventus	
+0.75
-0.75
1.95
1.80
 
 	
2.5
1.90
1.85
6.45
3.55
1.60
2.25
1.27
1.09
1.0
1.5
2.30
1.75
1.55
1.96
 	 0:2(0:0)  
286	28/04
21:45	 AC Milan
Catania	
–1.5
+1.5
1.85
1.90
  	
2.75
1.75
 	
2.00
 	
1.28
5.35
10.50
1.03
1.15
3.40
2.5
1.5
2.30
5.10
1.55
1.13
 	 4:2(1:1)  
208	04/05
19:00	 Chievo
Cagliari	
-0.25
+0.25
2.15
1.65
 
 	
2.0
1.87
1.87
2.75
2.05
4.45
1.17
1.70
1.40
1.5
1.5
2.65
3.20
1.42
1.30
 	 0:0(0:0)  
209	04/05
21:45	 Fiorentina
AS Roma	
-0.25
+0.25
1.57
2.30
 
 	
3.25
1.90
 	
1.85
 	
1.80
3.70
4.25
1.19
1.27
1.95
1.5
1.5
1.55
2.25
2.30
1.57
 	 0:1(0:0)  
210	05/05
13:30	 Udinese
Sampdoria	
–1.0
+1.0
1.90
1.85
  	
2.5
1.95
1.80
1.50
4.00
6.85
1.08
1.23
2.45
1.5
1.5
1.65
4.25
2.11
1.18
 	 3:1(1:1)  
211	05/05
16:00	 Catania
Siena	
-0.25
+0.25
1.85
1.90
 
 	
2.25
1.80
 	
1.95
 	
2.15
3.35
3.35
1.28
1.30
1.65
1.5
1.5
2.20
3.05
1.60
1.33
 	 3:0(1:0)  
212	05/05
16:00	 Genoa
Pescara	
–1.5
+1.5
1.80
1.95
  	
3.0
1.90
1.85
1.22
6.00
12.50
1.02
1.11
3.85
2.5
1.5
2.05
5.30
1.70
1.12
 	 4:1(2:1)  
213	05/05
16:00	 Juventus
Palermo	
-1.25
+1.25
1.80
1.95
 
 	
2.75
1.75
 	
2.00
 	
1.37
4.10
11.00
1.03
1.22
2.90
2.5
1.5
2.30
4.55
1.55
1.16
 	 1:0(0:0)  
214	05/05
16:00	 Lazio
Bologna	
–1.0
+1.0
1.95
1.80
  	
2.5
1.95
1.80
1.55
3.80
6.50
1.08
1.25
2.30
1.5
1.0
1.65
2.75
2.11
1.40
 	 6:0(4:0)  
215	05/05
16:00	 AC Milan
Torino	
-1.75
+1.75
1.95
1.80
 
 	
3.25
1.95
 	
1.80
 	
1.23
6.00
12.00
1.02
1.12
3.80
2.5
1.5
1.90
5.10
1.80
1.13
 	 1:0(0:0)  
216	05/05
16:00	 Parma
Atalanta	
-0.25
+0.25
2.20
1.60
 
 	
2.0
1.87
1.87
2.85
1.85
5.30
1.12
1.85
1.37
1.5
1.5
2.65
3.20
1.42
1.30
 	 2:0(1:0)  
217	05/05
21:45	 Napoli
Internazionale Milan	
-1.25
+1.25
1.87
1.87
 
 	
3.0
2.00
1.75
1.40
4.50
7.85
1.06
1.20
2.75
2.5
1.5
2.50
3.75
1.47
1.23
 	 3:1(2:1)  
137	07/05
21:45	 AS Roma
Chievo	
-1.75
+1.75
2.00
1.75
 
 	
3.25
1.95
 	
1.80
 	
1.23
6.00
11.50
1.02
1.11
3.80
2.5
1.5
2.00
5.10
1.72
1.13
 	 0:1(0:0)  
139	08/05
21:45	 Atalanta
Juventus	
+0.25
-0.25
1.90
1.80
 
 	
2.5
1.90
1.85
3.75
3.00
2.15
1.65
1.37
1.23
1.0
1.5
1.95
2.00
1.76
1.72
 	 0:1(0:1)  
140	08/05
21:45	 Bologna
Napoli	
+0.75
-0.75
1.87
1.87
 
 	
3.0
1.87
1.87
4.95
3.60
1.70
2.05
1.27
1.14
1.5
1.5
2.95
1.55
1.35
2.30
 	 0:3(0:0)  
141	08/05
21:45	 Cagliari
Parma	
0
0
1.87
1.87
  	
2.25
1.75
 	
2.00
 	
3.05
2.35
3.05
1.33
1.55
1.33
3.10
1.65
5.30
1.12
2.11
1.32 
 	 0:1(0:0)  
142	08/05
21:45	 Internazionale Milan
Lazio	
0
0
1.90
1.85
  	
2.75
1.90
 	
1.85
 	
2.65
3.35
2.55
1.45
1.30
1.42
1.5
1.5
2.10
2.10
1.67
1.67
 	 1:3(1:2)  
143	08/05
21:45	 Palermo
Udinese	
-0.25
+0.25
1.80
1.95
 
 	
2.5
1.80
1.95
2.10
3.40
3.40
1.28
1.30
1.67
1.5
1.5
2.10
2.65
1.65
1.42
 	 2:3(1:1)  
144	08/05
21:45	 Sampdoria
Catania	
-0.25
+0.25
1.57
2.25
 
 	
2.5
1.85
1.90
1.85
3.10
4.75
1.15
1.35
1.90
1.5
1.0
1.85
1.90
1.85
1.80
 	 1:1(1:0)  
145	08/05
21:45	 Siena
Fiorentina	
+0.75
-0.75
1.87
1.87
 
 	
2.75
2.00
 	
1.75
 	
5.30
3.65
1.65
2.15
1.27
1.12
1.0
1.5
2.35
1.63
1.52
2.15
 	 0:1(0:1)  
146	08/05
21:45	 Torino
Genoa	
0
0
1.70
2.05
  	
2.25
2.00
 	
1.75
 	
3.10
1.65
5.30
1.12
2.11
1.32
3.10
1.65
5.30
1.12
2.11
1.32 
 	 0:0(0:0) 
243	11/05
19:00	 Juventus
Cagliari	
–1.5
+1.5
2.00
1.75
  	
3.0
1.90
1.85
1.32
5.10
9.10
1.04
1.15
3.10
2.5
1.5
2.10
4.75
1.67
1.15
 	 1:1(0:1)  
244	11/05
21:45	 Catania
Pescara	
–1.5
+1.5
1.80
1.95
  	
3.25
2.00
 	
1.75
 	
1.27
5.55
10.00
1.02
1.13
3.45
2.5
1.5
2.00
5.30
1.72
1.12
 	 1:0(0:0)  
245	12/05
13:30	 3Chievo
Torino	
0
0
1.87
1.87
  	
2.0
1.87
1.87
3.20
2.10
3.20
1.30
1.66
1.30
3.20
2.10
3.20
1.30
1.66
1.30 
 	 1:1(1:1)  
246	12/05
13:30	 Fiorentina
Palermo	
-1.25
+1.25
1.90
1.85
 
 	
3.0
1.90
1.85
1.38
4.75
7.50
1.06
1.17
2.85
2.0
1.0
1.70
2.65
2.05
1.42
 	 1:0(1:0)  
247	12/05
13:30	 Genoa
Internazionale Milan	
-0.75
+0.75
2.10
1.67
 
 	
2.75
1.87
 	
1.87
 	
1.85
3.45
4.25
1.19
1.30
1.90
1.5
1.0
1.70
1.85
2.05
1.85
 	 0:0(0:0)  
248	12/05
16:00	 Lazio
Sampdoria	
–1.5
+1.5
1.85
1.90
  	
3.0
1.90
1.85
1.30
5.30
9.50
1.03
1.15
3.25
2.5
1.5
2.25
4.75
1.57
1.15
 	 2:0(1:0)  
249	12/05
16:00	 Napoli
Siena	
–1.5
+1.5
1.87
1.87
  	
3.0
1.80
1.90
1.27
5.85
9.10
1.03
1.14
3.45
2.5
1.5
2.10
4.75
1.67
1.15
 	 2:1(0:1)  
250	12/05
16:00	 Udinese
Atalanta	
-1.25
+1.25
1.80
1.95
 
 	
2.75
1.90
 	
1.85
 	
1.33
4.80
9.50
1.03
1.17
3.10
2.5
1.5
2.50
4.95
1.47
1.14
 	 2:1(1:1)  
251	12/05
19:00	 Parma
Bologna	
-0.75
+0.75
1.77
1.97
 
 	
2.75
2.00
 	
1.75
 	
1.60
3.75
5.85
1.11
1.25
2.25
1.5
1.5
1.60
3.40
2.20
1.27
 	 0:2(0:1)  
252	12/05
21:45	 AC Milan
AS Roma	
-0.75
+0.75
1.80
1.95
 
 	
3.0
1.80
1.95
1.63
3.95
5.10
1.13
1.22
2.20
2.0
1.5
1.90
2.85
1.80
1.37
 	 0:0(0:0)  
191	18/05
21:45	 Sampdoria
Juventus	
+0.75
-0.75
1.70
2.05
 
 	
2.75
1.90
 	
1.85
 	
4.55
3.50
1.80
1.95
1.28
1.16
1.0
1.5
1.95
1.70
1.76
2.03
 	 3:2(1:1)  
192	19/05
16:00	 Atalanta
Chievo	
-0.75
+0.75
2.05
1.70
 
 	
2.5
1.85
1.90
1.80
3.40
4.55
1.16
1.30
1.95
1.5
1.0
1.75
2.00
1.96
1.72
 	 2:2(1:0)  
193	19/05
16:00	 Bologna
Genoa	
-0.25
+0.25
1.80
1.95
 
 	
2.75
1.85
 	
1.90
 	
2.15
3.20
3.55
1.26
1.30
1.65
1.5
1.5
1.90
2.40
1.80
1.50
 	 0:0(0:0)  
194	19/05
21:45	 Cagliari
Lazio	
+0.75
-0.75
1.90
1.85
 
 	
2.5
1.80
1.95
5.55
3.65
1.65
2.15
1.27
1.11
1.0
1.5
2.20
1.67
1.60
2.10
 	 1:0(0:0)  
195	19/05
21:45	 Internazionale Milan
Udinese	
+0.25
-0.25
1.80
1.95
 
 	
2.75
1.85
 	
1.90
 	
3.05
3.45
2.25
1.57
1.30
1.33
1.5
1.5
2.30
1.95
1.55
1.76
 	 2:5(1:3)  
196	19/05
21:45	 Palermo
Parma	
-0.25
+0.25
1.87
1.87
 
 	
2.75
1.87
 	
1.87
 	
2.20
3.15
3.40
1.28
1.35
1.63
1.5
1.5
1.85
2.30
1.85
1.55
 	 1:3(0:3)  
197	19/05
21:45	 Pescara
Fiorentina	
+2.0
–2.0
1.80
1.95
  	
3.25
1.90
 	
1.85
 	
15.00
6.85
1.17
4.55
1.09
1.01
1.5
2.5
6.45
1.80
1.08
1.90
 	 1:5(0:3)  
198	19/05
21:45	 AS Roma
Napoli	
0
0
1.80
1.90
  	
3.25
1.85
 	
1.90
 	
2.55
3.40
2.65
1.42
1.30
1.45
1.5
1.5
1.80
1.83
1.90
1.87
 	 2:1(0:0)  
199	19/05
21:45	 Siena
AC Milan	
+1.75
-1.75
1.87
1.87
 
 	
3.0
1.80
1.95
17.00
6.50
1.16
4.75
1.09
 	
1.5
2.5
6.85
1.90
1.07
1.80
 	 1:2(1:0)  
200	19/05
21:45	 Torino
Catania	
-0.25
+0.25
1.80
1.95
 
 	
2.75
2.00
 	
1.75
 	
2.10
3.25
3.55
1.25
1.32
1.67
1.5
1.0
1.95
1.75
1.76
1.96
 	 2:2(0:1)  