	09/08
17:00	 Motherwell
Saint Mirren	
-0.75
+0.75
2.05
1.72
 
 	
2.75
1.85
 	
1.90
 	
1.80
3.75
4.00
1.22
1.24
1.95
1.5
1.0
1.72
1.90
2.05
1.85
 	 1:0(0:0)  
 	09/08
17:00	 FC Dundee
Kilmarnock	
-0.25
+0.25
1.85
1.90
 
 	
2.25
1.85
 	
1.90
 	
2.15
3.30
3.40
1.30
1.32
1.67
1.5
1.0
2.25
2.00
1.60
1.75
 	 1:1(1:1)  
 	09/08
17:00	 Hamilton
Inverness CT	
+0.25
-0.25
1.80
1.95
 
 	
2.25
1.75
 	
2.00
 	
3.05
3.25
2.30
1.57
1.31
1.35
1.0
1.5
1.80
2.25
1.95
1.60
 	 0:2(0:2)  
 	10/08
17:00	 Aberdeen F.C.
Dundee United	
-0.25
+0.25
1.80
1.95
 
 	
2.5
1.95
1.80
2.10
3.35
3.40
1.29
1.30
1.70
1.5
1.0
2.10
1.90
1.70
1.85
 	 0:3(0:2)  
 	10/08
17:00	 Ross County
Saint Johnstone	
+0.25
-0.25
1.72
2.05
 
 	
2.25
1.80
 	
1.95
 	
2.90
3.25
2.40
1.53
1.31
1.38
1.0
1.0
1.75
1.60
2.00
2.25
 	 1:2(0:1)  
 	13/08
21:45	 Kilmarnock
Aberdeen F.C.	
+0.75
-0.75
1.70
2.10
 
 	
2.25
1.75
 	
2.00
 	
4.20
3.45
1.85
1.90
1.28
1.20
1.0
1.5
2.25
1.95
1.60
1.80
 	 0:2(0:1)  
 	13/08
21:45	 Saint Johnstone
Celtic	
+1.0
–1.0
1.95
1.80
  	
2.75
1.95
 	
1.80
 	
6.50
4.20
1.47
2.55
1.20
1.09
1.0
2.0
2.60
2.10
1.44
1.70
 	 0:3(0:0)  
 	13/08
21:51	 Inverness CT
FC Dundee	
-0.25
+0.25
1.75
2.00
 
 	
2.25
1.90
 	
1.85
 	
2.05
3.20
3.70
1.25
1.32
1.72
1.5
1.0
2.20
2.15
1.62
1.65
 	 0:0(0:0)  
 	13/08
21:45	 Saint Mirren
Hamilton	
-0.25
+0.25
1.87
1.87
 
 	
2.25
1.80
 	
1.95
 	
2.20
3.30
3.15
1.32
1.30
1.62
1.5
1.0
2.25
1.95
1.60
1.80
 	 0:2(0:1)  
 	13/08
21:45	 Dundee United
Motherwell	
-0.75
+0.75
1.90
1.85
 
 	
3.0
1.95
1.80
1.72
3.80
4.45
1.18
1.24
2.05
2.0
1.0
2.15
1.85
1.65
1.90
 	 1:0(0:0)  
 	13/08
21:45	 Partick Thistle
Ross County	
-0.25
+0.25
1.70
2.10
 
 	
2.5
1.95
1.80
1.95
3.45
3.75
1.25
1.28
1.80
1.5
1.0
2.05
2.05
1.72
1.72
 	 4:0(1:0)  
	16/08
14:45	 Celtic
Dundee United	
-1.25
+1.25
1.95
1.80
 
 	
3.0
1.80
1.95
1.42
4.75
6.50
1.09
1.17
2.75
2.0
1.0
1.70
2.15
2.10
1.65
 	 6:1(3:0)  
 	16/08
17:00	 Motherwell
Inverness CT	
0
0
1.95
1.80
  	
2.25
1.80
 	
1.95
 	
2.80
3.20
2.50
1.49
1.32
1.40
1.0
1.0
1.72
1.60
2.05
2.25
 	 0:2(0:1)  
 	16/08
17:00	 Ross County
Kilmarnock	
-0.25
+0.25
1.90
1.85
 
 	
2.5
1.95
1.80
2.20
3.30
3.20
1.32
1.30
1.62
1.5
1.0
2.15
1.85
1.65
1.90
 	 1:2(0:1)  
 	16/08
17:00	 FC Dundee
Partick Thistle	
-0.25
+0.25
2.05
1.72
 
 	
2.25
1.95
 	
1.80
 	
2.45
3.15
2.90
1.38
1.33
1.51
1.0
1.0
1.70
1.90
2.10
1.85
 	 1:1(0:1)  
 	16/08
17:00	 Hamilton
Saint Johnstone	
0
0
2.00
1.75
  	
2.25
1.95
 	
1.80
 	
2.85
3.10
2.50
1.48
1.33
1.38
1.0
1.0
1.95
1.80
1.80
1.95
 	 1:0(1:0)  
23/08
14:30	 Inverness CT
Celtic	
+0.75
-0.75
1.95
1.80
 
 	
2.75
1.95
 	
1.80
 	
5.20
3.80
1.65
2.20
1.25
1.15
1.0
1.5
2.20
1.70
1.62
2.10
 	 1:0(0:0)  
 	23/08
17:00	 Saint Johnstone
Aberdeen F.C.	
+0.25
-0.25
1.72
2.02
 
 	
2.0
1.75
1.95
2.85
3.25
2.40
1.50
1.32
1.37
1.0
1.0
2.02
1.75
1.72
1.97
 	 1:0(0:0)  
 	23/08
17:00	 Saint Mirren
FC Dundee	
0
0
1.80
1.95
  	
2.25
2.00
 	
1.75
 	
2.60
3.00
2.80
1.40
1.37
1.45
1.5
1.5
2.65
2.75
1.42
1.40
 	 0:1(0:0)  
 	23/08
17:00	 Partick Thistle
Hamilton	
-0.25
+0.25
1.67
2.12
 
 	
2.5
1.97
1.77
2.00
3.25
3.95
1.22
1.33
1.75
1.5
1.0
2.10
1.95
1.65
1.76
 	 1:2(0:0)  
 	23/08
17:00	 Kilmarnock
Motherwell	
-0.25
+0.25
2.03
1.73
 
 	
2.75
1.88
 	
1.86
 	
2.35
3.45
2.82
1.40
1.28
1.55
1.5
1.5
2.08
2.40
1.70
1.53
 	 2:0(1:0)  
 	23/08
17:00	 Dundee United
Ross County	
-1.25
+1.25
1.90
1.80
 
 	
3.0
1.95
1.77
1.42
4.10
7.25
1.06
1.20
2.72
1.5
1.0
1.47
2.45
2.45
1.47
 	 2:1(1:0)  
	30/08
17:00	 Saint Mirren
Dundee United	
+0.25
-0.25
2.15
1.65
 
 	
2.5
1.80
1.95
3.90
3.50
1.90
1.85
1.28
1.23
1.0
1.5
1.90
1.87
1.85
1.87
 	 0:3(0:0)  
 	30/08
17:00	 Inverness CT
Kilmarnock	
-0.75
+0.75
1.95
1.80
 
 	
2.5
1.90
1.85
1.75
3.60
4.50
1.18
1.27
2.00
1.5
1.0
1.87
2.25
1.87
1.60
 	 2:0(0:0)  
 	30/08
17:00	 Aberdeen F.C.
Partick Thistle	
-0.75
+0.75
1.90
1.85
 
 	
2.5
1.95
1.80
1.70
3.70
4.70
1.16
1.25
2.10
1.5
1.0
1.85
2.40
1.90
1.53
 	 2:0(0:0)  
 	30/08
17:00	 Hamilton
Ross County	
-0.25
+0.25
1.62
2.25
 
 	
2.5
1.87
1.87
1.85
3.60
3.95
1.22
1.27
1.90
1.5
1.0
1.95
2.00
1.85
1.75
 	 4:0(0:0)  
 	30/08
17:00	 Motherwell
Saint Johnstone	
+0.25
-0.25
1.80
1.95
 
 	
2.5
1.95
1.80
3.10
3.20
2.30
1.57
1.32
1.34
1.0
1.5
1.80
2.25
1.95
1.60
 	 0:1(0:0)  
 	31/08
14:30	 FC Dundee
Celtic	
+1.25
-1.25
1.80
1.95
 
 	
2.75
1.90
 	
1.85
 	
7.50
4.30
1.42
2.70
1.19
1.07
1.0
2.0
2.90
1.95
1.38
1.80
 	 1:1(1:0)  
 	13/09
14:45	 Celtic
Aberdeen F.C.	
-1.25
+1.25
1.95
1.80
 
 	
2.75
1.95
 	
1.80
 	
1.42
4.40
7.20
1.07
1.19
2.70
2.0
1.0
2.00
2.90
1.75
1.38
 	 2:1(1:0)  
 	13/09
17:00	 Saint Johnstone
FC Dundee	
-0.25
+0.25
1.80
1.95
 
 	
2.25
1.95
 	
1.80
 	
2.10
3.20
3.55
1.27
1.32
1.70
1.0
1.0
1.57
2.25
2.35
1.62
 	 0:1(0:1)  
 	13/09
17:00	 Dundee United
Hamilton	
-0.75
+0.75
1.95
1.80
 
 	
2.75
1.85
 	
1.90
 	
1.72
3.80
4.40
1.18
1.24
2.05
1.5
1.0
1.70
2.00
2.10
1.75
 	 2:2(2:2)  
 	13/09
17:00	 Partick Thistle
Inverness CT	
+0.25
-0.25
1.75
2.00
 
 	
2.25
1.80
 	
1.95
 	
2.95
3.30
2.35
1.55
1.31
1.37
1.0
1.5
1.80
2.30
1.95
1.57
 	 3:1(2:1)  
 	13/09
17:00	 Ross County
Motherwell	
+0.25
-0.25
1.72
2.05
 
 	
2.5
1.80
1.95
2.80
3.35
2.40
1.53
1.29
1.40
1.0
1.5
1.60
2.15
2.25
1.65
 	 1:2(0:0)  
 	13/09
17:00	 Kilmarnock
Saint Mirren	
-0.25
+0.25
1.95
1.80
 
 	
2.5
1.95
1.80
2.30
3.30
3.00
1.36
1.30
1.57
1.5
1.0
2.25
1.80
1.60
1.95
 	 2:1(0:0)  
	19/09
21:45	 Partick Thistle
Saint Mirren	
-0.25
+0.25
1.80
1.95
 
 	
2.5
1.90
1.85
2.05
3.45
3.40
1.29
1.28
1.72
1.5
1.0
2.05
1.90
1.72
1.85
 	 1:2(1:0)  
 	20/09
17:00	 Hamilton
Kilmarnock	
-0.25
+0.25
1.67
2.12
 
 	
2.5
1.87
1.87
1.95
3.45
3.75
1.25
1.28
1.80
1.5
1.0
1.95
1.95
1.80
1.80
 	 0:0(0:0)  
 	20/09
17:00	 Aberdeen F.C.
Ross County	
-1.25
+1.25
2.00
1.75
 
 	
2.75
1.90
 	
1.85
 	
1.42
4.30
7.50
1.07
1.19
2.73
2.0
1.0
2.00
2.75
1.75
1.42
 	 3:0(2:0)  
 	20/09
17:00	 Inverness CT
Saint Johnstone	
-0.25
+0.25
1.75
2.00
 
 	
2.0
1.75
2.00
2.10
3.25
3.50
1.28
1.31
1.70
1.0
1.0
1.62
2.35
2.20
1.55
 	 2:1(0:0)  
 	21/09
14:15	 FC Dundee
Dundee United	
+0.25
-0.25
1.80
1.95
 
 	
2.5
1.95
1.80
3.00
3.30
2.30
1.57
1.30
1.36
1.0
1.5
1.80
2.25
1.95
1.60
 	 1:4(0:1)  
 	21/09
17:00	 Celtic
Motherwell	
-1.75
+1.75
1.90
1.85
 
 	
3.25
1.97
 	
1.78
 	
1.25
5.70
10.50
1.03
1.12
3.70
2.5
1.0
2.00
3.30
1.75
1.30
 	 1:1(0:1)  
 	27/09
14:45	 Saint Mirren
Celtic	
+1.75
-1.75
1.90
1.85
 
 	
3.0
1.90
1.85
12.00
6.00
1.22
4.00
1.11
1.01
1.0
2.0
4.30
1.55
1.20
2.35
 	 1:2(0:1)  
 	27/09
17:00	 Ross County
FC Dundee	
+0.25
-0.25
1.90
1.85
 
 	
2.25
1.75
 	
2.00
 	
3.30
3.30
2.15
1.65
1.30
1.30
1.0
1.5
1.95
2.20
1.80
1.62
 	 2:1(1:0)  
 	27/09
17:00	 Aberdeen F.C.
Inverness CT	
-0.25
+0.25
1.85
1.90
 
 	
2.25
1.95
 	
1.80
 	
2.15
3.25
3.35
1.29
1.31
1.65
1.5
1.0
2.35
2.15
1.55
1.65
 	 3:2(2:1)  
 	27/09
17:00	 Kilmarnock
Partick Thistle	
-0.25
+0.25
2.00
1.75
 
 	
2.5
1.90
1.85
2.35
3.40
2.85
1.39
1.29
1.55
1.5
1.5
2.20
2.50
1.62
1.50
 	 3:0(1:0)  
 	27/09
17:00	 Dundee United
Saint Johnstone	
-0.25
+0.25
1.70
2.10
 
 	
2.5
1.95
1.80
1.95
3.35
3.90
1.23
1.30
1.80
1.5
1.0
2.00
2.05
1.75
1.72
 	 2:0(1:0)  
 	03/10
21:45	 Kilmarnock
Dundee United	
+0.25
-0.25
1.95
1.80
 
 	
2.75
1.95
 	
1.80
 	
3.30
3.55
2.05
1.72
1.26
1.30
1.0
1.5
1.72
1.90
2.05
1.85
 	 2:0(0:0)  
 	04/10
17:00	 FC Dundee
Aberdeen F.C.	
+0.25
-0.25
1.95
1.80
 
 	
2.25
1.80
 	
1.95
 	
3.40
3.30
2.10
1.70
1.30
1.28
1.0
1.5
1.95
2.20
1.80
1.62
 	 2:3(1:2)  
 	04/10
17:00	 Partick Thistle
Motherwell	
-0.25
+0.25
1.75
2.00
 
 	
2.75
1.95
 	
1.80
 	
2.00
3.60
3.40
1.29
1.26
1.75
1.5
1.0
1.87
1.75
1.87
2.00
 	 3:1(1:0)  
 	04/10
17:00	 Saint Johnstone
Saint Mirren	
-0.25
+0.25
1.65
2.15
 
 	
2.25
1.90
 	
1.85
 	
1.90
3.45
3.95
1.23
1.28
1.85
1.5
1.0
2.15
2.40
1.65
1.53
 	 1:2(0:1)  
 	05/10
14:45	 Inverness CT
Ross County	
–1.0
+1.0
1.90
1.85
  	
2.75
1.90
 	
1.85
 	
1.53
4.10
5.80
1.11
1.21
2.40
2.0
1.0
2.10
2.50
1.70
1.50
 	 1:1(0:1)  
 	05/10
15:00	 Celtic
Hamilton	
-1.75
+1.75
1.85
1.90
 
 	
3.25
1.95
 	
1.80
 	
1.25
5.80
10.50
1.03
1.12
3.80
2.5
1.0
1.95
3.00
1.80
1.36
 	 0:1(0:0)  
	17/10
21:45	 Hamilton
Aberdeen F.C.	
+0.25
-0.25
1.75
2.00
 
 	
2.5
1.90
1.85
2.90
3.35
2.35
1.55
1.30
1.38
1.0
1.5
1.75
2.20
2.00
1.62
 	 3:0(1:0)  
 	18/10
14:45	 Ross County
Celtic	
+1.75
-1.75
1.85
1.90
 
 	
3.25
2.00
 	
1.75
 	
11.00
6.00
1.23
3.90
1.11
1.02
1.0
2.5
3.30
2.00
1.30
1.75
 	 0:5(0:4)  
 	18/10
17:00	 Saint Johnstone
Kilmarnock	
-0.25
+0.25
1.85
1.90
 
 	
2.25
1.90
 	
1.85
 	
2.15
3.35
3.25
1.31
1.29
1.65
1.5
1.0
2.35
2.10
1.57
1.70
 	 1:2(1:2)  
 	18/10
17:00	 Dundee United
Partick Thistle	
-0.75
+0.75
1.90
1.85
 
 	
3.0
1.95
1.80
1.70
3.90
4.45
1.18
1.23
2.10
2.0
1.0
2.15
1.85
1.65
1.90
 	 1:0(0:0)  
 	24/10
21:45	 Aberdeen F.C.
Motherwell	
–1.0
+1.0
1.95
1.80
  	
2.75
1.87
 	
1.87
 	
1.50
4.25
5.85
1.11
1.20
2.45
1.5
1.0
1.50
2.40
2.40
1.50
 	 1:0(1:0)  
 	25/10
17:00	 FC Dundee
Hamilton	
0
0
1.95
1.80
  	
2.5
1.95
1.80
2.70
3.30
2.50
1.50
1.30
1.42
1.0
1.0
1.70
1.60
2.10
2.25
 	 2:0(0:0)  
 	25/10
17:00	 Saint Mirren
Ross County	
-0.25
+0.25
1.62
2.20
 
 	
2.5
1.87
1.87
1.85
3.55
4.00
1.22
1.27
1.90
1.5
1.0
1.90
2.00
1.85
1.75
 	 2:2(1:1)  
 	25/10
17:00	 Partick Thistle
Saint Johnstone	
0
0
1.87
1.87
  	
2.25
1.80
 	
1.95
 	
2.65
3.20
2.65
1.45
1.32
1.45
1.0
1.0
1.65
1.65
2.15
2.15
 	 0:0(0:0)  
 	26/10
15:00	 Celtic
Kilmarnock	
-1.75
+1.75
1.75
2.00
 
 	
3.25
1.80
 	
1.95
 	
1.20
6.40
12.50
1.01
1.09
4.20
2.5
1.0
1.75
3.20
2.00
1.32
 	 2:0(1:0)  
 	31/10
21:45	 Saint Johnstone
Motherwell	
-0.75
+0.75
2.10
1.70
 
 	
2.5
1.95
1.80
1.85
3.50
4.10
1.21
1.27
1.90
1.5
1.0
1.95
2.15
1.80
1.65
 	 2:1(1:1)  
 	01/11
17:00	 Kilmarnock
FC Dundee	
-0.25
+0.25
1.90
1.85
 
 	
2.25
1.75
 	
2.00
 	
2.25
3.30
3.10
1.34
1.30
1.60
1.5
1.0
2.20
1.85
1.62
1.90
 	 1:3(0:1)  
 	01/11
17:00	 Hamilton
Partick Thistle	
-0.75
+0.75
2.05
1.72
 
 	
2.5
1.80
1.95
1.85
3.55
4.00
1.22
1.27
1.90
1.5
1.0
1.90
2.05
1.85
1.72
 	 3:3(2:1)  
 	01/11
17:00	 Celtic
Inverness CT	
–1.5
+1.5
1.80
1.95
  	
3.0
1.80
1.95
1.28
5.40
9.50
1.03
1.13
3.45
2.5
1.0
2.05
3.10
1.72
1.35
 	 1:0(0:0)  
 	01/11
17:00	 Dundee United
Saint Mirren	
-0.75
+0.75
2.00
1.75
 
 	
2.75
1.85
 	
1.90
 	
1.80
3.85
3.90
1.23
1.23
1.95
1.5
1.0
1.72
1.87
2.05
1.87
 	 3:0(1:0)  
 	03/11
21:45	 Ross County
Aberdeen F.C.	
+0.75
-0.75
1.95
1.80
 
 	
2.75
1.95
 	
1.80
 	
5.20
3.80
1.62
2.20
1.24
1.14
1.0
1.5
2.30
1.65
1.57
2.15
 	 0:1(0:0)  
 	07/11
21:45	 Motherwell
Dundee United	
+0.25
-0.25
2.05
1.72
 
 	
2.75
1.75
 	
2.00
 	
3.60
3.55
1.95
1.80
1.26
1.26
1.0
1.5
1.62
1.72
2.20
2.05
 	 1:0(0:0)  
 	08/11
17:00	 Inverness CT
Hamilton	
-0.25
+0.25
1.75
2.00
 
 	
2.25
1.80
 	
1.95
 	
2.00
3.35
3.65
1.25
1.29
1.75
1.5
1.0
2.05
2.00
1.72
1.75
 	 4:2(1:1)  
 	08/11
17:00	 Kilmarnock
Ross County	
-0.75
+0.75
2.00
1.75
 
 	
2.75
1.95
 	
1.80
 	
1.80
3.60
4.20
1.20
1.26
1.95
1.5
1.0
1.80
1.95
1.95
1.80
 	 0:3(0:3)  
 	09/11
14:30	 Aberdeen F.C.
Celtic	
+0.75
-0.75
1.75
2.00
 
 	
2.75
1.85
 	
1.90
 	
4.35
3.70
1.75
2.00
1.25
1.19
1.0
1.5
1.95
1.70
1.80
2.10
 	 1:2(1:1)  
	22/11
17:00	 Celtic
FC Dundee	
-1.75
+1.75
1.85
1.90
 
 	
3.25
2.00
 	
1.75
 	
1.22
6.00
12.00
1.01
1.11
4.00
2.5
1.0
1.90
3.60
1.85
1.27
 	 2:1(1:0)  
 	22/11
17:00	 Dundee United
Kilmarnock	
-0.75
+0.75
1.95
1.80
 
 	
2.75
1.85
 	
1.90
 	
1.75
3.90
4.10
1.21
1.23
2.00
1.5
1.0
1.70
1.90
2.10
1.85
 	 3:1(2:1)  
 	22/11
17:00	 Inverness CT
Motherwell	
-0.75
+0.75
1.75
2.00
 
 	
2.5
1.85
1.90
1.60
3.75
5.60
1.12
1.24
2.25
1.5
1.0
1.72
2.50
2.05
1.50
 	 3:1(1:1)  
 	22/11
17:00	 Saint Johnstone
Ross County	
-0.75
+0.75
2.10
1.70
 
 	
2.5
1.95
1.80
1.85
3.50
4.10
1.21
1.27
1.90
1.5
1.0
1.95
2.15
1.80
1.65
 	 2:1(1:0)  
 	22/11
17:00	 Hamilton
Saint Mirren	
-0.75
+0.75
1.87
1.87
 
 	
2.5
1.85
1.90
1.70
3.85
4.50
1.18
1.23
2.10
1.5
1.0
1.75
2.25
2.00
1.60
 	 3:0(1:0)  
 	23/11
14:45	 Partick Thistle
Aberdeen F.C.	
+0.25
-0.25
2.05
1.72
 
 	
2.5
1.87
1.87
3.65
3.40
2.00
1.75
1.29
1.26
1.0
1.5
1.90
2.00
1.85
1.75
 	 0:1(0:1)  
 	05/12
21:45	 Ross County
Dundee United	
+0.75
-0.75
1.75
2.00
 
 	
2.75
1.75
 	
2.00
 	
4.10
3.80
1.80
2.00
1.25
1.22
1.0
1.5
1.87
1.75
1.87
2.05
 	 2:3(0:1)  
 	06/12
14:45	 Motherwell
Celtic	
+1.5
–1.5
1.90
1.85
  	
3.25
2.00
 	
1.75
 	
8.80
5.30
1.30
3.50
1.14
1.05
1.0
2.5
2.75
2.05
1.42
1.72
 	 0:1(0:1)  
 	06/12
17:00	 Aberdeen F.C.
Hamilton	
-0.75
+0.75
2.00
1.75
 
 	
2.5
1.97
1.78
1.80
3.50
4.40
1.19
1.28
1.95
1.5
1.5
1.90
3.62
1.84
1.26
 	 3:0(1:0)  
 	06/12
17:00	 Partick Thistle
Kilmarnock	
-0.25
+0.25
1.88
1.92
 
 	
2.5
1.90
1.90
2.20
3.30
3.25
1.32
1.31
1.64
1.5
1.5
2.10
2.65
1.70
1.45
 	 1:1(1:1)  
 	06/12
17:00	 FC Dundee
Inverness CT	
+0.25
-0.25
1.80
1.95
 
 	
2.25
1.85
 	
1.90
 	
3.00
3.20
2.35
1.55
1.32
1.35
1.5
1.5
2.85
2.35
1.37
1.52
 	 1:2(1:0)  
	13/12
17:00	 Dundee United
Aberdeen F.C.	
0
0
1.92
1.82
  	
2.5
1.80
1.95
2.75
3.30
2.50
1.47
1.30
1.40
1.5
1.5
2.20
2.20
1.60
1.60
 	 0:2(0:2)  
 	13/12
17:00	 Inverness CT
Partick Thistle	
-0.75
+0.75
1.85
1.90
 
 	
2.25
1.80
 	
1.90
 	
1.65
3.65
5.25
1.13
1.25
2.20
1.5
1.0
1.90
2.82
1.82
1.38
 	 0:4(0:2)  
 	13/12
17:00	 Kilmarnock
Saint Johnstone	
0
0
1.87
1.87
  	
2.25
1.90
 	
1.85
 	
2.65
3.10
2.65
1.43
1.32
1.43
1.5
1.5
2.65
2.65
1.42
1.42
 	 0:1(0:0)  
 	13/12
17:00	 Motherwell
Ross County	
-0.25
+0.25
1.95
1.85
 
 	
2.75
1.80
 	
1.95
 	
2.25
3.40
3.10
1.35
1.30
1.62
1.5
1.0
2.00
1.57
1.80
2.30
 	 2:2(0:1)  
 	13/12
17:00	 Hamilton
FC Dundee	
-0.25
+0.25
1.80
1.95
 
 	
2.25
1.75
 	
2.00
 	
2.10
3.30
3.40
1.28
1.30
1.67
1.5
1.5
2.10
3.05
1.65
1.33
 	 2:1(2:0)  
 	14/12
15:00	 Celtic
Saint Mirren	
-2.25
+2.25
1.85
1.90
 
 	
3.5
1.92
1.82
1.13
7.60
19.00
 	
1.07
5.40
3.0
1.0
2.10
4.00
1.70
1.22
 	 4:1(3:1)  
 	20/12
17:00	 Partick Thistle
FC Dundee	
-0.25
+0.25
1.87
1.87
 
 	
2.25
1.75
 	
2.00
 	
2.25
3.40
3.10
1.33
1.30
1.60
1.5
1.0
2.20
1.75
1.65
2.00
 	 1:1(0:0)  
 	20/12
17:00	 Aberdeen F.C.
Kilmarnock	
-1.25
+1.25
1.90
1.85
 
 	
2.75
1.98
 	
1.77
 	
1.40
4.50
7.50
1.07
1.18
2.80
2.0
1.0
1.98
3.30
1.77
1.30
 	 1:0(0:0)  
 	20/12
17:00	 Ross County
Hamilton	
+0.25
-0.25
1.87
1.87
 
 	
2.75
1.87
 	
1.87
 	
3.10
3.50
2.15
1.64
1.27
1.33
1.0
1.5
1.62
1.95
2.25
1.80
 	 0:1(0:1)  
 	20/12
17:00	 Saint Johnstone
Inverness CT	
+0.25
-0.25
1.72
2.05
 
 	
2.25
1.85
 	
1.85
 	
2.90
3.25
2.40
1.53
1.31
1.38
1.5
1.5
2.80
2.55
1.38
1.45
 	 1:0(0:0)  
 	20/12
17:00	 Saint Mirren
Motherwell	
-0.25
+0.25
1.80
1.95
 
 	
2.5
1.80
1.95
2.15
3.55
3.10
1.30
1.30
1.65
1.5
1.5
2.10
2.65
1.65
1.42
 	 0:1(0:0)  
 	21/12
14:15	 Dundee United
Celtic	
+1.25
-1.25
1.80
1.95
 
 	
3.0
1.85
1.90
6.50
4.60
1.45
2.70
1.20
1.10
1.0
2.0
2.25
1.75
1.62
2.00
 	 2:1(1:0) 
 	27/12
17:00	 FC Dundee
Saint Mirren	
-0.25
+0.25
1.67
2.12
 
 	
2.25
1.80
 	
1.95
 	
1.90
3.55
3.80
1.24
1.27
1.84
1.5
1.0
2.00
2.10
1.72
1.67
 	 1:3(0:1)  
 	27/12
17:00	 Celtic
Ross County	
–2.5
+2.5
1.87
1.87
  	
3.75
2.00
 	
1.75
 	
1.08
10.00
22.00
 	
1.03
6.90
3.0
1.0
1.82
4.75
1.92
1.16
 	 0:0(0:0)  
 	27/12
17:00	 Kilmarnock
Hamilton	
+0.25
-0.25
1.75
2.05
 
 	
2.25
1.80
 	
1.95
 	
2.85
3.30
2.40
1.55
1.32
1.40
1.0
1.0
1.75
1.60
2.00
2.25
 	 1:0(0:0)  
 	27/12
17:00	 Motherwell
Partick Thistle	
+0.25
-0.25
1.75
2.00
 
 	
2.5
1.95
1.80
2.90
3.35
2.35
1.55
1.30
1.38
1.0
1.5
1.80
2.25
1.95
1.60
 	 1:0(1:0)  
 	27/12
17:00	 Saint Johnstone
Dundee United	
+0.25
-0.25
1.72
2.05
 
 	
2.5
1.98
1.83
3.00
3.30
2.30
1.57
1.30
1.36
1.5
1.5
2.75
2.25
1.42
1.60
 	 2:1(0:1)  
 	28/12
17:00	 Inverness CT
Aberdeen F.C.	
+0.25
-0.25
1.75
2.00
 
 	
2.25
1.75
 	
2.00
 	
2.87
3.35
2.37
1.55
1.30
1.39
1.0
1.0
1.82
1.62
1.92
2.20
 	 0:1(0:1)  
 	01/01
14:15	 Dundee United
FC Dundee	
-0.25
+0.25
1.65
2.15
 
 	
2.5
1.85
1.90
1.90
3.60
3.75
1.24
1.26
1.85
1.5
1.0
1.90
1.95
1.85
1.80
 	 6:2(4:1)  
 	01/01
17:00	 Aberdeen F.C.
Saint Johnstone	
-0.75
+0.75
1.92
1.82
 
 	
2.0
1.80
1.95
1.65
4.00
4.65
1.17
1.22
2.15
1.5
1.0
1.95
3.00
1.80
1.36
 	 2:0(1:0)  
 	01/01
17:00	 Ross County
Inverness CT	
+0.25
-0.25
2.15
1.65
 
 	
2.5
1.92
1.82
3.75
3.60
1.90
1.85
1.26
1.24
1.0
1.5
2.10
2.00
1.68
1.75
 	 1:3(0:1)  
 	01/01
17:00	 Saint Mirren
Kilmarnock	
-0.25
+0.25
1.95
1.85
 
 	
2.25
1.90
 	
1.85
 	
2.30
3.20
3.10
1.34
1.32
1.57
1.0
1.0
1.60
2.00
2.25
1.75
 	 1:2(0:0)  
 	01/01
17:00	 Hamilton
Motherwell	
-0.75
+0.75
1.80
1.95
 
 	
2.5
1.87
1.87
1.65
3.75
5.30
1.15
1.26
2.20
1.5
1.0
1.80
2.30
1.95
1.57
 	 5:0(2:0)  
 	04/01
17:00	 FC Dundee
Ross County	
-0.25
+0.25
1.72
2.10
 
 	
2.5
1.95
1.80
2.00
3.40
3.60
1.26
1.29
1.75
1.5
1.0
2.05
2.00
1.72
1.75
 	 1:1(0:0)  
 	04/01
17:00	 Inverness CT
Saint Mirren	
–1.0
+1.0
1.80
1.95
  	
2.5
1.95
1.80
1.45
4.30
6.80
1.08
1.20
2.60
1.5
1.0
1.70
3.55
2.05
1.27
 	 1:0(0:0)  
 	04/01
17:00	 Partick Thistle
Dundee United	
+0.25
-0.25
2.00
1.75
 
 	
2.5
1.80
1.95
3.75
3.60
1.90
1.84
1.26
1.24
1.0
1.5
1.85
1.95
1.90
1.80
 	 2:2(2:1)  
 	04/01
17:00	 Saint Johnstone
Hamilton	
0
0
1.82
1.92
  	
2.25
2.00
 	
1.75
 	
2.65
3.10
2.70
1.43
1.34
1.44
1.0
1.0
1.75
1.85
2.00
1.90
 	 0:1(0:1)  
 	04/01
17:30	 Motherwell
Aberdeen F.C.	
+1.25
-1.25
1.75
2.00
 
 	
2.5
1.80
1.95
6.80
4.30
1.45
2.63
1.20
1.08
1.0
2.0
3.10
2.10
1.34
1.68
 	 0:2(0:1)  
 	05/01
22:00	 Kilmarnock
Celtic	
+1.5
–1.5
1.95
1.80
  	
3.0
1.85
1.90
10.00
5.30
1.28
3.45
1.13
1.03
1.0
2.5
3.10
2.05
1.35
1.72
 	 0:2(0:1)  
	10/01
17:00	 FC Dundee
Motherwell	
-0.75
+0.75
2.00
1.75
 
 	
2.5
1.95
1.75
1.82
3.70
4.00
1.22
1.25
1.92
1.5
1.0
1.90
2.35
1.80
1.53
 	 4:1(3:1)  
 	10/01
17:00	 Kilmarnock
Inverness CT	
+0.25
-0.25
2.05
1.70
 
 	
2.25
1.80
 	
1.95
 	
3.60
3.40
2.00
1.75
1.29
1.26
1.0
1.5
2.15
2.10
1.62
1.65
 	 1:2(0:0)  
 	10/01
17:00	 Ross County
Partick Thistle	
0
0
1.85
1.85
  	
2.5
1.95
1.75
2.65
3.25
2.60
1.46
1.31
1.44
1.0
1.0
1.65
1.62
2.15
2.15
 	 cancelled  
 	10/01
17:00	 Saint Mirren
Aberdeen F.C.	
+1.0
–1.0
1.80
1.95
  	
2.25
1.85
 	
1.95
 	
6.20
4.15
1.50
2.50
1.21
1.10
1.0
1.5
3.60
1.80
1.25
1.95
 	 0:2(0:2)  
 	12/01
21:45	 Hamilton
Dundee United	
-0.25
+0.25
2.00
1.75
 
 	
2.5
1.75
1.95
2.40
3.30
2.85
1.39
1.30
1.53
1.5
1.0
2.15
1.60
1.62
2.20
 	 2:3(0:1)  
 	17/01
14:45	 Hamilton
Celtic	
+1.25
-1.25
1.75
2.00
 
 	
2.75
1.90
 	
1.85
 	
6.50
4.50
1.44
2.65
1.18
1.09
1.0
2.0
2.80
2.05
1.40
1.75
 	 0:2(0:1)  
 	17/01
17:00	 Aberdeen F.C.
FC Dundee	
-1.25
+1.25
2.00
1.75
 
 	
2.5
1.80
1.90
1.43
4.35
7.10
1.08
1.19
2.70
2.0
1.0
2.15
3.20
1.65
1.32
 	 3:3(1:2)  
 	17/01
17:00	 Ross County
Saint Mirren	
-0.25
+0.25
1.92
1.82
 
 	
2.25
1.80
 	
1.95
 	
2.25
3.25
3.15
1.33
1.31
1.60
1.0
1.0
1.55
1.90
2.35
1.85
 	 1:2(0:1)  
 	17/01
17:00	 Saint Johnstone
Partick Thistle	
-0.25
+0.25
1.95
1.80
 
 	
2.25
2.00
 	
1.80
 	
2.25
3.30
3.10
1.34
1.30
1.60
1.0
1.0
1.70
2.05
2.10
1.72
 	 2:0(1:0)  
 	20/01
21:45	 Inverness CT
Saint Johnstone	
-0.75
+0.75
2.05
1.70
 
 	
2.0
1.80
2.00
1.80
3.40
4.30
1.20
1.29
1.90
1.5
1.0
2.25
2.85
1.60
1.38
 	 2:0(2:0)  
 	21/01
21:45	 Celtic
Motherwell	
–2.5
+2.5
1.85
1.90
  	
3.5
1.85
1.90
1.11
8.50
20.00
 	
1.05
5.95
3.0
1.0
1.85
5.50
1.90
1.13
 	 4:0(2:0)  
 	21/01
21:45	 FC Dundee
Kilmarnock	
-0.25
+0.25
1.75
2.05
 
 	
2.5
1.95
1.80
2.00
3.40
3.65
1.26
1.29
1.75
1.5
1.0
2.10
2.05
1.70
1.75
 	 1:0(1:0)  
 	21/01
21:45	 Partick Thistle
Hamilton	
0
0
2.00
1.75
  	
2.25
1.80
 	
1.95
 	
2.85
3.30
2.40
1.53
1.30
1.39
1.0
1.0
1.80
1.62
1.95
2.20
 	 5:0(2:0)  
 	21/01
21:45	 Saint Mirren
Dundee United	
+0.75
-0.75
1.70
2.05
 
 	
2.75
1.90
 	
1.85
 	
4.00
3.80
1.80
1.95
1.24
1.22
1.0
1.5
1.90
1.82
1.85
1.92
 	 1:1(1:1)  
 	24/01
14:45	 Ross County
Celtic	
0
0
9.00
1.07
  	
2.5
1.60
2.30
10.00
6.00
1.25
3.75
1.11
1.03
 
 	 0:1(0:0)  
 	24/01
17:00	 Dundee United
Motherwell	
0
0
1.18
4.50
  	
2.5
1.75
2.05
1.50
4.30
6.00
1.11
1.20
2.50
 
 	 3:1(0:0)  
 	23/01
21:45	 Saint Johnstone
Aberdeen F.C.	
+0.75
-0.75
1.82
1.92
 
 	
2.25
2.00
 	
1.80
 	
4.75
3.70
1.70
2.10
1.25
1.16
1.0
1.5
3.00
2.10
1.36
1.70
 	 1:1(1:0)  
 	24/01
14:45	 Ross County
Celtic	
+1.75
-1.75
1.95
1.80
 
 	
3.25
2.00
 	
1.75
 	
11.00
7.00
1.20
4.30
1.08
1.02
1.0
2.5
3.80
1.95
1.25
1.80
 	 0:1(0:0)  
 	24/01
17:00	 Dundee United
Motherwell	
–1.5
+1.5
1.90
1.85
  	
3.25
1.95
 	
1.80
 	
1.33
5.25
8.00
1.06
1.14
3.15
2.5
1.0
2.10
2.60
1.70
1.45
 	 3:1(0:0)  
 	24/01
17:00	 Hamilton
Inverness CT	
0
0
1.95
1.80
  	
2.25
1.80
 	
1.95
 	
2.75
3.35
2.45
1.50
1.30
1.42
1.0
1.0
1.75
1.62
2.00
2.20
 	 0:2(0:0)  
 	24/01
17:00	 Kilmarnock
Partick Thistle	
0
0
1.90
1.90
  	
2.25
1.85
 	
1.90
 	
2.60
3.30
2.60
1.45
1.30
1.45
1.0
1.0
1.70
1.70
2.05
2.05
 	 2:2(1:1)  
 	24/01
17:00	 Saint Mirren
FC Dundee	
0
0
2.00
1.80
  	
2.5
2.00
1.80
2.70
3.40
2.50
1.50
1.30
1.44
 
 	 1:2(1:0)  
 	30/01
21:45	 Partick Thistle
Saint Mirren	
-0.25
+0.25
1.65
2.15
 
 	
2.25
1.90
 	
1.85
 	
1.92
3.50
3.80
1.24
1.28
1.82
1.5
1.0
2.10
2.40
1.66
1.53
 	 0:1(0:1)  
 	31/01
17:00	 FC Dundee
Hamilton	
0
0
1.85
1.90
  	
2.5
1.95
1.80
2.55
3.25
2.70
1.43
1.31
1.47
1.0
1.0
1.62
1.68
2.20
2.10
 	 1:1(0:0)  
 	31/01
17:00	 Inverness CT
Ross County	
–1.0
+1.0
1.95
1.80
  	
2.5
1.85
1.90
1.57
3.75
6.00
1.11
1.24
2.30
1.5
1.0
1.70
2.75
2.10
1.40
 	 1:1(1:0)  
 	31/01
17:00	 Motherwell
Saint Johnstone	
+0.25
-0.25
2.05
1.75
 
 	
2.25
1.90
 	
1.85
 	
3.60
3.50
2.00
1.72
1.26
1.24
1.0
1.5
2.30
2.25
1.60
1.60
 	 1:1(0:1)  
 	14/02
14:45	 Saint Johnstone
Celtic	
+1.5
–1.5
1.82
1.92
  	
2.5
1.80
1.95
9.50
5.20
1.30
3.35
1.11
1.02
1.0
2.0
4.55
1.92
1.18
1.82
 	 1:2(0:1)  
 	14/02
17:00	 FC Dundee
Partick Thistle	
0
0
2.00
1.80
  	
2.25
2.00
 	
1.80
 	
2.75
3.30
2.45
1.49
1.29
1.39
1.0
1.0
1.95
1.75
1.80
2.00
 	 1:0(0:0)  
 	14/02
17:00	 Kilmarnock
Dundee United	
+0.25
-0.25
2.05
1.72
 
 	
2.75
2.00
 	
1.75
 	
3.50
3.50
2.00
1.75
1.27
1.27
1.0
1.5
1.85
1.92
1.90
1.82
 	 3:2(1:2)  
 	14/02
17:00	 Ross County
Motherwell	
-0.75
+0.75
2.10
1.70
 
 	
2.5
1.82
1.92
1.90
3.60
3.75
1.24
1.26
1.85
1.5
1.0
1.90
2.00
1.85
1.75
 	 3:2(1:0)  
 	14/02
17:00	 Saint Mirren
Inverness CT	
+0.25
-0.25
2.05
1.72
 
 	
2.25
1.82
 	
1.92
 	
3.55
3.55
2.00
1.77
1.28
1.28
1.0
1.5
2.20
2.20
1.62
1.62
 	 1:2(0:1)  
 	15/02
17:30	 Hamilton
Aberdeen F.C.	
+0.75
-0.75
1.75
2.00
 
 	
2.25
1.85
 	
1.90
 	
4.50
3.70
1.75
2.00
1.26
1.19
1.0
1.5
2.65
2.00
1.45
1.75
 	 0:3(0:2)  
 	21/02
17:00	 Dundee United
Saint Johnstone	
-0.25
+0.25
1.87
1.87
 
 	
2.5
1.87
1.87
2.10
3.30
3.45
1.28
1.31
1.70
1.5
1.0
2.15
1.80
1.65
1.95
 	 0:2(0:2)  
 	21/02
17:00	 Aberdeen F.C.
Saint Mirren	
–1.5
+1.5
1.95
1.80
  	
2.5
1.80
1.95
1.30
5.00
10.00
1.03
1.15
3.30
2.0
1.0
1.87
4.40
1.87
1.19
 	 3:0(1:0)  
 	21/02
17:00	 Inverness CT
Kilmarnock	
–1.0
+1.0
1.80
1.95
  	
2.5
1.95
1.80
1.55
4.00
5.75
1.12
1.22
2.35
1.5
1.0
1.75
3.05
2.00
1.35
 	 3:3(2:2)  
 	21/02
17:00	 Motherwell
FC Dundee	
+0.25
-0.25
2.05
1.72
 
 	
2.5
1.95
1.80
3.55
3.45
2.00
1.75
1.28
1.27
1.0
1.5
2.05
2.10
1.72
1.70
 	 0:1(0:1)  
 	21/02
17:00	 Partick Thistle
Ross County	
-0.75
+0.75
2.05
1.72
 
 	
2.25
1.75
 	
2.00
 	
1.95
3.45
3.75
1.25
1.28
1.80
1.5
1.0
2.00
2.40
1.75
1.55
 	 1:3(0:1)  
 	22/02
15:00	 Celtic
Hamilton	
–2.0
+2.0
1.85
1.90
  	
3.0
1.80
1.95
1.18
7.00
13.00
1.01
1.08
4.55
2.5
1.0
1.87
5.40
1.87
1.13
 	 4:0(0:0)  
 	28/02
17:00	 Motherwell
Inverness CT	
+0.75
-0.75
1.95
1.80
 
 	
2.5
1.87
1.87
5.20
4.20
1.57
2.30
1.21
1.14
1.0
1.5
2.55
1.75
1.47
2.00
 	 2:1(0:0)  
 	28/02
17:00	 Dundee United
Partick Thistle	
-0.25
+0.25
1.72
2.05
 
 	
2.5
1.80
1.95
2.00
3.40
3.60
1.26
1.29
1.75
1.5
1.0
2.00
1.87
1.75
1.87
 	 0:2(0:2)  
 	28/02
17:00	 Ross County
FC Dundee	
0
0
1.75
2.00
  	
2.5
1.95
1.80
2.40
3.40
2.80
1.41
1.29
1.54
1.0
1.0
1.57
1.72
2.30
2.05
 	 1:0(0:0)  
 	28/02
17:00	 Saint Johnstone
Kilmarnock	
-0.25
+0.25
1.65
2.15
 
 	
2.25
1.92
 	
1.82
 	
1.90
3.60
3.75
1.24
1.26
1.85
1.5
1.0
2.15
2.40
1.65
1.53
 	 0:0(0:0)  
 	28/02
17:00	 Saint Mirren
Hamilton	
0
0
1.80
1.95
  	
2.25
1.75
 	
2.00
 	
2.45
3.30
2.80
1.41
1.31
1.51
1.0
1.0
1.65
1.75
2.15
2.00
 	 1:0(0:0)  
 	01/03
14:00	 Celtic
Aberdeen F.C.	
–1.0
+1.0
2.00
1.75
  	
2.5
1.82
1.92
1.57
3.80
6.00
1.11
1.24
2.35
1.5
1.0
1.72
2.60
2.05
1.45
 	 4:0(1:0)  
 	13/03
21:45	 Aberdeen F.C.
Motherwell	
-1.75
+1.75
1.87
1.87
 
 	
3.0
1.95
1.80
1.22
5.75
13.00
1.01
1.12
4.00
2.5
1.0
2.10
4.30
1.70
1.20
 	 2:1(0:1)  
 	14/03
17:00	 Hamilton
Ross County	
-0.25
+0.25
2.05
1.72
 
 	
2.25
1.75
 	
2.00
 	
2.40
3.40
2.80
1.41
1.29
1.55
1.0
1.0
1.65
1.80
2.20
1.95
 	 2:2(2:1)  
 	14/03
17:00	 Partick Thistle
Saint Johnstone	
0
0
1.80
1.95
  	
2.0
1.85
1.90
2.50
3.50
2.60
1.45
1.27
1.50
1.0
1.0
1.87
2.10
1.87
1.70
 	 3:0(2:0)  
 	14/03
17:00	 Kilmarnock
Saint Mirren	
-0.25
+0.25
2.05
1.72
 
 	
2.25
1.90
 	
1.85
 	
2.30
3.30
3.00
1.36
1.30
1.57
1.0
1.0
1.72
1.95
2.05
1.80
 	 1:0(0:0)  
 	20/03
21:45	 Motherwell
Hamilton	
0
0
1.87
1.87
  	
2.5
1.95
1.80
2.62
3.30
2.60
1.46
1.30
1.45
1.0
1.0
1.70
1.70
2.10
2.10
 	 4:0(0:0)  
 	21/03
17:00	 Celtic
Dundee United	
-1.75
+1.75
1.75
2.00
 
 	
3.25
1.90
 	
1.85
 	
1.18
6.50
15.00
 	
1.09
4.50
2.5
1.0
1.87
3.70
1.87
1.25
 	 3:0(3:0)  
 	21/03
17:00	 Partick Thistle
Inverness CT	
+0.25
-0.25
1.75
2.00
 
 	
2.25
1.85
 	
1.90
 	
3.00
3.30
2.30
1.57
1.30
1.36
1.0
1.0
1.90
1.65
1.85
2.15
 	 1:0(0:0)  
 	21/03
17:00	 Ross County
Kilmarnock	
-0.25
+0.25
1.87
1.87
 
 	
2.25
1.80
 	
1.95
 	
2.15
3.40
3.20
1.32
1.29
1.65
1.5
1.0
2.30
2.00
1.57
1.75
 	 2:1(1:0)  
 	21/03
17:00	 Saint Johnstone
Saint Mirren	
-0.25
+0.25
1.72
2.05
 
 	
2.25
1.90
 	
1.85
 	
2.05
3.70
3.20
1.32
1.25
1.72
1.5
1.0
2.30
2.35
1.57
1.55
 	 2:0(1:0)  
 	21/03
14:15	 FC Dundee
Aberdeen F.C.	
+0.75
-0.75
1.80
1.95
 
 	
2.5
1.95
1.80
4.50
3.80
1.72
2.05
1.24
1.18
1.0
1.5
2.45
1.90
1.50
1.85
 	 1:1(0:1)
 	03/04
21:45	 Saint Mirren
Celtic	
+2.0
–2.0
1.85
1.85
  	
3.0
1.87
1.87
13.00
7.00
1.18
4.55
1.08
1.01
1.0
2.5
5.50
1.87
1.12
1.87
 	 0:2(0:0)  
 	04/04
17:00	 Dundee United
Ross County	
-0.25
+0.25
1.80
1.95
 
 	
2.75
1.85
 	
1.90
 	
2.10
3.30
3.50
1.28
1.31
1.70
1.5
1.0
1.90
1.67
1.85
2.10
 	 1:2(1:1)  
 	04/04
17:00	 Aberdeen F.C.
Partick Thistle	
–1.0
+1.0
1.85
1.85
  	
2.5
1.82
1.92
1.50
4.30
6.00
1.11
1.20
2.50
1.5
1.0
1.65
2.85
2.15
1.40
 	 0:0(0:0)  
 	04/04
17:00	 Hamilton
Saint Johnstone	
0
0
2.00
1.75
  	
2.25
1.95
 	
1.80
 	
2.85
3.10
2.50
1.48
1.33
1.38
1.0
1.0
1.95
1.75
1.80
2.00
 	 1:1(1:0)  
 	04/04
17:00	 Inverness CT
FC Dundee	
-0.75
+0.75
2.00
1.75
 
 	
2.5
1.95
1.80
1.80
3.45
4.50
1.18
1.29
1.95
1.5
1.0
1.95
2.35
1.80
1.55
 	 1:1(0:0)  
 	04/04
17:00	 Kilmarnock
Motherwell	
-0.25
+0.25
1.92
1.82
 
 	
2.5
1.92
1.82
2.20
3.20
3.30
1.30
1.32
1.62
1.5
1.0
2.20
1.80
1.62
1.95
 	 1:2(1:1)  
 	07/04
21:45	 Ross County
Saint Johnstone	
-0.25
+0.25
2.00
1.75
 
 	
2.25
1.95
 	
1.80
 	
2.40
3.15
3.00
1.36
1.33
1.54
1.0
1.0
1.72
1.95
2.05
1.80
 	 1:0(0:0)  
 	07/04
21:45	 Motherwell
Saint Mirren	
-0.25
+0.25
1.87
1.87
 
 	
2.5
1.95
1.80
2.20
3.20
3.30
1.30
1.32
1.62
1.5
1.0
2.20
1.87
1.62
1.87
 	 5:0(3:0)  
 	08/04
21:45	 FC Dundee
Dundee United	
0
0
1.87
1.87
  	
2.5
1.80
1.95
2.60
3.35
2.60
1.50
1.25
1.50
1.5
1.5
2.25
2.25
1.60
1.60
 	 3:1(2:1)  
 	08/04
21:45	 Celtic
Partick Thistle	
–2.0
+2.0
1.90
1.85
  	
3.25
1.92
 	
1.82
 	
1.18
7.00
13.00
1.01
1.08
4.55
2.5
1.0
1.85
4.20
1.90
1.20
 	 2:0(1:0)  
 	08/04
21:45	 Aberdeen F.C.
Inverness CT	
-0.75
+0.75
1.95
1.80
 
 	
2.25
1.80
 	
1.95
 	
1.75
3.50
4.75
1.17
1.28
2.00
1.5
1.0
1.95
2.55
1.80
1.48
 	 1:0(0:0)  
 	11/04
14:45	 Inverness CT
Celtic	
+1.0
–1.0
1.90
1.83
  	
2.5
1.82
1.92
6.50
4.50
1.45
2.65
1.19
1.10
1.0
1.5
2.90
1.65
1.38
2.15
 	 1:1(1:1)  
 	11/04
17:00	 Dundee United
Hamilton	
-0.75
+0.75
2.05
1.72
 
 	
2.75
1.82
 	
1.92
 	
1.82
3.70
4.00
1.22
1.25
1.92
1.5
1.0
1.80
1.82
1.95
1.92
 	 1:0(0:0)  
 	11/04
17:00	 Partick Thistle
Motherwell	
-0.75
+0.75
2.15
1.65
 
 	
2.5
1.92
1.82
1.87
3.50
4.00
1.22
1.27
1.87
1.5
1.0
2.00
2.10
1.77
1.67
 	 2:0(0:0)  
 	11/04
17:00	 Saint Johnstone
FC Dundee	
-0.25
+0.25
1.75
2.00
 
 	
2.25
1.95
 	
1.80
 	
2.00
3.35
3.70
1.25
1.30
1.75
1.5
1.0
2.30
2.30
1.57
1.57
 	 1:0(1:0)  
 	12/04
14:15	 Kilmarnock
Aberdeen F.C.	
+1.0
–1.0
1.75
2.00
  	
2.5
1.95
1.80
5.50
3.75
1.61
2.25
1.25
1.13
1.0
1.5
3.00
1.80
1.36
1.95
 	 1:2(0:1)  
 	13/04
21:45	 Saint Mirren
Ross County	
0
0
2.00
1.75
  	
2.5
1.95
1.80
2.80
3.40
2.40
1.54
1.29
1.41
1.0
1.0
1.72
1.57
2.05
2.30
 	 0:3(0:1)  
 	24/04
21:45	 Hamilton
Motherwell	
-0.25
+0.25
1.95
1.80
 
 	
2.75
1.95
 	
1.80
 	
2.30
3.35
3.00
1.36
1.30
1.58
1.5
1.0
2.15
1.65
1.65
2.15
 	 2:0(1:0)  
 	25/04
17:00	 FC Dundee
Saint Johnstone	
0
0
1.87
1.87
  	
2.25
2.00
 	
1.75
 	
2.70
3.10
2.70
1.44
1.35
1.44
1.0
1.0
1.85
1.85
1.90
1.90
 	 0:2(0:0)  
 	25/04
17:00	 Ross County
Partick Thistle	
0
0
1.80
1.95
  	
2.25
1.82
 	
1.92
 	
2.40
3.55
2.70
1.43
1.27
1.53
1.0
1.0
1.70
1.80
2.10
1.95
 	 1:2(1:1)  
 	25/04
17:00	 Saint Mirren
Kilmarnock	
+0.25
-0.25
1.80
1.95
 
 	
2.25
1.95
 	
1.80
 	
2.80
3.60
2.30
1.57
1.26
1.40
1.0
1.0
2.05
1.65
1.72
2.15
 	 4:1(2:0)  
 	25/04
17:00	 Inverness CT
Aberdeen F.C.	
+0.25
-0.25
1.80
1.95
 
 	
2.25
1.80
 	
1.95
 	
2.85
3.50
2.30
1.57
1.27
1.39
1.0
1.0
1.85
1.60
1.90
2.25
 	 1:2(0:0)  
 	26/04
14:30	 Dundee United
Celtic	
+1.5
–1.5
1.82
1.92
  	
3.0
1.90
1.85
9.00
5.00
1.33
3.20
1.16
1.05
1.0
2.0
3.05
1.70
1.35
2.10
 	 0:3(0:0)  
 	01/05
21:45	 Celtic
FC Dundee	
-2.25
+2.25
1.80
1.95
 
 	
3.25
1.95
 	
1.80
 	
1.12
7.50
23.00
 	
1.07
5.65
2.5
1.0
1.72
6.00
2.05
1.08
 	 5:0(2:0)  
 	02/05
17:00	 Dundee United
Aberdeen F.C.	
+0.75
-0.75
1.70
2.10
 
 	
2.5
1.82
1.92
4.00
3.70
1.82
1.92
1.25
1.22
1.0
1.5
2.05
1.87
1.72
1.87
 	 1:0(1:0)  
 	02/05
17:00	 Saint Johnstone
Inverness CT	
0
0
1.95
1.80
  	
2.0
1.85
1.90
2.80
3.20
2.50
1.50
1.32
1.40
1.0
1.0
2.05
1.90
1.72
1.85
 	 1:1(0:0)  
 	02/05
17:00	 Kilmarnock
Hamilton	
-0.25
+0.25
2.05
1.72
 
 	
2.5
1.95
1.80
2.35
3.50
2.80
1.41
1.28
1.55
1.0
1.0
1.57
1.75
2.30
2.00
 	 2:3(1:1)  
 	02/05
17:00	 Motherwell
Ross County	
0
0
1.95
1.80
  	
2.5
1.80
1.95
2.70
3.40
2.50
1.50
1.30
1.45
1.0
1.5
1.57
2.20
2.35
1.62
 	 1:1(1:1)  
 	02/05
17:00	 Partick Thistle
Saint Mirren	
-0.75
+0.75
1.80
1.95
 
 	
2.5
1.95
1.80
1.57
4.00
5.50
1.13
1.22
2.30
1.5
1.0
1.82
2.75
1.92
1.42
 	 3:0(0:0)  
 	08/05
21:45	 Motherwell
Kilmarnock	
-0.25
+0.25
1.80
1.95
 
 	
2.5
1.87
1.87
2.05
3.50
3.40
1.29
1.28
1.72
1.5
1.0
2.05
1.90
1.72
1.85
 	 3:1(2:0)  
 	09/05
17:00	 FC Dundee
Inverness CT	
+0.25
-0.25
1.95
1.80
 
 	
2.25
1.80
 	
1.95
 	
3.30
3.45
2.10
1.70
1.28
1.31
1.0
1.5
2.05
2.20
1.72
1.62
 	 0:1(0:1)  
 	09/05
17:00	 Saint Johnstone
Dundee United	
-0.25
+0.25
1.92
1.82
 
 	
2.25
1.87
 	
1.87
 	
2.30
3.30
3.00
1.36
1.30
1.57
1.0
1.0
1.60
1.95
2.25
1.80
 	 1:1(0:0)  
 	09/05
17:00	 Hamilton
Partick Thistle	
0
0
2.00
1.75
  	
2.5
1.95
1.80
2.80
3.40
2.40
1.55
1.29
1.41
1.0
1.0
1.72
1.57
2.05
2.30
 	 1:1(0:0)  
 	09/05
17:00	 Ross County
Saint Mirren	
–1.0
+1.0
2.00
1.75
  	
2.75
1.95
 	
1.80
 	
1.57
4.30
5.00
1.15
1.19
2.30
1.5
1.0
1.65
2.40
2.15
1.53
 	 1:2(1:1)  
 	10/05
16:30	 Aberdeen F.C.
Celtic	
+0.75
-0.75
1.80
1.95
 
 	
2.75
1.95
 	
1.80
 	
4.20
4.00
1.72
2.05
1.22
1.20
1.0
1.5
2.05
1.80
1.72
1.95
 	 0:1(0:0)  
 	15/05
21:45	 Saint Johnstone
Celtic	
+1.25
-1.25
1.80
1.95
 
 	
2.75
1.90
 	
1.85
 	
7.00
4.70
1.40
2.81
1.17
1.08
1.0
2.0
2.90
1.95
1.36
1.77
 	 0:0(0:0)  
 	16/05
17:00	 FC Dundee
Aberdeen F.C.	
+0.75
-0.75
1.82
1.92
 
 	
2.5
1.92
1.82
4.50
3.85
1.70
2.10
1.23
1.18
1.0
1.5
2.40
1.87
1.53
1.87
 	 1:1(1:0)  
 	16/05
17:00	 Inverness CT
Dundee United	
-0.25
+0.25
1.70
2.10
 
 	
2.5
1.82
1.92
1.90
3.60
3.80
1.24
1.27
1.85
1.5
1.0
1.95
1.95
1.80
1.80
 	 3:0(0:0)  
 	16/05
17:00	 Partick Thistle
Kilmarnock	
-0.75
+0.75
2.00
1.75
 
 	
2.5
1.82
1.92
1.80
3.45
4.50
1.18
1.29
1.95
1.5
1.0
1.87
2.10
1.87
1.70
 	 1:4(0:2)  
 	16/05
17:00	 Ross County
Hamilton	
-0.75
+0.75
2.10
1.70
 
 	
2.75
1.92
 	
1.82
 	
1.85
3.80
3.80
1.24
1.24
1.90
1.5
1.0
1.85
1.87
1.90
1.87
 	 2:1(0:1)  
 	16/05
17:00	 Saint Mirren
Motherwell	
+0.25
-0.25
2.10
1.70
 
 	
2.75
1.95
 	
1.80
 	
3.75
3.50
1.95
1.80
1.28
1.25
1.0
1.5
1.85
1.87
1.90
1.87
 	 2:1(0:0)  
 	23/05
17:00	 Hamilton
Saint Mirren	
-0.75
+0.75
1.92
1.82
 
 	
2.75
1.95
 	
1.80
 	
1.72
3.80
4.50
1.18
1.24
2.05
1.5
1.0
1.80
2.15
1.95
1.65
 	 1:0(0:0)  
 	23/05
17:00	 Kilmarnock
Ross County	
+0.25
-0.25
1.82
1.92
 
 	
2.75
1.95
 	
1.80
 	
3.00
3.60
2.20
1.65
1.27
1.37
1.0
1.5
1.62
2.05
2.20
1.72
 	 1:2(1:0)  
 	23/05
17:00	 Motherwell
Partick Thistle	
+0.25
-0.25
1.95
1.80
 
 	
2.75
1.95
 	
1.80
 	
3.40
3.50
2.05
1.72
1.28
1.29
1.0
1.5
1.72
1.95
2.05
1.80
 	 0:0(0:0)  
 	24/05
14:30	 Aberdeen F.C.
Saint Johnstone	
-0.75
+0.75
2.15
1.65
 
 	
2.25
1.82
 	
1.92
 	
1.90
3.60
3.75
1.24
1.26
1.85
1.5
1.0
2.10
2.35
1.70
1.55
 	 0:1(0:0)  
 	24/05
14:30	 Celtic
Inverness CT	
-1.75
+1.75
1.95
1.80
 
 	
3.0
1.92
1.82
1.25
5.75
11.00
1.03
1.12
3.80
2.5
1.0
2.10
4.00
1.70
1.23
 	 5:0(2:0)  
 	24/05
14:30	 Dundee United
FC Dundee	
-0.25
+0.25
1.70
2.10
 
 	
2.75
1.95
 	
1.80
 	
2.00
3.50
3.50
1.27
1.27
1.75
1.5
1.0
1.90
1.82
1.85
1.92
 	 3:0(2:0)  
 	08/11
17:00	 Saint Mirren
Partick Thistle	
0
0
1.87
1.87
  	
2.5
1.85
1.90
2.65
3.20
2.65
1.45
1.33
1.45
1.5
1.5
2.30
2.43
1.57
1.57
 	 0:1(0:0)  
 	08/11
17:00	 FC Dundee
Saint Johnstone	
0
0
1.80
1.95
  	
2.0
1.75
2.00
2.60
3.05
2.80
1.40
1.35
1.46
1.0
1.0
1.85
1.95
1.90
1.80
 	 1:1(1:0)  
 	07/02
17:00	 Aberdeen F.C.
Ross County	
-1.25
+1.25
1.80
1.95
 
 	
2.5
1.80
1.95
1.36
4.50
9.00
1.04
1.18
3.00
2.0
1.0
1.95
3.80
1.80
1.25
 	 4:0(1:0)  
 	07/02
17:00	 Hamilton
Kilmarnock	
-0.25
+0.25
1.65
2.15
 
 	
2.25
2.05
 	
1.75
 	
2.00
3.20
3.90
1.23
1.32
1.75
1.5
1.0
2.25
2.65
1.60
1.45
 	 0:0(0:0)  
 	07/03
17:00	 Motherwell
Kilmarnock	
+0.25
-0.25
1.85
2.00
 
 	
2.25
1.85
 	
1.90
 	
3.40
3.30
2.15
1.67
1.32
1.30
1.0
1.0
1.95
1.62
1.80
2.20
 	 1:1(1:1)  
 	07/03
17:00	 Ross County
Partick Thistle	
0
0
1.80
1.95
  	
2.25
1.80
 	
1.95
 	
2.55
3.20
2.80
1.42
1.33
1.50
1.0
1.0
1.65
1.75
2.15
2.00
 	 1:0(1:0)  