569	04/10
20:00	 Kardemir DC Karabukspor
Bursaspor	
0
0
1.88
1.86
  	
2.25
1.88
 	
1.86
 	
2.70
3.25
2.60
1.47
1.31
1.43
1.5
1.5
2.70
2.60
1.43
1.46
 	 0:1(0:1)  
570	05/10
16:00	 Kayserispor
Gaziantepspor	
-0.25
+0.25
1.87
1.87
 
 	
2.5
1.97
1.78
2.20
3.30
3.20
1.32
1.31
1.65
1.5
1.5
2.20
2.90
1.62
1.38
 	 0:1(0:0)  
571	05/10
19:00	 Konyaspor
Kayseri Erciyesspor	
-0.25
+0.25
2.00
1.76
 
 	
2.25
1.84
 	
1.90
 	
2.36
3.20
3.00
1.36
1.32
1.55
1.5
1.5
2.40
2.95
1.53
1.37
 	 1:0(0:0)  
572	05/10
19:00	 Eskisehirspor
Besiktas JK	
+0.25
-0.25
1.90
1.84
 
 	
2.5
1.85
1.89
3.32
3.35
2.15
1.65
1.30
1.30
1.5
1.5
2.75
2.05
1.42
1.72
 	 0:1(0:0)  
573	06/10
14:00	 Kasimpasa
Elasigspor	
-0.75
+0.75
1.76
2.00
 
 	
2.75
1.92
 	
1.83
 	
1.60
4.00
5.30
1.14
1.23
2.30
1.5
1.5
1.65
3.70
2.16
1.25
 	 4:0(3:0)  
574	06/10
16:30	 Akhisar Bld.
Galatasaray SK	
+0.75
-0.75
2.04
1.73
 
 	
2.5
1.84
1.90
5.60
3.85
1.60
2.25
1.24
1.13
1.5
1.5
4.00
1.72
1.22
2.05
 	 2:1(1:0)  
575	06/10
16:30	 Caykur Rizespor
Antalyaspor	
0
0
1.47
2.55
  	
2.5
1.97
1.78
2.05
3.33
3.55
1.27
1.30
1.72
1.5
1.5
2.10
3.15
1.68
1.33
 	 1:2(0:1)  
576	06/10
19:00	 Sivasspor
Genclerbirligi	
-0.25
+0.25
1.73
2.03
 
 	
2.5
1.87
1.87
2.00
3.35
3.70
1.25
1.29
1.76
1.5
1.5
2.00
3.15
1.76
1.33
 	 2:0(1:0)  
577	06/10
20:00	 Fenerbahce
Trabzonspor	
-0.75
+0.75
1.83
1.92
 
 	
2.5
1.84
1.90
1.68
3.75
4.80
1.16
1.25
2.11
1.5
1.5
1.78
3.80
1.97
1.24
 	 0:0(0:0)  
736	19/10
16:00	 Elasigspor
Eskisehirspor	
+0.25
-0.25
2.18
1.64
 
 	
2.5
1.80
1.95
3.95
3.45
1.90
1.84
1.28
1.22
1.5
1.5
3.10
1.88
1.34
1.86
 	 0:2(0:1)  
737	19/10
19:00	 Galatasaray SK
Kardemir DC Karabukspor	
–1.5
+1.5
1.93
1.82
  	
2.75
1.76
 	
1.99
 	
1.29
5.00
11.00
1.03
1.15
3.40
1.5
1.5
1.40
5.40
2.80
1.13
 	 2:1(1:0)  
738	19/10
19:00	 Genclerbirligi
Kasimpasa	
0
0
1.90
1.84
  	
2.5
1.84
1.90
2.65
3.25
2.60
1.46
1.32
1.45
1.5
1.5
2.40
2.36
1.53
1.55
 	 1:3(1:3)  
739	20/10
16:00	 Gaziantepspor
Konyaspor	
-0.25
+0.25
1.68
2.11
 
 	
2.25
1.77
 	
1.98
 	
1.95
3.40
3.80
1.24
1.29
1.80
1.5
1.5
2.08
3.50
1.70
1.27
 	 3:3(1:1)  
740	20/10
16:00	 Trabzonspor
Sivasspor	
–1.0
+1.0
2.40
1.52
  	
2.5
1.84
1.90
1.80
3.55
4.30
1.19
1.27
1.95
1.5
1.5
1.87
3.50
1.87
1.26
 	 0:0(0:0)  
741	20/10
19:00	 Antalyaspor
Akhisar Bld.	
-0.25
+0.25
1.76
2.00
 
 	
2.25
1.82
 	
1.93
 	
2.05
3.30
3.60
1.26
1.30
1.72
1.5
1.5
2.15
3.40
1.65
1.29
 	 1:0(1:0)  
742	20/10
19:00	 Kayseri Erciyesspor
Fenerbahce	
+0.75
-0.75
1.92
1.83
 
 	
2.5
1.84
1.90
4.80
3.75
1.68
2.11
1.25
1.16
1.5
1.5
3.80
1.78
1.24
1.97
 	 1:2(1:1)  
743	21/10
20:00	 Besiktas JK
Caykur Rizespor	
–1.0
+1.0
1.76
2.00
  	
2.75
1.95
 	
1.80
 	
1.47
4.25
6.50
1.09
1.20
2.57
1.5
1.5
1.58
4.50
2.30
1.18
 	 0:0(0:0)  
744	21/10
20:00	 Bursaspor
Kayserispor	
-0.75
+0.75
1.95
1.80
 
 	
2.25
1.82
 	
1.92
 	
1.70
3.55
5.00
1.15
1.27
2.08
1.5
1.5
1.92
4.00
1.83
1.22
 	 2:0(0:0)  
590	25/10
20:00	 Sivasspor
Kayseri Erciyesspor	
-0.75
+0.75
2.14
1.66
 
 	
2.5
1.87
1.87
1.93
3.45
3.85
1.24
1.29
1.82
1.5
1.5
1.95
3.20
1.80
1.32
 	 2:0(1:0)  
591	25/10
20:00	 Fenerbahce
Gaziantepspor	
–1.5
+1.5
1.80
1.95
  	
3.0
1.84
1.90
1.30
5.30
10.00
1.04
1.15
3.46
2.5
1.5
2.20
5.00
1.62
1.15
 	 3:1(2:0)  
592	26/10
15:30	 Kardemir DC Karabukspor
Antalyaspor	
-0.25
+0.25
1.82
1.93
 
 	
2.25
1.80
 	
1.95
 	
2.15
3.30
3.33
1.30
1.30
1.66
1.5
1.5
2.25
3.10
1.60
1.34
 	 1:1(0:0)  
593	26/10
19:00	 Akhisar Bld.
Besiktas JK	
0
0
2.55
1.48
  	
2.5
1.97
1.78
3.55
3.33
2.05
1.72
1.30
1.27
1.5
1.5
3.15
2.10
1.33
1.68
 	 3:3(3:2)  
594	26/10
19:00	 Elasigspor
Genclerbirligi	
0
0
1.84
1.90
  	
2.5
1.84
1.90
2.60
3.25
2.65
1.45
1.32
1.46
1.5
1.5
2.36
2.40
1.55
1.53
 	 1:2(1:1)  
595	27/10
15:30	 Eskisehirspor
Caykur Rizespor	
-0.75
+0.75
1.97
1.78
 
 	
2.5
1.83
1.91
1.76
3.60
4.50
1.18
1.26
2.00
1.5
1.5
1.80
3.55
1.95
1.27
 	 4:1(0:0)  
596	27/10
19:00	 Kayserispor
Galatasaray SK	
+1.0
–1.0
2.00
1.76
  	
2.75
1.95
 	
1.80
 	
6.50
4.25
1.47
2.57
1.20
1.09
1.5
1.5
4.50
1.58
1.18
2.30
 	 2:4(2:2)  
597	27/10
19:00	 Konyaspor
Bursaspor	
+0.25
-0.25
1.95
1.80
 
 	
2.25
1.80
 	
1.95
 	
3.50
3.25
2.10
1.68
1.31
1.28
1.5
1.5
3.10
2.25
1.34
1.60
 	 0:1(0:0)  
598	28/10
20:00	 Kasimpasa
Trabzonspor	
-0.25
+0.25
2.00
1.76
 
 	
2.25
1.84
 	
1.90
 	
2.36
3.20
3.00
1.36
1.32
1.55
1.5
1.5
2.40
2.95
1.53
1.37
 	 3:2(2:1) 
681	01/11
20:00	 Galatasaray SK
Konyaspor	
-1.75
+1.75
1.82
1.93
 
 	
3.0
1.83
1.92
1.22
6.00
14.00
1.01
1.11
4.05
2.5
1.5
2.05
5.65
1.72
1.12
 	 2:1(1:1)  
682	02/11
19:00	 Bursaspor
Fenerbahce	
+0.25
-0.25
1.72
2.05
 
 	
2.5
1.90
1.84
2.95
3.35
2.35
1.55
1.30
1.38
1.5
1.5
2.60
2.25
1.46
1.60
 	 2:3(1:0)  
683	02/11
19:00	 Kayseri Erciyesspor
Kasimpasa	
+0.25
-0.25
1.77
1.98
 
 	
2.5
1.98
1.77
3.00
3.33
2.30
1.58
1.30
1.36
1.5
1.5
2.82
2.25
1.40
1.60
 	 0:3(0:2)  
684	03/11
15:30	 Trabzonspor
Elasigspor	
-1.25
+1.25
1.87
1.87
 
 	
2.75
1.85
 	
1.90
 	
1.38
4.50
8.20
1.06
1.18
2.90
1.5
1.5
1.45
5.40
2.60
1.13
 	 4:0(1:0)  
685	03/11
19:00	 Besiktas JK
Kardemir DC Karabukspor	
–1.0
+1.0
1.76
2.00
  	
2.75
1.95
 	
1.80
 	
1.47
4.25
6.50
1.09
1.20
2.57
1.5
1.5
1.58
4.50
2.30
1.18
 	 0:0(0:0)  
686	03/11
19:00	 Caykur Rizespor
Akhisar Bld.	
0
0
1.73
2.03
  	
2.25
1.80
 	
1.95
 	
2.40
3.35
2.82
1.40
1.30
1.53
1.5
1.5
2.45
2.82
1.50
1.40
 	 0:0(0:0)  
688	04/11
20:00	 Gaziantepspor
Sivasspor	
0
0
1.84
1.90
  	
2.5
1.84
1.90
2.60
3.25
2.65
1.45
1.32
1.46
1.5
1.5
2.36
2.40
1.55
1.53
 	 0:4(0:1) 
608	08/11
20:00	 Elasigspor
Kayseri Erciyesspor	
0
0
1.75
2.00
  	
2.5
1.95
1.80
2.40
3.40
2.80
1.41
1.29
1.53
1.5
1.5
2.40
2.57
1.53
1.47
 	 0:1(0:0)  
609	08/11
20:00	 Eskisehirspor
Akhisar Bld.	
-0.75
+0.75
1.80
1.95
 
 	
2.5
2.00
1.80
1.60
4.00
5.60
1.13
1.23
2.30
1.5
1.5
1.82
4.00
1.92
1.22
 	 2:0(0:0)  
610	09/11
15:30	 Kasimpasa
Gaziantepspor	
-0.75
+0.75
1.76
2.00
 
 	
2.75
1.97
 	
1.78
 	
1.60
3.95
5.25
1.14
1.23
2.25
1.5
1.5
1.69
3.80
2.09
1.24
 	 3:0(3:0)  
611	09/11
19:00	 Kayserispor
Besiktas JK	
0
0
2.57
1.47
  	
2.5
1.97
1.78
3.55
3.33
2.05
1.72
1.30
1.27
1.5
1.5
3.15
2.10
1.33
1.68
 	 0:3(0:1)  
612	09/11
19:00	 Sivasspor
Bursaspor	
-0.25
+0.25
1.98
1.77
 
 	
2.5
1.84
1.90
2.30
3.40
2.95
1.37
1.29
1.58
1.5
1.5
2.18
2.60
1.64
1.46
 	 2:1(0:0)  
613	09/11
19:30	 Kardemir DC Karabukspor
Caykur Rizespor	
-0.25
+0.25
1.84
1.90
 
 	
2.25
1.80
 	
1.95
 	
2.15
3.25
3.40
1.29
1.32
1.66
1.5
1.0
2.20
2.00
1.62
1.80
 	 2:1(1:0)  
614	10/11
14:00	 Konyaspor
Antalyaspor	
-0.25
+0.25
2.05
1.72
 
 	
2.25
1.84
 	
1.90
 	
2.45
3.20
2.90
1.40
1.33
1.53
1.5
1.5
2.51
2.82
1.49
1.40
 	 2:0(1:0)  
615	10/11
16:30	 Genclerbirligi
Trabzonspor	
+0.25
-0.25
1.89
1.85
 
 	
2.5
1.95
1.80
3.33
3.35
2.15
1.68
1.32
1.32
1.5
1.5
2.90
2.16
1.38
1.65
 	 3:2(1:2)  
616	10/11
19:00	 Fenerbahce
Galatasaray SK	
-0.25
+0.25
1.80
1.95
 
 	
2.75
1.85
 	
1.90
 	
2.10
3.45
3.50
1.28
1.28
1.70
1.5
1.5
1.87
2.57
1.87
1.47
 	 2:0(1:0)  
836	23/11
15:30	 Caykur Rizespor
Kayserispor	
-0.25
+0.25
1.76
2.00
 
 	
2.25
1.82
 	
1.93
 	
2.05
3.30
3.60
1.26
1.30
1.72
1.5
1.5
2.15
3.40
1.65
1.29
 	 0:2(0:1)  
837	23/11
19:00	 Bursaspor
Kasimpasa	
0
0
1.75
2.00
  	
2.5
1.95
1.80
2.40
3.40
2.80
1.41
1.29
1.53
1.5
1.5
2.40
2.57
1.53
1.47
 	 1:1(1:1)  
838	23/11
19:00	 Galatasaray SK
Sivasspor	
-0.75
+0.75
1.87
1.87
 
 	
3.0
1.97
1.78
1.70
3.90
4.60
1.18
1.24
2.08
1.5
1.5
1.62
3.10
2.21
1.34
 	 2:1(2:1)  
839	24/11
13:30	 Kayseri Erciyesspor
Genclerbirligi	
0
0
1.75
2.05
  	
2.5
1.95
1.80
2.45
3.30
2.80
1.41
1.31
1.51
1.0
1.0
1.57
1.70
2.30
2.10
 	 1:0(1:0)  
840	24/11
16:00	 Gaziantepspor
Elasigspor	
-0.75
+0.75
2.03
1.73
 
 	
2.75
1.95
 	
1.80
 	
1.80
3.60
4.25
1.20
1.26
1.95
1.5
1.5
1.80
3.15
1.95
1.33
 	 3:1(1:1)  
841	24/11
19:00	 Trabzonspor
Eskisehirspor	
-0.25
+0.25
2.02
1.74
 
 	
2.25
1.76
 	
1.99
 	
2.35
3.30
2.95
1.37
1.31
1.55
1.5
1.5
2.40
2.75
1.53
1.42
 	 1:0(0:0)  
842	24/11
19:00	 Antalyaspor
Fenerbahce	
+0.75
-0.75
1.95
1.80
 
 	
2.75
1.82
 	
1.93
 	
5.20
4.00
1.60
2.26
1.22
1.14
1.5
1.5
3.20
1.65
1.32
2.16
 	 1:2(1:1)  
843	25/11
20:00	 Besiktas JK
Konyaspor	
–1.0
+1.0
1.76
2.00
  	
2.75
1.92
 	
1.82
 	
1.44
4.50
6.80
1.09
1.19
2.71
1.5
1.5
1.50
4.82
2.48
1.16
 	 3:1(3:0) 
649	29/11
20:00	 Sivasspor
Antalyaspor	
-0.75
+0.75
2.05
1.72
 
 	
2.75
1.77
 	
1.98
 	
1.85
3.60
4.00
1.22
1.26
1.90
1.5
1.5
1.74
2.75
2.02
1.42
 	 0:3(0:0)  
650	29/11
20:00	 Elasigspor
Bursaspor	
+0.75
-0.75
1.65
2.16
 
 	
2.5
1.88
1.86
4.00
3.40
1.92
1.83
1.30
1.24
1.5
1.5
3.10
1.95
1.34
1.80
 	 1:2(0:1)  
651	30/11
15:30	 Kayserispor
Akhisar Bld.	
-0.25
+0.25
1.72
2.05
 
 	
2.25
1.80
 	
1.95
 	
2.00
3.35
3.75
1.25
1.30
1.76
1.5
1.5
2.11
3.20
1.68
1.32
 	 0:0(0:0)  
652	30/11
19:00	 Genclerbirligi
Gaziantepspor	
-0.25
+0.25
1.76
2.00
 
 	
2.5
1.87
1.87
2.05
3.35
3.55
1.27
1.29
1.72
1.5
1.5
2.02
3.00
1.74
1.36
 	 1:3(1:2)  
653	30/11
20:00	 Fenerbahce
Besiktas JK	
-0.75
+0.75
1.95
1.80
 
 	
2.75
1.86
 	
1.88
 	
1.72
3.85
4.65
1.19
1.26
2.11
1.5
1.5
1.68
3.20
2.11
1.32
 	 3:3(2:3)  
654	01/12
15:30	 Trabzonspor
Kayseri Erciyesspor	
-0.75
+0.75
1.83
1.92
 
 	
2.5
1.99
1.76
1.68
3.70
5.00
1.16
1.25
2.12
1.5
1.5
1.89
3.80
1.85
1.24
 	 3:1(1:0)  
655	01/12
19:00	 Kasimpasa
Galatasaray SK	
0
0
1.95
1.80
  	
2.75
1.86
 	
1.88
 	
2.70
3.40
2.50
1.50
1.30
1.43
1.5
1.5
2.25
2.11
1.60
1.68
 	 1:1(1:0)  
656	01/12
19:00	 Eskisehirspor
Kardemir DC Karabukspor	
-0.75
+0.75
1.95
1.80
 
 	
2.25
1.83
 	
1.92
 	
1.70
3.55
5.00
1.15
1.27
2.08
1.5
1.5
1.92
4.00
1.83
1.22
 	 0:0(0:0)  
657	02/12
20:00	 Konyaspor
Caykur Rizespor	
-0.25
+0.25
1.82
1.93
 
 	
2.25
1.80
 	
1.95
 	
2.15
3.30
3.33
1.30
1.30
1.66
1.5
1.5
2.25
3.10
1.60
1.34
 	 2:1(0:0)
615	06/12
20:00	 Galatasaray SK
Elasigspor	
–2.0
+2.0
1.95
1.85
  	
3.25
1.80
 	
1.95
 	
1.20
6.50
13.00
1.02
1.10
4.40
2.5
1.0
1.75
3.20
2.00
1.33
 	 2:0(2:0)  
616	07/12
19:00	 Antalyaspor
Kasimpasa	
+0.25
-0.25
1.95
1.80
 
 	
2.5
1.88
1.92
3.45
3.30
2.10
1.68
1.30
1.29
1.5
1.5
3.00
2.11
1.36
1.68
 	 1:1(0:0)  
617	07/12
19:00	 Caykur Rizespor
Fenerbahce	
+1.0
–1.0
1.80
1.95
  	
2.75
1.77
 	
1.98
 	
5.50
4.00
1.58
2.30
1.22
1.14
1.5
1.5
3.40
1.58
1.29
2.30
 	 1:2(1:1)  
618	08/12
13:30	 Akhisar Bld.
Konyaspor	
-0.25
+0.25
1.80
1.95
 
 	
2.25
1.80
 	
1.95
 	
2.10
3.25
3.50
1.28
1.31
1.68
1.5
1.5
2.25
3.10
1.60
1.34
 	 2:1(0:1)  
619	08/12
16:00	 Bursaspor
Genclerbirligi	
-0.75
+0.75
1.87
1.87
 
 	
2.5
1.84
1.90
1.70
3.75
4.70
1.17
1.25
2.08
1.5
1.5
1.80
3.65
1.95
1.26
 	 0:0(0:0)  
620	08/12
16:00	 Kardemir DC Karabukspor
Kayserispor	
-0.25
+0.25
1.85
1.95
 
 	
2.5
2.00
1.80
2.15
3.35
3.35
1.31
1.31
1.68
1.5
1.0
2.15
1.90
1.65
1.85
 	 1:0(1:0)  
621	08/12
19:00	 Gaziantepspor
Trabzonspor	
0
0
1.95
1.80
  	
2.25
1.76
 	
2.00
 	
2.70
3.40
2.50
1.50
1.30
1.44
1.5
1.5
2.60
2.40
1.46
1.53
 	 3:2(2:0)  
622	09/12
20:00	 Besiktas JK
Sivasspor	
-0.75
+0.75
1.82
1.98
 
 	
3.0
1.87
1.87
1.65
4.00
4.70
1.17
1.22
2.16
1.5
1.5
1.58
2.95
2.30
1.37
 	 1:1(1:0)  
623	09/12
20:00	 Kayseri Erciyesspor
Eskisehirspor	
+0.25
-0.25
1.95
1.80
 
 	
2.25
1.80
 	
1.95
 	
3.50
3.25
2.10
1.68
1.31
1.28
1.5
1.5
3.10
2.25
1.34
1.60
 	 0:2(0:0)
592	13/12
20:00	 Konyaspor
Kardemir DC Karabukspor	
-0.25
+0.25
2.05
1.75
 
 	
2.25
1.95
 	
1.80
 	
2.45
3.20
3.00
1.40
1.35
1.55
1.0
1.0
1.70
1.95
2.10
1.85
 	 2:3(1:2)  
593	13/12
20:00	 Fenerbahce
Akhisar Bld.	
–1.5
+1.5
1.85
1.90
  	
3.0
1.80
1.95
1.30
5.50
9.50
1.05
1.14
3.50
2.0
1.0
1.60
2.80
2.30
1.40
 	 4:0(1:0)  
594	14/12
13:30	 Sivasspor
Caykur Rizespor	
-0.75
+0.75
1.88
1.92
 
 	
2.75
1.90
 	
1.90
 	
1.68
3.85
4.80
1.17
1.24
2.14
1.5
1.5
1.68
3.33
2.11
1.30
 	 3:1(0:0)  
595	14/12
16:00	 Elasigspor
Antalyaspor	
+0.25
-0.25
1.76
2.00
 
 	
2.75
1.98
 	
1.77
 	
3.00
3.35
2.30
1.58
1.30
1.36
1.5
1.5
2.50
2.16
1.50
1.65
 	 4:1(0:0)  
596	15/12
15:30	 Genclerbirligi
Galatasaray SK	
+0.75
-0.75
1.82
1.92
 
 	
2.75
1.98
 	
1.77
 	
4.70
3.70
1.72
2.05
1.25
1.18
1.5
1.5
3.40
1.72
1.29
2.05
 	 1:1(1:0)  
597	14/12
19:00	 Kayserispor
Eskisehirspor	
+0.25
-0.25
1.76
2.00
 
 	
2.25
1.87
 	
1.87
 	
3.05
3.15
2.36
1.55
1.33
1.35
1.5
1.5
3.00
2.45
1.36
1.51
 	 1:1(0:0)  
598	15/12
19:00	 Gaziantepspor
Kayseri Erciyesspor	
-0.25
+0.25
1.73
2.03
 
 	
2.5
1.87
1.87
2.00
3.35
3.70
1.25
1.29
1.76
1.5
1.5
2.00
3.15
1.76
1.33
 	 2:1(2:0)  
599	15/12
19:00	 Kasimpasa
Besiktas JK	
0
0
1.84
1.90
  	
2.75
1.87
 	
1.87
 	
2.60
3.40
2.65
1.44
1.30
1.46
1.5
1.5
2.18
2.21
1.64
1.62
 	 2:1(0:1)  
600	16/12
20:00	 Trabzonspor
Bursaspor	
-0.25
+0.25
1.70
2.10
 
 	
2.25
1.80
 	
1.95
 	
2.00
3.33
3.80
1.25
1.30
1.77
1.5
1.0
2.10
2.05
1.70
1.72
 	 2:2(1:1)
536	20/12
19:00	 Caykur Rizespor
Kasimpasa	
+0.25
-0.25
1.74
2.02
 
 	
2.75
1.98
 	
1.77
 	
2.90
3.35
2.35
1.56
1.30
1.38
1.5
1.5
2.45
2.16
1.51
1.65
 	 0:0(0:0)  
537	22/12
13:30	 Eskisehirspor
Gaziantepspor	
-0.75
+0.75
1.95
1.80
 
 	
2.5
1.89
1.85
1.72
3.55
4.85
1.16
1.27
2.05
1.5
1.5
1.82
3.80
1.93
1.24
 	 2:0(0:0)  
538	21/12
19:00	 Besiktas JK
Elasigspor	
–1.5
+1.5
1.87
1.87
  	
3.25
1.92
 	
1.83
 	
1.30
5.50
9.00
1.05
1.14
3.41
1.5
1.5
1.32
4.25
3.20
1.20
 	 4:1(1:1)  
539	22/12
13:30	 Kayserispor
Konyaspor	
-0.75
+0.75
2.10
1.70
 
 	
2.5
2.00
1.75
1.85
3.50
4.25
1.22
1.30
1.95
1.5
1.0
1.95
2.25
1.80
1.62
 	 0:0(0:0)  
540	22/12
16:00	 Antalyaspor
Genclerbirligi	
-0.25
+0.25
2.05
1.72
 
 	
2.25
1.84
 	
1.90
 	
2.45
3.20
2.90
1.40
1.33
1.53
1.5
1.5
2.51
2.82
1.49
1.40
 	 2:3(0:2)  
541	22/12
16:00	 Kardemir DC Karabukspor
Fenerbahce	
+0.75
-0.75
2.05
1.75
 
 	
2.5
1.80
1.95
5.50
3.90
1.60
2.28
1.24
1.13
1.0
1.5
2.40
1.70
1.53
2.10
 	 2:1(1:1)  
542	22/12
20:00	 Galatasaray SK
Trabzonspor	
–1.0
+1.0
1.90
1.85
  	
2.75
1.85
 	
1.90
 	
1.57
4.00
5.50
1.13
1.22
2.32
2.0
1.0
2.10
2.30
1.70
1.57
 	 2:1(0:0)  
543	23/12
20:00	 Akhisar Bld.
Sivasspor	
0
0
1.79
1.96
  	
2.5
1.78
1.97
2.50
3.35
2.70
1.42
1.30
1.50
1.5
1.5
2.19
2.40
1.63
1.53
 	 2:1(1:1)  
544	23/12
20:00	 Bursaspor
Kayseri Erciyesspor	
-0.75
+0.75
1.90
1.85
 
 	
2.5
1.95
1.80
1.70
3.70
4.80
1.16
1.26
2.09
1.5
1.0
1.85
2.40
1.90
1.53
 	 3:1(2:1)  
466	27/12
20:00	 Genclerbirligi
Besiktas JK	
+0.25
-0.25
1.95
1.80
 
 	
2.75
1.90
 	
1.90
 	
3.30
3.50
2.12
1.70
1.29
1.32
1.0
1.5
1.67
1.87
2.12
1.87
 	 1:0(1:0)  
467	27/12
20:00	 Kasimpasa
Akhisar Bld.	
-0.75
+0.75
1.73
2.04
 
 	
2.5
1.90
1.84
1.60
3.90
5.60
1.13
1.24
2.25
1.5
1.5
1.72
4.00
2.05
1.22
 	 2:4(1:1)  
468	28/12
13:30	 Elasigspor
Caykur Rizespor	
0
0
1.76
2.00
  	
2.5
1.92
1.82
2.45
3.35
2.80
1.42
1.31
1.53
1.5
1.5
2.30
2.60
1.58
1.46
 	 1:0(0:0)  
469	28/12
16:00	 Gaziantepspor
Bursaspor	
0
0
1.77
1.98
  	
2.5
1.85
1.90
2.45
3.40
2.75
1.42
1.30
1.52
1.5
1.5
2.25
2.50
1.60
1.49
 	 0:0(0:0)  
470	28/12
19:00	 Kayseri Erciyesspor
Galatasaray SK	
+1.25
-1.25
1.82
1.92
 
 	
2.75
1.98
 	
1.77
 	
8.00
4.50
1.40
2.90
1.18
1.06
1.5
1.5
5.00
1.53
1.15
2.40
 	 1:3(0:3)  
471	29/12
13:30	 Konyaspor
Eskisehirspor	
+0.25
-0.25
2.00
1.80
 
 	
2.5
1.95
1.80
3.50
3.35
2.10
1.71
1.31
1.29
1.0
1.5
1.92
2.15
1.88
1.70
 	 4:1(1:0)  
472	29/12
13:30	 Sivasspor
Kardemir DC Karabukspor	
-0.75
+0.75
2.05
1.72
 
 	
2.5
1.80
1.95
1.85
3.70
4.00
1.23
1.27
1.95
1.5
1.0
1.85
1.95
1.90
1.80
 	 3:1(2:1)  
473	29/12
16:00	 Trabzonspor
Antalyaspor	
-0.75
+0.75
1.80
1.95
 
 	
2.5
1.93
1.81
1.65
3.60
5.50
1.13
1.27
2.20
1.5
1.5
1.80
4.00
1.95
1.22
 	 2:1(1:1)  
474	29/12
19:00	 Fenerbahce
Kayserispor	
–1.5
+1.5
1.87
1.87
  	
2.75
1.80
 	
1.95
 	
1.30
5.50
9.00
1.05
1.14
3.41
2.0
1.0
1.70
3.50
2.10
1.28
 	 5:1(0:0)
547	24/01
20:00	 Kasimpasa
Kardemir DC Karabukspor	
-0.25
+0.25
1.77
1.98
 
 	
2.5
1.78
1.97
2.05
3.40
3.55
1.28
1.29
1.72
1.5
1.5
1.95
2.80
1.80
1.40
 	 0:0(0:0)  
548	25/01
13:30	 Genclerbirligi
Caykur Rizespor	
-0.25
+0.25
1.80
1.95
 
 	
2.5
1.87
1.87
2.10
3.30
3.45
1.29
1.30
1.68
1.5
1.5
2.11
3.00
1.68
1.36
 	 3:1(0:0)  
549	25/01
16:00	 Bursaspor
Eskisehirspor	
-0.25
+0.25
1.95
1.80
 
 	
2.25
1.87
 	
1.87
 	
2.30
3.20
3.20
1.35
1.35
1.60
1.0
1.0
1.60
1.95
2.25
1.85
 	 3:1(1:0)  
550	25/01
19:00	 Trabzonspor
Besiktas JK	
0
0
1.79
1.96
  	
2.5
1.78
1.97
2.50
3.35
2.75
1.42
1.30
1.50
1.5
1.5
2.19
2.40
1.63
1.53
 	 1:1(1:0)  
551	26/01
13:30	 Sivasspor
Kayserispor	
-0.75
+0.75
1.97
1.78
 
 	
2.5
1.80
1.95
1.76
3.60
4.50
1.18
1.26
2.00
1.5
1.5
1.76
3.35
2.00
1.30
 	 3:0(0:0)  
552	26/01
15:30	 Elasigspor
Akhisar Bld.	
0
0
2.00
1.75
  	
2.5
1.95
1.80
2.80
3.40
2.40
1.53
1.29
1.41
1.5
1.5
2.57
2.40
1.47
1.53
 	 2:1(1:0)  
553	26/01
16:00	 Kayseri Erciyesspor
Antalyaspor	
0
0
1.75
2.00
  	
2.5
1.95
1.80
2.40
3.40
2.80
1.41
1.29
1.53
1.5
1.5
2.40
2.57
1.53
1.47
 	 1:3(0:1)  
554	26/01
19:00	 Gaziantepspor
Galatasaray SK	
+1.0
–1.0
1.82
1.92
  	
2.5
1.81
1.94
5.75
4.00
1.55
2.40
1.22
1.13
1.5
1.5
4.25
1.65
1.20
2.16
 	 0:0(0:0)  
555	27/01
20:00	 Fenerbahce
Konyaspor	
-1.75
+1.75
1.90
1.85
 
 	
3.25
1.95
 	
1.80
 	
1.25
5.80
10.50
1.03
1.12
3.80
2.5
1.0
1.95
3.00
1.80
1.36
 	 2:1(1:1)  
587	31/01
20:00	 Besiktas JK
Kayseri Erciyesspor	
-1.25
+1.25
1.98
1.82
 
 	
2.75
1.88
 	
1.92
 	
1.40
4.70
8.00
1.08
1.19
2.96
1.5
1.5
1.50
4.50
2.50
1.18
 	 3:2(1:0)  
588	01/02
15:00	 Kayserispor
Kasimpasa	
+0.25
-0.25
1.85
1.95
 
 	
2.5
1.90
1.85
3.10
3.40
2.25
1.62
1.30
1.35
1.0
1.5
1.75
2.15
2.00
1.65
 	 0:0(0:0)  
589	01/02
19:00	 Antalyaspor
Gaziantepspor	
-0.25
+0.25
1.85
1.90
 
 	
2.5
1.90
1.84
2.15
3.40
3.30
1.32
1.30
1.66
1.5
1.5
2.11
2.82
1.68
1.40
 	 0:1(0:0)  
590	01/02
19:00	 Eskisehirspor
Fenerbahce	
+0.25
-0.25
2.00
1.76
 
 	
2.5
1.87
1.87
3.55
3.35
2.05
1.72
1.29
1.27
1.5
1.5
3.00
2.02
1.36
1.74
 	 2:1(1:1)  
591	02/02
13:30	 Kardemir DC Karabukspor
Elasigspor	
-0.75
+0.75
1.85
1.90
 
 	
2.5
1.93
1.81
1.65
3.80
5.00
1.15
1.24
2.16
1.5
1.5
1.80
4.00
1.95
1.22
 	 3:1(0:0)  
594	02/02
19:00	 Galatasaray SK
Bursaspor	
–1.0
+1.0
1.80
1.95
  	
2.75
1.93
 	
1.82
 	
1.50
4.00
6.50
1.09
1.22
2.49
1.5
1.5
1.58
4.25
2.30
1.20
 	 6:0(4:0)  
595	03/02
20:00	 Caykur Rizespor
Trabzonspor	
+0.25
-0.25
1.84
1.90
 
 	
2.25
1.76
 	
2.00
 	
3.25
3.20
2.25
1.60
1.32
1.31
1.5
1.5
3.00
2.25
1.36
1.60
 	 0:0(0:0)  
603	07/02
20:00	 Gaziantepspor
Besiktas JK	
+0.25
-0.25
1.74
2.02
 
 	
2.75
1.98
 	
1.77
 	
2.90
3.35
2.35
1.56
1.30
1.38
1.5
1.5
2.45
2.16
1.51
1.65
 	 1:2(0:1)  
604	07/02
20:00	 Kasimpasa
Konyaspor	
-0.75
+0.75
2.09
1.69
 
 	
2.5
1.88
1.86
1.85
3.45
4.25
1.22
1.29
1.90
1.5
1.5
1.90
3.33
1.84
1.30
 	 1:3(1:1)  
605	08/02
16:00	 Kayseri Erciyesspor
Caykur Rizespor	
-0.25
+0.25
2.02
1.74
 
 	
2.25
1.76
 	
2.00
 	
2.35
3.30
2.95
1.37
1.31
1.55
1.5
1.5
2.40
2.75
1.53
1.42
 	 1:1(1:1)  
606	08/02
19:00	 Galatasaray SK
Eskisehirspor	
-1.25
+1.25
2.00
1.80
 
 	
2.75
1.88
 	
1.92
 	
1.42
4.50
7.50
1.08
1.19
2.80
1.5
1.5
1.50
4.50
2.50
1.18
 	 3:0(2:0)  
607	09/02
13:30	 Elasigspor
Kayserispor	
0
0
1.75
2.05
  	
2.5
1.95
1.80
2.45
3.30
2.85
1.42
1.32
1.55
1.0
1.0
1.57
1.70
2.30
2.10
 	 3:0(0:0)  
608	09/02
16:00	 Sivasspor
Fenerbahce	
+0.25
-0.25
2.05
1.72
 
 	
2.75
1.87
 	
1.87
 	
3.55
3.48
2.00
1.76
1.28
1.27
1.5
1.5
2.60
1.82
1.46
1.93
 	 2:0(0:0)  
609	09/02
19:00	 Bursaspor
Antalyaspor	
-0.75
+0.75
2.05
1.72
 
 	
2.25
1.78
 	
1.97
 	
1.76
3.60
4.50
1.19
1.26
2.00
1.5
1.5
1.95
3.80
1.80
1.24
 	 1:1(1:0)  
610	09/02
19:00	 Trabzonspor
Akhisar Bld.	
-0.75
+0.75
1.73
2.04
 
 	
2.5
1.90
1.84
1.60
3.85
5.60
1.13
1.24
2.25
1.5
1.5
1.72
4.00
2.05
1.22
 	 2:4(1:1)  
611	10/02
19:00	 Genclerbirligi
Kardemir DC Karabukspor	
0
0
1.75
2.00
  	
2.5
1.95
1.80
2.40
3.40
2.80
1.41
1.29
1.53
1.5
1.5
2.40
2.57
1.53
1.47
 	 1:2(0:0)  
594	14/02
20:00	 Caykur Rizespor
Gaziantepspor	
-0.25
+0.25
1.90
1.84
 
 	
2.25
1.76
 	
2.00
 	
2.25
3.20
3.25
1.31
1.32
1.60
1.5
1.5
2.25
3.00
1.60
1.36
 	 5:1(3:1)  
595	15/02
16:00	 Kayserispor
Genclerbirligi	
-0.25
+0.25
1.90
1.84
 
 	
2.25
1.76
 	
2.00
 	
2.25
3.20
3.25
1.31
1.32
1.60
1.5
1.5
2.25
3.00
1.60
1.36
 	 1:0(0:0)  
596	15/02
19:00	 Kardemir DC Karabukspor
Trabzonspor	
-0.25
+0.25
2.00
1.76
 
 	
2.25
1.87
 	
1.87
 	
2.36
3.15
3.05
1.35
1.33
1.55
1.5
1.5
2.45
3.00
1.51
1.36
 	 2:2(0:1)  
597	16/02
14:00	 Akhisar Bld.
Kayseri Erciyesspor	
-0.25
+0.25
1.68
2.11
 
 	
2.25
1.77
 	
1.98
 	
1.95
3.40
3.85
1.24
1.29
1.80
1.5
1.5
2.08
3.50
1.70
1.27
 	 0:2(0:1)  
598	16/02
14:00	 Besiktas JK
Bursaspor	
-0.25
+0.25
1.62
2.20
 
 	
2.5
1.80
1.95
1.85
3.60
4.00
1.22
1.27
1.90
1.5
1.0
1.90
1.95
1.85
1.80
 	 1:0(0:0)  
599	16/02
19:00	 Fenerbahce
Kasimpasa	
–1.0
+1.0
1.76
2.00
  	
2.75
1.76
 	
2.00
 	
1.47
4.25
7.00
1.09
1.21
2.65
1.5
1.5
1.48
3.80
2.54
1.24
 	 2:1(0:0)  
600	17/02
19:00	 Konyaspor
Elasigspor	
-0.75
+0.75
1.87
1.87
 
 	
2.5
1.85
1.90
1.70
3.75
4.80
1.17
1.27
2.15
1.5
1.0
1.75
2.25
2.00
1.60
 	 2:3(0:2)  
601	17/02
20:00	 Antalyaspor
Galatasaray SK	
+1.0
–1.0
1.85
1.95
  	
2.75
1.90
 	
1.90
 	
5.70
4.10
1.57
2.40
1.23
1.14
1.0
2.0
2.30
2.15
1.57
1.70
 	 2:2(2:1)  
602	17/02
20:00	 Eskisehirspor
Sivasspor	
-0.25
+0.25
1.75
2.05
 
 	
2.5
1.90
1.85
2.05
3.35
3.60
1.27
1.32
1.80
1.5
1.0
2.00
1.90
1.75
1.85
 	 2:2(1:0)  
511	21/02
20:00	 Bursaspor
Caykur Rizespor	
-0.75
+0.75
1.95
1.80
 
 	
2.25
1.76
 	
2.00
 	
1.70
3.60
5.00
1.15
1.27
2.09
1.5
1.5
1.95
3.80
1.80
1.24
 	 2:0(1:0)  
512	22/02
13:30	 Gaziantepspor
Akhisar Bld.	
-0.25
+0.25
1.93
1.87
 
 	
2.5
1.90
1.90
2.25
3.40
3.10
1.35
1.30
1.62
1.5
1.0
2.10
1.70
1.70
2.10
 	 1:1(0:0)  
513	22/02
17:00	 Kayseri Erciyesspor
Kardemir DC Karabukspor	
0
0
2.03
1.73
  	
2.25
1.80
 	
1.95
 	
2.85
3.35
2.40
1.53
1.30
1.40
1.5
1.5
2.82
2.45
1.40
1.50
 	 2:1(0:0)  
514	22/02
19:00	 Galatasaray SK
Besiktas JK	
-0.25
+0.25
1.65
2.20
 
 	
2.5
1.80
1.95
1.90
3.50
4.00
1.23
1.29
1.87
1.5
1.5
1.88
3.10
1.86
1.34
 	 1:0(1:0)  
515	23/02
13:30	 Genclerbirligi
Konyaspor	
-0.25
+0.25
1.98
1.77
 
 	
2.5
1.98
1.77
2.30
3.35
3.00
1.36
1.30
1.58
1.5
1.5
2.25
2.82
1.60
1.40
 	 2:2(0:2)  
516	23/02
13:30	 Kasimpasa
Sivasspor	
0
0
1.58
2.30
  	
2.5
1.79
1.96
2.15
3.40
3.30
1.32
1.30
1.67
1.5
1.5
2.04
2.60
1.73
1.46
 	 6:2(3:0)  
518	23/02
19:00	 Trabzonspor
Kayserispor	
-0.75
+0.75
1.87
1.87
 
 	
2.5
1.84
1.90
1.70
3.75
4.75
1.17
1.25
2.10
1.5
1.5
1.80
3.65
1.95
1.26
 	 2:1(0:1)  
519	24/02
20:00	 Elasigspor
Fenerbahce	
+1.0
–1.0
1.92
1.83
  	
3.0
2.00
1.76
6.25
4.35
1.48
2.55
1.20
1.11
1.5
1.5
3.62
1.48
1.26
2.55
 	 1:1(1:0)  
546	28/02
20:00	 Akhisar Bld.
Bursaspor	
0
0
1.92
1.82
  	
2.5
1.95
1.80
2.70
3.20
2.60
1.46
1.32
1.43
1.5
1.5
2.51
2.40
1.49
1.53
 	 2:1(2:1)  
547	28/02
20:00	 Besiktas JK
Antalyaspor	
-0.75
+0.75
1.76
2.00
 
 	
2.75
1.92
 	
1.82
 	
1.55
4.00
6.00
1.12
1.23
2.40
1.5
1.0
1.60
2.40
2.25
1.53
 	 0:0(0:0)  
548	01/03
16:00	 Kardemir DC Karabukspor
Gaziantepspor	
-0.75
+0.75
1.87
1.87
 
 	
2.5
1.90
1.85
1.70
3.70
4.90
1.16
1.27
2.15
1.5
1.0
1.80
2.35
1.95
1.55
 	 0:1(0:1)  
549	01/03
19:00	 Fenerbahce
Genclerbirligi	
-1.25
+1.25
1.80
2.00
 
 	
3.0
1.95
1.85
1.34
5.00
9.00
1.06
1.17
3.21
2.0
1.0
1.70
3.10
2.15
1.35
 	 2:0(0:0)  
550	01/03
19:00	 Eskisehirspor
Kasimpasa	
-0.25
+0.25
1.80
1.95
 
 	
2.5
1.95
1.80
2.10
3.35
3.50
1.29
1.31
1.71
1.5
1.0
2.15
1.92
1.70
1.88
 	 0:0(0:0)  
551	02/03
13:30	 Kayserispor
Kayseri Erciyesspor	
0
0
1.72
2.05
  	
2.25
1.80
 	
1.95
 	
2.45
3.20
2.90
1.40
1.33
1.53
1.0
1.0
1.60
1.75
2.25
2.00
 	 0:4(0:1)  
552	02/03
13:30	 Sivasspor
Elasigspor	
-0.75
+0.75
2.00
1.76
 
 	
3.0
1.95
1.80
1.75
3.75
4.35
1.19
1.25
2.01
1.5
1.5
1.65
2.75
2.16
1.42
 	 1:3(1:1)  
553	02/03
16:00	 Konyaspor
Trabzonspor	
0
0
1.80
1.95
  	
2.5
1.87
1.87
2.50
3.20
2.80
1.40
1.32
1.50
1.5
1.5
2.30
2.40
1.57
1.53
 	 0:0(0:0)  
554	02/03
19:00	 Caykur Rizespor
Galatasaray SK	
+1.0
–1.0
2.00
1.75
  	
2.75
1.90
 	
1.85
 	
6.50
4.30
1.48
2.60
1.21
1.10
1.0
1.5
2.65
1.57
1.45
2.35
 	 1:1(0:0) 
740	08/03
13:30	 Elasigspor
Kasimpasa	
+0.25
-0.25
1.72
2.05
 
 	
2.5
1.80
1.95
2.90
3.30
2.40
1.55
1.32
1.40
1.0
1.5
1.60
2.15
2.25
1.65
 	 0:0(0:0)  
741	08/03
16:00	 Bursaspor
Kardemir DC Karabukspor	
-0.25
+0.25
1.95
1.85
 
 	
2.25
1.85
 	
1.90
 	
2.25
3.20
3.20
1.32
1.32
1.60
1.5
1.0
2.35
1.95
1.55
1.85
 	 1:0(0:0)  
742	08/03
19:00	 Galatasaray SK
Akhisar Bld.	
–1.5
+1.5
1.80
1.95
  	
3.0
1.85
1.90
1.28
5.50
10.50
1.04
1.14
3.60
2.5
1.0
2.05
3.10
1.72
1.35
 	 6:1(2:0)  
743	08/03
19:00	 Kayseri Erciyesspor
Konyaspor	
-0.25
+0.25
1.85
1.95
 
 	
2.5
1.90
1.90
2.20
3.30
3.35
1.32
1.33
1.66
1.5
1.0
2.10
1.75
1.70
2.00
 	 1:0(0:0)  
744	09/03
13:30	 Gaziantepspor
Kayserispor	
-0.25
+0.25
1.76
1.99
 
 	
2.5
1.98
1.77
2.05
3.40
3.50
1.27
1.29
1.72
1.5
1.5
2.10
3.00
1.68
1.36
 	 2:1(0:1)  
745	09/03
13:30	 Genclerbirligi
Sivasspor	
-0.25
+0.25
1.90
1.90
 
 	
2.75
1.90
 	
1.90
 	
2.20
3.45
3.20
1.34
1.30
1.66
1.5
1.0
1.95
1.62
1.80
2.25
 	 2:1(0:1)  
746	09/03
16:00	 Antalyaspor
Caykur Rizespor	
-0.25
+0.25
1.75
2.05
 
 	
2.25
1.80
 	
1.95
 	
2.05
3.30
3.70
1.27
1.32
1.75
1.5
1.0
2.15
2.05
1.65
1.72
 	 1:2(1:0)  
747	09/03
19:00	 Besiktas JK
Eskisehirspor	
-0.75
+0.75
1.85
1.90
 
 	
2.5
1.90
1.85
1.67
3.75
5.00
1.16
1.25
2.15
1.5
1.0
1.80
2.40
1.95
1.53
 	 1:0(0:0)
589	14/03
20:00	 Kardemir DC Karabukspor
Galatasaray SK	
+0.75
-0.75
1.87
1.93
 
 	
2.5
1.92
1.88
4.50
3.60
1.80
2.00
1.29
1.20
1.0
1.5
2.05
1.87
1.75
1.87
 	 0:0(0:0)  
590	15/03
13:30	 Kasimpasa
Genclerbirligi	
-0.75
+0.75
2.10
1.70
 
 	
2.5
1.80
1.95
1.85
3.50
4.30
1.22
1.30
1.95
1.5
1.0
1.85
1.95
1.90
1.80
 	 1:2(1:1)  
591	15/03
16:00	 Akhisar Bld.
Antalyaspor	
-0.25
+0.25
1.87
1.87
 
 	
2.25
1.80
 	
1.95
 	
2.20
3.30
3.30
1.32
1.32
1.65
1.5
1.0
2.25
1.95
1.60
1.80
 	 0:0(0:0)  
592	15/03
19:00	 Caykur Rizespor
Besiktas JK	
+0.25
-0.25
1.95
1.85
 
 	
2.5
2.00
1.80
3.40
3.40
2.15
1.70
1.32
1.32
1.0
1.5
1.90
2.15
1.85
1.65
 	 2:2(2:1)  
594	16/03
13:30	 Eskisehirspor
Elasigspor	
-0.75
+0.75
2.00
1.80
 
 	
2.5
1.90
1.90
1.78
3.50
4.70
1.20
1.30
2.00
1.5
1.0
1.85
2.15
1.90
1.65
 	 1:0(1:0)  
595	16/03
16:00	 Sivasspor
Trabzonspor	
-0.25
+0.25
2.05
1.75
 
 	
2.5
1.87
1.87
2.40
3.40
2.90
1.42
1.32
1.57
1.5
1.0
2.20
1.65
1.62
2.15
 	 0:4(0:3)  
596	16/03
19:00	 Fenerbahce
Kayseri Erciyesspor	
-1.25
+1.25
1.85
1.95
 
 	
3.0
2.00
1.80
1.40
4.80
7.50
1.08
1.20
3.00
2.0
1.0
1.80
2.65
2.00
1.45
 	 2:1(1:0)  
597	17/03
20:00	 Kayserispor
Bursaspor	
+0.25
-0.25
1.85
1.95
 
 	
2.5
2.00
1.80
3.20
3.35
2.25
1.64
1.32
1.35
1.0
1.5
1.85
2.20
1.90
1.62
 	 2:0(1:0)  
541	21/03
20:00	 Trabzonspor
Kasimpasa	
-0.25
+0.25
1.80
2.00
 
 	
2.5
1.88
1.92
2.10
3.40
3.50
1.30
1.31
1.72
1.5
1.0
2.00
1.80
1.75
1.95
 	 0:0(0:0)  
542	22/03
13:30	 Caykur Rizespor
Eskisehirspor	
0
0
1.95
1.80
  	
2.25
1.76
 	
2.00
 	
2.75
3.30
2.50
1.50
1.31
1.42
1.5
1.5
2.60
2.40
1.46
1.53
 	 0:0(0:0)  
543	22/03
16:00	 Bursaspor
Konyaspor	
-0.25
+0.25
1.64
2.18
 
 	
2.25
1.90
 	
1.85
 	
1.90
3.40
4.05
1.22
1.29
1.85
1.5
1.5
2.12
3.80
1.67
1.24
 	 1:2(0:0)  
545	22/03
19:00	 Galatasaray SK
Kayserispor	
–1.5
+1.5
1.80
1.95
  	
3.0
1.95
1.85
1.27
5.50
12.00
1.03
1.15
3.80
2.0
1.0
1.60
3.50
2.30
1.28
 	 0:1(0:0)  
547	23/03
16:00	 Kayseri Erciyesspor
Sivasspor	
-0.25
+0.25
1.67
2.20
 
 	
2.75
2.00
 	
1.80
 	
1.95
3.60
3.75
1.26
1.29
1.85
1.5
1.5
1.90
2.85
1.90
1.40
 	 1:1(0:0)  
548	23/03
19:00	 Besiktas JK
Akhisar Bld.	
-0.75
+0.75
1.75
2.05
 
 	
2.75
1.90
 	
1.85
 	
1.60
3.90
5.50
1.13
1.25
2.30
1.5
1.0
1.65
2.25
2.15
1.60
 	 3:0(2:0)  
549	24/03
20:00	 Gaziantepspor
Fenerbahce	
+0.75
-0.75
1.73
2.10
 
 	
2.75
1.80
 	
1.95
 	
4.00
3.80
1.85
1.95
1.27
1.25
1.0
1.5
1.75
1.75
2.00
2.05
 	 0:3(0:2)  
590	28/03
20:00	 Kasimpasa
Kayseri Erciyesspor	
-0.25
+0.25
1.75
2.05
 
 	
2.5
1.85
1.90
2.00
3.50
3.50
1.28
1.28
1.75
1.5
1.0
2.00
1.90
1.75
1.85
 	 3:0(2:0)  
591	28/03
20:00	 Kardemir DC Karabukspor
Besiktas JK	
+0.25
-0.25
1.75
2.00
 
 	
2.25
1.85
 	
1.90
 	
3.10
3.25
2.35
1.60
1.35
1.36
1.0
1.0
1.87
1.62
1.87
2.25
 	 1:0(0:0)  
592	29/03
13:30	 Sivasspor
Gaziantepspor	
-0.25
+0.25
1.80
1.95
 
 	
2.75
1.90
 	
1.85
 	
2.10
3.45
3.50
1.28
1.28
1.70
1.5
1.5
1.87
2.57
1.87
1.47
 	 3:2(1:1)  
593	29/03
16:00	 Elasigspor
Trabzonspor	
0
0
1.95
1.85
  	
2.5
1.85
1.90
2.70
3.40
2.55
1.50
1.32
1.47
1.5
1.5
2.35
2.30
1.57
1.60
 	 0:0(0:0)  
594	29/03
19:00	 Akhisar Bld.
Caykur Rizespor	
-0.25
+0.25
1.90
1.84
 
 	
2.25
1.80
 	
1.95
 	
2.25
3.25
3.15
1.32
1.31
1.60
1.5
1.5
2.36
3.00
1.55
1.36
 	 2:3(1:0)  
595	29/03
19:00	 Konyaspor
Galatasaray SK	
+0.75
-0.75
1.95
1.85
 
 	
2.5
1.90
1.90
5.30
3.90
1.62
2.25
1.24
1.14
1.0
1.5
2.65
1.75
1.48
2.10
 	 0:0(0:0)  
597	31/03
20:00	 Fenerbahce
Bursaspor	
–1.5
+1.5
2.00
1.80
  	
3.0
1.90
1.90
1.34
5.00
9.00
1.06
1.17
3.21
2.0
1.0
1.67
3.10
2.20
1.35
 	 3:0(1:0)
617	04/04
20:00	 Gaziantepspor
Kasimpasa	
+0.25
-0.25
1.83
1.97
 
 	
2.5
1.90
1.90
3.10
3.35
2.30
1.61
1.32
1.36
1.0
1.5
1.75
2.20
2.10
1.67
 	 2:2(2:2)  
618	05/04
13:30	 Akhisar Bld.
Eskisehirspor	
-0.25
+0.25
1.93
1.87
 
 	
2.5
2.00
1.80
2.25
3.35
3.20
1.35
1.32
1.64
1.5
1.0
2.20
1.80
1.67
2.00
 	 0:0(0:0)  
619	05/04
16:00	 Antalyaspor
Konyaspor	
-0.25
+0.25
1.85
1.95
 
 	
2.5
2.00
1.80
2.15
3.35
3.35
1.31
1.31
1.68
1.5
1.0
2.15
1.90
1.65
1.85
 	 1:1(1:1)  
620	05/04
19:00	 Besiktas JK
Kayserispor	
-0.75
+0.75
1.80
2.00
 
 	
2.5
1.83
1.97
1.65
4.00
5.20
1.17
1.25
2.30
1.5
1.0
1.70
2.30
2.10
1.60
 	 2:1(1:0)  
621	05/04
19:00	 Caykur Rizespor
Kardemir DC Karabukspor	
0
0
1.77
2.05
  	
2.25
1.85
 	
1.95
 	
2.50
3.25
2.90
1.41
1.34
1.53
1.5
1.5
2.51
2.82
1.49
1.40
 	 0:1(0:0)  
622	06/04
13:30	 Kayseri Erciyesspor
Elasigspor	
-0.75
+0.75
2.10
1.75
 
 	
2.5
1.95
1.85
1.85
3.55
4.30
1.22
1.29
1.94
1.5
1.0
1.95
2.20
1.85
1.67
 	 3:0(3:0)  
623	06/04
16:00	 Bursaspor
Sivasspor	
-0.25
+0.25
1.85
1.95
 
 	
2.75
1.89
 	
1.90
 	
2.15
3.50
3.30
1.33
1.30
1.70
1.5
1.0
1.95
1.62
1.80
2.20
 	 4:3(3:3)  
624	06/04
19:00	 Galatasaray SK
Fenerbahce	
-0.25
+0.25
1.90
1.90
 
 	
2.75
1.92
 	
1.88
 	
2.20
3.50
3.20
1.35
1.30
1.67
1.5
1.0
1.95
1.62
1.80
2.25
 	 1:0(1:0)  
625	07/04
20:00	 Trabzonspor
Genclerbirligi	
-0.75
+0.75
2.10
1.75
 
 	
2.5
1.95
1.85
1.85
3.50
4.40
1.21
1.30
1.95
1.5
1.0
1.95
2.20
1.85
1.67
 	 3:0(1:0)
655	11/04
20:00	 Konyaspor
Besiktas JK	
+0.25
-0.25
1.92
1.88
 
 	
2.5
2.00
1.80
3.35
3.30
2.20
1.66
1.33
1.32
1.0
1.5
1.90
2.15
1.85
1.65
 	 1:1(0:0)  
656	12/04
13:30	 Kasimpasa
Bursaspor	
-0.25
+0.25
1.75
2.10
 
 	
2.75
1.95
 	
1.85
 	
2.00
3.60
3.60
1.30
1.30
1.80
1.5
1.0
1.87
1.80
1.87
2.00
 	 1:1(0:1)  
658	12/04
19:00	 Kayserispor
Caykur Rizespor	
-0.25
+0.25
1.90
1.85
 
 	
2.5
1.95
1.80
2.20
3.35
3.20
1.33
1.30
1.65
1.5
1.0
2.15
1.85
1.65
1.90
 	 0:2(0:0)  
659	12/04
19:00	 Sivasspor
Galatasaray SK	
+0.75
-0.75
1.85
1.95
 
 	
2.75
1.83
 	
1.97
 	
4.50
3.80
1.75
2.10
1.27
1.20
1.0
1.5
1.90
1.65
1.85
2.15
 	 2:1(1:1)  
660	13/04
13:30	 Genclerbirligi
Kayseri Erciyesspor	
-0.25
+0.25
1.85
2.00
 
 	
2.5
1.85
1.95
2.10
3.50
3.40
1.31
1.30
1.72
1.5
1.0
2.05
1.80
1.77
2.00
 	 0:0(0:0)  
661	13/04
16:00	 Eskisehirspor
Trabzonspor	
-0.25
+0.25
1.85
1.95
 
 	
2.25
1.83
 	
1.97
 	
2.15
3.35
3.40
1.31
1.32
1.69
1.5
1.0
2.20
2.00
1.62
1.75
 	 2:2(0:1)  
662	13/04
19:00	 Fenerbahce
Antalyaspor	
–1.5
+1.5
1.90
1.85
  	
3.0
1.87
1.87
1.32
5.20
9.00
1.05
1.15
3.30
2.0
1.0
1.65
2.90
2.15
1.38
 	 4:1(2:1)  
681	19/04
13:30	 Gaziantepspor
Genclerbirligi	
-0.25
+0.25
1.95
1.80
 
 	
2.5
1.90
1.85
2.30
3.30
3.05
1.36
1.32
1.60
1.5
1.0
2.20
1.75
1.62
2.00
 	 0:1(0:0)  
682	19/04
16:00	 Akhisar Bld.
Kayserispor	
-0.25
+0.25
1.80
1.95
 
 	
2.25
1.80
 	
1.95
 	
2.10
3.40
3.50
1.30
1.32
1.72
1.5
1.0
2.15
2.00
1.65
1.75
 	 2:2(2:0)  
683	19/04
19:00	 Bursaspor
Elasigspor	
-0.75
+0.75
2.05
1.80
 
 	
2.75
1.85
 	
1.90
 	
1.80
3.70
4.30
1.22
1.27
2.00
1.5
1.0
1.72
1.90
2.05
1.85
 	 1:0(1:0)  
684	19/04
19:00	 Galatasaray SK
Kasimpasa	
–1.0
+1.0
1.90
1.85
  	
2.75
1.87
 	
1.93
 	
1.50
4.30
6.50
1.11
1.22
2.59
1.5
1.0
1.55
2.40
2.35
1.53
 	 0:4(0:1)  
685	20/04
13:30	 Caykur Rizespor
Konyaspor	
-0.25
+0.25
2.02
1.74
 
 	
2.25
1.76
 	
2.00
 	
2.35
3.30
3.00
1.37
1.31
1.55
1.5
1.5
2.40
2.75
1.53
1.42
 	 3:1(1:0)  
686	20/04
19:00	 Besiktas JK
Fenerbahce	
0
0
1.75
2.00
  	
2.75
1.95
 	
1.80
 	
2.40
3.40
2.90
1.42
1.28
1.55
1.5
1.5
2.15
2.30
1.65
1.57
 	 1:1(1:1)  
687	21/04
20:00	 Antalyaspor
Sivasspor	
-0.25
+0.25
1.80
1.95
 
 	
2.5
1.85
1.95
2.10
3.40
3.40
1.30
1.30
1.70
1.5
1.0
2.05
1.80
1.75
2.00
 	 1:2(0:0)  
688	21/04
20:00	 Kardemir DC Karabukspor
Eskisehirspor	
-0.25
+0.25
1.80
2.00
 
 	
2.0
1.75
2.00
2.10
3.20
3.70
1.27
1.35
1.72
1.0
1.0
1.62
2.35
2.20
1.55
 	 0:0(0:0)  
716	25/04
20:00	 Genclerbirligi
Bursaspor	
-0.25
+0.25
1.95
1.85
 
 	
2.5
1.85
1.90
2.25
3.40
3.10
1.35
1.30
1.62
1.5
1.0
2.10
1.70
1.70
2.10
 	 1:0(0:0)  
717	26/04
19:00	 Trabzonspor
Gaziantepspor	
-0.75
+0.75
1.75
2.05
 
 	
2.75
1.90
 	
1.85
 	
1.60
4.00
5.50
1.14
1.24
2.32
1.5
1.0
1.65
2.25
2.15
1.60
 	 2:1(2:0)  
718	27/04
19:00	 Elasigspor
Galatasaray SK	
+0.75
-0.75
1.70
2.15
 
 	
2.75
1.90
 	
1.85
 	
4.00
3.60
1.90
1.90
1.30
1.25
1.0
1.5
1.85
1.80
1.90
1.95
 	 0:1(0:1)  
719	27/04
19:00	 Eskisehirspor
Kayseri Erciyesspor	
-0.25
+0.25
1.85
1.95
 
 	
2.25
1.90
 	
1.85
 	
2.15
3.25
3.50
1.30
1.33
1.70
1.5
1.0
2.30
2.10
1.57
1.70
 	 0:1(0:1)  
720	27/04
19:00	 Fenerbahce
Caykur Rizespor	
-1.25
+1.25
1.75
2.00
 
 	
3.0
1.85
1.90
1.36
4.90
8.00
1.06
1.16
3.05
2.0
1.0
1.65
2.60
2.15
1.46
 	 0:0(0:0)  
721	27/04
19:00	 Kasimpasa
Antalyaspor	
-0.75
+0.75
1.95
1.85
 
 	
2.75
1.93
 	
1.87
 	
1.75
3.70
4.60
1.20
1.27
2.10
1.5
1.0
1.72
2.00
2.05
1.75
 	 2:0(0:0)  
722	27/04
19:00	 Kayserispor
Kardemir DC Karabukspor	
-0.25
+0.25
1.95
1.80
 
 	
2.25
1.85
 	
1.95
 	
2.25
3.30
3.20
1.34
1.32
1.62
1.5
1.0
2.30
1.95
1.60
1.85
 	 1:3(1:2)  
723	27/04
19:00	 Konyaspor
Akhisar Bld.	
-0.25
+0.25
1.70
2.10
 
 	
2.5
1.90
1.85
1.95
3.50
3.80
1.25
1.30
1.85
1.5
1.0
2.00
2.00
1.75
1.75
 	 4:0(1:0)  
724	27/04
19:00	 Sivasspor
Besiktas JK	
+0.25
-0.25
1.75
2.00
 
 	
2.75
1.80
 	
1.95
 	
2.90
3.40
2.35
1.57
1.30
1.40
1.5
1.5
2.20
1.95
1.62
1.80
 	 3:0(0:0) 
608	03/05
15:30	 Antalyaspor
Elasigspor	
-0.25
+0.25
1.70
2.10
 
 	
2.75
1.90
 	
1.85
 	
1.95
3.60
3.60
1.27
1.27
1.80
1.5
1.0
1.87
1.80
1.87
1.95
 	 1:2(1:0)  
609	03/05
15:30	 Kayseri Erciyesspor
Gaziantepspor	
-0.25
+0.25
1.70
2.10
 
 	
2.5
1.85
1.90
1.95
3.50
3.70
1.25
1.28
1.80
1.5
1.0
1.95
1.90
1.80
1.85
 	 1:0(0:0)  
610	03/05
15:30	 Kardemir DC Karabukspor
Konyaspor	
-0.75
+0.75
2.10
1.72
 
 	
2.25
1.93
 	
1.87
 	
1.85
3.40
4.50
1.20
1.32
1.95
1.5
1.0
2.05
2.50
1.72
1.50
 	 2:2(1:0)  
611	03/05
15:30	 Eskisehirspor
Kayserispor	
0
0
1.85
1.90
  	
2.25
1.86
 	
1.90
 	
2.65
3.20
2.70
1.47
1.35
1.50
1.0
1.0
1.72
1.72
2.05
2.05
 	 1:4(1:3)  
612	03/05
19:00	 Besiktas JK
Kasimpasa	
-0.75
+0.75
2.10
1.75
 
 	
2.75
1.80
 	
1.95
 	
1.85
3.80
4.00
1.25
1.27
1.95
1.5
1.0
1.75
1.75
2.05
2.00
 	 2:1(2:0)  
613	03/05
19:00	 Galatasaray SK
Genclerbirligi	
-1.25
+1.25
1.85
1.95
 
 	
3.0
1.80
1.95
1.34
5.30
8.00
1.07
1.15
3.19
2.5
1.0
2.15
2.65
1.70
1.45
 	 3:2(0:2)  
614	04/05
15:30	 Bursaspor
Trabzonspor	
0
0
1.90
1.84
  	
2.75
1.87
 	
1.87
 	
2.65
3.40
2.60
1.46
1.30
1.44
1.5
1.5
2.21
2.18
1.62
1.64
 	 2:2(1:1)  
615	04/05
15:30	 Caykur Rizespor
Sivasspor	
0
0
1.85
1.90
  	
2.75
1.80
 	
1.95
 	
2.55
3.50
2.60
1.48
1.29
1.49
1.5
1.5
2.05
2.10
1.72
1.70
 	 1:1(0:0)  
616	04/05
19:00	 Akhisar Bld.
Fenerbahce	
+0.75
-0.75
1.85
1.90
 
 	
3.0
1.95
1.80
4.40
3.90
1.72
2.10
1.25
1.20
1.0
2.0
1.85
2.15
1.90
1.65
 	 3:1(2:0)  
576	10/05
19:00	 Genclerbirligi
Antalyaspor	
-0.75
+0.75
1.80
1.95
 
 	
2.75
1.85
 	
1.90
 	
1.65
3.80
5.00
1.15
1.25
2.20
1.5
1.0
1.65
2.10
2.15
1.70
 	 1:2(0:0)  
577	11/05
19:00	 Gaziantepspor
Eskisehirspor	
-0.75
+0.75
2.00
1.75
 
 	
2.75
1.95
 	
1.80
 	
1.80
3.80
4.00
1.22
1.24
1.95
1.5
1.0
1.80
1.95
1.95
1.80
 	 1:1(0:0)  
578	11/05
19:00	 Kayseri Erciyesspor
Bursaspor	
-0.75
+0.75
1.95
1.85
 
 	
2.75
1.93
 	
1.87
 	
1.75
3.80
4.40
1.20
1.25
2.04
1.5
1.0
1.72
2.00
2.05
1.75
 	 1:1(1:0)  
579	11/05
19:00	 Kasimpasa
Caykur Rizespor	
-0.75
+0.75
1.75
2.00
 
 	
3.0
1.90
1.85
1.62
4.00
5.00
1.15
1.22
2.25
2.0
1.0
2.05
1.95
1.75
1.80
 	 1:1(0:0)  
580	11/05
19:00	 Konyaspor
Kayserispor	
-0.75
+0.75
2.05
1.72
 
 	
2.75
1.95
 	
1.85
 	
1.85
3.70
4.00
1.23
1.27
1.95
1.5
1.0
1.80
1.90
1.95
1.85
 	 3:0(1:0)  
581	11/05
19:00	 Sivasspor
Akhisar Bld.	
–1.0
+1.0
1.85
1.90
  	
3.0
1.87
1.87
1.53
4.30
5.50
1.13
1.20
2.40
2.0
1.0
1.90
2.10
1.85
1.70
 	 3:1(0:0)  
582	11/05
19:00	 Trabzonspor
Galatasaray SK	
0
0
1.95
1.85
  	
3.0
1.95
1.85
2.65
3.50
2.50
1.52
1.30
1.47
1.5
1.5
2.00
1.95
1.75
1.80
 	 1:4(0:0)  
583	11/05
19:00	 Elasigspor
Besiktas JK	
+0.25
-0.25
1.80
1.95
 
 	
3.0
1.95
1.80
2.90
3.65
2.25
1.62
1.27
1.39
1.5
1.5
2.20
1.87
1.62
1.87
 	 0:1(0:1)
453	16/05
20:00	 Kayserispor
Fenerbahce	
+0.75
-0.75
1.80
1.95
 
 	
3.0
1.95
1.80
4.50
3.70
1.75
2.03
1.26
1.19
1.0
1.5
1.75
1.62
2.00
2.20
 	 0:2(0:1)  
454	16/05
20:00	 Eskisehirspor
Konyaspor	
0
0
1.80
2.00
  	
2.25
1.85
 	
1.95
 	
2.55
3.25
2.85
1.45
1.35
1.53
1.0
1.0
1.67
1.77
2.20
2.05
 	 1:1(0:1)  
455	17/05
13:30	 Caykur Rizespor
Elasigspor	
-0.25
+0.25
1.75
2.10
 
 	
3.0
2.00
1.80
2.00
3.60
3.50
1.29
1.27
1.77
1.5
1.0
1.80
1.62
2.00
2.30
 	 3:1(0:1)  
456	17/05
16:00	 Bursaspor
Gaziantepspor	
-0.25
+0.25
1.70
2.15
 
 	
2.5
1.80
2.00
1.95
3.50
3.75
1.25
1.28
1.81
1.5
1.0
1.90
1.80
1.85
1.95
 	 3:1(1:1)  
457	17/05
19:00	 Besiktas JK
Genclerbirligi	
-1.75
+1.75
1.95
1.80
 
 	
3.25
1.95
 	
1.80
 	
1.27
5.70
10.00
1.04
1.13
3.70
2.5
1.0
1.95
2.80
1.80
1.40
 	 1:1(1:0)  
458	17/05
19:00	 Galatasaray SK
Kayseri Erciyesspor	
-1.75
+1.75
1.80
1.95
 
 	
3.25
1.95
 	
1.80
 	
1.22
6.00
13.00
1.01
1.12
4.11
2.5
1.0
1.90
3.40
1.85
1.30
 	 2:1(0:0)  
459	18/05
19:00	 Akhisar Bld.
Kasimpasa	
+0.25
-0.25
1.90
1.90
 
 	
2.75
1.80
 	
1.95
 	
3.10
3.50
2.20
1.70
1.30
1.38
1.5
1.5
2.30
1.93
1.62
1.87
 	 1:3(1:1)  
460	18/05
19:00	 Antalyaspor
Trabzonspor	
+1.0
–1.0
1.75
2.00
  	
2.75
1.86
 	
1.90
 	
5.50
4.00
1.60
2.35
1.25
1.14
1.0
2.0
2.20
2.15
1.62
1.65
 	 0:2(0:1)  
461	18/05
19:00	 Kardemir DC Karabukspor
Sivasspor	
0
0
1.90
1.85
  	
2.75
1.95
 	
1.85
 	
2.65
3.35
2.60
1.50
1.35
1.48
1.5
1.5
2.20
2.20
1.65
1.65
 	 1:0(0:0)  
