327	01/10
15:00	Kardemir Karabukspor
Orduspor	
-0.25
+0.25
1.95
1.75
 
 	
2.25
1.75
 	
1.95
 	
2.30
3.20
2.80
1.38
1.30
1.55
1.5
1.5
2.35
2.65
1.52
1.42
 	 1:2(0:2)  
328	01/10
19:00	Fenerbahce
Istanbul BB	
-1.25
+1.25
1.85
1.85
 
 	
2.75
1.85
 	
1.85
 	
1.40
4.00
7.10
1.06
1.20
2.70
2.0
1.0
2.00
2.85
1.72
1.37
 	 4:2(0:0)  
329	01/10
20:00	Antalyaspor
Sivasspor	
-0.25
+0.25
1.65
2.10
 
 	
2.5
1.95
1.75
1.95
3.30
3.45
1.26
1.28
1.75
1.5
1.0
2.10
2.05
1.65
1.68
 	 2:2(1:1)  
330	02/10
15:00	Samsunspor
Vestel Manisaspor	
-0.25
+0.25
1.70
2.00
 
 	
2.5
1.95
1.75
1.95
3.30
3.50
1.26
1.28
1.75
 
 	 1:2(1:2)  
331	02/10
19:00	Eskisehirspor
Trabzonspor	
+0.25
-0.25
1.85
1.85
 
 	
2.25
1.75
 	
1.95
 	
3.15
3.15
2.15
1.62
1.31
1.31
 
 	 0:2(0:0)  
332	02/10
19:00	Ankaragucu
Galatasaray	
+0.75
-0.75
1.80
1.90
 
 	
2.75
1.95
 	
1.75
 	
4.00
3.60
1.75
1.95
1.24
1.20
 
 	 0:3(0:2)  
333	02/10
19:00	Kayserispor
Mersin Idmanyurdu	
-0.25
+0.25
1.90
1.80
 
 	
2.5
1.90
1.80
2.25
3.30
2.85
1.37
1.28
1.57
 
 	 2:2(1:2)  
334	03/10
20:00	Gaziantepspor
Besiktas	
+0.25
-0.25
1.85
1.85
 
 	
2.5
1.90
1.80
3.00
3.30
2.15
1.62
1.28
1.34
 
 	 0:0(0:0)  
252	14/10
20:00	Trabzonspor
Ankaragucu	
–1.5
+1.5
1.90
1.80
  	
2.75
1.90
 	
1.80
 	
1.27
4.70
9.90
1.02
1.15
3.40
2.0
1.0
1.80
4.00
1.90
1.20
 	 3:2(1:1)  
253	15/10
15:00	Orduspor
Eskisehirspor	
-0.25
+0.25
2.00
1.70
 
 	
2.25
1.90
 	
1.80
 	
2.35
3.10
2.85
1.37
1.32
1.53
 
 	 2:1(0:0)  
254	15/10
19:00	Besiktas
Kayserispor	
–1.0
+1.0
1.90
1.80
  	
2.5
1.80
1.90
1.50
3.90
5.70
1.10
1.21
2.40
 
 	 0:2(0:0)  
255	15/10
19:00	Sivasspor 
Gaziantepspor	
-0.25
+0.25
2.00
1.70
 
 	
2.5
1.95
1.75
2.35
3.10
2.85
1.37
1.32
1.53
 
 	 0:0(0:0)  
256	17/10
20:00	Mersin Idmanyurdu
Fenerbahce	
+0.25
-0.25
2.00
1.70
 
 	
2.5
1.90
1.80
3.35
3.30
2.00
1.70
1.28
1.28
 
 	 1:2(0:1)  
257	16/10
15:00	Genclerbirligi
Antalyaspor	
-0.25
+0.25
2.00
1.70
 
 	
2.25
1.80
 	
1.90
 	
2.40
3.10
2.75
1.40
1.32
1.50
 
 	 3:0(3:0)  
258	16/10
15:00	Istanbul BB
Samsunspor	
-0.25
+0.25
1.62
2.15
 
 	
2.25
1.70
 	
2.00
 	
1.87
3.30
3.80
1.22
1.28
1.83
 
 	 3:0(0:0)  
259	16/10
19:00	Galatasaray
Bursaspor	
-0.75
+0.75
1.95
1.75
 
 	
2.5
1.90
1.80
1.75
3.50
4.10
1.19
1.26
1.95
 
 	 2:1(1:0)  
242	21/10
20:00	Antalyaspor
Galatasaray	
+0.75
-0.75
1.75
1.95
 
 	
2.5
1.85
1.85
4.10
3.50
1.75
1.95
1.26
1.19
1.0
1.5
2.15
1.80
1.62
1.90
 	 0:0(0:0)  
243	22/10
15:00	Eskisehirspor
Vestel Manisaspor	
-0.25
+0.25
1.62
2.15
 
 	
2.25
1.80
 	
1.90
 	
1.85
3.30
3.90
1.21
1.28
1.85
 
 	 0:2(0:1)  
244	22/10
19:00	Bursaspor
Trabzonspor	
0
0
1.80
1.90
  	
2.25
1.75
 	
1.95
 	
2.50
3.10
2.65
1.42
1.32
1.47
 
 	 1:1(0:0)  
245	22/10
19:00	Kardemir Karabukspor
Istanbul BB	
0
0
1.80
1.90
  	
2.5
1.90
1.80
2.50
3.10
2.65
1.42
1.32
1.47
 
 	 2:0(1:0)  
246	23/10
15:00	Kayserispor
Sivasspor	
-0.25
+0.25
1.70
2.00
 
 	
2.5
1.90
1.80
2.00
3.30
3.35
1.28
1.28
1.70
 
 	 6:2(2:1)  
247	23/10
15:00	Ankaragucu
Orduspor	
0
0
1.90
1.80
  	
2.25
1.80
 	
1.90
 	
2.65
3.10
2.50
1.47
1.32
1.42
 
 	 0:2(0:1)  
248	23/10
19:00	Gaziantepspor
Genclerbirligi	
-0.75
+0.75
1.95
1.75
 
 	
2.25
1.80
 	
1.90
 	
1.75
3.40
4.20
1.18
1.27
1.95
 
 	 3:0(2:0)  
249	23/10
19:00	Fenerbahce
Samsunspor	
–1.5
+1.5
1.85
1.85
  	
3.0
1.90
1.80
1.30
5.00
7.70
1.05
1.13
3.20
 
 	 0:0(0:0)  
250	24/10
20:00	Mersin Idmanyurdu
Besiktas	
+0.25
-0.25
1.90
1.80
 
 	
2.5
1.90
1.80
3.20
3.20
2.10
1.65
1.30
1.30
 
 	 0:1(0:1)  
165	26/10
18:00	Samsunspor
Kardemir Karabukspor	
-0.25
+0.25
1.85
1.85
 
 	
2.25
1.80
 	
1.90
 	
2.20
3.15
3.00
1.34
1.31
1.60
1.5
1.0
2.35
1.90
1.52
1.80
 	 0:0(0:0)  
166	26/10
18:00	Istanbul BB
Eskisehirspor	
-0.25
+0.25
1.62
2.15
 
 	
2.5
1.95
1.75
1.90
3.30
3.60
1.24
1.28
1.80
1.5
1.0
2.05
2.10
1.68
1.65
 	 2:2(1:0)  
167	26/10
18:30	Orduspor
Bursaspor	
0
0
1.85
1.85
  	
2.25
1.70
 	
2.00
 	
2.55
3.15
2.55
1.45
1.31
1.45
1.5
1.5
2.50
2.50
1.47
1.47
 	 1:1(0:1)  
168	26/10
20:30	Trabzonspor
Antalyaspor	
–1.0
+1.0
1.75
1.95  
	
2.5
1.85
1.85
1.45
3.90
6.30
1.08
1.21
2.55
1.5
1.0
1.65
3.20
2.10
1.30
 	 2:2(0:2)  
169	26/10
20:30	Galatasaray
Gaziantepspor	
-1.25
+1.25
1.80
1.90 
	
2.5
1.80
1.90
1.35
4.15
8.10
1.04
1.19
2.95
1.5
1.0
1.55
3.80
2.30
1.22
 	 2:4(1:2)  
170	27/10
18:00	Genclerbirligi
Kayserispor	
0
0
1.80
1.90  	
2.5
2.00
1.70
2.50
3.15
2.60
1.44
1.31
1.47
 
 	 1:0(0:0)  
171	27/10
18:30	Sivasspor 
Mersin Idmanyurdu	
0
0
1.80
1.90  	
2.5
1.85
1.85
2.50
3.15
2.60
1.44
1.31
1.47
 
 	 1:0(1:0)  
172	27/10
20:30	Vestel Manisaspor
Ankaragucu	
-0.75
+0.75
1.95
1.75 	
2.5
2.00
1.70
1.75
3.40
4.20
1.18
1.27
1.95
 
 	 2:0(1:0)  
173	27/10
20:30	Besiktas
Fenerbahce	
0
0
1.80
1.90  	
2.5
1.90
1.80
2.50
3.15
2.60
1.44
1.31
1.47
 
 	 2:2(1:0)  
245	04/11
20:00	Samsunspor
Ankaragucu	
-0.75
+0.75
1.90
1.80
 
 	
2.5
1.95
1.75
1.65
3.50
4.70
1.15
1.25
2.10
1.5
1.0
1.87
2.70
1.83
1.40
 	 2:2(2:0)  
246	04/11
20:00	Sivasspor 
Fenerbahce	
+0.75
-0.75
1.70
2.00
 
 	
2.5
1.90
1.80
4.00
3.40
1.80
1.90
1.27
1.20
1.0
1.5
2.30
2.00
1.55
1.72
 	 2:0(1:0)  
247	05/11
13:00	Vestel Manisaspor
Antalyaspor	
-0.25
+0.25
1.70
2.00
 
 	
2.5
1.95
1.75
2.00
3.20
3.50
1.26
1.30
1.70
 
 	 1:0(0:0)  
248	05/11
13:00	Orduspor
Gaziantepspor	
-0.25
+0.25
1.90
1.80
 
 	
2.25
1.80
 	
1.90
 	
2.25
3.15
2.95
1.35
1.31
1.57
 
 	 0:0(0:0)  
249	05/11
16:00	Kardemir Karabukspor
Eskisehirspor	
0
0
1.75
1.95
  	
2.25
1.75
 	
1.95
 	
2.50
3.10
2.65
1.42
1.32
1.47
 
 	 1:2(0:1)  
250	05/11
19:00	Galatasaray
Mersin Idmanyurdu	
-1.25
+1.25
1.90
1.80
 
 	
2.75
1.85
 	
1.85
 	
1.40
4.30
6.40
1.08
1.18
2.70
 
 	 0:0(0:0)  
252	06/11
16:00	Trabzonspor
Kayserispor	
-0.75
+0.75
1.80
1.90
 
 	
2.5
1.90
1.80
1.65
3.65
4.50
1.16
1.24
2.10
 
 	 2:1(1:0)  
253	06/11
19:00	Genclerbirligi
Besiktas	
+0.25
-0.25
2.00
1.70
 
 	
2.5
1.95
1.75
3.40
3.25
2.00
1.70
1.30
1.27
 
 	 4:2(0:2)  
238	18/11
20:00	Mersin Idmanyurdu
Trabzonspor	
+0.25
-0.25
1.80
1.90
 
 	
2.25
1.80
 	
1.90
 	
2.95
3.10
2.25
1.57
1.32
1.35
1.0
1.5
1.92
2.45
1.78
1.48
 	 1:1(0:0)  
239	19/11
13:00	Ankaragucu
Kardemir Karabukspor	
0
0
1.95
1.75
  	
2.5
1.90
1.80
2.65
3.20
2.45
1.49
1.30
1.42
 
 	 2:1(1:0)  
240	19/11
16:00	Kayserispor
Orduspor	
-0.25
+0.25
1.90
1.80
 
 	
2.25
1.85
 	
1.85
 	
2.25
3.20
2.95
1.35
1.30
1.57
 
 	 1:0(1:0)  
241	19/11
19:00	Fenerbahce
Eskisehirspor	
-1.25
+1.25
1.90
1.80
 
 	
2.5
1.75
1.95
1.35
4.40
7.70
1.05
1.17
2.95
 
 	 1:0(1:0)  
242	20/11
13:00	Sivasspor 
Genclerbirligi	
-0.25
+0.25
1.80
1.90
 
 	
2.5
1.90
1.80
2.10
3.30
3.15
1.31
1.28
1.65
 
 	 1:1(1:0)  
244	20/11
16:00	Gaziantepspor
Vestel Manisaspor	
-0.25
+0.25
1.80
1.90
 
 	
2.25
1.85
 	
1.85
 	
2.10
3.10
3.30
1.28
1.32
1.65
 
 	 1:1(1:0)  
245	20/11
19:00	Besiktas
Galatasaray	
-0.25
+0.25
1.90
1.80
 
 	
2.5
1.90
1.80
2.25
3.20
2.95
1.35
1.30
1.57
 
 	 0:0(0:0)  
246	21/11
20:00	Bursaspor
Samsunspor	
–1.0
+1.0
1.90
1.80
  	
2.5
1.90
1.80
1.50
3.90
5.70
1.10
1.21
2.40
 
 	 1:0(0:0)  
270	25/11
20:00	Genclerbirligi
Fenerbahce	
+0.25
-0.25
2.00
1.70
 
 	
2.5
1.95
1.75
3.30
3.35
2.00
1.70
1.28
1.28
 	 0:0(0:0)  
271	26/11
13:00	Samsunspor
Antalyaspor	
-0.25
+0.25
1.95
1.75
 
 	
2.25
1.85
 	
1.85
 	
2.35
3.10
2.85
1.37
1.32
1.53
 	 1:0(1:0)  
272	26/11
16:00	Orduspor
Mersin Idmanyurdu	
-0.25
+0.25
1.85
1.85
 
 	
2.25
1.95
 	
1.75
 	
2.20
3.10
3.10
1.32
1.32
1.60
 	 0:1(0:0)  
273	26/11
19:00	Galatasaray
Sivasspor	
–1.0
+1.0
1.85
1.85
  	
2.5
1.80
1.90
1.50
4.10
5.30
1.12
1.19
2.40
 	 2:1(1:0)  
274	27/11
13:00	Istanbul BB
Gaziantepspor	
-0.25
+0.25
1.75
1.95
 
 	
2.25
1.85
 	
1.85
 	
2.05
3.20
3.35
1.28
1.30
1.68
 	 3:1(2:0)  
276	27/11
16:00	Vestel Manisaspor
Kayserispor	
-0.25
+0.25
1.90
1.80
 
 	
2.25
1.90
 	
1.80
 	
2.25
3.10
3.00
1.34
1.32
1.57
 	 1:0(1:0)  
277	27/11
19:00	Trabzonspor
Besiktas	
-0.25
+0.25
1.70
2.00
 
 	
2.5
2.00
1.70
2.00
3.20
3.50
1.26
1.30
1.70
 	 0:1(0:0)
200	02/12
20:00	Sivasspor 
Trabzonspor	
+0.25
-0.25
2.00
1.70
 
 	
2.5
1.95
1.75
3.55
3.30
1.95
1.75
1.28
1.25
 	 2:2(1:0) 
284	03/12
13:00	Gaziantepspor
Samsunspor	
-0.75
+0.75
2.05
1.68
 
 	
2.25
2.00
 	
1.72
 	
1.75
3.20
4.55
1.16
1.30
1.95
1.5
1.0
2.10
2.70
1.65
1.40
 	 1:0(0:0)  
285	03/12
16:00	Genclerbirligi
Galatasaray	
+0.25
-0.25
1.85
1.85
 
 	
2.25
1.75
 	
1.95
 	
2.95
3.25
2.20
1.62
1.29
1.33
1.0
1.5
1.85
2.30
1.85
1.55
 	 0:1(0:0)  
286	03/12
19:00	Fenerbahce
Ankaragucu	
-1.75
+1.75
1.95
1.75
 
 	
3.0
2.00
1.70
1.25
5.00
10.00
1.02
1.12
3.50
 
 	 4:2(1:1)
163	04/12
13:00	Antalyaspor
Kardemir Karabukspor	
-0.25
+0.25
1.70
2.00
 
 	
2.25
1.75
 	
1.95
 	
1.95
3.30
3.50
1.26
1.28
1.75
 	 2:1(1:0)  
164	04/12
13:00	Kayserispor
Istanbul BB	
-0.25
+0.25
1.95
1.75
 
 	
2.25
1.80
 	
1.90
 	
2.30
3.20
2.85
1.37
1.30
1.55
 	 1:0(0:0)  
165	04/12
16:00	Mersin Idmanyurdu
Vestel Manisaspor	
-0.25
+0.25
1.95
1.75
 
 	
2.25
1.90
 	
1.80
 	
2.30
3.10
2.90
1.36
1.32
1.55
 	 0:0(0:0)  
166	04/12
19:00	Bursaspor
Eskisehirspor	
-0.25
+0.25
1.57
2.25
 
 	
2.25
1.75
 	
1.95
 	
1.80
3.40
4.00
1.20
1.27
1.90
 	 0:1(0:0)  
167	05/12
20:00	Besiktas
Orduspor	
-0.75
+0.75
1.75
1.95
 
 	
2.5
1.95
1.75
1.60
3.60
5.00
1.13
1.24
2.20
 	 2:1(1:0)
137	07/12
18:00	Kardemir Karabukspor
Gaziantepspor	
0
0
1.80
1.90
  	
2.5
2.00
1.70
2.55
3.05
2.65
1.42
1.33
1.45
 	 0:0(0:0)  
138	07/12
18:00	Eskisehirspor
Antalyaspor	
-0.25
+0.25
1.65
2.10
 
 	
2.25
1.85
 	
1.85
 	
1.90
3.20
3.80
1.22
1.30
1.80
 	 1:0(0:0)  
139	07/12
19:30	Galatasaray
Fenerbahce	
0
0
1.70
2.00
  	
2.25
1.85
 	
1.85
 	
2.40
3.05
2.80
1.38
1.33
1.50
 	 3:1(2:0)  
214	08/12
18:00	Samsunspor
Kayserispor	
0
0
1.80
1.90
  	
2.0
1.80
1.90
2.55
2.95
2.70
1.40
1.35
1.45
1.0
1.0
1.90
1.95
1.80
1.75
 	 0:1(0:1)  
215	08/12
18:00	Istanbul BB
Mersin Idmanyurdu	
-0.25
+0.25
1.62
2.15
 
 	
2.25
1.95
 	
1.75
 	
1.95
3.15
3.70
1.23
1.31
1.75
1.5
1.0
2.25
2.40
1.57
1.50
 	 0:0(0:0)  
216	08/12
18:00	Ankaragucu
Bursaspor	
+0.75
-0.75
1.85
1.85
 
 	
2.5
1.95
1.75
4.90
3.50
1.65
2.10
1.26
1.14
1.0
1.5
2.55
1.83
1.45
1.87
 	 0:0(0:0)  
217	08/12
20:30	Vestel Manisaspor
Besiktas	
+0.25
-0.25
2.00
1.70
 
 	
2.25
1.80
 	
1.90
 	
3.55
3.15
2.00
1.70
1.31
1.25
1.0
1.5
2.10
2.00
1.65
1.72
 	 1:4(0:2)  
218	08/12
20:30	Orduspor
Sivasspor	
-0.25
+0.25
1.80
1.90
 
 	
2.25
1.90
 	
1.80
 	
2.15
3.05
3.25
1.29
1.33
1.62
1.5
1.5
2.50
3.40
1.47
1.27
 	 1:2(1:2)  
330	10/12
19:00	Gaziantepspor
Eskisehirspor	
-0.25
+0.25
1.80
1.90
 
 	
2.25
1.90
 	
1.80
 	
2.15
3.05
3.20
1.30
1.33
1.62
1.5
1.0
2.50
2.20
1.47
1.60
 	 0:1(0:0)  
331	11/12
13:00	Genclerbirligi
Orduspor	
-0.25
+0.25
1.85
1.85
 
 	
2.25
1.95
 	
1.75
 	
2.15
3.00
3.30
1.28
1.34
1.62
 
 	 3:1(0:0)  
332	11/12
13:00	Antalyaspor
Ankaragucu	
-0.75
+0.75
1.90
1.80
 
 	
2.5
1.85
1.85
1.75
3.50
4.10
1.19
1.26
1.95
 
 	 1:0(0:0)  
333	11/12
16:00	Mersin Idmanyurdu
Samsunspor	
-0.25
+0.25
1.70
2.00
 
 	
2.25
1.95
 	
1.75
 	
1.95
3.15
3.70
1.23
1.31
1.75
 
 	 1:0(0:0)  
334	11/12
16:00	Besiktas
Istanbul BB	
-0.75
+0.75
1.90
1.80
 
 	
2.5
1.85
1.85
1.75
3.50
4.10
1.19
1.26
1.95
 
 	 1:1(0:0)  
335	11/12
19:00	Trabzonspor
Galatasaray	
0
0
1.70
2.00
  	
2.25
1.85
 	
1.85
 	
2.40
3.00
2.85
1.37
1.34
1.50
 
 	 0:3(0:2)  
336	12/12
18:00	Kayserispor
Kardemir Karabukspor	
-0.25
+0.25
1.57
2.25
 
 	
2.25
1.80
 	
1.90
 	
1.80
3.30
4.10
1.19
1.28
1.90
 
 	 2:0(1:0)  
338	12/12
20:00	Bursaspor
Fenerbahce	
+0.25
-0.25
1.70
2.00
 
 	
2.25
1.80
 	
1.90
 	
2.75
3.10
2.40
1.50
1.32
1.40
 
 	 0:2(0:1)  
224	16/12
20:00	Orduspor
Galatasaray	
+0.25
-0.25
2.15
1.62
 
 	
2.25
1.85
 	
1.85
 	
3.80
3.40
1.85
1.85
1.27
1.22
 	 0:2(0:1)  
225	17/12
13:00	Ankaragucu
Gaziantepspor	
+0.25
-0.25
2.00
1.70
 
 	
2.25
1.85
 	
1.85
 	
3.55
3.15
2.00
1.70
1.31
1.25
 	 0:0(0:0)  
226	17/12
13:00	Kardemir Karabukspor
Mersin Idmanyurdu	
0
0
1.75
1.95
  	
2.25
1.90
 	
1.80
 	
2.55
3.00
2.70
1.40
1.34
1.45
 	 3:5(3:2)  
227	17/12
16:00	Eskisehirspor
Kayserispor	
-0.25
+0.25
1.75
1.95
 
 	
2.25
1.90
 	
1.80
 	
2.05
3.10
3.50
1.26
1.32
1.68
 	 1:0(0:0)  
228	17/12
19:00	Bursaspor
Antalyaspor	
-0.75
+0.75
1.85
1.85
 
 	
2.25
1.85
 	
1.85
 	
1.67
3.45
4.75
1.15
1.27
2.07
 	 0:0(0:0)  
229	18/12
13:00	Vestel Manisaspor
Genclerbirligi	
-0.25
+0.25
1.75
1.95
 
 	
2.25
1.95
 	
1.75
 	
2.05
3.10
3.50
1.26
1.32
1.68
 	 0:1(0:0)  
230	18/12
13:00	Istanbul BB
Sivasspor	
-0.25
+0.25
1.62
2.15
 
 	
2.25
1.85
 	
1.85
 	
1.85
3.30
3.90
1.21
1.28
1.85
 	 1:1(1:1)  
231	18/12
16:00	Samsunspor
Besiktas	
+0.25
-0.25
2.00
1.70
 
 	
2.25
1.85
 	
1.85
 	
3.65
3.20
1.95
1.75
1.30
1.24
 	 1:1(1:0)  
232	18/12
19:00	Fenerbahce
Trabzonspor	
-0.25
+0.25
1.65
2.10
 
 	
2.25
1.75
 	
1.95
 	
1.90
3.30
3.70
1.23
1.28
1.80
 	 1:0(1:0)
157	21/12
18:00	Antalyaspor
Fenerbahce	
+0.75
-0.75
1.65
2.10
 
 	
2.25
1.85
 	
1.85
 	
4.00
3.40
1.80
1.90
1.27
1.20
1.0
1.5
2.30
2.00
1.55
1.72
 	 0:0(0:0)  
158	21/12
18:00	Kayserispor
Ankaragucu	
–1.0
+1.0
1.95
1.75
  	
2.25
1.75
 	
1.95
 	
1.55
3.45
5.90
1.09
1.26
2.30
1.5
1.0
1.87
3.55
1.83
1.25
 	 3:0(3:0)  
159	21/12
18:00	Mersin Idmanyurdu
Eskisehirspor	
0
0
1.75
1.95
  	
2.25
2.00
 	
1.72
 	
2.45
3.00
2.75
1.39
1.34
1.48
1.0
1.0
1.78
1.94
1.92
1.77
 	 0:0(0:0)  
160	21/12
20:30	Galatasaray
Vestel Manisaspor	
-1.25
+1.25
1.80
1.90
 
 	
2.5
1.80
1.90
1.35
4.15
8.10
1.04
1.19
2.95
1.5
1.0
1.55
3.80
2.30
1.22
 	 1:0(0:0)  
161	21/12
20:30	Sivasspor 
Samsunspor	
-0.75
+0.75
2.20
1.60
 
 	
2.25
1.95
 	
1.75
 	
1.85
3.20
4.00
1.20
1.30
1.85
1.5
1.0
2.17
2.70
1.61
1.40
 	 3:2(2:1)  
162	22/12
18:00	Genclerbirligi
Istanbul BB	
-0.25
+0.25
1.95
1.75
 
 	
2.5
1.95
1.75
2.30
3.20
2.80
1.38
1.30
1.55
1.5
1.5
2.35
2.65
1.52
1.42
 	 4:0(3:0)  
163	22/12
18:00	Trabzonspor
Orduspor	
–1.0
+1.0
1.80
1.90
  	
2.5
1.95
1.75
1.45
3.80
6.70
1.07
1.22
2.55
1.5
1.0
1.68
3.20
2.05
1.30
 	 4:1(3:0)  
164	22/12
20:30	Besiktas
Kardemir Karabukspor	
-1.25
+1.25
1.80
1.90
 
 	
2.5
1.80
1.90
1.35
4.15
8.10
1.04
1.19
2.95
1.5
1.0
1.55
3.80
2.30
1.22
 	 1:0(1:0)  
165	22/12
20:30	Gaziantepspor
Bursaspor	
-0.25
+0.25
2.00
1.72
 
 	
2.0
1.77
1.94
2.40
3.00
2.85
1.37
1.34
1.50
1.5
1.5
2.80
3.20
1.38
1.30
 	 2:2(1:0) 
96	03/01
18:00	Kayserispor
Bursaspor	
0
0
1.80
1.90
  	
2.0
1.80
1.90
2.55
2.95
2.70
1.40
1.35
1.45
1.0
1.0
1.90
1.95
1.80
1.75
 	 0:2(0:1)  
97	03/01
18:00	Sivasspor 
Kardemir Karabukspor	
-0.75
+0.75
2.05
1.70
 
 	
2.5
1.90
1.80
1.80
3.50
4.20
1.20
1.26
1.90
1.5
1.0
2.05
2.10
1.68
1.65
 	 3:0(2:0)  
98	03/01
18:00	Trabzonspor
Vestel Manisaspor	
-0.75
+0.75
1.83
1.87
 
 	
2.25
1.80
 	
1.90
 	
1.60
3.45
5.30
1.12
1.26
2.20
1.5
1.0
1.90
2.80
1.80
1.38
 	 2:1(1:0)  
99	03/01
20:30	Galatasaray
Istanbul BB	
–1.0
+1.0
1.80
1.90
  	
2.5
1.90
1.80
1.45
3.80
6.70
1.07
1.22
2.55
1.5
1.0
1.68
3.20
2.05
1.30
 	 4:1(1:1)  
100	03/01
20:30	Mersin Idmanyurdu
Ankaragucu	
-1.25
+1.25
1.80
1.90
 
 	
2.5
1.90
1.80
1.33
4.25
8.60
1.03
1.18
3.05
2.0
1.0
2.10
4.70
1.65
1.15
 	 1:2(0:1)  
101	04/01
18:00	Genclerbirligi
Samsunspor	
-0.75
+0.75
1.85
1.85
 
 	
2.25
2.00
 	
1.70
 	
1.65
3.40
5.00
1.13
1.27
2.10
 
 	 1:1(1:1)  
102	04/01
18:00	Orduspor
Fenerbahce	
+0.75
-0.75
1.85
1.85
 
 	
2.25
1.80
 	
1.90
 	
4.75
3.55
1.65
2.10
1.25
1.15
 
 	 1:1(1:0)  
103	04/01
20:30	Gaziantepspor
Antalyaspor	
-0.25
+0.25
1.85
1.85
 
 	
2.0
1.85
1.85
2.20
3.05
3.15
1.31
1.33
1.60
 
 	 1:0(0:0)  
104	04/01
20:30	Besiktas
Eskisehirspor	
-0.75
+0.75
1.85
1.85
 
 	
2.25
1.90
 	
1.80
 	
1.65
3.45
5.00
1.13
1.27
2.10
 
 	 2:0(0:0) 
243	07/01
16:00	Bursaspor
Mersin Idmanyurdu	
-0.75
+0.75
1.92
1.78
 
 	
2.0
1.74
1.98
1.70
3.30
4.70
1.15
1.28
2.03
1.5
1.0
2.10
3.25
1.65
1.29
 	 1:0(0:0)  
244	07/01
16:00	Istanbul BB
Trabzonspor	
+0.25
-0.25
1.90
1.80
 
 	
2.25
2.00
 	
1.72
 	
3.20
3.05
2.15
1.62
1.33
1.30
1.0
1.5
2.20
2.50
1.60
1.47
 	 0:2(0:0)  
245	07/01
19:00	Samsunspor
Galatasaray	
+1.0
–1.0
1.78
1.92
  	
2.25
1.80
 	
1.90
 	
6.10
3.70
1.50
2.40
1.23
1.09
1.0
1.5
3.20
1.75
1.30
1.95
 	 2:4(2:0)  
246	08/01
13:00	Vestel Manisaspor
Orduspor	
-0.25
+0.25
1.70
2.00
 
 	
2.25
1.90
 	
1.80
 	
2.00
3.20
3.50
1.26
1.30
1.70
 
 	 0:0(0:0)  
247	08/01
13:00	Kardemir Karabukspor
Genclerbirligi	
0
0
1.85
1.85
  	
2.25
1.75
 	
1.95
 	
2.55
3.15
2.55
1.45
1.31
1.45
 
 	 2:1(1:1)  
248	08/01
16:00	Antalyaspor
Kayserispor	
0
0
1.75
1.95
  	
2.0
1.75
1.95
2.50
3.00
2.70
1.40
1.34
1.47
 
 	 1:0(0:0)  
249	08/01
16:00	Eskisehirspor
Sivasspor	
-0.25
+0.25
1.70
2.00
 
 	
2.25
1.75
 	
1.95
 	
2.00
3.25
3.40
1.27
1.30
1.70
 
 	 1:1(1:0)  
250	08/01
19:00	Ankaragucu
Besiktas	
+1.25
-1.25
2.10
1.65
 
 	
2.5
1.80
1.90
8.00
4.75
1.30
3.20
1.15
1.05
 
 	 0:0(0:0)  
251	09/01
20:00	Fenerbahce
Gaziantepspor	
-1.25
+1.25
1.90
1.80
 
 	
2.5
1.95
1.75
1.35
4.30
8.00
1.05
1.18
2.95
 
 	 3:1(0:1)
296	14/01
16:00	Genclerbirligi
Eskisehirspor	
-0.25
+0.25
1.90
1.80
 
 	
2.0
1.80
1.90
2.25
2.95
3.10
1.32
1.35
1.57
1.0
1.0
1.75
2.30
1.95
1.55
 	 2:1(1:1)  
297	14/01
19:00	Galatasaray
Kardemir Karabukspor	
–1.5
+1.5
1.80
1.90
  	
3.0
1.90
1.80
1.25
5.00
9.60
1.02
1.13
3.55
2.5
1.0
2.15
3.55
1.62
1.25
 	 5:1(2:0)  
298	15/01
13:00	Orduspor
Istanbul BB	
0
0
1.70
2.00
  	
2.0
1.75
1.95
2.50
2.95
2.80
1.38
1.35
1.47
 
 	 1:0(0:0)  
299	15/01
13:00	Sivasspor 
Ankaragucu	
-1.25
+1.25
1.90
1.80
 
 	
2.75
1.85
 	
1.85
 	
1.37
4.40
7.00
1.07
1.17
2.85
 
 	 3:0(2:0)  
300	15/01
16:00	Mersin Idmanyurdu
Antalyaspor	
-0.25
+0.25
1.80
1.90
 
 	
2.0
1.85
1.85
2.10
2.95
3.55
1.25
1.35
1.65
 
 	 0:2(0:2)  
301	15/01
16:00	Trabzonspor
Samsunspor	
-1.25
+1.25
1.80
1.90
 
 	
2.5
1.75
1.95
1.30
4.60
9.00
1.03
1.16
3.20
 
 	 4:0(1:0)  
302	15/01
19:00	Besiktas
Bursaspor	
-0.25
+0.25
1.62
2.15
 
 	
2.25
1.90
 	
1.80
 	
1.85
3.20
4.10
1.19
1.30
1.85
 
 	 3:1(2:1)  
303	16/01
20:00	Kayserispor
Gaziantepspor	
-0.25
+0.25
1.75
1.95
 
 	
2.0
1.75
1.95
2.10
3.00
3.45
1.27
1.34
1.65
 
 	 1:1(1:0)  
304	16/01
20:00	Vestel Manisaspor
Fenerbahce	
+0.25
-0.25
2.10
1.65
 
 	
2.25
1.90
 	
1.80
 	
3.80
3.20
1.90
1.80
1.30
1.22
 
 	 1:2(0:0) 
274	20/01
20:00	Antalyaspor
Besiktas	
+0.25
-0.25
2.00
1.70
 
 	
2.25
1.95
 	
1.75
 	
3.40
3.10
2.05
1.68
1.32
1.27
1.0
1.5
2.30
2.40
1.55
1.50
 	 1:2(0:0)  
275	20/01
20:00	Gaziantepspor
Mersin Idmanyurdu	
-0.25
+0.25
1.72
2.00
 
 	
2.0
1.75
1.95
2.00
3.20
3.50
1.25
1.32
1.75
1.5
1.0
2.50
2.20
1.47
1.60
 	 1:0(1:0)  
276	21/01
13:00	Istanbul BB
Vestel Manisaspor	
-0.25
+0.25
1.80
1.90
 
 	
2.0
1.80
1.90
2.10
3.05
3.40
1.27
1.33
1.65
 
 	 3:2(3:1)  
277	21/01
13:00	Samsunspor
Orduspor	
0
0
1.80
1.90
  	
2.0
1.75
1.95
2.55
3.00
2.70
1.40
1.34
1.45
 
 	 2:0(1:0)  
278	21/01
16:00	Kardemir Karabukspor
Trabzonspor	
+0.25
-0.25
2.15
1.62
 
 	
2.25
1.75
 	
1.95
 	
3.90
3.30
1.85
1.85
1.28
1.21
 
 	 2:1(1:0)  
279	21/01
16:00	Bursaspor
Sivasspor	
-0.25
+0.25
1.62
2.15
 
 	
2.25
1.85
 	
1.85
 	
1.85
3.30
3.90
1.21
1.28
1.85
 
 	 1:2(0:1)  
280	21/01
19:00	Fenerbahce
Kayserispor	
-1.25
+1.25
1.85
1.85
 
 	
2.5
1.90
1.80
1.35
4.40
7.70
1.05
1.17
2.95
 
 	 4:0(1:0)  
281	22/01
16:00	Ankaragucu
Genclerbirligi	
+1.0
–1.0
1.75
1.95
  	
2.75
1.90
 	
1.80
 	
5.30
3.80
1.55
2.30
1.22
1.12
 
 	 0:1(0:1)  
282	22/01
19:00	Eskisehirspor
Galatasaray	
+0.25
-0.25
2.15
1.62
 
 	
2.25
1.85
 	
1.85
 	
3.90
3.30
1.85
1.85
1.28
1.21
 
 	 0:0(0:0)  
136	24/01
18:00	Vestel Manisaspor
Samsunspor	
-0.25
+0.25
1.65
2.10
 
 	
2.0
1.70
2.00
1.90
3.10
4.00
1.20
1.32
1.80
 	 1:1(1:0)  
137	24/01
18:00	Sivasspor 
Antalyaspor	
-0.25
+0.25
1.70
2.00
 
 	
2.25
1.90
 	
1.80
 	
1.95
3.15
3.70
1.23
1.31
1.75
 	 2:1(1:0)  
138	24/01
20:30	Mersin Idmanyurdu
Kayserispor	
-0.25
+0.25
1.95
1.75
 
 	
2.0
1.80
1.90
2.30
3.00
3.00
1.34
1.34
1.55
 	 1:2(0:0)  
139	24/01
20:30	Besiktas
Gaziantepspor	
-1.25
+1.25
1.90
1.80
 
 	
2.5
1.85
1.85
1.40
4.30
6.60
1.07
1.18
2.70
 	 3:2(0:1) 
134	25/01
15:30	Genclerbirligi
Bursaspor	
-0.25
+0.25
1.95
1.75
 
 	
2.25
1.80
 	
1.90
 	
2.30
3.20
2.80
1.38
1.30
1.55
1.5
1.5
2.35
2.65
1.52
1.42
 	 2:2(0:2)  
135	25/01
18:00	Orduspor
Kardemir Karabukspor	
-0.25
+0.25
1.80
1.90
 
 	
2.25
2.00
 	
1.70
 	
2.10
3.05
3.35
1.28
1.33
1.65
1.5
1.0
2.50
2.20
1.47
1.60
 	 3:2(3:1)  
136	25/01
18:00	Trabzonspor
Eskisehirspor	
-0.75
+0.75
1.75
1.95
 
 	
2.5
1.95
1.75
1.57
3.60
5.25
1.12
1.24
2.25
1.5
1.0
1.80
2.90
1.90
1.36
 	 4:1(3:0)  
137	25/01
18:00	Istanbul BB
Fenerbahce	
+0.75
-0.75
1.75
1.95
 
 	
2.5
1.85
1.85
4.25
3.55
1.70
2.03
1.25
1.18
1.0
1.5
2.20
1.78
1.60
1.92
 	 3:2(1:0)  
138	25/01
20:30	Galatasaray
Ankaragucu	
–2.5
+2.5
1.85
1.85
  	
3.5
1.70
2.00
1.10
9.00
13.00
 	
1.03
5.70
 
 	 4:0(2:0) 
326	28/01
16:00	Antalyaspor
Genclerbirligi	
-0.25
+0.25
1.80
1.90
 
 	
2.25
2.00
 	
1.72
 	
2.15
3.05
3.20
1.30
1.33
1.62
1.5
1.0
2.50
2.20
1.47
1.60
 	 2:2(1:1)  
327	28/01
19:00	Bursaspor
Galatasaray	
+0.25
-0.25
2.15
1.62
 
 	
2.25
1.90
 	
1.80
 	
3.70
3.15
1.95
1.75
1.31
1.23
1.0
1.5
2.40
2.25
1.50
1.57
 	 1:0(0:0)  
328	29/01
13:00	Eskisehirspor
Orduspor	
-0.75
+0.75
1.85
1.85
 
 	
2.25
2.00
 	
1.70
 	
1.65
3.40
5.00
1.13
1.27
2.10
 
 	 0:1(0:0)  
329	29/01
13:00	Samsunspor
Istanbul BB	
-0.25
+0.25
2.00
1.70
 
 	
2.25
1.90
 	
1.80
 	
2.35
3.10
2.85
1.37
1.32
1.53
 
 	 2:4(0:1)  
330	29/01
13:00	Kardemir Karabukspor
Vestel Manisaspor	
-0.25
+0.25
1.85
1.85
 
 	
2.25
1.85
 	
1.85
 	
2.15
3.10
3.20
1.30
1.32
1.62
 
 	 2:1(0:0)  
331	29/01
16:00	Ankaragucu
Trabzonspor	
+1.75
-1.75
1.85
1.85
 
 	
3.0
1.80
1.90
9.00
6.00
1.22
3.80
1.09
1.03
 
 	 0:4(0:1)  
332	29/01
16:00	Gaziantepspor
Sivasspor	
0
0
1.80
1.90
  	
2.5
1.95
1.75
2.50
3.15
2.65
1.42
1.31
1.47
 
 	 2:1(0:1)  
333	29/01
19:00	Fenerbahce
Mersin Idmanyurdu	
-1.25
+1.25
1.70
2.00
 
 	
2.5
1.85
1.85
1.30
4.75
8.00
1.05
1.15
3.20
 
 	 2:1(2:0)  
334	30/01
20:00	Kayserispor
Besiktas	
+0.25
-0.25
1.90
1.80
 
 	
2.25
1.85
 	
1.85
 	
3.40
3.10
2.10
1.65
1.32
1.27
 
 	 1:0(1:0) 
138	01/02
18:00	Orduspor
Ankaragucu	
-1.25
+1.25
1.85
1.85
 
 	
3.0
2.00
1.70
1.35
4.60
7.00
1.07
1.16
2.95
 
 	 2:0(2:0)  
139	01/02
18:00	Genclerbirligi
Gaziantepspor	
-0.25
+0.25
1.70
2.00
 
 	
2.25
1.75
 	
1.95
 	
2.00
3.25
3.40
1.27
1.29
1.72
1.5
1.0
2.15
2.05
1.62
1.68
 	 1:0(0:0)  
140	01/02
18:00	Istanbul BB
Kardemir Karabukspor	
-0.75
+0.75
1.95
1.75
 
 	
2.5
1.95
1.75
1.70
3.45
4.40
1.17
1.26
2.03
1.5
1.0
1.87
2.50
1.83
1.47
 	 cancelled  
141	01/02
20:30	Trabzonspor
Bursaspor	
-0.75
+0.75
1.85
1.85
 
 	
2.5
1.85
1.85
1.65
3.55
4.60
1.16
1.25
2.10
1.5
1.0
1.75
2.40
1.95
1.50
 	 2:1(1:0)  
142	01/02
20:30	Galatasaray
Antalyaspor	
-1.25
+1.25
1.95
1.75
 
 	
2.5
1.85
1.85
1.40
4.20
6.80
1.07
1.18
2.70
1.5
1.0
1.62
3.20
2.15
1.30
 	 1:1(1:1)  
143	02/02
18:00	Samsunspor
Fenerbahce	
+1.0
–1.0
1.70
2.00
  	
2.5
1.90
1.80
5.50
3.70
1.55
2.30
1.23
1.11
 
 	 3:1(1:1)  
144	02/02
18:00	Sivasspor 
Kayserispor	
-0.25
+0.25
1.62
2.15
 
 	
2.25
1.75
 	
1.95
 	
1.85
3.35
3.80
1.22
1.28
1.85
 
 	 1:1(0:0)  
145	02/02
20:30	Besiktas
Mersin Idmanyurdu	
-1.25
+1.25
1.75
1.95
 
 	
2.5
1.80
1.90
1.35
4.60
7.00
1.07
1.16
2.95
 
 	 0:1(0:1)  
146	02/02
20:30	Vestel Manisaspor
Eskisehirspor	
0
0
1.75
1.95
  	
2.0
1.75
1.95
2.50
3.00
2.70
1.40
1.34
1.47
 
 	 2:3(2:1)  
1007	04/02
16:00	Antalyaspor
Trabzonspor	
+0.25
-0.25
1.90
1.80
 
 	
2.5
1.90
1.80
3.05
3.30
2.10
1.65
1.28
1.33
1.5
1.5
2.80
2.12
1.38
1.64
 	 2:1(1:1)  
1008	04/02
19:00	Gaziantepspor
Galatasaray	
+0.25
-0.25
2.05
1.68
 
 	
2.25
1.80
 	
1.90
 	
3.40
3.25
2.00
1.72
1.29
1.27
1.0
1.5
2.10
2.20
1.65
1.60
 	 1:2(0:0)
173	05/02
13:00	Mersin Idmanyurdu
Sivasspor	
0
0
1.85
1.85
  	
2.25
1.85
 	
1.85
 	
2.55
3.15
2.55
1.45
1.31
1.45
1.5
1.5
2.70
2.70
1.40
1.40
 	 1:5(0:1)  
174	05/02
16:00	Bursaspor
Orduspor	
-0.75
+0.75
2.15
1.62
 
 	
2.0
1.80
1.90
1.80
3.15
4.40
1.17
1.31
1.90
1.5
1.0
2.25
2.95
1.57
1.35
 	 0:0(0:0)  
175	05/02
16:00	Kayserispor
Genclerbirligi	
-0.25
+0.25
1.95
1.75
 
 	
2.25
1.90
 	
1.80
 	
2.30
3.15
2.85
1.37
1.31
1.55
1.5
1.0
2.55
1.95
1.45
1.75
 	 2:3(1:1)  
176	05/02
19:00	Fenerbahce
Besiktas	
-0.75
+0.75
2.07
1.67
 
 	
2.5
1.85
1.85
1.75
3.50
4.05
1.19
1.25
1.95
1.5
1.0
1.85
2.20
1.85
1.60
 	 2:0(1:0)  
177	06/02
20:00	Ankaragucu
Vestel Manisaspor	
+1.25
-1.25
1.70
2.00
 
 	
2.75
1.90
 	
1.80
 	
6.00
4.20
1.45
2.55
1.18
1.09
 
 	 0:1(0:0)  
178	06/02
18:00	Eskisehirspor
Istanbul BB	
-0.25
+0.25
1.95
1.75
 
 	
2.25
1.85
 	
1.85
 	
2.35
3.00
2.95
1.35
1.34
1.53
 
 	 3:1(2:1) 
214	09/02
16:00	Istanbul BB
Kardemir Karabukspor	
-0.75
+0.75
1.95
1.75
 
 	
2.75
1.95
 	
1.75
 	
1.75
3.35
4.25
1.18
1.28
1.95
1.5
1.0
1.78
2.07
1.92
1.67
 	 2:2(1:1)  
215	09/02
18:00	Sivasspor 
Besiktas	
0
0
1.85
1.85
  	
2.5
1.90
1.80
2.55
3.15
2.55
1.45
1.31
1.45
1.5
1.5
2.50
2.50
1.47
1.47
 	 1:1(0:1) 
956	10/02
20:00	Trabzonspor
Gaziantepspor	
–1.0
+1.0
1.75
1.95
  	
2.5
1.80
1.90
1.45
3.90
6.30
1.08
1.21
2.55
1.5
1.0
1.65
3.20
2.10
1.30
 	 4:1(1:0)  
310	11/02
16:00	Genclerbirligi
Mersin Idmanyurdu	
-0.25
+0.25
1.57
2.25
 
 	
2.25
1.85
 	
1.85
 	
1.85
3.25
3.90
1.21
1.29
1.85
1.5
1.0
2.12
2.40
1.64
1.50
 	 1:2(0:0)  
311	11/02
19:00	Galatasaray
Kayserispor	
-1.25
+1.25
1.95
1.75
 
 	
2.75
1.95
 	
1.75
 	
1.40
4.15
6.80
1.07
1.19
2.70
1.5
1.0
1.55
2.95
2.30
1.35
 	 1:0(1:0)  
312	12/02
13:00	Istanbul BB
Ankaragucu	
–1.5
+1.5
1.75
1.95
  	
2.75
1.75
 	
1.95
 	
1.25
5.40
9.00
1.03
1.12
3.55
 
 	 3:0(1:0)  
313	12/02
13:00	Orduspor
Antalyaspor	
-0.25
+0.25
1.85
1.85
 
 	
2.25
2.00
 	
1.70
 	
2.20
3.10
3.10
1.32
1.32
1.60
 
 	 3:2(3:0)  
314	12/02
16:00	Vestel Manisaspor
Bursaspor	
+0.25
-0.25
1.80
1.90
 
 	
2.25
1.80
 	
1.90
 	
2.80
3.20
2.30
1.55
1.30
1.38
 
 	 1:3(1:2)  
315	12/02
16:00	Samsunspor
Eskisehirspor	
0
0
1.85
1.85
  	
2.25
1.85
 	
1.85
 	
2.55
3.10
2.55
1.45
1.32
1.45
 
 	 3:1(1:0)  
316	12/02
19:00	Kardemir Karabukspor
Fenerbahce	
+0.75
-0.75
1.75
1.95
 
 	
2.5
1.80
1.90
4.00
3.50
1.75
1.95
1.26
1.20
 
 	 2:1(2:0)  
1267	18/02
16:00	Antalyaspor
Vestel Manisaspor	
–1.0
+1.0
1.95
1.75
  	
2.25
1.80
 	
1.90
 	
1.55
3.45
5.90
1.09
1.26
2.30
1.5
1.0
1.87
3.70
1.83
1.23
 	 2:1(1:1)  
1268	18/02
19:00	Fenerbahce
Sivasspor	
–1.0
+1.0
1.85
1.85
  	
2.75
1.80
 	
1.90
 	
1.50
4.00
5.30
1.12
1.20
2.40
2.0
1.0
2.05
2.30
1.68
1.55
 	 4:2(1:2)  
1015	19/02
16:00	Kayserispor
Trabzonspor	
+0.25
-0.25
1.85
1.85
 
 	
2.25
1.80
 	
1.90
 	
3.00
3.15
2.20
1.60
1.31
1.34
1.0
1.5
1.90
2.35
1.80
1.52
 	 3:3(2:0)  
1016	19/02
16:00	Eskisehirspor
Kardemir Karabukspor	
-0.75
+0.75
2.00
1.70
 
 	
2.5
1.85
1.85
1.80
3.50
3.80
1.22
1.25
1.90
1.5
1.0
1.87
2.00
1.83
1.70
 	 1:2(0:1)  
1017	19/02
19:00	Besiktas
Genclerbirligi	
-0.75
+0.75
1.90
1.80
 
 	
2.5
1.85
1.85
1.65
3.55
4.60
1.16
1.25
2.10
1.5
1.0
1.78
2.40
1.92
1.50
 	 3:2(0:1)  
1018	20/02
20:00	Bursaspor
Istanbul BB	
-0.25
+0.25
1.65
2.10
 
 	
2.25
1.80
 	
1.90
 	
1.90
3.25
3.70
1.23
1.30
1.80
 
 	 2:1(1:0) 
1133	24/02
20:00	Orduspor
Kayserispor	
-0.25
+0.25
1.72
2.00
 
 	
2.25
1.95
 	
1.75
 	
2.05
3.10
3.40
1.27
1.32
1.68
1.5
1.0
2.38
2.27
1.51
1.56
 	 1:0(0:0)  
284	25/02
13:00	Kardemir Karabukspor
Ankaragucu	
–2.0
+2.0
1.85
1.85
  	
3.0
1.75
1.95
1.15
7.50
10.00
1.02
1.07
4.75
 
 	 3:2(1:1)  
285	25/02
16:00	Samsunspor
Bursaspor	
0
0
1.80
1.90
  	
2.25
1.75
 	
1.95
 	
2.45
3.20
2.60
1.43
1.30
1.48
1.5
1.5
2.50
2.65
1.47
1.42
 	 0:3(0:1)  
286	25/02
16:00	Vestel Manisaspor
Gaziantepspor	
0
0
1.85
1.85
  	
2.25
1.85
 	
1.85
 	
2.55
3.15
2.55
1.45
1.31
1.45
1.5
1.5
2.70
2.70
1.40
1.40
 	 0:2(0:0)  
287	25/02
19:00	Eskisehirspor
Fenerbahce	
+0.25
-0.25
1.95
1.75
 
 	
2.5
1.85
1.85
3.15
3.35
2.05
1.68
1.28
1.31
1.0
1.5
1.80
2.07
1.90
1.67
 	 2:1(1:0)  
288	26/02
13:00	Genclerbirligi
Sivasspor	
-0.25
+0.25
1.90
1.80
 
 	
2.5
1.75
1.95
2.25
3.30
2.85
1.37
1.28
1.57
 
 	 3:3(2:1)  
289	26/02
13:00	Istanbul BB
Antalyaspor	
-0.25
+0.25
1.80
1.90
 
 	
2.5
1.95
1.75
2.10
3.20
3.20
1.30
1.30
1.65
 
 	 4:0(1:0)  
290	26/02
16:00	Trabzonspor
Mersin Idmanyurdu	
-1.25
+1.25
1.95
1.75
 
 	
2.75
1.85
 	
1.85
 	
1.40
4.40
6.20
1.09
1.17
2.70
 
 	 2:3(0:1)  
291	26/02
19:00	Galatasaray
Besiktas	
-0.75
+0.75
1.95
1.75
 
 	
2.5
1.90
1.80
1.75
3.50
4.10
1.19
1.26
1.95
 
 	 3:2(1:0)  
1097	03/03
13:00	Ankaragucu
Eskisehirspor	
+1.25
-1.25
1.92
1.78
 
 	
2.75
1.75
 	
1.95
 	
7.40
4.35
1.35
2.95
1.17
1.05
1.0
2.0
3.10
1.83
1.32
1.87
 	 2:5(1:1)  
1098	03/03
16:00	Antalyaspor
Samsunspor	
-0.75
+0.75
2.10
1.65
 
 	
2.5
1.95
1.75
1.80
3.40
4.00
1.20
1.27
1.90
1.5
1.0
2.00
2.20
1.72
1.60
 	 0:2(0:1)  
1099	03/03
16:00	Mersin Idmanyurdu
Orduspor	
0
0
1.85
1.85
  	
2.25
1.95
 	
1.75
 	
2.60
3.00
2.60
1.43
1.34
1.43
1.5
1.5
2.80
2.80
1.38
1.38
 	 1:0(1:0)  
1100	03/03
19:00	Fenerbahce
Genclerbirligi	
–1.0
+1.0
1.75
1.95
  	
2.75
1.75
 	
1.95
 	
1.45
4.15
5.80
1.10
1.19
2.55
2.0
1.0
1.95
2.45
1.75
1.48
 	 6:1(3:0)  
910	04/03
15:00	Kayserispor
Vestel Manisaspor	
-0.75
+0.75
1.95
1.75
 
 	
2.25
1.80
 	
1.90
 	
1.70
3.40
4.50
1.16
1.27
2.00
1.5
1.0
1.95
2.65
1.75
1.42
 	 2:0(0:0)  
911	04/03
15:00	Bursaspor
Kardemir Karabukspor	
-0.75
+0.75
1.95
1.75
 
 	
2.75
1.95
 	
1.75
 	
1.75
3.35
4.25
1.18
1.27
1.95
1.5
1.0
1.78
2.07
1.92
1.67
 	 3:0(2:0)  
912	04/03
15:00	Gaziantepspor
Istanbul BB	
0
0
1.75
1.95
  	
2.5
1.90
1.80
2.40
3.20
2.65
1.42
1.30
1.50
1.5
1.5
2.35
2.55
1.52
1.45
 	 5:0(2:0)  
913	04/03
19:00	Besiktas
Trabzonspor	
-0.25
+0.25
1.85
1.85
 
 	
2.5
1.90
1.80
2.20
3.15
3.00
1.34
1.31
1.60
1.5
1.0
2.27
1.80
1.56
1.90
 	 1:2(0:0)  
914	05/03
20:00	Sivasspor 
Galatasaray	
+0.25
-0.25
1.90
1.80
 
 	
2.5
1.95
1.75
3.20
3.20
2.10
1.65
1.30
1.30
 
 	 0:4(0:1)  
325	10/03
16:00	Istanbul BB
Kayserispor	
-0.25
+0.25
1.65
2.10
 
 	
2.5
1.85
1.85
1.95
3.30
3.45
1.26
1.28
1.75
1.5
1.0
2.10
2.05
1.65
1.68
 	 1:0(0:0)  
326	10/03
19:00	Galatasaray
Genclerbirligi	
-1.25
+1.25
1.80
1.90
 
 	
3.0
1.90
1.80
1.35
4.35
7.40
1.05
1.17
2.95
2.0
1.0
1.83
3.10
1.87
1.32
 	 2:0(0:0)  
328	11/03
13:00	Kardemir Karabukspor
Antalyaspor	
-0.25
+0.25
1.80
1.90
 
 	
2.5
1.80
1.90
2.10
3.40
3.00
1.34
1.27
1.65
 
 	 2:1(2:1)  
329	11/03
13:00	Vestel Manisaspor
Mersin Idmanyurdu	
0
0
1.75
1.95
  	
2.25
1.85
 	
1.85
 	
2.45
3.10
2.70
1.40
1.32
1.49
 
 	 2:0(0:0)  
330	11/03
16:00	Orduspor
Besiktas	
+0.25
-0.25
1.70
2.00
 
 	
2.25
1.85
 	
1.85
 	
2.75
3.10
2.40
1.50
1.32
1.40
 
 	 1:1(1:0)  
331	11/03
19:00	Eskisehirspor
Bursaspor	
-0.25
+0.25
1.95
1.75
 
 	
2.5
1.95
1.75
2.35
3.20
2.75
1.40
1.30
1.53
 
 	 1:1(0:0)  
332	12/03
20:00	Trabzonspor
Sivasspor	
-0.75
+0.75
1.95
1.75
 
 	
2.75
1.70
 	
2.00
 	
1.75
3.80
3.70
1.23
1.22
1.95
 
 	 2:1(0:1)  
1043	16/03
20:00	Genclerbirligi
Trabzonspor	
+0.25
-0.25
1.75
1.95
 
 	
2.75
1.75
 	
1.95
 	
2.75
3.40
2.25
1.57
1.27
1.39
1.5
1.5
2.30
2.10
1.55
1.65
 	 1:1(0:1) 
318	17/03
15:00	Antalyaspor
Eskisehirspor	
-0.25
+0.25
1.90
1.80
 
 	
2.5
1.95
1.75
2.25
3.20
2.85
1.37
1.30
1.57
1.5
1.0
2.30
1.75
1.55
1.95
 	 0:0(0:0)  
319	17/03
15:00	Sivasspor 
Orduspor	
-0.75
+0.75
2.10
1.65
 
 	
2.25
1.75
 	
1.95
 	
1.85
3.25
3.90
1.21
1.29
1.85
1.5
1.0
2.03
2.25
1.70
1.57
 	 1:1(1:1)  
320	17/03
17:30	Bursaspor
Ankaragucu	
–2.5
+2.5
1.80
1.90
  	
3.5
1.90
1.80
1.07
10.00
15.00
 	
1.02
7.00
 
 	 2:1(1:1)  
321	17/03
20:00	Fenerbahce
Galatasaray	
-0.25
+0.25
1.85
1.85
 
 	
2.75
1.95
 	
1.75
 	
2.15
3.40
2.90
1.36
1.27
1.62
1.5
1.5
2.00
2.45
1.70
1.48
 	 2:2(2:1)  
322	18/03
15:00	Mersin Idmanyurdu
Istanbul BB	
0
0
1.70
2.00
  	
2.5
1.95
1.75
2.40
3.10
2.75
1.40
1.32
1.50
 
 	 2:0(1:0)  
323	18/03
19:00	Kayserispor
Samsunspor	
-0.25
+0.25
1.80
1.90
 
 	
2.25
1.85
 	
1.85
 	
2.10
3.05
3.35
1.28
1.33
1.65
 
 	 2:0(0:0)  
324	18/03
19:00	Gaziantepspor
Kardemir Karabukspor	
-0.25
+0.25
1.62
2.15
 
 	
2.75
2.00
 	
1.70
 	
1.85
3.30
3.90
1.21
1.28
1.85
 
 	 3:0(1:0)  
325	19/03
20:00	Besiktas
Vestel Manisaspor	
-1.25
+1.25
1.95
1.75
 
 	
2.75
1.90
 	
1.80
 	
1.40
4.30
6.40
1.08
1.18
2.70
 
 	 4:1(1:0)  
358	24/03
19:00	Fenerbahce
Bursaspor	
-0.75
+0.75
1.80
1.90
 
 	
2.75
1.90
 	
1.80
 	
1.60
3.70
4.90
1.14
1.23
2.20
1.5
1.0
1.72
2.45
2.00
1.48
 	 1:0(1:0)  
359	25/03
15:30	Ankaragucu
Antalyaspor	
+1.5
–1.5
1.80
1.90
  	
3.0
1.90
1.80
8.30
4.75
1.30
3.20
1.15
1.04
 
 	 0:3(0:2)  
360	25/03
15:30	Eskisehirspor
Gaziantepspor	
-0.25
+0.25
1.75
1.95
 
 	
2.25
1.90
 	
1.80
 	
2.05
3.20
3.30
1.28
1.30
1.68
 
 	 0:2(0:0)  
361	25/03
15:30	Orduspor
Genclerbirligi	
-0.25
+0.25
1.70
2.00
 
 	
2.25
1.85
 	
1.85
 	
2.00
3.20
3.40
1.27
1.30
1.70
 
 	 0:0(0:0)  
362	25/03
15:30	Samsunspor
Mersin Idmanyurdu	
-0.25
+0.25
1.90
1.80
 
 	
2.25
1.85
 	
1.85
 	
2.25
3.20
2.90
1.36
1.30
1.57
 
 	 2:0(1:0)  
363	25/03
15:30	Vestel Manisaspor
Sivasspor	
0
0
1.90
1.80
  	
2.5
1.85
1.85
2.60
3.15
2.50
1.47
1.31
1.44
 
 	 1:3(1:1)  
364	25/03
15:30	Kardemir Karabukspor
Kayserispor	
-0.25
+0.25
1.57
2.25
 
 	
2.5
1.95
1.75
1.80
3.40
4.00
1.20
1.27
1.90
 
 	 1:0(1:0)  
365	25/03
19:00	Galatasaray
Trabzonspor	
-0.75
+0.75
1.90
1.80
 
 	
2.75
1.80
 	
1.90
 	
1.70
3.60
4.30
1.18
1.24
2.00
 
 	 1:1(0:1)  
366	26/03
20:00	Istanbul BB
Besiktas	
+0.25
-0.25
1.75
1.95
 
 	
2.5
1.95
1.75
2.80
3.20
2.30
1.55
1.30
1.38
 
 	 2:2(1:1)  
305	30/03
20:00	Mersin Idmanyurdu
Kardemir Karabukspor	
-0.25
+0.25
1.62
2.15
 
 	
2.5
1.90
1.80
1.90
3.30
3.60
1.24
1.28
1.80
1.5
1.0
2.05
2.10
1.68
1.65
 	 0:2(0:1)  
306	30/03
20:00	Gaziantepspor
Ankaragucu	
–2.5
+2.5
1.90
1.80
  	
3.5
1.95
1.75
1.12
8.50
11.00
1.01
1.04
5.30
 
 	 1:0(1:0)  
307	31/03
15:30	Sivasspor 
Istanbul BB	
-0.25
+0.25
1.65
2.10
 
 	
2.5
1.70
2.00
1.90
3.40
3.55
1.25
1.27
1.80
 
 	 0:1(0:0)  
308	31/03
15:30	Kayserispor
Eskisehirspor	
0
0
2.00
1.70
  	
2.25
1.85
 	
1.85
 	
2.70
3.20
2.40
1.50
1.30
1.40
 
 	 2:2(1:2)  
309	31/03
19:00	Galatasaray
Orduspor	
–1.5
+1.5
1.80
1.90
  	
2.75
1.90
 	
1.80
 	
1.25
5.30
9.00
1.03
1.12
3.55
 
 	 2:0(1:0)  
311	01/04
19:00	Trabzonspor
Fenerbahce	
-0.25
+0.25
1.90
1.80
 
 	
2.75
1.90
 	
1.80
 	
2.25
3.30
2.80
1.38
1.28
1.57
 
 	 1:1(0:1) 
295	07/04
15:30	Ankaragucu
Kayserispor	
+1.5
–1.5
1.85
1.85
  	
2.75
1.75
 	
1.95
 	
7.00
4.50
1.35
2.95
1.16
1.07
 
 	 0:5(0:3)  
296	07/04
19:00	Samsunspor
Sivasspor	
-0.25
+0.25
1.98
1.74
 
 	
2.25
1.75
 	
1.95
 	
2.35
3.15
2.75
1.39
1.31
1.52
1.5
1.0
2.40
1.75
1.50
1.95
 	 1:2(1:1)  
297	07/04
19:00	Bursaspor
Gaziantepspor	
-0.25
+0.25
1.65
2.10
 
 	
2.25
1.85
 	
1.85
 	
2.00
3.15
3.50
1.25
1.31
1.70
1.5
1.0
2.25
2.25
1.57
1.57
 	 0:2(0:0)  
298	07/04
19:00	Istanbul BB
Genclerbirligi	
-0.25
+0.25
1.62
2.15
 
 	
2.5
1.95
1.75
1.90
3.30
3.60
1.24
1.28
1.80
1.5
1.0
2.05
2.10
1.68
1.65
 	 1:0(0:0)  
299	07/04
19:00	Fenerbahce
Antalyaspor	
–1.5
+1.5
1.90
1.80
  	
2.5
1.85
1.85
1.33
4.25
8.60
1.04
1.18
3.05
2.0
1.0
2.10
4.70
1.65
1.15
 	 2:0(0:0)  
300	07/04
19:00	Eskisehirspor
Mersin Idmanyurdu	
–1.5
+1.5
1.80
1.90
  	
2.5
1.95
1.75
1.28
5.25
8.00
1.05
1.13
3.30
 
 	 2:0(2:0)  
301	08/04
15:30	Orduspor
Trabzonspor	
+1.25
-1.25
1.70
2.00
 
 	
2.5
1.85
1.85
6.80
4.00
1.42
2.65
1.20
1.07
1.0
1.5
3.20
1.62
1.30
2.15
 	 0:0(0:0)  
200	06/11
13:00	 Istanbul Basaksehir
Bursaspor	
0
0
1.85
1.85
  	
2.25
1.75
 	
1.95
 	
2.50
3.15
2.60
1.44
1.31
1.47
1.5
1.5
2.50
2.50
1.47
1.47
 	 0:0(0:0) 
151	20/11
13:00	 Antalyaspor
Istanbul Basaksehir	
0
0
1.85
1.85
  	
2.25
1.75
 	
1.95
 	
2.55
3.20
2.55
1.45
1.29
1.45
1.5
1.5
2.55
2.55
1.45
1.45
 	 2:1(2:1) 
166	27/11
13:00	 Eskisehirspor
MKE Ankaragucu	
-0.75
+0.75
1.90
1.80
 
 	
2.5
1.85
1.85
1.65
3.55
4.60
1.16
1.25
2.10
1.5
1.0
1.78
2.40
1.92
1.50
 	 3:2(2:0
169	28/11
20:00	 Kardemir DC Karabukspor
Bursaspor	
+0.25
-0.25
1.95
1.75
 
 	
2.5
2.00
1.70
3.30
3.25
2.05
1.68
1.30
1.28
 
 	 3:1(1:0)  
56	12/12
18:00	 Sivasspor
Manisaspor	
-0.25
+0.25
1.85
1.85
 
 	
2.25
1.85
 	
1.85
 	
2.15
3.10
3.20
1.30
1.32
1.62
 	 2:2(1:1)  
1122	09/03
20:00	 MKE Ankaragucu
Fenerbahce	
+2.5
–2.5
1.95
1.75
3.75
1.70
 	
2.00
 	
12.00
9.00
1.10
5.80
1.03
1.01
 	 0:2(0:1)
180	11/03
13:00	 Samsunspor
Gaziantepspor	
-0.25
+0.25
1.95
1.75
 
 	
2.25
1.80
 	
1.90
 	
2.30
3.20
2.80
1.38
1.30
1.55
 	 0:0(0:0) 
177	01/04
15:00	 Antalyaspor
Bursaspor	
0
0
2.00
1.70
  	
2.25
1.85
 	
1.85
 	
2.75
3.05
2.45
1.49
1.33
1.40
 	 1:3(0:2)
302	08/04
19:00	 Manisaspor
Galatasaray SK	
1.25
-1.25
1.70
2.00
  	
2.75
1.70
 	
2.00
 	
12.00
8.00
1.12
5.30
1.05
1.01
 
 	 0:4(0:0)  