7460	04/04
16:30	 Eintracht Frankfurt
Hannover 96	
–1.0
+1.0
2.65
1.48
  	
3.0
2.10
1.75
1.90
3.70
3.90
1.27
1.28
1.95
1.5
1.0
1.77
1.77
2.05
2.05
 	 2:2(1:0)  
7461	04/04
16:30	 Bayer Leverkusen
Hamburg	
–1.5
+1.5
2.10
1.75
  	
3.0
2.10
1.70
1.38
5.00
8.00
1.08
1.18
3.08
2.0
1.0
1.80
3.20
1.95
1.33
 	 4:0(2:0)  
7462	04/04
16:30	 Werder Bremen
Mainz 05	
0
0
1.92
1.88
  	
3.0
2.05
1.75
2.65
3.55
2.55
1.52
1.30
1.48
1.5
1.5
2.10
2.05
1.70
1.75
 	 0:0(0:0)  
7468	04/04
16:30	 Wolfsburg
VfB Stuttgart	
–1.0
+1.0
1.67
2.15
  	
3.0
1.90
1.90
1.44
4.60
7.00
1.10
1.19
2.80
1.5
1.5
1.47
3.70
2.60
1.25
 	 3:1(1:1)  
7469	04/04
16:30	 Freiburg
Cologne	
0
0
1.83
1.97
  	
2.0
1.77
2.05
2.60
3.15
2.85
1.42
1.36
1.50
1.5
1.5
2.75
3.00
1.42
1.37
 	 1:0(1:0)  
7470	04/04
16:30	 Hoffenheim
Borussia Monchengladbach	
0
0
2.25
1.65
  	
2.5
1.75
2.05
3.05
3.40
2.35
1.61
1.33
1.39
1.5
1.5
2.50
2.05
1.50
1.75
 	 1:4(1:3)  
7471	04/04
19:30	 Borussia Dortmund
Bayern Munich	
0
0
2.25
1.65
  	
2.5
2.00
1.80
3.20
3.40
2.30
1.65
1.34
1.37
1.0
1.5
1.90
2.15
1.85
1.65
 	 0:1(0:1)  
7472	05/04
16:30	 FC Augsburg
Schalke 04	
0
0
1.75
2.05
  	
2.5
1.90
1.90
2.45
3.40
2.85
1.42
1.30
1.51
1.5
1.5
2.25
2.50
1.65
1.50
 	 0:0(0:0)  
7473	05/04
18:30	 Hertha
Paderborn 07	
–1.0
+1.0
2.80
1.40
  	
2.5
2.15
1.70
1.95
3.40
4.10
1.24
1.32
1.85
1.5
1.0
2.15
2.30
1.70
1.60
 	 2:0(0:0)  
7475	10/04
21:30	 Hannover 96
Hertha	
0
0
1.55
2.40
  	
2.5
2.15
1.70
2.20
3.30
3.40
1.32
1.35
1.67
1.5
1.0
2.30
2.05
1.57
1.75
 	 1:1(0:0)  
7476	11/04
16:30	 Bayern Munich
Eintracht Frankfurt	
–2.5
+2.5
2.10
1.75
  	
3.5
1.75
2.05
1.12
9.00
20.00
1.01
1.06
6.21
3.0
1.0
1.80
3.60
1.95
1.27
 	 3:0(1:0)  
7477	11/04
16:30	 Borussia Monchengladbach
Borussia Dortmund	
0
0
2.05
1.75
  	
2.5
1.90
1.90
2.85
3.40
2.45
1.51
1.30
1.42
1.5
1.5
2.50
2.25
1.50
1.65
 	 3:1(2:0)  
7478	11/04
16:30	 Mainz 05
Bayer Leverkusen	
0
0
2.45
1.55
  	
2.5
1.85
1.95
3.40
3.55
2.10
1.75
1.30
1.32
1.0
1.5
1.80
2.05
2.00
1.77
 	 2:3(0:1)  
7479	11/04
16:30	 Paderborn 07
FC Augsburg	
0
0
2.40
1.53
  	
2.5
2.00
1.80
3.40
3.40
2.15
1.70
1.32
1.32
1.0
1.5
1.90
2.15
1.85
1.65
 	 2:1(0:0)  
7480	11/04
16:30	 Schalke 04
Freiburg	
–1.0
+1.0
2.15
1.70
  	
2.5
1.80
2.00
1.65
4.00
5.00
1.17
1.24
2.20
1.5
1.0
1.70
2.30
2.10
1.60
 	 0:0(0:0)  
7481	11/04
19:30	 Hamburg
Wolfsburg	
+1.0
–1.0
1.42
2.75
  	
2.5
1.75
2.05
3.80
3.60
1.95
1.90
1.30
1.28
1.0
1.5
1.80
1.85
1.95
1.90
 	 0:2(0:1)  
7474	12/04
16:30	 Cologne
Hoffenheim	
0
0
1.73
2.10
  	
2.5
2.05
1.75
2.35
3.35
3.00
1.38
1.32
1.58
1.5
1.5
2.30
2.85
1.60
1.40
 	 3:2(1:0)  
7463	12/04
18:30	 VfB Stuttgart
Werder Bremen	
0
0
1.57
2.30
  	
2.5
1.72
2.10
2.20
3.50
3.20
1.35
1.30
1.67
1.5
1.0
1.95
1.62
1.80
2.25
 	 3:2(1:0)  
9215	17/04
21:30	 Eintracht Frankfurt
Borussia Monchengladbach	
+1.0
–1.0
1.52
2.55
  	
3.0
2.05
1.77
4.00
3.85
1.85
1.95
1.27
1.25
1.0
1.5
1.77
1.75
2.05
2.10
 	 0:0(0:0)  
9208	18/04
16:30	 Bayer Leverkusen
Hannover 96	
–1.5
+1.5
1.97
1.83
  	
3.0
2.05
1.77
1.33
5.20
9.50
1.06
1.17
3.40
2.0
1.0
1.75
3.20
2.10
1.35
 	 4:0(2:0)  
9209	18/04
16:30	 Borussia Dortmund
Paderborn 07	
–1.5
+1.5
1.70
2.10
  	
3.0
1.80
2.00
1.24
6.00
13.00
1.03
1.13
4.10
2.5
1.5
2.00
5.00
1.76
1.15
 	 3:0(0:0)  
9212	18/04
16:30	 Hertha
Cologne	
0
0
1.75
2.10
  	
2.0
1.92
1.88
2.60
2.90
3.10
1.37
1.41
1.50
1.5
1.5
3.00
3.20
1.37
1.32
 	 0:0(0:0)  
9213	18/04
16:30	 Freiburg
Mainz 05	
0
0
1.95
1.85
  	
2.5
2.05
1.75
2.75
3.30
2.60
1.50
1.35
1.45
1.0
1.0
1.70
1.65
2.10
2.15
 	 2:3(0:2)  
9214	18/04
16:30	 Hoffenheim
Bayern Munich	
+1.0
–1.0
1.75
2.05
  	
3.0
2.00
1.80
5.00
4.10
1.65
2.25
1.24
1.18
1.5
1.5
3.10
1.60
1.35
2.25
 	 0:2(0:1)  
9207	18/04
19:30	 FC Augsburg
VfB Stuttgart	
0
0
1.62
2.30
  	
2.5
1.95
1.85
2.25
3.40
3.20
1.35
1.32
1.65
1.5
1.5
2.20
2.70
1.67
1.43
 	 2:1(1:1)  
9210	19/04
16:30	 Werder Bremen
Hamburg	
–1.0
+1.0
2.60
1.47
  	
2.5
1.78
2.05
1.95
3.60
3.80
1.26
1.29
1.85
1.5
1.5
1.90
2.85
1.90
1.40
 	 1:0(0:0)  
9211	19/04
18:30	 Wolfsburg
Schalke 04	
–1.0
+1.0
2.30
1.62
  	
3.0
1.95
1.80
1.75
3.85
4.50
1.20
1.26
2.10
2.0
1.0
2.05
1.85
1.72
1.90
 	 1:1(0:0)  
9200	24/04
21:30	 Mainz 05
Schalke 04	
0
0
1.60
2.30
  	
2.5
2.00
1.80
2.25
3.40
3.20
1.35
1.32
1.65
1.5
1.5
2.20
2.75
1.65
1.42
 	 2:0(2:0)  
9201	25/04
16:30	 Borussia Dortmund
Eintracht Frankfurt	
–1.5
+1.5
2.00
1.80
  	
3.0
1.85
1.95
1.35
5.20
8.50
1.07
1.15
3.35
1.5
1.5
1.38
4.00
2.90
1.22
 	 2:0(2:0)  
9202	25/04
16:30	 Hamburg
FC Augsburg	
0
0
1.95
1.85
  	
2.5
1.97
1.84
2.70
3.35
2.60
1.50
1.32
1.47
1.0
1.0
1.62
1.60
2.20
2.25
 	 3:2(2:1)  
9203	25/04
16:30	 Hannover 96
Hoffenheim	
0
0
1.80
2.00
  	
3.0
2.05
1.72
2.50
3.45
2.75
1.50
1.30
1.53
1.5
1.5
2.10
2.15
1.70
1.67
 	 1:2(1:1)  
9204	25/04
16:30	 Cologne
Bayer Leverkusen	
+1.0
–1.0
1.50
2.60
  	
2.5
1.95
1.85
4.30
3.60
1.85
2.00
1.30
1.22
1.0
1.5
2.20
1.95
1.67
1.85
 	 1:1(0:0)  
9205	25/04
16:30	 VfB Stuttgart
Freiburg	
–1.0
+1.0
2.65
1.45
  	
2.5
1.80
2.00
1.90
3.60
4.00
1.25
1.30
1.90
1.5
1.0
1.85
1.90
1.90
1.85
 	 2:2(2:0)  
9216	25/04
19:30	 Bayern Munich
Hertha	
–2.5
+2.5
2.05
1.75
  	
3.0
1.88
1.92
1.15
8.50
15.00
1.01
1.07
5.43
1.5
1.5
1.28
8.00
3.50
1.06
 	 1:0(0:0)  
9199	26/04
16:30	 Paderborn 07
Werder Bremen	
0
0
1.95
1.85
  	
2.5
1.77
2.05
2.70
3.45
2.55
1.52
1.32
1.47
1.5
1.5
2.25
2.15
1.60
1.65
 	 2:2(2:1)  
9217	26/04
18:30	 Borussia Monchengladbach
Wolfsburg	
0
0
1.85
1.95
  	
2.5
1.80
2.00
2.60
3.35
2.70
1.47
1.32
1.50
1.5
1.5
2.25
2.30
1.65
1.60
 	 1:0(0:0)  
1872	02/05
16:30	 FC Augsburg
Cologne	
0
0
1.45
2.65
  	
2.5
2.05
1.75
2.05
3.40
3.70
1.28
1.32
1.77
1.5
1.0
2.15
2.05
1.70
1.72
 	 0:0(0:0)  
1882	02/05
16:30	 Werder Bremen
Eintracht Frankfurt	
0
0
1.50
2.45
  	
3.0
1.75
2.00
2.10
3.50
3.40
1.33
1.32
1.75
1.5
1.5
1.70
2.25
2.10
1.60
 	 1:0(0:0)  
1883	02/05
16:30	 Wolfsburg
Hannover 96	
–1.5
+1.5
2.05
1.70
  	
3.0
1.80
1.95
1.45
4.80
6.50
1.11
1.19
2.76
2.0
1.0
1.70
2.35
2.05
1.55
 	 2:2(2:0)  
1884	02/05
16:30	 Freiburg
Paderborn 07	
–1.0
+1.0
2.50
1.50
  	
2.5
1.80
2.00
1.87
3.60
4.20
1.23
1.29
1.94
1.5
1.0
1.85
1.90
1.90
1.85
 	 1:2(1:0)  
1885	02/05
16:30	 Hoffenheim
Borussia Dortmund	
+1.0
–1.0
1.57
2.30
  	
3.0
1.90
1.85
4.00
3.80
1.85
1.95
1.26
1.24
1.0
1.5
1.75
1.65
2.00
2.15
 	 1:1(1:1)  
1886	02/05
16:30	 Schalke 04
VfB Stuttgart	
0
0
1.42
2.75
  	
2.5
1.85
1.95
2.00
3.50
3.80
1.29
1.30
1.85
1.5
1.0
2.00
2.05
1.80
1.77
 	 3:2(1:1)  
1887	02/05
19:30	 Bayer Leverkusen
Bayern Munich	
0
0
1.60
2.30
  	
2.5
2.10
1.75
2.25
3.40
3.20
1.35
1.32
1.65
1.5
1.5
2.20
2.75
1.65
1.42
 	 2:0(0:0)  
1888	03/05
16:30	 Mainz 05
Hamburg	
–1.0
+1.0
2.30
1.60
  	
2.5
1.75
2.10
1.75
3.85
4.50
1.20
1.26
2.10
1.5
1.5
1.75
3.20
2.05
1.33
 	 1:2(0:1)  
1889	03/05
18:30	 Hertha
Borussia Monchengladbach	
+1.0
–1.0
1.45
2.65
  	
2.0
1.75
2.10
4.30
3.40
1.90
1.90
1.32
1.22
1.0
1.5
2.65
2.10
1.45
1.70
 	 1:2(1:1)  
1875	08/05
21:30	 Hamburg
Freiburg	
0
0
1.50
2.50
  	
2.5
1.85
1.95
2.05
3.50
3.60
1.30
1.32
1.77
1.5
1.0
2.00
1.85
1.80
1.95
 	 1:1(0:1)  
1890	09/05
16:30	 Eintracht Frankfurt
Hoffenheim	
0
0
1.75
2.10
  	
3.0
1.80
2.00
2.35
3.70
2.80
1.45
1.28
1.60
1.5
1.5
1.83
2.00
1.97
1.80
 	 3:1(3:0)  
1891	09/05
16:30	 Bayern Munich
FC Augsburg	
–1.5
+1.5
2.15
1.65
  	
3.0
2.10
1.70
1.45
4.70
6.50
1.12
1.20
2.85
2.0
1.0
1.90
2.85
1.85
1.38
 	 0:1(0:0)  
1892	09/05
16:30	 Borussia Dortmund
Hertha	
–1.5
+1.5
1.85
1.95
  	
3.0
2.10
1.75
1.30
5.50
10.00
1.05
1.15
3.60
2.0
1.0
1.70
4.00
2.15
1.25
 	 2:0(1:0)  
1894	09/05
16:30	 Hannover 96
Werder Bremen	
0
0
1.47
2.60
  	
3.0
2.00
1.80
1.95
3.70
3.70
1.28
1.28
1.85
1.5
1.5
1.80
2.50
2.00
1.50
 	 1:1(1:0)  
6238	09/05
19:30	 VfB Stuttgart
Mainz 05	
–1.0
+1.0
2.50
1.50
  	
3.0
2.10
1.73
1.90
3.80
3.80
1.27
1.27
1.90
1.5
1.5
1.80
2.60
1.95
1.47
 	 2:0(0:0)  
6221	09/05
16:30	 Borussia Monchengladbach
Bayer Leverkusen	
0
0
1.95
1.85
  	
2.5
1.95
1.85
2.70
3.35
2.60
1.50
1.32
1.47
1.0
1.0
1.65
1.60
2.25
2.50
 	 3:0(0:0)  
7824	12/09
21:30	 Bayer Leverkusen
Werder Bremen	
–1.5
+1.5
1.95
1.85
  	
3.0
1.70
2.10
1.33
5.50
9.00
1.07
1.16
3.41
2.5
1.0
1.95
2.50
1.80
1.50
 	 3:3(1:1)  
7825	13/09
16:30	 Bayern Munich
VfB Stuttgart	
–2.0
+2.0
1.72
2.05
  	
3.5
1.80
1.95
1.16
8.00
15.00
1.01
1.08
5.21
3.0
1.0
2.00
3.20
1.75
1.33
 	 2:0(1:0)  
7826	13/09
16:30	 Borussia Dortmund
Freiburg	
–1.5
+1.5
1.70
2.15
  	
3.5
1.95
1.85
1.25
6.50
10.00
1.05
1.11
3.94
2.5
1.0
1.72
2.90
2.05
1.40
 	 3:1(2:0)  
7827	13/09
16:30	 Hoffenheim
Wolfsburg	
0
0
1.77
2.05
  	
3.0
1.80
2.00
2.40
3.60
2.80
1.44
1.29
1.57
1.5
1.5
1.80
2.05
2.00
1.77
 	 1:1(0:0)  
7828	13/09
16:30	 Hertha
Mainz 05	
0
0
1.60
2.25
  	
2.5
2.00
1.80
2.25
3.40
3.20
1.35
1.32
1.65
1.5
1.0
2.20
1.85
1.62
1.90
 	 1:3(0:1)  
7829	13/09
16:30	 Paderborn 07
Cologne	
0
0
2.15
1.70
  	
2.5
2.00
1.80
3.00
3.30
2.40
1.57
1.33
1.40
1.0
1.5
1.75
2.30
2.05
1.57
 	 0:0(0:0)  
7830	13/09
19:30	 Borussia Monchengladbach
Schalke 04	
0
0
1.77
2.05
  	
2.5
1.80
2.00
2.45
3.40
2.85
1.42
1.32
1.55
1.5
1.5
2.20
2.40
1.67
1.55
 	 4:1(1:0)  
7831	14/09
16:30	 Eintracht Frankfurt
FC Augsburg	
0
0
1.65
2.20
  	
2.5
1.75
2.00
2.25
3.50
3.10
1.37
1.30
1.65
1.5
1.0
2.05
1.62
1.72
2.20
 	 0:1(0:0)  
7832	14/09
18:30	 Hannover 96
Hamburg	
0
0
1.52
2.55
  	
2.5
1.73
2.10
2.05
3.70
3.40
1.32
1.28
1.77
1.5
1.0
1.90
1.67
1.90
2.20
 	 2:0(2:0)  
7881	19/09
21:30	 Freiburg
Hertha	
0
0
1.85
1.95
  	
2.5
2.05
1.77
2.60
3.35
2.70
1.46
1.32
1.50
1.0
1.0
1.67
1.70
2.20
2.15
 	 2:2(1:1)  
7882	20/09
16:30	 Schalke 04
Eintracht Frankfurt	
–1.0
+1.0
2.10
1.70
  	
3.0
1.95
1.80
1.65
4.00
5.00
1.17
1.25
2.25
2.0
1.0
2.10
1.95
1.70
1.85
 	 2:2(1:2)  
7883	20/09
16:30	 FC Augsburg
Werder Bremen	
–1.0
+1.0
2.60
1.46
  	
2.5
1.72
2.05
1.90
3.60
4.00
1.25
1.30
1.90
1.5
1.0
1.80
1.85
1.95
1.90
 	 4:2(2:1)  
7884	20/09
16:30	 VfB Stuttgart
Hoffenheim	
0
0
1.92
1.88
  	
3.0
1.97
1.73
2.65
3.55
2.55
1.52
1.30
1.48
1.5
1.5
2.10
2.05
1.70
1.75
 	 0:2(0:1)  
7885	20/09
16:30	 Hamburg
Bayern Munich	
+1.5
–1.5
2.00
1.80
  	
3.0
1.75
2.10
10.50
5.70
1.28
3.70
1.14
1.05
1.0
2.5
2.80
2.00
1.40
1.75
 	 0:0(0:0)  
7886	20/09
16:30	 Paderborn 07
Hannover 96	
0
0
1.90
1.84
  	
2.5
1.69
2.09
2.65
3.45
2.60
1.46
1.30
1.44
1.5
1.5
2.21
2.18
1.62
1.64
 	 2:0(0:0)  
7887	20/09
19:30	 Mainz 05
Borussia Dortmund	
+1.0
–1.0
1.77
2.05
  	
3.0
2.00
1.75
5.00
4.30
1.62
2.35
1.22
1.18
1.0
2.0
2.05
2.10
1.72
1.70
 	 2:0(0:0)  
7888	21/09
16:30	 Wolfsburg
Bayer Leverkusen	
0
0
2.05
1.80
  	
3.0
1.85
1.95
2.75
3.55
2.45
1.55
1.30
1.45
1.5
1.5
2.05
1.93
1.77
1.87
 	 4:1(2:1)  
7889	21/09
18:30	 Cologne
Borussia Monchengladbach	
0
0
2.00
1.80
  	
2.5
2.05
1.77
2.80
3.35
2.50
1.53
1.32
1.44
1.0
1.0
1.77
1.65
2.05
2.25
 	 0:0(0:0)  
1123	23/09
21:00	 Bayern Munich
Paderborn 07	
–2.5
+2.5
2.00
1.80
  	
3.5
2.00
1.80
1.13
8.50
21.00
 	
1.07
6.05
3.0
1.0
1.95
5.00
1.85
1.16
 	 4:0(2:0)  
1124	23/09
21:00	 Eintracht Frankfurt
Mainz 05	
0
0
1.65
2.25
  	
2.5
1.90
1.90
2.30
3.40
3.10
1.37
1.32
1.62
1.5
1.0
2.20
1.75
1.67
2.10
 	 2:2(1:2)  
1125	23/09
21:00	 Hoffenheim
Freiburg	
–1.0
+1.0
2.15
1.70
  	
3.0
2.05
1.75
1.67
4.00
4.80
1.18
1.25
2.20
1.5
1.0
1.62
2.00
2.20
1.75
 	 3:3(1:2)  
1126	23/09
21:00	 Werder Bremen
Schalke 04	
0
0
2.05
1.77
  	
3.0
2.00
1.80
2.80
3.50
2.45
1.58
1.30
1.43
1.5
1.5
2.19
2.00
1.63
1.76
 	 0:3(0:0)  
1127	24/09
21:00	 Bayer Leverkusen
FC Augsburg	
–1.0
+1.0
1.90
1.90
  	
3.0
1.85
1.90
1.55
4.30
5.80
1.14
1.22
2.50
2.0
1.0
1.90
2.00
1.85
1.75
 	 1:0(1:0)  
1128	24/09
21:00	 Borussia Monchengladbach
Hamburg	
–1.0
+1.0
2.15
1.70
  	
3.0
2.05
1.75
1.68
4.00
4.80
1.18
1.24
2.20
1.5
1.0
1.62
2.00
2.20
1.75
 	 1:0(1:0)  
1129	24/09
21:00	 Borussia Dortmund
VfB Stuttgart	
–1.5
+1.5
1.95
1.85
  	
3.0
1.75
2.10
1.35
5.20
8.50
1.07
1.17
3.23
2.5
1.0
2.10
2.50
1.70
1.50
 	 2:2(0:0)  
1130	24/09
21:00	 Hannover 96
Cologne	
0
0
1.72
2.05
  	
2.5
2.05
1.75
2.45
3.20
2.90
1.40
1.33
1.53
1.0
1.0
1.60
1.75
2.25
2.00
 	 1:0(1:0)  
1131	24/09
21:00	 Hertha
Wolfsburg	
0
0
2.10
1.70
  	
2.5
1.80
1.95
3.00
3.50
2.30
1.62
1.30
1.39
1.0
1.5
1.62
2.10
2.20
1.70
 	 1:0(1:0)  
1523	26/09
21:30	 Mainz 05
Hoffenheim	
0
0
1.77
2.05
  	
3.0
2.00
1.80
2.40
3.55
2.80
1.43
1.29
1.57
1.5
1.5
1.95
2.10
1.85
1.75
 	 0:0(0:0)  
1524	27/09
16:30	 Schalke 04
Borussia Dortmund	
0
0
2.60
1.50
  	
3.0
2.00
1.80
3.60
3.65
2.00
1.81
1.29
1.29
1.0
1.5
1.62
1.80
2.30
2.00
 	 2:1(2:1)  
1525	27/09
16:30	 Freiburg
Bayer Leverkusen	
+1.0
–1.0
1.62
2.25
  	
2.5
1.70
2.10
4.80
3.80
1.72
2.15
1.27
1.18
1.0
1.5
2.00
1.70
1.75
2.10
 	 0:0(0:0)  
1526	27/09
16:30	 VfB Stuttgart
Hannover 96	
0
0
1.67
2.20
  	
2.5
1.75
2.10
2.30
3.50
3.00
1.39
1.30
1.62
1.5
1.0
2.05
1.60
1.77
2.35
 	 1:0(0:0)  
1527	27/09
16:30	 Cologne
Bayern Munich	
+1.5
–1.5
1.75
2.05
  	
3.0
2.05
1.72
9.00
5.00
1.35
3.22
1.17
1.06
1.0
2.0
3.00
1.75
1.36
2.00
 	 0:2(0:1)  
1528	27/09
16:30	 Paderborn 07
Borussia Monchengladbach	
0
0
2.40
1.57
  	
2.5
1.85
1.95
3.30
3.50
2.15
1.70
1.30
1.33
1.0
1.5
1.77
2.10
2.05
1.75
 	 1:2(0:2)  
1529	27/09
19:30	 Wolfsburg
Werder Bremen	
–1.0
+1.0
1.85
1.90
  	
3.0
1.72
2.05
1.53
4.50
5.50
1.14
1.20
2.50
2.0
1.0
1.80
1.90
2.00
1.85
 	 2:1(1:1)  
1530	28/09
16:30	 FC Augsburg
Hertha	
0
0
1.42
2.75
  	
2.5
1.97
1.83
2.00
3.50
3.75
1.27
1.30
1.81
1.5
1.0
2.05
2.00
1.72
1.75
 	 1:0(1:0)  
6209	10/05
18:30	 Cologne
Schalke 04	
0
0
1.95
1.85
  	
2.5
2.10
1.75
2.80
3.25
2.60
1.50
1.35
1.44
1.0
1.0
1.70
1.67
2.15
2.20
 	 2:0(1:0)  
1874	10/05
16:30	 Paderborn 07
Wolfsburg	
+1.0
–1.0
1.75
2.10
  	
3.0
1.85
1.90
4.80
4.20
1.65
2.25
1.23
1.18
1.0
2.0
1.95
1.95
1.80
1.80
 	 1:3(0:2)  
6300	16/05
16:30	 FC Augsburg
Hannover 96	
0
0
1.52
2.55
  	
3.0
2.15
1.70
2.05
3.55
3.50
1.30
1.29
1.76
1.5
1.0
1.90
1.67
1.90
2.20
 	 1:2(1:1)  
6301	16/05
16:30	 Bayer Leverkusen
Hoffenheim	
–1.5
+1.5
2.00
1.80
  	
3.5
2.00
1.75
1.40
5.00
7.30
1.09
1.17
3.00
2.5
1.0
2.05
2.15
1.70
1.65
 	 2:0(1:0)  
6302	16/05
16:30	 Werder Bremen
Borussia Monchengladbach	
+1.0
–1.0
1.65
2.15
  	
3.0
1.80
1.95
4.00
4.00
1.75
2.10
1.25
1.25
1.0
2.0
1.75
2.05
2.05
1.70
 	 0:2(0:0)  
6303	16/05
16:30	 Wolfsburg
Borussia Dortmund	
0
0
2.00
1.75
  	
3.0
1.85
1.90
2.75
3.60
2.45
1.57
1.32
1.47
1.5
1.5
2.05
1.90
1.75
1.85
 	 2:1(1:1)  
6309	16/05
16:30	 Hertha
Eintracht Frankfurt	
–1.0
+1.0
2.60
1.46
  	
2.5
1.75
2.10
1.95
3.55
3.85
1.26
1.29
1.85
1.5
1.5
1.85
2.85
1.90
1.40
 	 0:0(0:0)  
6310	16/05
16:30	 Mainz 05
Cologne	
0
0
1.45
2.65
  	
2.5
1.80
2.00
2.00
3.50
3.75
1.27
1.30
1.81
1.5
1.0
1.90
1.80
1.85
1.95
 	 2:0(0:0)  
6311	16/05
16:30	 Freiburg
Bayern Munich	
+1.0
–1.0
2.05
1.75
  	
3.0
2.00
1.75
6.50
4.50
1.47
2.70
1.20
1.11
1.0
2.0
2.40
1.90
1.53
1.85
 	 2:1(1:1)  
6312	16/05
16:30	 Schalke 04
Paderborn 07	
–1.0
+1.0
2.00
1.80
  	
3.0
1.80
1.95
1.60
4.30
5.00
1.17
1.25
2.40
2.0
1.0
1.85
2.00
1.90
1.75
 	 1:0(0:0)  
6313	16/05
16:30	 VfB Stuttgart
Hamburg	
–1.0
+1.0
2.25
1.65
  	
2.5
1.75
2.10
1.70
4.00
4.70
1.20
1.25
2.20
1.5
1.0
1.70
2.05
2.10
1.72
 	 2:1(2:1)  
6875	23/05
16:30	 Eintracht Frankfurt
Bayer Leverkusen	
+1.0
–1.0
1.60
2.25
  	
3.5
1.95
1.80
4.00
4.00
1.80
2.07
1.24
1.22
1.5
2.0
2.30
1.85
1.57
1.90
 	 2:1(2:1)  
6876	23/05
16:30	 Bayern Munich
Mainz 05	
–2.5
+2.5
2.00
1.75
  	
4.0
1.80
1.95
1.17
8.50
13.00
1.03
1.07
5.14
3.0
1.0
1.70
2.55
2.05
1.48
 	 2:0(1:0)  
6877	23/05
16:30	 Borussia Dortmund
Werder Bremen	
–2.0
+2.0
1.95
1.80
  	
3.5
1.75
2.05
1.25
7.00
10.00
1.06
1.11
4.12
2.5
1.0
1.70
2.45
2.10
1.50
 	 3:2(3:1)  
6878	23/05
16:30	 Borussia Monchengladbach
FC Augsburg	
–1.5
+1.5
2.15
1.65
  	
3.0
1.85
1.90
1.48
4.70
6.00
1.13
1.20
2.70
2.0
1.0
1.75
2.35
2.00
1.55
 	 1:3(1:0)  
6883	23/05
16:30	 Hamburg
Schalke 04	
0
0
1.50
2.50
  	
3.0
1.90
1.85
2.05
3.80
3.30
1.35
1.28
1.75
1.5
1.5
1.80
2.20
1.90
1.62
 	 2:0(0:0)  
6884	23/05
16:30	 Hannover 96
Freiburg	
–1.0
+1.0
2.65
1.45
  	
2.5
1.75
2.10
1.95
3.50
3.85
1.25
1.29
1.83
1.5
1.5
1.85
2.85
1.90
1.40
 	 2:1(1:0)  
6885	23/05
16:30	 Cologne
Wolfsburg	
+1.0
–1.0
1.48
2.50
  	
3.0
1.90
1.85
3.60
3.80
1.95
1.85
1.28
1.30
1.0
1.5
1.62
1.70
2.20
2.05
 	 2:2(1:2)  
6886	23/05
16:30	 Paderborn 07
VfB Stuttgart	
+1.0
–1.0
1.50
2.50
  	
3.0
1.70
2.05
3.50
3.95
1.95
1.86
1.25
1.31
1.5
2.0
2.25
2.20
1.60
1.65
 	 1:2(1:1)  
6887	23/05
16:30	 Hoffenheim
Hertha	
0
0
1.48
2.50
  	
3.0
2.05
1.70
2.10
3.50
3.40
1.33
1.32
1.75
1.5
1.0
1.80
1.65
1.90
2.15
 	 2:1(1:0)  
476	03/10
21:30	 Hertha
Stuttgart	
-0.25
+0.25
1.85
1.95
 
 	
2.25
1.80
 	
2.00
 	
2.20
3.40
3.30
1.34
1.32
1.67
1.5
1.0
2.25
1.90
1.65
1.90
 	 3:2(1:1)  
477	04/10
16:30	 Bayern Munich
Hannover 96	
-2.25
+2.25
1.80
2.00
 
 	
3.5
1.88
1.92
1.13
9.00
18.00
1.01
1.06
6.00
 
 	 4:0(3:0)  
478	04/10
16:30	 Borussia Dortmund
Hamburg	
–1.5
+1.5
1.90
1.90
  	
3.5
1.95
1.85
1.34
5.50
8.50
1.08
1.16
3.34
2.5
1.0
1.90
2.25
1.85
1.62
 	 0:1(0:1)  
479	04/10
16:30	 Bayer Leverkusen
Paderborn 07	
-1.25
+1.25
1.88
1.92
 
 	
3.25
1.88
 	
1.92
 	
1.40
5.00
7.50
1.09
1.18
3.00
2.5
1.0
2.05
2.25
1.72
1.60
 	 2:2(1:1)  
480	04/10
16:30	 Hoffenheim
Schalke 04	
-0.25
+0.25
1.95
1.80
 
 	
3.0
1.87
1.87
2.30
3.50
3.00
1.38
1.28
1.60
1.5
1.5
1.84
2.08
1.90
1.70
 	 2:1(2:0)  
481	04/10
16:30	 Werder Bremen
Freiburg	
-0.25
+0.25
2.05
1.77
 
 	
2.75
1.80
 	
2.00
 	
2.35
3.50
2.95
1.41
1.31
1.60
1.5
1.5
1.95
2.30
1.85
1.62
 	 1:1(1:1)  
482	04/10
19:30	 Eintracht Frankfurt
Cologne	
-0.25
+0.25
2.05
1.75
 
 	
2.5
2.00
1.80
2.40
3.30
3.00
1.40
1.33
1.57
1.5
1.0
2.30
1.75
1.57
2.05
 	 3:2(1:1)  
483	05/10
16:30	 Wolfsburg
FC Augsburg	
–1.0
+1.0
2.35
1.60
  	
2.75
1.95
 	
1.85
 	
1.75
3.90
4.50
1.22
1.27
2.10
1.5
1.0
1.75
2.05
2.05
1.75
 	 1:0(0:0)  
484	05/10
18:30	 Borussia Monchengladbach
Mainz 05	
-0.75
+0.75
2.05
1.80
 
 	
2.75
1.92
 	
1.88
 	
1.82
3.70
4.30
1.22
1.28
2.00
1.5
1.0
1.72
2.00
2.05
1.80
 	 1:1(1:1)  
486	18/10
16:30	 Bayern Munich
Werder Bremen	
-2.75
+2.75
1.90
1.90
 
 	
3.75
1.95
 	
1.85
 	
1.09
11.00
23.00
 	
1.04
7.50
3.0
1.0
1.70
5.30
2.10
1.14
 	 6:0(4:0)  
487	18/10
16:30	 Mainz 05
FC Augsburg	
-0.25
+0.25
1.90
1.90
 
 	
2.5
1.90
1.90
2.20
3.40
3.30
1.35
1.32
1.67
1.5
1.0
2.10
1.75
1.70
2.00
 	 2:1(2:0)  
488	18/10
16:30	 Hannover 96
Borussia Monchengladbach	
+0.25
-0.25
1.75
2.05
 
 	
2.5
1.87
1.93
2.90
3.40
2.40
1.57
1.32
1.42
1.0
1.5
1.65
2.20
2.15
1.62
 	 0:3(0:1)  
489	18/10
16:30	 Freiburg
Wolfsburg	
+0.25
-0.25
1.90
1.90
 
 	
2.75
1.91
 	
1.90
 	
3.20
3.50
2.20
1.67
1.30
1.35
1.0
1.5
1.62
1.95
2.25
1.80
 	 1:2(0:1)  
490	18/10
16:30	 Stuttgart
Bayer Leverkusen	
+0.25
-0.25
2.00
1.80
 
 	
2.75
1.84
 	
1.90
 	
3.40
3.55
2.10
1.75
1.30
1.32
1.0
1.5
1.65
1.90
2.15
1.85
 	 3:3(0:3)  
491	18/10
16:30	 Cologne
Borussia Dortmund	
+0.75
-0.75
1.95
1.85
 
 	
2.75
1.98
 	
1.82
 	
5.00
4.00
1.66
2.22
1.25
1.17
1.0
1.5
2.25
1.70
1.65
2.15
 	 2:1(1:0)  
492	18/10
19:30	 Schalke 04
Hertha	
-0.75
+0.75
1.90
1.90
 
 	
2.75
1.90
 	
1.90
 	
1.72
3.80
4.80
1.18
1.27
2.15
1.5
1.0
1.70
2.00
2.10
1.75
 	 2:0(1:0)  
550	19/10
16:30	 Hamburg
Hoffenheim	
0
0
1.82
1.98
  	
2.75
1.85
 	
1.95
 	
2.55
3.45
2.70
1.47
1.31
1.51
1.5
1.5
1.95
2.00
1.85
1.80
 	 1:1(1:1)  
551	19/10
18:30	 Paderborn 07
Eintracht Frankfurt	
0
0
1.88
1.92
  	
3.0
1.95
1.85
2.55
3.60
2.65
1.49
1.30
1.53
1.5
1.5
1.95
2.10
1.85
1.75
 	 3:1(0:0)  
552	24/10
21:30	 Werder Bremen
Cologne	
0
0
1.85
1.95
  	
2.5
1.85
1.95
2.60
3.35
2.70
1.47
1.32
1.50
1.5
1.5
2.30
2.35
1.60
1.57
 	 0:1(0:0)  
553	25/10
16:30	 Borussia Dortmund
Hannover 96	
-1.75
+1.75
2.00
1.80
 
 	
3.0
1.80
1.95
1.30
5.30
11.00
1.04
1.16
3.58
2.5
1.0
2.15
2.70
1.70
1.42
 	 0:1(0:0)  
554	25/10
16:30	 FC Augsburg
Freiburg	
-0.75
+0.75
2.10
1.75
 
 	
2.5
1.85
1.95
1.85
3.70
4.20
1.23
1.28
2.00
1.5
1.0
1.90
2.05
1.90
1.77
 	 2:0(1:0)  
555	25/10
16:30	 Hoffenheim
Paderborn 07	
–1.0
+1.0
1.93
1.87
  	
2.75
1.83
 	
1.97
 	
1.55
4.30
6.00
1.14
1.23
2.50
2.0
1.0
2.05
2.25
1.75
1.62
 	 1:0(0:0)  
556	25/10
16:30	 Hertha
Hamburg	
-0.25
+0.25
1.85
1.95
 
 	
2.5
2.00
1.80
2.15
3.40
3.40
1.32
1.32
1.70
1.5
1.0
2.15
1.90
1.65
1.85
 	 3:0(0:0)  
557	25/10
16:30	 Eintracht Frankfurt
Stuttgart	
-0.25
+0.25
2.05
1.75
 
 	
2.75
1.90
 	
1.90
 	
2.40
3.50
2.85
1.42
1.30
1.57
1.5
1.5
2.05
2.25
1.72
1.60
 	 4:5(1:2)  
558	25/10
19:30	 Bayer Leverkusen
Schalke 04	
-0.75
+0.75
2.00
1.80
 
 	
3.0
1.95
1.85
1.80
3.85
4.20
1.23
1.26
2.01
1.5
1.0
1.70
1.75
2.15
2.00
 	 1:0(0:0)  
559	26/10
16:30	 Wolfsburg
Mainz 05	
-0.75
+0.75
1.85
1.95
 
 	
2.75
1.83
 	
1.97
 	
1.67
4.00
4.80
1.18
1.25
2.20
1.5
1.0
1.62
2.00
2.20
1.75
 	 3:0(1:0)  
560	26/10
18:30	 Borussia Monchengladbach
Bayern Munich	
+1.0
–1.0
1.97
1.83
  	
2.75
1.87
 	
1.93
 	
6.50
4.40
1.50
2.65
1.22
1.12
1.0
1.5
2.40
1.55
1.53
2.35
 	 0:0(0:0)  
581	31/10
21:30	 Schalke 04
FC Augsburg	
-0.25
+0.25
1.80
2.05
 
 	
2.75
1.95
 	
1.80
 	
2.05
3.60
3.50
1.32
1.30
1.80
1.5
1.0
1.95
1.75
1.85
2.05
 	 1:0(1:0)  
582	01/11
16:30	 Mainz 05
Werder Bremen	
-0.75
+0.75
2.00
1.80
 
 	
3.0
1.95
1.80
1.80
3.90
4.20
1.23
1.26
2.02
1.5
1.0
1.70
1.75
2.15
2.00
 	 1:2(1:1)  
583	01/11
16:30	 Hannover 96
Eintracht Frankfurt	
-0.25
+0.25
1.95
1.85
 
 	
2.75
1.80
 	
2.00
 	
2.25
3.55
3.05
1.38
1.29
1.64
1.5
1.5
1.90
2.40
1.90
1.55
 	 1:0(0:0)  
584	01/11
16:30	 Stuttgart
Wolfsburg	
+0.25
-0.25
1.85
1.95
 
 	
2.75
1.80
 	
2.00
 	
3.10
3.50
2.25
1.64
1.30
1.37
1.5
1.5
2.45
1.92
1.52
1.83
 	 0:4(0:2)  
585	01/11
16:30	 Hamburg
Bayer Leverkusen	
+0.25
-0.25
2.30
1.65
 
 	
2.75
1.83
 	
1.97
 	
3.90
3.70
1.90
1.90
1.28
1.26
1.0
1.5
1.77
1.77
2.05
2.05
 	 1:0(1:0)  
586	01/11
19:30	 Bayern Munich
Borussia Dortmund	
–1.0
+1.0
1.80
2.00
  	
3.0
1.75
2.08
1.50
4.60
6.00
1.13
1.20
2.60
2.0
1.0
1.75
1.95
2.00
1.80
 	 2:1(0:1)  
587	02/11
16:30	 Borussia Monchengladbach
Hoffenheim	
-0.25
+0.25
1.70
2.15
 
 	
2.75
1.93
 	
1.87
 	
2.00
3.45
3.80
1.27
1.32
1.80
1.5
1.0
1.87
1.75
1.87
2.00
 	 3:1(2:1)  
588	02/11
18:30	 Cologne
Freiburg	
-0.25
+0.25
1.67
2.20
 
 	
2.25
1.83
 	
1.97
 	
1.95
3.45
4.00
1.25
1.32
1.85
1.5
1.0
2.10
2.25
1.70
1.60
 	 0:1(0:0)  
589	02/11
18:30	 Paderborn 07
Hertha	
0
0
1.85
1.95
  	
2.5
1.92
1.88
2.60
3.40
2.70
1.47
1.32
1.50
1.0
1.0
1.60
1.65
2.50
2.25
 	 3:1(1:1)  
591	07/11
21:30	 Hertha
Hannover 96	
-0.25
+0.25
1.73
2.10
 
 	
2.5
1.80
2.00
2.00
3.55
3.70
1.28
1.30
1.81
1.5
1.0
1.90
1.80
1.85
1.95
 	 0:2(0:1)  
592	08/11
16:30	 Bayer Leverkusen
Mainz 05	
–1.0
+1.0
1.85
1.95
  	
3.0
1.82
1.98
1.53
4.30
6.00
1.13
1.22
2.50
1.5
1.5
1.45
3.50
2.65
1.28
 	 0:0(0:0)  
593	08/11
16:30	 FC Augsburg
Paderborn 07	
-0.75
+0.75
2.05
1.80
 
 	
2.5
1.85
1.95
1.78
3.60
4.60
1.20
1.30
2.05
1.5
1.0
1.85
2.10
1.95
1.70
 	 3:0(1:0)  
594	08/11
16:30	 Hoffenheim
Cologne	
-0.75
+0.75
2.05
1.80
 
 	
2.5
1.77
2.05
1.85
3.70
4.20
1.23
1.28
2.00
1.5
1.0
1.85
2.05
1.95
1.75
 	 3:4(3:3)  
595	08/11
16:30	 Eintracht Frankfurt
Bayern Munich	
+1.5
–1.5
1.95
1.85
  	
3.25
1.84
 	
1.95
 	
9.50
5.70
1.30
3.60
1.14
1.06
1.0
2.5
2.50
1.95
1.50
1.80
 	 0:4(0:1)  
596	08/11
16:30	 Freiburg
Schalke 04	
+0.25
-0.25
1.95
1.85
 
 	
2.75
1.90
 	
1.90
 	
3.30
3.50
2.15
1.70
1.30
1.33
1.0
1.5
1.62
1.95
2.20
1.80
 	 2:0(1:0)  
597	08/11
19:30	 Werder Bremen
Stuttgart	
0
0
2.05
1.77
  	
2.75
1.80
 	
2.00
 	
2.80
3.60
2.40
1.57
1.30
1.45
1.5
1.5
2.10
1.95
1.75
1.85
 	 2:0(1:0)  
598	09/11
16:30	 Wolfsburg
Hamburg	
–1.0
+1.0
2.05
1.80
  	
2.75
1.80
 	
2.00
 	
1.58
4.30
5.30
1.16
1.22
2.37
2.0
1.0
2.05
2.10
1.72
1.70
 	 2:0(1:0)  
599	09/11
18:30	 Borussia Dortmund
Borussia Monchengladbach	
–1.0
+1.0
2.05
1.77
  	
3.0
2.00
1.80
1.57
4.30
5.50
1.15
1.22
2.41
2.0
1.0
1.90
2.30
1.85
1.60
 	 1:0(0:0)  
712	22/11
16:30	 Bayern Munich
Hoffenheim	
-2.25
+2.25
1.80
2.00
 
 	
3.75
1.80
 	
2.00
 	
1.16
8.50
15.00
1.02
1.08
5.40
3.0
1.0
1.80
3.00
2.00
1.36
 	 4:0(2:0)  
713	22/11
16:30	 Schalke 04
Wolfsburg	
+0.25
-0.25
1.85
1.95
 
 	
2.75
1.90
 	
1.90
 	
3.15
3.45
2.25
1.65
1.30
1.36
1.0
1.5
1.62
1.95
2.25
1.80
 	 3:2(3:1)  
714	22/11
16:30	 Borussia Monchengladbach
Eintracht Frankfurt	
-1.25
+1.25
2.00
1.80
 
 	
3.25
1.88
 	
1.92
 	
1.46
4.80
6.50
1.12
1.19
2.76
2.0
1.0
1.67
2.05
2.20
1.77
 	 1:3(1:0)  
715	22/11
16:30	 Mainz 05
Freiburg	
-0.25
+0.25
2.00
1.85
 
 	
2.5
1.80
2.00
2.30
3.50
3.00
1.40
1.30
1.62
1.5
1.0
2.15
1.65
1.70
2.25
 	 2:2(1:1)  
716	22/11
16:30	 Hannover 96
Bayer Leverkusen	
+0.25
-0.25
2.30
1.60
 
 	
2.75
2.00
 	
1.80
 	
4.20
3.70
1.85
1.97
1.28
1.23
1.0
1.5
1.90
1.85
1.85
1.90
 	 1:3(0:0)  
717	22/11
16:30	 Paderborn 07
Borussia Dortmund	
+1.25
-1.25
1.93
1.87
 
 	
3.0
1.80
2.00
7.50
4.90
1.40
3.00
1.18
1.10
1.0
3.5
2.55
4.50
1.52
1.20
 	 2:2(0:2)  
718	22/11
19:30	 Cologne
Hertha	
-0.25
+0.25
1.85
1.95
 
 	
2.25
1.95
 	
1.85
 	
2.20
3.20
3.50
1.30
1.35
1.67
1.5
1.0
2.35
2.05
1.57
1.72
 	 1:2(0:1)  
719	23/11
16:30	 Hamburg
Werder Bremen	
-0.75
+0.75
2.15
1.70
 
 	
2.75
1.92
 	
1.88
 	
1.90
3.60
4.00
1.25
1.30
1.90
1.5
1.0
1.80
1.85
1.95
1.90
 	 2:0(0:0)  
720	23/11
18:30	 Stuttgart
FC Augsburg	
0
0
1.77
2.05
  	
2.75
2.00
 	
1.80
 	
2.45
3.40
2.85
1.42
1.32
1.55
1.5
1.5
2.20
2.40
1.67
1.55
 	 0:1(0:0)  
722	28/11
21:30	 Freiburg
Stuttgart	
-0.25
+0.25
2.00
1.80
 
 	
2.75
1.95
 	
1.85
 	
2.30
3.50
3.00
1.40
1.32
1.65
1.5
1.0
2.05
1.60
1.77
2.35
 	 1:4(1:1)  
723	29/11
16:30	 Schalke 04
Mainz 05	
-0.25
+0.25
1.75
2.10
 
 	
2.75
1.95
 	
1.85
 	
2.00
3.60
3.60
1.30
1.30
1.80
1.5
1.0
1.87
1.80
1.87
2.00
 	 4:1(2:1)  
724	29/11
16:30	 Bayer Leverkusen
Cologne	
–1.0
+1.0
1.87
1.93
  	
2.75
1.91
 	
1.90
 	
1.53
4.30
6.20
1.13
1.23
2.55
2.0
1.0
2.05
2.40
1.72
1.53
 	 5:1(1:1)  
725	29/11
16:30	 FC Augsburg
Hamburg	
-0.25
+0.25
1.62
2.35
 
 	
2.5
1.80
2.00
1.85
3.70
4.10
1.23
1.27
1.95
1.5
1.0
1.85
1.97
1.95
1.83
 	 3:1(0:1)  
726	29/11
16:30	 Hertha
Bayern Munich	
+2.0
–2.0
1.80
2.00
  	
3.25
1.85
 	
1.95
 	
13.00
7.00
1.20
4.60
1.10
1.02
1.0
2.5
3.35
1.83
1.33
1.97
 	 0:1(0:1)  
727	29/11
16:30	 Werder Bremen
Paderborn 07	
-0.25
+0.25
1.80
2.05
 
 	
2.75
1.87
 	
1.93
 	
2.05
3.70
3.40
1.32
1.28
1.77
1.5
1.0
1.90
1.67
1.90
2.20
 	 4:0(1:0)  
728	29/11
19:30	 Hoffenheim
Hannover 96	
-0.75
+0.75
2.00
1.80
 
 	
3.0
1.80
2.00
1.80
3.75
4.30
1.22
1.27
2.00
2.0
1.0
2.00
1.62
1.75
2.25
 	 4:3(2:1)  
729	30/11
16:30	 Wolfsburg
Borussia Monchengladbach	
-0.25
+0.25
1.75
2.10
 
 	
2.75
1.77
 	
2.05
 	
2.00
3.60
3.60
1.29
1.29
1.80
1.5
1.0
1.80
1.62
2.00
2.30
 	 1:0(1:0)  
730	30/11
18:30	 Eintracht Frankfurt
Borussia Dortmund	
+1.25
-1.25
1.80
1.95
 
 	
3.25
1.95
 	
1.80
 	
6.50
4.70
1.45
2.75
1.20
1.11
1.0
2.0
2.05
1.70
1.72
2.10
 	 2:0(1:0) 
587	05/12
21:30	 Borussia Dortmund
Hoffenheim	
-1.25
+1.25
2.00
1.80
 
 	
3.25
2.00
 	
1.80
 	
1.48
4.70
6.20
1.13
1.20
2.70
1.5
1.0
1.40
2.10
2.85
1.73
 	 1:0(1:0)  
588	06/12
16:30	 Borussia Monchengladbach
Hertha	
-0.75
+0.75
1.87
1.93
 
 	
2.5
1.97
1.83
1.67
3.90
5.00
1.17
1.25
2.20
1.5
1.0
1.83
2.60
1.97
1.50
 	 3:2(1:1)  
589	06/12
16:30	 Hannover 96
Wolfsburg	
+0.25
-0.25
2.30
1.65
 
 	
2.75
1.83
 	
1.97
 	
3.90
3.80
1.90
1.95
1.28
1.27
1.0
1.5
1.77
1.77
2.05
2.05
 	 1:3(1:1)  
590	06/12
16:30	 Stuttgart
Schalke 04	
-0.25
+0.25
1.95
1.85
 
 	
2.75
1.95
 	
1.85
 	
2.25
3.50
3.10
1.37
1.30
1.65
1.5
1.0
2.05
1.62
1.72
2.20
 	 0:4(0:3)  
591	06/12
16:30	 Cologne
FC Augsburg	
0
0
1.97
1.83
  	
2.25
1.94
 	
1.85
 	
2.80
3.20
2.60
1.50
1.35
1.45
1.0
1.0
1.85
1.75
1.95
2.05
 	 1:2(1:0)  
592	06/12
16:30	 Paderborn 07
Freiburg	
-0.25
+0.25
2.05
1.77
 
 	
2.5
1.77
2.05
2.35
3.55
2.90
1.42
1.30
1.60
1.5
1.0
2.10
1.60
1.70
2.25
 	 1:1(0:1)  
593	06/12
19:30	 Bayern Munich
Bayer Leverkusen	
-1.75
+1.75
1.90
1.90
 
 	
3.25
1.88
 	
1.92
 	
1.26
6.00
11.00
1.04
1.13
3.88
1.5
1.5
1.28
4.50
3.50
1.18
 	 1:0(0:0)  
594	07/12
16:30	 Hamburg
Mainz 05	
-0.25
+0.25
1.80
2.00
 
 	
2.5
1.95
1.85
2.10
3.45
3.50
1.31
1.31
1.75
1.5
1.0
2.10
1.90
1.70
1.85
 	 2:1(1:0)  
595	07/12
18:30	 Eintracht Frankfurt
Werder Bremen	
-0.25
+0.25
1.70
2.10
 
 	
3.25
2.00
 	
1.75
 	
1.95
3.80
3.60
1.29
1.26
1.85
1.5
1.5
1.65
2.20
2.15
1.62
 	 5:2(1:1)  
597	12/12
21:30	 Hoffenheim
Eintracht Frankfurt	
-0.75
+0.75
1.95
1.85
 
 	
3.0
1.72
2.05
1.75
4.00
4.30
1.22
1.24
2.07
2.0
1.0
2.00
1.62
1.75
2.25
 	 3:2(1:0)  
598	13/12
16:30	 Schalke 04
Cologne	
-0.25
+0.25
1.70
2.10
 
 	
2.5
1.90
1.85
1.95
3.50
3.90
1.25
1.30
1.84
1.5
1.0
2.00
2.00
1.75
1.75
 	 1:2(0:0)  
599	13/12
16:30	 FC Augsburg
Bayern Munich	
+1.75
-1.75
1.85
1.95
 
 	
3.0
1.90
1.90
12.00
6.00
1.25
4.00
1.13
1.03
1.0
2.5
3.60
2.05
1.27
1.72
 	 0:4(0:0)  
600	13/12
16:30	 Hertha
Borussia Dortmund	
+1.0
–1.0
1.80
2.05
  	
2.75
1.80
 	
2.00
 	
5.30
4.30
1.60
2.40
1.23
1.17
1.0
2.0
2.10
2.05
1.70
1.72
 	 1:0(1:0)  
601	13/12
16:30	 Werder Bremen
Hannover 96	
-0.25
+0.25
2.05
1.77
 
 	
2.5
1.75
2.08
2.35
3.55
2.90
1.42
1.30
1.60
1.5
1.0
2.10
1.60
1.70
2.25
 	 3:3(1:1)  
602	13/12
16:30	 Freiburg
Hamburg	
-0.25
+0.25
2.05
1.75
 
 	
2.5
1.95
1.80
2.40
3.40
2.95
1.42
1.32
1.58
1.5
1.0
2.30
1.72
1.60
2.05
 	 0:0(0:0)  
603	13/12
19:30	 Mainz 05
Stuttgart	
-0.25
+0.25
2.00
1.85
 
 	
2.5
1.80
2.00
2.30
3.50
3.00
1.40
1.30
1.62
1.5
1.0
2.15
1.65
1.70
2.25
 	 1:1(1:0)  
604	14/12
16:30	 Bayer Leverkusen
Borussia Monchengladbach	
-0.75
+0.75
2.15
1.70
 
 	
2.75
1.90
 	
1.85
 	
1.90
3.60
4.00
1.25
1.30
1.90
1.5
1.0
1.80
1.85
1.95
1.90
 	 1:1(1:1)  
605	14/12
18:30	 Wolfsburg
Paderborn 07	
-1.25
+1.25
1.80
1.95
 
 	
3.0
1.85
1.95
1.38
5.00
8.00
1.08
1.18
3.10
2.0
1.0
1.72
2.65
2.05
1.45
 	 1:1(1:0)  
408	16/12
21:00	 Bayern Munich
Freiburg	
-2.75
+2.75
1.75
2.08
 
 	
3.75
1.77
 	
2.05
 	
1.08
12.00
25.00
 	
1.04
8.11
1.5
1.0
1.10
5.50
7.00
1.13
 	 2:0(1:0)  
409	16/12
21:00	 Hannover 96
FC Augsburg	
-0.25
+0.25
2.05
1.75
 
 	
2.5
1.95
1.80
2.40
3.30
3.00
1.39
1.33
1.57
1.5
1.0
2.30
1.65
1.60
2.25
 	 2:0(1:0)  
410	16/12
21:00	 Hamburg
Stuttgart	
-0.25
+0.25
1.73
2.10
 
 	
2.5
1.95
1.85
2.00
3.45
3.80
1.27
1.31
1.81
1.5
1.0
2.00
2.00
1.80
1.80
 	 0:1(0:1)  
411	16/12
21:00	 Cologne
Mainz 05	
-0.25
+0.25
2.05
1.77
 
 	
2.25
1.80
 	
2.00
 	
2.35
3.30
3.10
1.37
1.34
1.60
1.5
1.5
2.30
2.85
1.60
1.40
 	 0:0(0:0)  
412	17/12
21:00	 Borussia Dortmund
Wolfsburg	
-0.25
+0.25
1.67
2.20
 
 	
3.0
2.00
1.80
1.88
3.80
3.90
1.26
1.27
1.92
1.5
1.0
1.75
1.70
2.10
2.15
 	 2:2(1:1)  
413	17/12
21:00	 Borussia Monchengladbach
Werder Bremen	
-1.25
+1.25
2.05
1.77
 
 	
3.0
1.80
2.00
1.46
4.50
7.00
1.10
1.21
2.75
2.0
1.0
1.70
2.30
2.15
1.60
 	 4:1(2:0)  
414	17/12
21:00	 Hoffenheim
Bayer Leverkusen	
+0.25
-0.25
2.00
1.80
 
 	
2.75
1.80
 	
2.00
 	
3.20
3.65
2.15
1.70
1.29
1.35
1.5
1.5
2.40
1.90
1.55
1.90
 	 0:1(0:0)  
415	17/12
21:00	 Eintracht Frankfurt
Hertha	
-0.25
+0.25
1.77
2.05
 
 	
2.75
1.77
 	
2.05
 	
2.05
3.55
3.55
1.30
1.30
1.77
1.5
1.0
1.80
1.62
2.00
2.30
 	 4:4(1:3)  
416	17/12
21:00	 Paderborn 07
Schalke 04	
0
0
2.05
1.77
  	
2.75
1.85
 	
1.95
 	
2.80
3.50
2.45
1.55
1.31
1.44
1.5
1.5
2.30
2.05
1.60
1.77
 	 1:2(1:1)  
418	19/12
21:30	 Mainz 05
Bayern Munich	
+1.75
-1.75
1.95
1.85
 
 	
3.0
1.90
1.90
14.00
6.20
1.22
4.30
1.12
1.02
1.0
2.5
4.00
2.00
1.22
1.75
 	 1:2(1:1)  
419	20/12
16:30	 Schalke 04
Hamburg	
-0.25
+0.25
1.62
2.35
 
 	
2.5
1.77
2.05
1.85
3.65
4.20
1.23
1.28
1.95
1.5
1.0
1.85
1.97
1.95
1.83
 	 0:0(0:0)  
420	20/12
16:30	 Bayer Leverkusen
Eintracht Frankfurt	
-1.25
+1.25
1.95
1.85
 
 	
3.0
1.80
1.95
1.45
4.50
7.00
1.10
1.20
2.74
2.0
1.0
1.75
2.15
2.00
1.65
 	 1:1(0:1)  
421	20/12
16:30	 FC Augsburg
Borussia Monchengladbach	
-0.25
+0.25
1.97
1.83
 
 	
2.5
1.95
1.85
2.30
3.40
3.10
1.37
1.32
1.62
1.5
1.0
2.20
1.75
1.67
2.10
 	 2:1(1:1)  
422	20/12
16:30	 Werder Bremen
Borussia Dortmund	
+1.0
–1.0
2.00
1.80
  	
3.0
1.90
1.90
6.30
4.50
1.50
2.65
1.22
1.13
1.0
2.0
2.25
1.93
1.65
1.87
 	 2:1(1:0)  
423	20/12
16:30	 Stuttgart
Paderborn 07	
-0.75
+0.75
2.00
1.80
 
 	
3.0
1.95
1.80
1.83
3.90
4.00
1.24
1.24
2.00
1.5
1.0
1.70
1.75
2.15
2.00
 	 0:0(0:0)  
424	20/12
19:30	 Wolfsburg
Cologne	
–1.0
+1.0
1.75
2.00
  	
2.75
1.83
 	
1.97
 	
1.50
4.40
6.30
1.12
1.22
2.60
2.0
1.0
1.95
2.50
1.85
1.50
 	 2:1(1:1)  
425	21/12
16:30	 Hertha
Hoffenheim	
0
0
1.80
2.00
  	
2.75
1.95
 	
1.85
 	
2.50
3.45
2.80
1.47
1.32
1.57
1.5
1.5
2.15
2.30
1.65
1.60
 	 0:5(0:3)  
426	21/12
18:30	 Freiburg
Hannover 96	
-0.25
+0.25
2.05
1.72
 
 	
2.5
1.80
2.00
2.40
3.40
2.90
1.41
1.31
1.56
1.5
1.0
2.15
1.60
1.65
2.30
 	 2:2(1:0)  
820	30/01
21:30	 Wolfsburg
Bayern Munich	
+1.0
–1.0
2.05
1.80
  	
3.0
1.85
1.95
6.50
4.40
1.50
2.62
1.22
1.12
1.0
1.5
2.15
1.42
1.65
2.75
 	 4:1(2:0)  
821	31/01
16:30	 Schalke 04
Hannover 96	
-0.25
+0.25
1.65
2.25
 
 	
2.75
2.00
 	
1.80
 	
1.90
3.60
4.00
1.25
1.30
1.90
1.5
1.0
1.85
1.90
1.90
1.85
 	 1:0(1:0)  
822	31/01
16:30	 Mainz 05
Paderborn 07	
-0.25
+0.25
1.70
2.15
 
 	
2.5
1.97
1.83
2.00
3.45
3.80
1.27
1.32
1.85
1.5
1.0
2.05
2.00
1.72
1.75
 	 5:0(1:0)  
823	31/01
16:30	 Freiburg
Eintracht Frankfurt	
0
0
1.95
1.85
  	
3.0
1.92
1.88
2.65
3.50
2.55
1.51
1.30
1.48
1.5
1.5
2.10
2.00
1.75
1.80
 	 4:1(0:1)  
824	31/01
16:30	 Stuttgart
Borussia Monchengladbach	
+0.25
-0.25
1.77
2.05
 
 	
2.5
1.80
2.00
3.00
3.40
2.35
1.59
1.32
1.39
1.5
1.5
2.40
2.15
1.53
1.70
 	 0:1(0:0)  
825	31/01
16:30	 Hamburg
Cologne	
-0.25
+0.25
1.85
1.95
 
 	
2.25
2.05
 	
1.77
 	
2.20
3.20
3.50
1.32
1.35
1.65
1.0
1.0
1.65
2.20
2.15
1.62
 	 0:2(0:0)  
826	31/01
19:30	 Bayer Leverkusen
Borussia Dortmund	
0
0
1.75
2.05
  	
2.5
1.85
1.95
2.45
3.40
2.85
1.42
1.32
1.55
1.5
1.0
2.25
1.65
1.60
2.20
 	 0:0(0:0)  
827	01/02
16:30	 Werder Bremen
Hertha	
-0.25
+0.25
2.05
1.77
 
 	
2.5
1.80
2.00
2.35
3.40
3.00
1.39
1.32
1.59
1.5
1.5
2.15
2.40
1.70
1.53
 	 2:0(1:0)  
828	01/02
18:30	 FC Augsburg
Hoffenheim	
-0.25
+0.25
2.05
1.77
 
 	
2.5
1.80
2.00
2.35
3.40
3.00
1.39
1.32
1.59
1.5
1.5
2.15
2.40
1.70
1.53
 	 3:1(2:1)  
830	03/02
21:00	 Bayern Munich
Schalke 04	
–2.0
+2.0
1.80
2.00
  	
3.5
1.93
1.87
1.17
7.50
15.00
1.01
1.10
5.00
3.0
1.0
2.15
3.40
1.70
1.30
 	 1:1(0:0)  
831	03/02
21:00	 Borussia Monchengladbach
Freiburg	
–1.0
+1.0
1.85
1.95
  	
2.75
1.93
 	
1.87
 	
1.50
4.30
6.50
1.11
1.22
2.60
1.5
1.0
1.57
2.55
2.30
1.48
 	 1:0(1:0)  
832	03/02
21:00	 Hannover 96
Mainz 05	
-0.25
+0.25
1.80
2.00
 
 	
2.5
1.85
1.95
2.10
3.50
3.45
1.31
1.31
1.74
1.5
1.0
2.00
1.80
1.75
1.95
 	 1:1(1:0)  
833	03/02
21:00	 Eintracht Frankfurt
Wolfsburg	
+0.25
-0.25
2.10
1.75
 
 	
3.25
1.93
 	
1.87
 	
3.50
3.60
2.05
1.77
1.29
1.31
1.5
1.5
2.25
1.70
1.65
2.15
 	 1:1(0:0)  
834	04/02
21:00	 Borussia Dortmund
FC Augsburg	
–1.0
+1.0
1.85
1.95
  	
2.75
1.95
 	
1.85
 	
1.50
4.30
6.50
1.11
1.22
2.60
2.0
1.0
2.10
2.60
1.70
1.46
 	 0:1(0:0)  
835	04/02
21:00	 Hoffenheim
Werder Bremen	
-0.75
+0.75
1.80
2.00
 
 	
3.25
1.95
 	
1.85
 	
1.66
4.30
4.50
1.20
1.22
2.20
2.0
1.0
1.90
1.72
1.85
2.05
 	 1:2(1:1)  
836	04/02
21:00	 Hertha
Bayer Leverkusen	
+0.25
-0.25
2.35
1.62
 
 	
2.5
1.80
2.00
4.20
3.65
1.85
1.95
1.28
1.23
1.0
1.5
1.97
1.85
1.83
1.95
 	 0:1(0:0)  
837	04/02
21:00	 Cologne
Stuttgart	
-0.25
+0.25
2.00
1.80
 
 	
2.5
1.98
1.83
2.30
3.40
3.10
1.36
1.32
1.60
1.5
1.5
2.25
2.85
1.60
1.40
 	 0:0(0:0)  
838	04/02
21:00	 Paderborn 07
Hamburg	
-0.25
+0.25
2.10
1.75
 
 	
2.5
1.95
1.85
2.40
3.40
2.90
1.42
1.32
1.57
1.5
1.0
2.30
1.70
1.60
2.10
 	 0:3(0:1)  
882	06/02
21:30	 Schalke 04
Borussia Monchengladbach	
0
0
2.00
1.80
  	
2.5
2.00
1.80
2.75
3.40
2.55
1.53
1.32
1.46
1.0
1.0
1.70
1.62
2.15
2.30
 	 1:0(1:0)  
883	07/02
16:30	 Wolfsburg
Hoffenheim	
–1.0
+1.0
1.85
1.95
  	
3.25
1.85
 	
1.95
 	
1.55
4.50
5.50
1.15
1.22
2.50
2.0
1.0
1.80
1.80
2.00
2.00
 	 3:0(2:0)  
884	07/02
16:30	 Mainz 05
Hertha	
-0.75
+0.75
2.12
1.72
 
 	
2.25
1.81
 	
2.00
 	
1.85
3.50
4.40
1.22
1.30
1.95
1.5
1.0
2.00
2.35
1.80
1.60
 	 0:2(0:2)  
885	07/02
16:30	 Freiburg
Borussia Dortmund	
+0.75
-0.75
2.05
1.80
 
 	
2.75
1.95
 	
1.85
 	
5.30
4.00
1.62
2.30
1.25
1.15
1.0
1.5
2.30
1.67
1.62
2.20
 	 0:3(0:1)  
886	07/02
16:30	 Stuttgart
Bayern Munich	
+1.75
-1.75
1.95
1.85
 
 	
3.0
1.87
1.93
14.00
6.30
1.22
4.40
1.12
1.02
1.0
2.5
3.80
2.00
1.25
1.80
 	 0:2(0:1)  
887	07/02
16:30	 Cologne
Paderborn 07	
-0.75
+0.75
2.10
1.72
 
 	
2.25
1.90
 	
1.90
 	
1.85
3.50
4.50
1.20
1.32
1.95
1.5
1.0
2.05
2.50
1.77
1.50
 	 0:0(0:0)  
888	07/02
19:30	 Hamburg
Hannover 96	
-0.25
+0.25
1.95
1.85
 
 	
2.5
2.00
1.80
2.25
3.40
3.20
1.35
1.32
1.65
1.5
1.5
2.20
2.75
1.65
1.42
 	 2:1(1:0)  
889	08/02
16:30	 Werder Bremen
Bayer Leverkusen	
+0.25
-0.25
2.30
1.62
 
 	
2.75
1.85
 	
1.95
 	
4.00
3.80
1.85
1.95
1.26
1.24
1.0
1.5
1.85
1.75
1.95
2.10
 	 2:1(2:1)  
890	08/02
18:30	 FC Augsburg
Eintracht Frankfurt	
-0.25
+0.25
1.67
2.20
 
 	
3.0
2.00
1.80
1.90
3.80
3.80
1.27
1.27
1.90
1.5
1.0
1.75
1.70
2.10
2.15
 	 2:2(2:1) 
892	13/02
21:30	 Borussia Dortmund
Mainz 05	
-1.25
+1.25
1.87
1.93
 
 	
3.0
1.95
1.85
1.40
4.90
7.50
1.10
1.18
3.00
2.0
1.0
1.75
2.65
2.10
1.45
 	 4:2(0:1)  
893	14/02
16:30	 Bayern Munich
Hamburg	
–2.5
+2.5
1.85
1.95
  	
3.5
1.85
1.95
1.10
10.00
25.00
 	
1.05
7.20
3.0
1.0
1.80
5.00
1.95
1.15
 	 8:0(3:0)  
894	14/02
16:30	 Bayer Leverkusen
Wolfsburg	
-0.25
+0.25
1.90
1.90
 
 	
2.75
1.80
 	
2.00
 	
2.20
3.60
3.10
1.37
1.29
1.67
1.5
1.5
1.93
2.30
1.87
1.62
 	 4:5(0:3)  
895	14/02
16:30	 Borussia Monchengladbach
Cologne	
–1.0
+1.0
2.05
1.75
  	
2.5
1.92
1.88
1.60
3.85
6.00
1.13
1.26
2.35
1.5
1.5
1.77
4.00
2.05
1.25
 	 1:0(0:0)  
896	14/02
16:30	 Werder Bremen
FC Augsburg	
0
0
2.05
1.77
  	
2.75
2.00
 	
1.80
 	
2.85
3.40
2.45
1.55
1.32
1.42
1.5
1.5
2.40
2.20
1.55
1.67
 	 3:2(3:1)  
897	14/02
16:30	 Hoffenheim
Stuttgart	
-0.75
+0.75
1.95
1.85
 
 	
3.0
2.00
1.80
1.75
3.85
4.50
1.20
1.26
2.08
2.0
1.0
2.05
1.85
1.72
1.90
 	 2:1(1:1)  
898	14/02
19:30	 Eintracht Frankfurt
Schalke 04	
0
0
1.85
1.95
  	
3.0
1.92
1.88
2.55
3.50
2.65
1.48
1.30
1.51
1.5
1.5
2.00
2.10
1.80
1.75
 	 1:0(0:0)  
899	15/02
16:30	 Hertha
Freiburg	
-0.25
+0.25
1.80
2.00
 
 	
2.5
1.95
1.85
2.10
3.45
3.50
1.31
1.31
1.75
1.5
1.0
2.10
1.90
1.70
1.85
 	 0:2(0:1)  
900	15/02
18:30	 Hannover 96
Paderborn 07	
-0.25
+0.25
1.67
2.20
 
 	
2.5
1.87
1.93
1.90
3.70
3.90
1.27
1.28
1.90
1.5
1.0
1.93
2.00
1.87
1.80
 	 1:2(0:0)  
747	20/02
21:30	 Stuttgart
Borussia Dortmund	
+1.0
–1.0
1.85
1.95
  	
2.75
1.95
 	
1.85
 	
6.30
4.00
1.55
2.45
1.24
1.12
1.0
1.5
2.40
1.55
1.53
2.37
 	 2:3(1:2)  
748	21/02
16:30	 FC Augsburg
Bayer Leverkusen	
+0.25
-0.25
1.85
1.95
 
 	
2.5
1.85
1.95
3.10
3.50
2.25
1.65
1.30
1.37
1.5
1.5
2.60
2.20
1.50
1.67
 	 2:2(0:1)  
749	21/02
16:30	 Mainz 05
Eintracht Frankfurt	
-0.25
+0.25
1.95
1.85
 
 	
3.0
2.00
1.80
2.30
3.50
3.00
1.39
1.30
1.62
1.5
1.5
1.95
2.30
1.85
1.62
 	 3:1(1:1)  
750	21/02
16:30	 Paderborn 07
Bayern Munich	
+2.25
-2.25
1.80
2.00
 
 	
3.25
1.90
 	
1.90
 	
21.00
8.00
1.14
5.80
1.08
1.01
1.0
2.5
4.30
1.75
1.20
2.05
 	 0:6(0:2)  
751	21/02
16:30	 Freiburg
Hoffenheim	
+0.25
-0.25
2.00
1.72
 
 	
2.75
1.80
 	
1.90
 	
3.20
3.65
2.15
1.70
1.29
1.35
1.5
1.5
2.40
1.90
1.55
1.90
 	 1:1(1:1)  
752	21/02
16:30	 Schalke 04
Werder Bremen	
-0.25
+0.25
1.70
2.15
 
 	
2.75
1.90
 	
1.90
 	
2.00
3.40
3.85
1.26
1.32
1.81
1.5
1.5
1.90
2.75
1.90
1.45
 	 1:1(0:0)  
753	21/02
19:30	 Cologne
Hannover 96	
-0.25
+0.25
1.95
1.85
 
 	
2.0
1.77
2.05
2.30
3.20
3.30
1.35
1.36
1.62
1.0
1.0
1.70
2.15
2.10
1.70
 	 1:1(1:1)  
754	22/02
16:30	 Hamburg
Borussia Monchengladbach	
+0.25
-0.25
1.75
2.05
 
 	
2.25
1.80
 	
2.00
 	
3.00
3.30
2.40
1.57
1.33
1.40
1.0
1.5
1.85
2.30
1.95
1.57
 	 1:1(0:0)  
755	22/02
18:30	 Wolfsburg
Hertha	
–1.5
+1.5
1.90
1.90
  	
3.0
1.97
1.83
1.30
5.30
10.50
1.04
1.16
3.60
2.0
1.0
1.65
3.20
2.15
1.32
 	 2:1(1:1)  
757	27/02
21:30	 Bayern Munich
Cologne	
–2.5
+2.5
1.90
1.90
  	
3.5
1.90
1.90
1.10
10.00
25.00
1.01
1.05
7.14
2.5
1.5
1.55
9.00
2.45
1.06
 	 4:1(2:1)  
758	28/02
16:30	 Bayer Leverkusen
Freiburg	
-1.25
+1.25
1.85
1.95
 
 	
2.75
1.87
 	
1.93
 	
1.38
4.80
8.50
1.07
1.20
3.10
2.0
1.0
1.85
3.00
1.95
1.36
 	 1:0(1:0)  
759	28/02
16:30	 Borussia Dortmund
Schalke 04	
–1.0
+1.0
1.90
1.90
  	
2.75
1.80
 	
2.00
 	
1.53
4.30
6.00
1.13
1.22
2.50
2.0
1.0
2.00
2.30
1.80
1.62
 	 3:0(0:0)  
760	28/02
16:30	 Hannover 96
Stuttgart	
-0.25
+0.25
1.95
1.85
 
 	
2.5
1.90
1.90
2.25
3.45
3.15
1.36
1.32
1.65
1.5
1.0
2.15
1.75
1.67
2.05
 	 1:1(0:0)  
761	28/02
16:30	 Hertha
FC Augsburg	
+0.25
-0.25
1.77
2.05
 
 	
2.25
1.90
 	
1.90
 	
3.00
3.25
2.40
1.57
1.35
1.38
1.0
1.0
1.87
1.62
1.87
2.20
 	 1:0(0:0)  
762	28/02
16:30	 Hoffenheim
Mainz 05	
-0.25
+0.25
1.70
2.15
 
 	
3.0
2.00
1.80
1.95
3.70
3.70
1.28
1.28
1.85
1.5
1.5
1.80
2.50
2.00
1.50
 	 2:0(0:0)  
763	28/02
19:30	 Eintracht Frankfurt
Hamburg	
-0.25
+0.25
1.80
2.00
 
 	
2.75
1.87
 	
1.93
 	
2.05
3.70
3.40
1.32
1.28
1.77
1.5
1.0
1.90
1.67
1.90
2.20
 	 2:1(1:1)  
764	01/03
16:30	 Borussia Monchengladbach
Paderborn 07	
–1.0
+1.0
1.97
1.83
  	
2.75
1.97
 	
1.83
 	
1.57
4.20
5.50
1.14
1.22
2.38
2.0
1.0
2.15
2.35
1.65
1.55
 	 2:0(1:0)  
765	01/03
18:30	 Werder Bremen
Wolfsburg	
+0.75
-0.75
1.80
2.00
 
 	
3.0
1.95
1.80
4.00
4.00
1.80
2.05
1.27
1.25
1.0
1.5
1.75
1.70
2.00
2.15
 	 3:5(3:2)  
751	06/03
21:30	 Stuttgart
Hertha	
-0.25
+0.25
1.75
2.10
 
 	
2.25
2.00
 	
1.80
 	
2.05
3.30
3.85
1.26
1.34
1.78
1.5
1.5
2.25
3.60
1.60
1.27
 	 0:0(0:0)  
752	07/03
16:30	 FC Augsburg
Wolfsburg	
+0.25
-0.25
1.93
1.87
 
 	
3.0
2.00
1.80
3.20
3.60
2.15
1.70
1.30
1.35
1.5
1.5
2.30
1.87
1.62
1.93
 	 1:0(0:0)  
753	07/03
16:30	 Hamburg
Borussia Dortmund	
+1.0
–1.0
1.90
1.90
  	
2.75
1.93
 	
1.87
 	
6.50
4.30
1.50
2.60
1.22
1.11
1.0
1.5
2.55
1.57
1.48
2.30
 	 0:0(0:0)  
754	07/03
16:30	 Hannover 96
Bayern Munich	
+1.75
-1.75
1.95
1.85
 
 	
3.0
1.85
1.95
15.00
6.50
1.20
4.60
1.11
1.01
1.0
2.5
4.00
1.95
1.22
1.80
 	 1:3(1:1)  
755	07/03
16:30	 Freiburg
Werder Bremen	
0
0
1.93
1.87
  	
2.75
1.94
 	
1.85
 	
2.65
3.40
2.60
1.50
1.32
1.47
1.5
1.5
2.20
2.15
1.62
1.65
 	 0:1(0:1)  
756	07/03
16:30	 Schalke 04
Hoffenheim	
-0.25
+0.25
1.95
1.85
 
 	
2.75
1.95
 	
1.85
 	
2.25
3.50
3.10
1.37
1.30
1.65
1.5
1.5
2.00
2.50
1.80
1.50
 	 3:1(2:0)  
757	07/03
19:30	 Mainz 05
Borussia Monchengladbach	
0
0
1.85
1.95
  	
2.5
2.00
1.80
2.60
3.35
2.70
1.47
1.32
1.50
1.0
1.0
1.60
1.62
2.25
2.20
 	 2:2(0:1)  
758	08/03
16:30	 Cologne
Eintracht Frankfurt	
-0.25
+0.25
2.10
1.75
 
 	
2.5
1.90
1.90
2.40
3.40
2.90
1.42
1.32
1.57
1.5
1.0
2.30
1.70
1.60
2.10
 	 4:2(1:0)  
759	08/03
18:30	 Paderborn 07
Bayer Leverkusen	
+0.75
-0.75
1.95
1.85
 
 	
2.75
1.95
 	
1.85
 	
5.00
3.90
1.67
2.25
1.25
1.18
1.5
1.5
3.35
1.70
1.30
2.10
 	 0:3(0:0)  
761	13/03
21:30	 Bayer Leverkusen
Stuttgart	
-1.25
+1.25
2.05
1.77
 
 	
2.75
1.95
 	
1.85
 	
1.45
4.40
7.30
1.09
1.22
2.80
2.0
1.0
2.00
2.80
1.75
1.40
 	 4:0(2:0)  
762	14/03
16:30	 Eintracht Frankfurt
Paderborn 07	
-0.75
+0.75
1.95
1.85
 
 	
2.75
1.83
 	
1.97
 	
1.75
3.80
4.50
1.20
1.27
2.10
1.5
1.0
1.65
1.90
2.15
1.85
 	 4:0(2:0)  
763	14/03
16:30	 FC Augsburg
Mainz 05	
-0.25
+0.25
1.75
2.15
 
 	
2.5
1.90
1.90
2.00
3.60
3.70
1.30
1.30
1.85
1.5
1.0
2.00
1.95
1.80
1.85
 	 0:2(0:1)  
764	14/03
16:30	 Werder Bremen
Bayern Munich	
+1.75
-1.75
1.85
1.90
 
 	
3.25
1.80
 	
2.00
 	
12.00
6.00
1.25
4.00
1.13
1.03
1.0
2.5
2.65
1.87
1.45
1.87
 	 0:4(0:2)  
765	14/03
16:30	 Hertha
Schalke 04	
0
0
1.95
1.85
  	
2.25
1.80
 	
2.00
 	
2.70
3.35
2.60
1.50
1.32
1.46
1.0
1.0
1.70
1.67
2.15
2.20
 	 2:2(1:1)  
766	14/03
16:30	 Hoffenheim
Hamburg	
-0.25
+0.25
1.62
2.30
 
 	
2.5
1.80
2.00
1.85
3.70
4.10
1.23
1.28
2.00
1.5
1.0
1.85
1.97
1.95
1.83
 	 3:0(1:0)  
767	14/03
19:30	 Borussia Dortmund
Cologne	
-1.75
+1.75
2.00
1.80
 
 	
2.75
1.80
 	
2.00
 	
1.25
6.00
11.00
1.03
1.13
4.00
2.5
1.0
2.15
3.80
1.65
1.25
 	 0:0(0:0)  
768	15/03
16:30	 Wolfsburg
Freiburg	
–1.5
+1.5
1.90
1.90
  	
3.0
1.90
1.85
1.30
5.50
10.00
1.05
1.15
3.60
2.5
1.0
2.15
3.10
1.65
1.35
 	 3:0(1:0)  
769	15/03
18:30	 Borussia Monchengladbach
Hannover 96	
-0.75
+0.75
2.00
1.80
 
 	
2.25
1.80
 	
2.00
 	
1.75
3.70
5.00
1.19
1.30
2.10
1.5
1.5
1.95
4.00
1.85
1.23
 	 2:0(1:0)  
696	20/03
21:30	 Hamburg
Hertha	
-0.25
+0.25
2.05
1.77
 
 	
2.25
2.05
 	
1.77
 	
2.40
3.15
3.15
1.36
1.36
1.57
1.5
1.5
2.60
3.20
1.47
1.32
 	 0:1(0:0)  
697	21/03
16:30	 Hannover 96
Borussia Dortmund	
+0.75
-0.75
2.00
1.80
 
 	
2.75
1.95
 	
1.85
 	
5.30
4.10
1.62
2.35
1.25
1.16
1.0
1.5
2.20
1.65
1.65
2.20
 	 2:3(1:1)  
698	21/03
16:30	 Cologne
Werder Bremen	
-0.25
+0.25
1.88
1.92
 
 	
2.5
1.90
1.90
2.20
3.40
3.30
1.35
1.32
1.67
1.5
1.5
2.10
2.65
1.70
1.45
 	 1:1(0:1)  
699	21/03
16:30	 Paderborn 07
Hoffenheim	
+0.25
-0.25
2.15
1.70
 
 	
3.0
2.00
1.80
3.70
3.70
1.95
1.85
1.28
1.28
1.5
1.5
2.50
1.80
1.50
2.00
 	 0:0(0:0)  
700	21/03
16:30	 Freiburg
FC Augsburg	
+0.25
-0.25
1.75
2.10
 
 	
2.25
1.85
 	
1.95
 	
2.95
3.30
2.45
1.57
1.35
1.42
1.0
1.5
1.80
2.40
1.95
1.53
 	 2:0(0:0)  
701	21/03
16:30	 Stuttgart
Eintracht Frankfurt	
-0.25
+0.25
1.90
1.90
 
 	
2.75
1.80
 	
2.00
 	
2.20
3.50
3.20
1.35
1.30
1.67
1.5
1.5
1.87
2.37
1.87
1.55
 	 3:1(0:0)  
703	22/03
16:30	 Mainz 05
Wolfsburg	
+0.25
-0.25
1.93
1.87
 
 	
3.0
2.00
1.80
3.20
3.60
2.15
1.70
1.30
1.35
1.5
1.5
2.30
1.87
1.57
1.87
 	 1:1(1:0)  
704	22/03
18:30	 Bayern Munich
Borussia Monchengladbach	
–2.0
+2.0
1.95
1.85
  	
3.0
1.82
1.92
1.18
7.50
14.00
1.01
1.07
4.65
2.5
1.5
1.95
7.40
1.80
1.07
 	 0:2(0:1)  