98	02/10
14:45	 Wigan Athletic
Wolverhampton Wanderers	
0
0
1.60
2.20
  	
2.25
1.90
 	
1.80
 	
2.20
3.25
3.05
1.33
1.31
1.60
1.5
1.5
2.40
3.10
1.50
1.32
 	 2:0(0:0)  
99	02/10
17:00	 Birmingham City
Everton	
+0.25
-0.25
1.70
2.05
 
 	
2.25
1.90
 	
1.80
 	
2.80
3.20
2.40
1.50
1.32
1.38
1.5
1.5
2.80
2.55
1.38
1.45
 	 0:2(0:0)  
100	02/10
17:00	 Stoke City
Blackburn Rovers	
0
0
1.62
2.18
  	
2.5
2.10
1.68
2.25
3.25
2.95
1.35
1.31
1.57
1.5
1.5
2.40
3.00
1.50
1.33
 	 1:0(0:0)  
101	02/10
17:00	 Sunderland
Manchester United	
+0.75
-0.75
1.90
1.85
 
 	
2.5
1.85
1.85
5.00
3.55
1.65
2.20
1.25
1.13
1.0
1.5
2.40
1.75
1.50
1.97
 	 0:0(0:0)  
102	02/10
17:00	 Tottenham Hotspur
Aston Villa	
-0.75
+0.75
2.02
1.72
 
 	
2.5
1.85
1.85
1.75
3.40
4.50
1.16
1.28
1.95
1.5
1.0
1.85
2.20
1.85
1.60
 	 2:1(1:1)  
103	02/10
17:00	 West Bromwich Albion
Bolton Wanderers	
0
0
1.50
2.45
  	
2.5
1.85
1.85
2.00
3.20
3.60
1.25
1.32
1.75
1.5
1.0
2.02
1.90
1.72
1.80
 	 1:1(0:0)  
104	02/10
17:00	 West Ham United
Fulham	
0
0
1.62
2.18
  	
2.5
2.10
1.68
2.25
3.25
2.95
1.35
1.31
1.57
1.5
1.5
2.40
3.00
1.50
1.33
 	 1:1(0:1)  
105	03/10
15:30	 Manchester City
Newcastle United	
-1.25
+1.25
1.90
1.80
 
 	
2.5
1.85
1.85
1.42
4.00
7.50
1.05
1.20
2.72
1.5
1.0
1.60
3.30
2.20
1.30
 	 2:1(1:1)  
107	03/10
18:00	 Chelsea
Arsenal London	
-0.75
+0.75
1.85
1.90
 
 	
2.5
1.85
1.85
1.65
3.55
5.00
1.13
1.25
2.20
1.5
1.0
1.75
2.30
1.97
1.55
 	 2:0(1:0)  
177	16/10
17:00	 Arsenal London
Birmingham City	
–1.5
+1.5
1.85
1.85
  	
2.75
1.75
 	
1.95
 	
1.26
5.10
11.00
1.01
1.12
3.60
2.5
1.0
2.25
3.50
1.57
1.26
 	 2:1(1:1)  
178	16/10
17:00	 Bolton Wanderers
Stoke City	
-0.25
+0.25
1.80
1.95
 
 	
2.25
1.80
 	
1.90
 	
2.10
3.25
3.30
1.30
1.31
1.68
1.5
1.0
2.25
1.95
1.57
1.75
 	 2:1(1:0)  
179	16/10
17:00	 Fulham
Tottenham Hotspur	
0
0
1.95
1.75
  	
2.25
1.80
 	
1.90
 	
2.70
3.20
2.45
1.47
1.32
1.40
1.5
1.5
2.70
2.45
1.40
1.47
 	 1:2(1:1)  
180	16/10
17:00	 Manchester United
West Bromwich Albion	
-1.75
+1.75
2.00
1.75
 
 	
2.5
1.55
2.30
1.26
5.00
10.50
1.02
1.13
3.65
2.5
1.0
2.15
3.35
1.65
1.29
 	 2:2(2:0)  
181	16/10
17:00	 Newcastle United
Wigan Athletic	
-0.75
+0.75
1.85
1.90
 
 	
2.5
1.85
1.85
1.65
3.55
5.00
1.13
1.25
2.20
1.5
1.0
1.75
2.40
1.97
1.50
 	 2:2(0:2)  
182	16/10
17:00	 Wolverhampton Wanderers
West Ham United	
-0.25
+0.25
2.00
1.75
 
 	
2.25
1.90
 	
1.80
 	
2.35
3.25
2.85
1.37
1.32
1.52
1.5
1.5
2.55
2.80
1.45
1.38
 	 1:1(1:0)  
183	16/10
19:30	 Aston Villa
Chelsea	
+0.75
-0.75
1.72
2.02
 
 	
2.5
1.85
1.85
4.50
3.40
1.75
1.95
1.28
1.16
1.0
1.5
2.20
1.85
1.60
1.85
 	 0:0(0:0)  
184	17/10
15:30	 Everton
Liverpool	
0
0
1.85
1.85
  	
2.25
1.85
 	
1.85
 	
2.60
3.25
2.60
1.44
1.30
1.44
1.5
1.5
2.60
2.60
1.44
1.44
 	 2:0(1:0)  
185	17/10
18:00	 Blackpool
Manchester City	
+1.0
–1.0
1.80
1.95
  	
2.5
1.72
2.02
5.85
3.75
1.55
2.30
1.23
1.09
1.0
1.5
2.40
1.62
1.50
2.20
 	 2:3(0:0)  
186	18/10
22:00	 Blackburn Rovers
Sunderland	
-0.75
+0.75
2.30
1.55
 
 	
2.25
1.80
 	
1.90
 	
1.95
3.25
3.75
1.23
1.31
1.75
1.5
1.0
2.10
2.20
1.68
1.60
 	 0:0(0:0) 
175	23/10
14:45	 Tottenham Hotspur
Everton	
-0.25
+0.25
1.80
1.95
 
 	
2.25
1.80
 	
1.90
 	
2.10
3.25
3.30
1.30
1.31
1.68
1.5
1.0
2.25
1.95
1.57
1.75
 	 1:1(1:1)  
176	23/10
17:00	 Birmingham City
Blackpool	
-0.25
+0.25
1.65
2.15
 
 	
2.5
1.85
1.85
1.95
3.30
3.70
1.24
1.30
1.80
1.5
1.0
1.95
1.95
1.75
1.75
 	 2:0(1:0)  
177	23/10
17:00	 Chelsea
Wolverhampton Wanderers	
–2.5
+2.5
1.95
1.77
  	
3.5
1.90
1.80
1.13
6.85
16.00
1.01
1.07
5.10
2.5
1.0
1.72
4.20
2.02
1.18
 	 2:0(1:0)  
178	23/10
17:00	 Sunderland
Aston Villa	
0
0
1.60
2.20
  	
2.25
1.90
 	
1.80
 	
2.20
3.25
3.05
1.33
1.31
1.60
1.5
1.5
2.40
3.10
1.50
1.32
 	 1:0(1:0)  
179	23/10
17:00	 West Bromwich Albion
Fulham	
-0.75
+0.75
2.30
1.55
 
 	
2.25
1.80
 	
1.90
 	
1.95
3.25
3.75
1.23
1.31
1.75
1.5
1.0
2.10
2.20
1.68
1.60
 	 2:1(2:1)  
180	23/10
17:00	 Wigan Athletic
Bolton Wanderers	
-0.25
+0.25
2.05
1.70
 
 	
2.25
1.90
 	
1.80
 	
2.40
3.20
2.80
1.38
1.32
1.50
1.5
1.5
2.55
2.80
1.45
1.38
 	 1:1(0:0)  
181	23/10
19:30	 West Ham United
Newcastle United	
-0.25
+0.25
1.95
1.75
 
 	
2.5
1.95
1.75
2.30
3.25
2.90
1.36
1.32
1.55
1.5
1.5
2.30
2.66
1.55
1.42
 	 1:2(1:1)  
182	24/10
15:30	 Stoke City
Manchester United	
+0.75
-0.75
1.90
1.85
 
 	
2.5
1.85
1.85
5.00
3.55
1.65
2.20
1.25
1.13
1.0
1.5
2.40
1.75
1.50
1.97
 	 1:2(0:1)  
183	24/10
17:00	 Liverpool
Blackburn Rovers	
-0.75
+0.75
1.80
1.90
 
 	
2.5
1.95
1.75
1.60
3.45
5.75
1.10
1.27
2.25
1.5
1.0
1.80
2.75
1.90
1.39
 	 2:1(0:0)  
184	24/10
18:00	 Manchester City
Arsenal London	
0
0
1.72
2.00
  	
2.5
1.85
1.85
2.45
3.20
2.75
1.39
1.32
1.47
1.5
1.5
2.25
2.40
1.57
1.50
 	 0:3(0:1)  
210	30/10
17:00	 Arsenal London
West Ham United	
–2.0
+2.0
1.85
1.90
  	
3.25
1.90
 	
1.80
 	
1.15
6.50
15.00
1.01
1.07
4.85
2.5
1.0
1.80
4.20
1.90
1.18
 	 1:0(0:0)  
211	30/10
17:00	 Blackburn Rovers
Chelsea	
+1.25
-1.25
1.75
1.95
 
 	
2.75
1.95
 	
1.75
 	
7.50
4.00
1.42
2.72
1.20
1.05
1.0
1.5
3.00
1.55
1.34
2.30
 	 1:2(1:1)  
212	30/10
17:00	 Everton
Stoke City	
–1.0
+1.0
1.90
1.85
  	
2.25
1.80
 	
1.90
 	
1.50
3.85
6.75
1.07
1.22
2.45
1.5
1.5
1.72
5.00
2.02
1.13
 	 1:0(0:0)  
213	30/10
17:00	 Fulham
Wigan Athletic	
-0.75
+0.75
2.00
1.75
 
 	
2.25
1.80
 	
1.90
 	
1.75
3.40
4.55
1.15
1.28
2.00
1.5
1.0
1.95
2.45
1.75
1.47
 	 2:0(2:0)  
214	30/10
17:00	 Wolverhampton Wanderers
Manchester City	
+0.75
-0.75
1.70
2.02
 
 	
2.25
1.80
 	
1.90
 	
4.35
3.35
1.80
1.95
1.29
1.17
1.0
1.5
2.45
1.95
1.47
1.75
 	 2:1(1:1)  
215	30/10
19:30	 Manchester United
Tottenham Hotspur	
–1.0
+1.0
1.90
1.85
  	
2.5
1.70
2.05
1.52
3.75
6.00
1.09
1.23
2.40
1.5
1.0
1.62
2.40
2.20
1.50
 	 2:0(1:0)  
216	31/10
14:00	 Aston Villa
Birmingham City	
-0.75
+0.75
2.10
1.68
 
 	
2.25
1.80
 	
1.90
 	
1.80
3.35
4.25
1.18
1.29
1.90
1.5
1.0
1.95
2.45
1.75
1.47
 	 0:0(0:0)  
217	31/10
18:00	 Bolton Wanderers
Liverpool	
0
0
2.20
1.60
  	
2.25
1.77
 	
1.93
 	
3.05
3.25
2.20
1.60
1.31
1.33
1.5
1.5
2.75
2.20
1.39
1.60
 	 0:1(0:0)  
218	31/10
15:30	 Newcastle United
Sunderland	
0
0
1.55
2.30
  	
2.5
1.90
1.80
2.10
3.30
3.25
1.31
1.30
1.68
1.5
1.5
2.15
2.85
1.65
1.36
 	 5:1(3:0)  
219	01/11
22:00	 Blackpool
West Bromwich Albion	
0
0
1.85
1.85
  	
2.5
1.85
1.85
2.60
3.20
2.60
1.44
1.32
1.44
1.5
1.5
2.38
2.38
1.52
1.52
 	 2:1(1:0)  
207	06/11
14:45	 Bolton Wanderers
Tottenham Hotspur	
+0.25
-0.25
1.75
1.95
 
 	
2.5
1.95
1.75
2.90
3.25
2.30
1.55
1.32
1.36
1.5
1.5
2.66
2.30
1.42
1.55
 	 4:2(1:0)  
208	06/11
17:00	 Birmingham City
West Ham United	
-0.75
+0.75
2.30
1.55
 
 	
2.25
1.85
 	
1.85
 	
1.95
3.25
3.70
1.24
1.32
1.75
1.5
1.0
2.20
2.30
1.60
1.55
 	 2:2(0:0)  
209	06/11
17:00	 Blackburn Rovers
Wigan Athletic	
-0.75
+0.75
1.95
1.80
 
 	
2.25
1.80
 	
1.90
 	
1.70
3.50
4.65
1.15
1.26
2.10
1.5
1.0
1.90
2.45
1.80
1.47
 	 2:1(0:0)  
210	06/11
17:00	 Blackpool
Everton	
+0.75
-0.75
1.72
2.02
 
 	
2.75
1.95
 	
1.75
 	
4.50
3.40
1.75
1.95
1.28
1.16
1.0
1.5
2.05
1.80
1.70
1.90
 	 2:2(1:1)  
211	06/11
17:00	 Fulham
Aston Villa	
-0.25
+0.25
1.75
1.95
 
 	
2.25
2.02
 	
1.72
 	
2.10
3.25
3.30
1.30
1.32
1.68
1.5
1.0
2.45
2.15
1.47
1.65
 	 1:1(0:1)  
212	06/11
17:00	 Manchester United
Wolverhampton Wanderers	
-1.75
+1.75
1.90
1.80
 
 	
2.75
1.80
 	
1.90
 	
1.23
5.50
11.00
1.01
1.11
3.90
1.5
1.0
1.38
4.40
2.82
1.16
 	 2:1(1:0)  
213	06/11
17:00	 Sunderland
Stoke City	
-0.25
+0.25
1.80
1.90
 
 	
2.0
1.80
1.90
2.10
3.25
3.30
1.30
1.31
1.68
1.5
1.0
2.45
2.30
1.47
1.55
 	 2:0(1:0)  
214	07/11
15:30	 Arsenal London
Newcastle United	
–1.5
+1.5
1.85
1.90
  	
3.0
1.85
1.85
1.26
5.10
11.00
1.01
1.12
3.60
2.5
1.0
2.15
3.35
1.65
1.29
 	 0:1(0:1)  
215	07/11
17:00	 West Bromwich Albion
Manchester City	
+0.25
-0.25
1.95
1.80
 
 	
2.5
1.85
1.85
3.30
3.25
2.10
1.68
1.31
1.30
1.0
1.5
1.80
2.10
1.90
1.68
 	 0:2(0:2)  
216	07/11
18:00	 Liverpool
Chelsea	
+0.25
-0.25
1.95
1.80
 
 	
2.25
1.80
 	
1.90
 	
3.30
3.25
2.10
1.68
1.31
1.30
1.0
1.5
1.95
2.25
1.75
1.57
 	 2:0(2:0)  
59	09/11
21:45	 Stoke City
Birmingham City	
-0.25
+0.25
1.77
1.95
 
 	
2.0
1.75
1.95
2.00
3.25
3.60
1.25
1.32
1.72
1.5
1.0
2.30
2.38
1.55
1.52
 	 3:2(1:0)  
60	09/11
22:00	 Tottenham Hotspur
Sunderland	
–1.0
+1.0
1.85
1.90
  	
2.5
1.85
1.85
1.50
3.75
6.50
1.07
1.23
2.50
1.5
1.0
1.65
3.00
2.20
1.34
 	 1:1(0:0)  
61	10/11
21:45	 Aston Villa
Blackpool	
-0.75
+0.75
1.80
1.95
 
 	
2.75
1.85
 	
1.85
 	
1.62
3.60
5.20
1.12
1.25
2.25
1.5
1.0
1.66
2.10
2.12
1.68
 	 3:2(1:1)  
62	10/11
21:45	 Chelsea
Fulham	
-1.75
+1.75
1.80
1.90
 
 	
2.75
1.75
 	
1.95
 	
1.22
5.60
11.00
1.01
1.11
4.10
1.5
1.0
1.38
4.10
2.82
1.19
 	 1:0(1:0)  
63	10/11
21:45	 Newcastle United
Blackburn Rovers	
-0.25
+0.25
1.65
2.15
 
 	
2.5
1.85
1.85
1.90
3.35
3.90
1.22
1.30
1.85
1.5
1.5
1.95
3.00
1.75
1.34
 	 1:2(0:1)  
64	10/11
21:45	 West Ham United
West Bromwich Albion	
-0.25
+0.25
1.95
1.75
 
 	
2.5
1.95
1.75
2.30
3.25
2.90
1.36
1.32
1.55
1.5
1.5
2.30
2.66
1.55
1.42
 	 2:2(1:1)  
65	10/11
21:45	 Wigan Athletic
Liverpool	
+0.75
-0.75
1.90
1.85
 
 	
2.25
1.85
 	
1.85
 	
5.10
3.50
1.65
2.20
1.26
1.13
1.0
1.5
3.00
1.90
1.34
1.80
 	 1:1(0:1)  
66	10/11
22:00	 Everton
Bolton Wanderers	
-0.75
+0.75
1.80
1.95
 
 	
2.5
1.95
1.75
1.60
3.50
5.75
1.10
1.26
2.25
1.5
1.0
1.80
2.75
1.90
1.39
 	 1:1(0:0)  
67	10/11
22:00	 Manchester City
Manchester United	
0
0
1.80
1.90
  	
2.25
1.77
 	
1.95
 	
2.50
3.30
2.65
1.42
1.30
1.45
1.5
1.5
2.50
2.66
1.45
1.42
 	 0:0(0:0)  
68	10/11
21:45	 Wolverhampton Wanderers
Arsenal London	
+0.75
-0.75
1.95
1.80
 
 	
2.5
1.80
1.90
5.80
3.50
1.60
2.30
1.26
1.10
1.0
1.5
2.40
1.72
1.50
2.02
 	 0:2(0:1)  
183	13/11
14:45	 Aston Villa
Manchester United	
+0.75
-0.75
1.90
1.85
 
 	
2.5
1.85
1.85
5.00
3.55
1.65
2.20
1.25
1.13
1.0
1.5
2.40
1.80
1.50
1.90
 	 2:2(0:0)  
184	13/11
17:00	 Manchester City
Birmingham City	
-1.25
+1.25
1.95
1.75
 
 	
2.75
1.95
 	
1.75
 	
1.42
4.00
7.50
1.05
1.20
2.72
1.5
1.0
1.55
3.00
2.30
1.34
 	 0:0(0:0)  
185	13/11
17:00	 Newcastle United
Fulham	
-0.75
+0.75
2.30
1.55
 
 	
2.25
1.80
 	
1.90
 	
1.95
3.25
3.75
1.23
1.31
1.75
1.5
1.0
2.10
2.20
1.68
1.60
 	 0:0(0:0)  
186	13/11
17:00	 Tottenham Hotspur
Blackburn Rovers	
-0.75
+0.75
1.80
1.95
 
 	
2.5
1.80
1.90
1.60
3.50
5.80
1.10
1.26
2.30
1.5
1.0
1.72
2.40
2.02
1.50
 	 4:2(2:0)  
187	13/11
17:00	 West Ham United
Blackpool	
-0.75
+0.75
2.02
1.72
 
 	
2.5
1.66
2.12
1.75
3.45
4.45
1.16
1.27
1.95
1.5
1.0
1.70
1.85
2.05
1.85
 	 0:0(0:0)  
188	13/11
17:00	 Wigan Athletic
West Bromwich Albion	
0
0
1.72
2.00
  	
2.5
1.85
1.85
2.45
3.20
2.75
1.39
1.32
1.47
1.5
1.5
2.25
2.40
1.57
1.50
 	 1:0(0:0)  
189	13/11
19:30	 Stoke City
Liverpool	
+0.25
-0.25
1.92
1.80
 
 	
2.0
1.75
1.95
3.40
3.30
2.10
1.68
1.30
1.28
1.0
1.5
2.30
2.45
1.55
1.47
 	 2:0(0:0)  
190	13/11
17:00	 Wolverhampton Wanderers
Bolton Wanderers	
0
0
1.70
2.05
  	
2.25
1.80
 	
1.90
 	
2.40
3.20
2.80
1.38
1.32
1.50
1.5
1.5
2.45
2.70
1.47
1.40
 	 2:3(0:1)  
191	14/11
16:00	 Everton
Arsenal London	
0
0
2.20
1.60
  	
2.5
1.95
1.75
3.05
3.30
2.20
1.60
1.30
1.33
1.5
1.5
2.75
2.20
1.39
1.60
 	 1:2(0:1)  
192	14/11
18:10	 Chelsea
Sunderland	
-1.75
+1.75
1.85
1.90
 
 	
2.75
1.75
 	
1.95
 	
1.22
5.60
11.50
1.01
1.11
4.10
1.5
1.0
1.38
4.10
2.82
1.19
 	 0:3(0:1) 
184	20/11
14:45	 Arsenal London
Tottenham Hotspur	
-0.75
+0.75
1.80
1.95
 
 	
2.75
1.80
 	
1.90
 	
1.65
3.60
5.00
1.13
1.25
2.20
1.5
1.0
1.62
2.10
2.20
1.68
 	 2:3(2:0)  
185	20/11
17:00	 Birmingham City
Chelsea	
+0.75
-0.75
1.95
1.80
 
 	
2.25
1.75
 	
1.95
 	
5.75
3.50
1.60
2.25
1.26
1.10
1.0
1.5
2.85
1.80
1.37
1.90
 	 1:0(1:0)  
186	20/11
17:00	 Blackpool
Wolverhampton Wanderers	
0
0
1.65
2.15
  	
2.5
1.70
2.05
2.35
3.30
2.75
1.39
1.30
1.52
1.5
1.5
2.12
2.38
1.66
1.52
 	 2:1(2:0)  
187	20/11
17:00	 Bolton Wanderers
Newcastle United	
-0.25
+0.25
1.80
1.95
 
 	
2.5
1.85
1.85
2.10
3.25
3.30
1.30
1.31
1.68
1.5
1.0
2.10
1.80
1.68
1.90
 	 5:1(2:0)  
188	20/11
17:00	 Manchester United
Wigan Athletic	
-1.75
+1.75
1.80
1.95
 
 	
2.75
1.75
 	
1.95
 	
1.22
5.60
11.00
1.01
1.11
4.10
1.5
1.0
1.38
4.10
2.82
1.19
 	 2:0(1:0)  
189	20/11
17:00	 West Bromwich Albion
Stoke City	
0
0
1.60
2.20
  	
2.5
1.95
1.75
2.20
3.25
3.05
1.33
1.31
1.60
1.5
1.5
2.20
2.75
1.60
1.39
 	 0:3(0:0)  
190	20/11
19:30	 Liverpool
West Ham United	
–1.0
+1.0
1.85
1.90
  	
2.5
1.90
1.80
1.50
3.85
6.50
1.07
1.24
2.45
1.5
1.0
1.68
3.00
2.10
1.34
 	 3:0(3:0)  
191	21/11
15:30	 Blackburn Rovers
Aston Villa	
0
0
1.60
2.20
  	
2.25
1.90
 	
1.80
 	
2.20
3.25
3.05
1.33
1.31
1.60
1.5
1.5
2.40
3.10
1.50
1.32
 	 2:0(1:0)  
192	21/11
18:00	 Fulham
Manchester City	
0
0
2.20
1.60
  	
2.25
1.90
 	
1.80
 	
3.05
3.25
2.20
1.60
1.31
1.33
1.5
1.5
3.10
2.40
1.32
1.50
 	 1:4(0:3)  
193	22/11
22:00	 Sunderland
Everton	
0
0
1.80
1.95
  	
2.0
1.75
1.95
2.55
3.20
2.65
1.42
1.32
1.45
1.0
1.0
1.85
1.92
1.85
1.80
 	 2:2(1:1)  
184	27/11
14:45	 Aston Villa
Arsenal London	
+0.25
-0.25
2.15
1.65
 
 	
2.5
1.85
1.85
3.70
3.30
1.95
1.80
1.30
1.24
1.0
1.5
1.95
1.95
1.75
1.75
 	 2:4(0:2)  
185	27/11
17:00	 Bolton Wanderers
Blackpool	
–1.0
+1.0
1.90
1.85
  	
2.5
1.57
2.25
1.55
3.75
5.75
1.10
1.24
2.35
1.5
1.0
1.55
2.02
2.30
1.72
 	 2:2(0:1)  
186	27/11
17:00	 Everton
West Bromwich Albion	
–1.0
+1.0
1.90
1.85
  	
2.5
1.90
1.80
1.52
3.75
6.25
1.08
1.23
2.45
1.5
1.0
1.68
3.00
2.10
1.34
 	 1:4(1:2)  
187	27/11
17:00	 Fulham
Birmingham City	
-0.75
+0.75
2.30
1.55
 
 	
2.25
1.90
 	
1.80
 	
1.95
3.30
3.70
1.24
1.30
1.75
1.5
1.0
2.20
2.38
1.60
1.52
 	 1:1(0:1)  
188	27/11
17:00	 Manchester United
Blackburn Rovers	
–1.5
+1.5
1.85
1.85
  	
2.75
1.75
 	
1.95
 	
1.26
5.10
11.00
1.01
1.12
3.65
2.5
1.0
2.25
3.50
1.57
1.26
 	 7:1(3:0)  
189	27/11
17:00	 Stoke City
Manchester City	
0
0
2.20
1.60
  	
2.25
1.90
 	
1.80
 	
3.05
3.25
2.20
1.60
1.31
1.33
1.5
1.5
3.10
2.40
1.32
1.50
 	 1:1(0:0)  
190	27/11
17:00	 West Ham United
Wigan Athletic	
-0.75
+0.75
2.30
1.55
 
 	
2.25
1.80
 	
1.90
 	
1.95
3.25
3.75
1.23
1.31
1.75
1.5
1.0
2.10
2.20
1.68
1.60
 	 3:1(1:0)  
191	27/11
17:00	 Wolverhampton Wanderers
Sunderland	
0
0
1.85
1.85
  	
2.25
1.85
 	
1.85
 	
2.60
3.25
2.60
1.44
1.30
1.44
1.5
1.5
2.60
2.60
1.44
1.44
 	 3:2(0:0)  
192	28/11
15:30	 Newcastle United
Chelsea	
+0.75
-0.75
1.95
1.80
 
 	
2.5
1.80
1.90
5.80
3.50
1.60
2.30
1.26
1.10
1.0
1.5
2.40
1.72
1.50
2.02
 	 1:1(1:1)  
193	28/11
18:00	 Tottenham Hotspur
Liverpool	
-0.25
+0.25
1.80
1.95
 
 	
2.5
1.85
1.85
2.10
3.25
3.30
1.30
1.31
1.68
1.5
1.0
2.10
1.80
1.68
1.90
 	 2:1(0:1)  
196	04/12
17:00	 Arsenal London
Fulham	
–1.5
+1.5
1.85
1.85
  	
2.75
1.75
 	
1.95
 	
1.25
5.20
11.00
1.01
1.12
3.65
2.5
1.0
2.25
3.50
1.57
1.26
 	 2:1(1:1)  
197	04/12
17:00	 Birmingham City
Tottenham Hotspur	
+0.25
-0.25
2.15
1.65
 
 	
2.5
1.85
1.85
3.70
3.30
1.95
1.80
1.30
1.24
1.0
1.5
1.95
1.95
1.75
1.75
 	 1:1(0:1)  
198	04/12
17:00	 Blackburn Rovers
Wolverhampton Wanderers	
-0.75
+0.75
2.02
1.72
 
 	
2.5
1.85
1.85
1.75
3.40
4.50
1.16
1.28
1.95
1.5
1.0
1.85
2.20
1.85
1.60
 	 3:0(2:0)  
199	04/12
17:00	 Chelsea
Everton	
-1.25
+1.25
1.80
1.90
 
 	
2.75
1.92
 	
1.80
 	
1.35
4.25
9.00
1.03
1.18
3.15
2.0
1.0
1.85
3.40
1.85
1.28
 	 1:1(1:0)  
200	04/12
17:00	 Manchester City
Bolton Wanderers	
–1.0
+1.0
1.82
1.90
  	
2.75
1.95
 	
1.75
 	
1.47
3.85
6.50
1.07
1.23
2.55
1.5
1.0
1.62
2.75
2.20
1.39
 	 1:0(1:0)  
201	04/12
17:00	 Wigan Athletic
Stoke City	
0
0
2.10
1.68
  	
2.0
1.75
1.95
2.85
3.20
2.35
1.52
1.32
1.37
1.5
1.5
2.90
2.70
1.36
1.40
 	 2:2(2:2)  
202	05/12
15:30	 West Bromwich Albion
Newcastle United	
-0.25
+0.25
1.80
1.95
 
 	
2.5
1.85
1.85
2.10
3.25
3.30
1.30
1.31
1.68
1.5
1.0
2.10
1.80
1.68
1.90
 	 3:1(1:0)  
203	05/12
18:00	 Sunderland
West Ham United	
-0.75
+0.75
2.00
1.75
 
 	
2.25
1.80
 	
1.90
 	
1.75
3.40
4.55
1.15
1.28
2.00
1.5
1.0
1.95
2.45
1.75
1.47
 	 1:0(1:0)  
204	06/12
22:00	 Liverpool
Aston Villa	
–1.0
+1.0
1.90
1.85
  	
2.5
1.90
1.80
1.52
3.75
6.50
1.07
1.23
2.45
1.5
1.0
1.68
3.00
2.10
1.34
 	 3:0(2:0)  
87	25/01
21:30	 Blackpool
Manchester United	
+1.5
–1.5
1.80
1.95
  	
3.0
1.85
1.85
9.00
4.50
1.32
3.20
1.16
1.03
1.0
2.0
2.75
1.70
1.39
2.05
 	 2:3(2:0)  
88	25/01
21:45	 Wigan Athletic
Aston Villa	
0
0
2.20
1.60
  	
2.5
1.95
1.75
3.05
3.25
2.20
1.60
1.31
1.33
1.5
1.5
2.75
2.20
1.39
1.60
 	 1:2(0:0)  
89	26/01
22:00	 Liverpool
Fulham	
–1.0
+1.0
1.90
1.85
  	
2.5
1.95
1.75
1.52
3.70
6.50
1.07
1.24
2.45
1.5
1.0
1.72
3.00
2.02
1.34
 	 1:0(0:0)
222	11/12
17:00	 Aston Villa
West Bromwich Albion	
-0.25
+0.25
1.95
1.75
 
 	
2.5
1.95
1.75
2.30
3.25
2.90
1.36
1.32
1.55
1.5
1.5
2.30
2.66
1.55
1.42
 	 2:1(1:0)  
223	11/12
17:00	 Everton
Wigan Athletic	
-1.25
+1.25
1.90
1.80
 
 	
2.5
1.85
1.85
1.42
4.00
7.50
1.05
1.20
2.72
1.5
1.0
1.60
3.30
2.20
1.30
 	 0:0(0:0)  
224	11/12
17:00	 Fulham
Sunderland	
-0.25
+0.25
1.80
1.95
 
 	
2.25
1.80
 	
1.90
 	
2.10
3.25
3.30
1.30
1.31
1.68
1.5
1.0
2.25
1.95
1.57
1.75
 	 0:0(0:0)  
225	11/12
17:00	 Stoke City
Blackpool	
–1.0
+1.0
1.95
1.80
  	
3.0
1.95
1.75
1.55
3.75
5.75
1.10
1.23
2.30
1.5
1.0
1.57
2.30
2.25
1.55
 	 0:1(0:0)  
226	11/12
17:00	 West Ham United
Manchester City	
+0.25
-0.25
2.15
1.65
 
 	
2.5
1.85
1.85
3.90
3.35
1.90
1.85
1.30
1.22
1.5
1.5
3.00
1.95
1.34
1.75
 	 1:3(0:1)  
227	11/12
19:30	 Newcastle United
Liverpool	
+0.25
-0.25
1.95
1.80
 
 	
2.25
1.80
 	
1.90
 	
3.35
3.25
2.10
1.68
1.31
1.30
1.0
1.5
1.95
2.25
1.75
1.57
 	 3:1(1:0)  
228	12/12
15:30	 Bolton Wanderers
Blackburn Rovers	
-0.25
+0.25
1.65
2.15
 
 	
2.5
1.85
1.85
1.95
3.30
3.70
1.24
1.30
1.80
1.5
1.0
1.95
1.95
1.75
1.75
 	 2:1(0:0)  
229	12/12
15:30	 Wolverhampton Wanderers
Birmingham City	
0
0
1.66
2.12
  	
2.5
2.10
1.68
2.35
3.25
2.85
1.37
1.32
1.52
1.5
1.5
2.45
2.85
1.47
1.36
 	 1:0(1:0)  
230	12/12
18:00	 Tottenham Hotspur
Chelsea	
0
0
2.05
1.70
  	
2.5
1.85
1.85
2.80
3.25
2.40
1.50
1.32
1.38
1.5
1.5
2.40
2.25
1.50
1.57
 	 1:1(1:0)  
231	13/12
22:00	 Manchester United
Arsenal London	
-0.25
+0.25
1.65
2.15
 
 	
2.5
1.85
1.85
1.95
3.30
3.70
1.24
1.30
1.80
1.5
1.0
1.95
1.95
1.75
1.75
 	 1:0(1:0)  
171	18/12
14:45	 Sunderland
Bolton Wanderers	
-0.25
+0.25
1.80
1.95
 
 	
2.25
1.80
 	
1.90
 	
2.10
3.25
3.30
1.30
1.31
1.68
1.5
1.0
2.25
1.95
1.57
1.75
 	 1:0(1:0)  
174	18/12
17:00	 Blackburn Rovers
West Ham United	
-0.75
+0.75
1.95
1.77
 
 	
2.5
1.85
1.85
1.72
3.45
4.65
1.15
1.28
2.02
1.5
1.0
1.85
2.20
1.85
1.60
 	 1:1(0:0)  
180	20/12
22:00	 Manchester City
Everton	
-0.75
+0.75
1.80
1.90
 
 	
2.5
1.95
1.75
1.62
3.45
5.50
1.11
1.27
2.20
1.5
1.0
1.80
2.60
1.90
1.44
 	 1:2(0:2) 
78	26/12
14:00	 Fulham
West Ham United	
-0.25
+0.25
1.65
2.15
 
 	
2.25
1.90
 	
1.80
 	
1.90
3.30
3.90
1.22
1.30
1.82
1.5
1.0
2.15
2.38
1.65
1.52
 	 1:3(1:2)  
79	26/12
17:00	 Blackburn Rovers
Stoke City	
-0.25
+0.25
2.05
1.70
 
 	
2.25
1.90
 	
1.80
 	
2.40
3.20
2.80
1.38
1.32
1.50
1.5
1.5
2.55
2.80
1.45
1.38
 	 0:2(0:0)  
81	26/12
17:00	 Bolton Wanderers
West Bromwich Albion	
-0.25
+0.25
1.65
2.15
 
 	
2.5
1.85
1.85
1.95
3.30
3.70
1.24
1.30
1.80
1.5
1.0
1.95
1.95
1.75
1.75
 	 2:0(1:0)  
83	26/12
17:00	 Manchester United
Sunderland	
-1.75
+1.75
1.90
1.85
 
 	
2.75
1.80
 	
1.90
 	
1.23
5.50
11.00
1.01
1.11
3.90
1.5
1.0
1.38
4.20
2.82
1.18
 	 2:0(1:0)  
84	26/12
17:00	 Newcastle United
Manchester City	
+0.25
-0.25
1.80
1.95
 
 	
2.5
1.85
1.85
2.90
3.30
2.30
1.55
1.30
1.36
1.5
1.5
2.45
2.15
1.47
1.65
 	 1:3(0:2)  
85	26/12
17:00	 Wolverhampton Wanderers
Wigan Athletic	
-0.75
+0.75
2.30
1.55
 
 	
2.25
1.80
 	
1.90
 	
1.95
3.25
3.75
1.23
1.31
1.75
1.5
1.0
2.10
2.20
1.68
1.60
 	 1:2(0:2)  
86	26/12
19:30	 Aston Villa
Tottenham Hotspur	
+0.25
-0.25
1.95
1.80
 
 	
2.5
1.80
1.92
3.30
3.25
2.10
1.68
1.31
1.30
1.0
1.5
1.80
2.10
1.90
1.68
 	 1:2(0:1)  
87	27/12
22:00	 Arsenal London
Chelsea	
0
0
1.85
1.85
  	
2.5
1.85
1.85
2.60
3.20
2.60
1.44
1.32
1.44
1.5
1.5
2.38
2.38
1.52
1.52
 	 3:1(1:0) 
71	28/12
17:00	 Manchester City
Aston Villa	
-1.25
+1.25
1.95
1.75
 
 	
2.75
1.95
 	
1.75
 	
1.42
4.00
7.50
1.05
1.20
2.72
1.5
1.0
1.55
3.00
2.30
1.34
 	 4:0(3:0)  
72	28/12
17:00	 Stoke City
Fulham	
-0.25
+0.25
1.60
2.25
 
 	
2.25
1.90
 	
1.80
 	
1.85
3.40
4.00
1.20
1.28
1.90
1.5
1.0
2.15
2.38
1.65
1.52
 	 0:2(0:2)  
73	28/12
17:00	 Sunderland
Blackpool	
–1.0
+1.0
1.95
1.80
  	
2.75
1.85
 	
1.85
 	
1.55
3.75
5.85
1.09
1.23
2.30
1.5
1.0
1.62
2.40
2.20
1.50
 	 0:2(0:0)  
74	28/12
17:00	 Tottenham Hotspur
Newcastle United	
–1.0
+1.0
1.85
1.85
  	
2.75
1.85
 	
1.85
 	
1.50
3.85
6.35
1.08
1.23
2.45
1.5
1.0
1.57
2.40
2.25
1.50
 	 2:0(0:0)  
76	28/12
19:30	 West Ham United
Everton	
+0.25
-0.25
1.95
1.80
 
 	
2.5
1.85
1.85
3.30
3.25
2.10
1.68
1.31
1.30
1.0
1.5
1.80
2.10
1.90
1.68
 	 1:1(1:1)  
77	28/12
22:00	 Birmingham City
Manchester United	
+1.25
-1.25
1.80
1.90
 
 	
2.5
1.85
1.85
7.50
4.00
1.42
2.72
1.20
1.05
1.0
1.5
3.30
1.60
1.30
2.20
 	 1:1(0:0)  
78	29/12
21:45	 Chelsea
Bolton Wanderers	
–1.5
+1.5
1.82
1.95
  	
2.75
1.75
 	
1.95
 	
1.26
5.10
11.00
1.01
1.12
3.65
2.5
1.0
2.20
3.50
1.60
1.26
 	 1:0(0:0)  
79	29/12
21:45	 Wigan Athletic
Arsenal London	
+1.25
-1.25
1.75
1.95
 
 	
2.75
1.95
 	
1.75
 	
7.50
4.00
1.42
2.72
1.20
1.05
1.0
1.5
2.85
1.55
1.36
2.30
 	 2:2(1:2)  
80	29/12
22:00	 Liverpool
Wolverhampton Wanderers	
–1.5
+1.5
1.85
1.90
  	
2.75
1.75
 	
1.95
 	
1.26
5.10
11.00
1.01
1.12
3.60
2.5
5.10
11.00
1.01
1.12
3.60
2.5
1.041	01/01
14:45	 West Bromwich Albion
Manchester United	
+0.75
-0.75
1.90
1.80
 
 	
2.5
1.80
1.90
5.75
3.50
1.60
2.25
1.26
1.10
1.0
1.5
2.40
1.72
1.50
2.02
 	 1:2(1:1)  
42	01/01
17:00	 Liverpool
Bolton Wanderers	
-0.75
+0.75
1.80
1.90
 
 	
2.25
1.85
 	
1.85
 	
1.60
3.50
5.75
1.10
1.27
2.25
1.5
1.0
1.85
2.95
1.85
1.35
 	 2:1(0:1)  
43	01/01
17:00	 Manchester City
Blackpool	
-1.75
+1.75
1.90
1.82
 
 	
3.0
1.77
1.95
1.24
5.25
11.00
1.01
1.13
3.75
2.5
1.0
2.10
3.30
1.68
1.30
 	 1:0(1:0)  
44	01/01
17:00	 Stoke City
Everton	
0
0
1.90
1.82
  	
2.0
1.75
1.95
2.65
3.15
2.55
1.45
1.32
1.42
1.0
1.0
1.92
1.85
1.80
1.85
 	 2:0(1:0)  
45	01/01
17:00	 Sunderland
Blackburn Rovers	
-0.75
+0.75
2.00
1.75
 
 	
2.25
1.80
 	
1.90
 	
1.75
3.40
4.55
1.15
1.28
2.00
1.5
1.0
1.95
2.45
1.75
1.47
 	 3:0(2:0)  
46	01/01
17:00	 Tottenham Hotspur
Fulham	
–1.0
+1.0
1.85
1.90
  	
2.5
1.85
1.85
1.50
3.85
6.50
1.07
1.23
2.50
1.5
1.0
1.65
2.95
2.15
1.35
 	 1:0(1:0)  
47	01/01
17:00	 West Ham United
Wolverhampton Wanderers	
-0.75
+0.75
2.30
1.55
 
 	
2.25
1.80
 	
1.90
 	
1.95
3.25
3.75
1.23
1.31
1.75
1.5
1.0
2.10
2.20
1.68
1.60
 	 2:0(0:0)  
48	01/01
19:30	 Birmingham City
Arsenal London	
+1.0
–1.0
1.80
1.95
  	
2.5
1.90
1.80
6.00
3.75
1.55
2.35
1.24
1.09
1.0
1.5
2.80
1.72
1.38
2.05
 	 0:3(0:1)  
49	02/01
15:30	 Chelsea
Aston Villa	
-1.75
+1.75
1.90
1.85
 
 	
2.75
1.80
 	
1.90
 	
1.23
5.50
11.00
1.01
1.11
3.90
1.5
1.0
1.38
4.40
2.82
1.16
 	 3:3(1:1)  
50	02/01
18:00	 Wigan Athletic
Newcastle United	
0
0
1.75
1.95
  	
2.25
1.80
 	
1.90
 	
2.45
3.25
2.70
1.40
1.32
1.47
1.5
1.5
2.45
2.70
1.47
1.40
 	 0:1(0:1)  
45	04/01
22:00	 Blackpool
Birmingham City	
0
0
1.60
2.20
  	
2.5
1.85
1.85
2.20
3.25
3.10
1.32
1.31
1.62
1.5
1.5
2.15
2.60
1.65
1.44
 	 1:2(0:1)  
46	04/01
22:00	 Fulham
West Bromwich Albion	
-0.25
+0.25
1.80
1.95
 
 	
2.25
1.80
 	
1.90
 	
2.10
3.30
3.35
1.29
1.30
1.68
1.5
1.0
2.25
1.95
1.57
1.75
 	 3:0(1:0)  
47	04/01
22:00	 Manchester United
Stoke City	
-1.25
+1.25
1.85
1.85
 
 	
2.75
1.95
 	
1.77
 	
1.35
4.50
8.70
1.04
1.16
3.10
2.0
1.0
1.85
3.30
1.85
1.30
 	 2:1(1:0)  
48	05/01
21:45	 Arsenal London
Manchester City	
-0.25
+0.25
1.60
2.25
 
 	
2.75
1.95
 	
1.75
 	
1.85
3.40
4.10
1.20
1.28
1.90
1.5
1.5
1.85
2.90
1.85
1.36
 	 0:0(0:0)  
49	05/01
21:45	 Aston Villa
Sunderland	
-0.25
+0.25
1.80
1.95
 
 	
2.25
1.80
 	
1.90
 	
2.10
3.25
3.30
1.30
1.31
1.68
1.5
1.0
2.25
1.95
1.57
1.75
 	 0:1(0:0)  
50	05/01
21:45	 Newcastle United
West Ham United	
-0.75
+0.75
2.02
1.72
 
 	
2.5
1.85
1.85
1.75
3.40
4.50
1.16
1.28
1.95
1.5
1.0
1.85
2.20
1.85
1.60
 	 5:0(3:0)  
51	05/01
21:45	 Wolverhampton Wanderers
Chelsea	
+1.0
–1.0
2.00
1.75
  	
2.75
1.95
 	
1.75
 	
7.50
4.00
1.42
2.72
1.20
1.05
1.0
1.5
3.00
1.55
1.34
2.30
 	 1:0(1:0)  
52	05/01
22:00	 Blackburn Rovers
Liverpool	
+0.75
-0.75
1.55
2.30
 
 	
2.25
1.80
 	
1.90
 	
3.75
3.25
1.95
1.75
1.31
1.23
1.0
1.5
2.20
2.10
1.60
1.68
 	 3:1(2:0)  
53	05/01
22:00	 Bolton Wanderers
Wigan Athletic	
-0.75
+0.75
2.00
1.75
 
 	
2.25
1.80
 	
1.90
 	
1.75
3.40
4.55
1.15
1.28
2.00
1.5
1.0
1.95
2.45
1.75
1.47
 	 1:1(0:0)  
54	05/01
22:00	 Everton
Tottenham Hotspur	
0
0
1.85
1.85
  	
2.5
1.85
1.85
2.60
3.20
2.60
1.44
1.32
1.44
1.5
1.5
2.38
2.38
1.52
1.52
 	 2:1(1:1)  
146	15/01
17:00	 Chelsea
Blackburn Rovers	
-1.75
+1.75
1.85
1.85
 
 	
2.75
1.75
 	
1.95
 	
1.22
5.50
11.00
1.01
1.11
4.00
1.5
1.0
1.38
4.00
2.82
1.20
 	 2:0(0:0)  
148	15/01
17:00	 Stoke City
Bolton Wanderers	
-0.25
+0.25
1.80
1.95
 
 	
2.25
1.85
 	
1.85
 	
2.10
3.25
3.30
1.30
1.31
1.68
1.5
1.0
2.25
1.95
1.57
1.75
 	 2:0(1:0)  
149	15/01
17:00	 West Bromwich Albion
Blackpool	
-0.75
+0.75
1.90
1.80
 
 	
2.5
1.60
2.10
1.70
3.55
4.55
1.15
1.27
2.05
1.5
1.0
1.68
1.80
2.10
1.90
 	 3:2(1:1)  
150	15/01
17:00	 Wigan Athletic
Fulham	
0
0
1.90
1.82
  	
2.25
1.95
 	
1.75
 	
2.65
3.20
2.55
1.45
1.33
1.42
1.0
1.0
1.85
1.80
1.85
1.90
 	 1:1(0:0)  
151	15/01
19:30	 West Ham United
Arsenal London	
+1.25
-1.25
1.75
1.95
 
 	
2.75
1.85
 	
1.85
 	
7.50
4.00
1.42
2.72
1.20
1.05
1.0
1.5
2.85
1.55
1.36
2.30
 	 0:3(0:2)  
152	16/01
14:00	 Birmingham City
Aston Villa	
-0.25
+0.25
2.05
1.70
 
 	
2.25
1.90
 	
1.80
 	
2.40
3.20
2.80
1.38
1.32
1.50
1.5
1.5
2.55
2.80
1.45
1.38
 	 1:1(0:0)  
153	16/01
14:00	 Sunderland
Newcastle United	
-0.75
+0.75
2.30
1.55
 
 	
2.25
1.80
 	
1.90
 	
1.95
3.25
3.75
1.23
1.31
1.75
1.5
1.0
2.10
2.20
1.68
1.60
 	 1:1(0:0)  
154	16/01
16:05	 Liverpool
Everton	
-0.25
+0.25
1.80
1.95
 
 	
2.25
1.80
 	
1.90
 	
2.10
3.25
3.30
1.30
1.31
1.68
1.5
1.0
2.25
1.95
1.57
1.75
 	 2:2(1:0)  
155	16/01
18:10	 Tottenham Hotspur
Manchester United	
0
0
2.00
1.75
  	
2.5
1.85
1.85
2.70
3.25
2.45
1.47
1.32
1.40
1.5
1.5
2.40
2.25
1.50
1.57
 	 0:0(0:0)  
136	22/01
14:45	 Wolverhampton Wanderers
Liverpool	
+0.25
-0.25
1.70
2.05
 
 	
2.25
1.90
 	
1.80
 	
2.80
3.20
2.40
1.50
1.32
1.38
1.5
1.5
2.80
2.55
1.38
1.45
 	 0:3(0:1)  
137	22/01
17:00	 Arsenal London
Wigan Athletic	
–2.0
+2.0
1.85
1.85
  	
3.0
1.75
1.95
1.16
6.50
14.50
1.01
1.07
4.70
2.5
1.0
1.90
4.70
1.80
1.15
 	 3:0(1:0)  
138	22/01
19:30	 Aston Villa
Manchester City	
0
0
2.20
1.60
  	
2.5
1.85
1.85
3.10
3.25
2.20
1.62
1.31
1.32
1.5
1.5
2.60
2.15
1.44
1.65
 	 1:0(1:0)  
139	22/01
17:00	 Blackpool
Sunderland	
0
0
1.72
2.00
  	
2.5
1.85
1.85
2.45
3.25
2.70
1.40
1.32
1.47
1.5
1.5
2.25
2.40
1.57
1.50
 	 1:2(0:2)  
140	22/01
17:00	 Everton
West Ham United	
–1.0
+1.0
1.80
1.95
  	
2.5
1.85
1.85
1.47
3.85
6.60
1.07
1.23
2.55
1.5
1.0
1.65
2.95
2.15
1.35
 	 2:2(0:1)  
141	22/01
17:00	 Fulham
Stoke City	
0
0
1.52
2.38
  	
2.25
1.90
 	
1.80
 	
2.10
3.25
3.25
1.31
1.31
1.65
1.5
1.5
2.40
3.10
1.50
1.32
 	 2:0(1:0)  
142	22/01
17:00	 Manchester United
Birmingham City	
-1.75
+1.75
1.80
1.95
 
 	
2.5
1.65
2.15
1.18
6.00
12.50
1.01
1.09
4.40
2.5
1.0
2.15
5.25
1.65
1.12
 	 5:0(3:0)  
143	22/01
17:00	 Newcastle United
Tottenham Hotspur	
0
0
2.20
1.60
  	
2.5
1.85
1.85
3.10
3.25
2.20
1.62
1.31
1.32
1.5
1.5
2.60
2.15
1.44
1.65
 	 1:1(0:0)  
144	23/01
18:00	 Blackburn Rovers
West Bromwich Albion	
0
0
1.60
2.20
  	
2.5
1.85
1.85
2.20
3.25
3.10
1.32
1.31
1.62
1.5
1.5
2.15
2.60
1.65
1.44
 	 2:0(1:0)  
145	24/01
22:00	 Bolton Wanderers
Chelsea	
+0.75
-0.75
1.90
1.80
 
 	
2.5
1.80
1.90
5.70
3.55
1.60
2.25
1.25
1.10
1.0
1.5
2.40
1.72
1.50
2.02
 	 0:4(0:2) 
68	01/02
21:45	 Arsenal London
Everton	
-1.25
+1.25
1.95
1.75
 
 	
2.75
1.95
 	
1.75
 	
1.42
4.00
7.50
1.05
1.20
2.72
1.5
1.0
1.55
3.00
2.30
1.34
 	 2:1(0:1)  
69	01/02
21:45	 Sunderland
Chelsea	
+0.75
-0.75
1.90
1.85
 
 	
2.5
1.85
1.85
5.00
3.55
1.65
2.20
1.25
1.13
1.0
1.5
2.40
1.75
1.50
1.97
 	 2:4(2:2)  
70	01/02
22:00	 Manchester United
Aston Villa	
–1.5
+1.5
1.95
1.77
  	
2.75
1.75
 	
1.95
 	
1.31
4.70
9.00
1.03
1.16
3.35
2.0
1.0
1.75
2.75
2.00
1.39
 	 3:1(2:0)  
71	01/02
22:00	 West Bromwich Albion
Wigan Athletic	
-0.75
+0.75
1.85
1.90
 
 	
2.5
1.85
1.85
1.65
3.55
5.00
1.13
1.25
2.20
1.5
1.0
1.75
2.40
1.97
1.50
 	 2:2(1:2)  
72	02/02
21:45	 Birmingham City
Manchester City	
+0.75
-0.75
1.75
2.00
 
 	
2.25
1.80
 	
1.90
 	
4.40
3.45
1.75
1.97
1.27
1.16
1.0
1.5
2.45
1.95
1.47
1.75
 	 2:2(1:2)  
73	02/02
22:00	 Blackburn Rovers
Tottenham Hotspur	
0
0
2.20
1.60
  	
2.5
1.95
1.75
3.05
3.25
2.20
1.60
1.31
1.33
1.5
1.5
2.75
2.20
1.39
1.60
 	 0:1(0:1)  
74	02/02
22:00	 Blackpool
West Ham United	
0
0
1.66
2.12
  	
2.75
1.85
 	
1.85
 	
2.35
3.30
2.80
1.38
1.30
1.52
1.5
1.5
2.10
2.30
1.68
1.55
 	 1:3(1:3)  
75	02/02
22:00	 Bolton Wanderers
Wolverhampton Wanderers	
-0.75
+0.75
2.02
1.72
 
 	
2.5
1.85
1.85
1.75
3.45
4.35
1.17
1.27
1.95
1.5
1.0
1.85
2.20
1.85
1.60
 	 1:0(0:0)  
76	02/02
22:00	 Fulham
Newcastle United	
-0.75
+0.75
2.30
1.55
 
 	
2.25
1.80
 	
1.90
 	
1.95
3.25
3.75
1.23
1.31
1.75
1.5
1.0
2.10
2.20
1.68
1.60
 	 1:0(0:0)  
77	02/02
22:00	 Liverpool
Stoke City	
-0.75
+0.75
1.80
2.00
 
 	
2.5
1.95
1.75
1.60
3.55
5.60
1.11
1.25
2.25
1.5
1.0
1.80
2.75
1.90
1.39
 	 2:0(0:0) 
132	05/02
14:45	 Stoke City
Sunderland	
-0.75
+0.75
2.30
1.55
 
 	
2.25
1.90
 	
1.80
 	
1.95
3.35
3.60
1.25
1.32
1.75
1.5
1.0
2.20
2.38
1.60
1.52
 	 3:2(1:1)  
133	05/02
17:00	 Aston Villa
Fulham	
-0.25
+0.25
1.65
2.15
 
 	
2.25
1.90
 	
1.80
 	
1.90
3.30
3.90
1.22
1.30
1.82
1.5
1.0
2.15
2.38
1.65
1.52
 	 2:2(1:0)  
134	05/02
17:00	 Everton
Blackpool	
-1.25
+1.25
1.80
1.90
 
 	
3.0
1.90
1.80
1.35
4.35
8.50
1.04
1.18
3.15
2.0
1.0
1.75
2.70
1.95
1.40
 	 5:3(1:1)  
135	05/02
17:00	 Manchester City
West Bromwich Albion	
-1.25
+1.25
1.90
1.80
 
 	
2.75
1.80
 	
1.90
 	
1.42
4.00
7.50
1.05
1.20
2.72
1.5
1.0
1.47
2.50
2.45
1.45
 	 3:0(3:0)  
136	05/02
17:00	 Newcastle United
Arsenal London	
+0.75
-0.75
1.72
2.02
 
 	
2.5
1.85
1.85
4.50
3.40
1.75
1.95
1.28
1.16
1.0
1.5
2.20
1.85
1.60
1.85
 	 4:4(0:4)  
137	05/02
17:00	 Tottenham Hotspur
Bolton Wanderers	
–1.0
+1.0
1.95
1.80
  	
2.5
1.85
1.85
1.55
3.75
6.00
1.09
1.24
2.35
1.5
1.0
1.65
2.80
2.15
1.38
 	 2:1(1:0)  
138	05/02
17:00	 Wigan Athletic
Blackburn Rovers	
0
0
1.80
1.90
  	
2.5
2.10
1.68
2.50
3.20
2.65
1.42
1.32
1.45
1.5
1.5
2.60
2.70
1.43
1.40
 	 4:3(1:1)  
139	05/02
19:30	 Wolverhampton Wanderers
Manchester United	
+1.25
-1.25
1.75
1.95
 
 	
2.75
1.95
 	
1.75
 	
7.50
4.00
1.42
2.72
1.20
1.05
1.0
1.5
3.00
1.55
1.34
2.30
 	 2:1(2:1)  
140	06/02
15:30	 West Ham United
Birmingham City	
-0.75
+0.75
2.30
1.55
 
 	
2.25
1.80
 	
1.90
 	
1.95
3.25
3.75
1.23
1.31
1.75
1.5
1.0
2.10
2.20
1.68
1.60
 	 0:1(0:0)  
141	06/02
18:00	 Chelsea
Liverpool	
–1.0
+1.0
1.95
1.80
  	
2.5
1.92
1.80
1.55
3.75
6.00
1.09
1.24
2.35
1.5
1.0
1.72
2.80
2.05
1.38
 	 0:1(0:0) 
137	12/02
14:45	 Manchester United
Manchester City	
-0.75
+0.75
2.12
1.66
 
 	
2.5
1.95
1.75
1.80
3.40
4.35
1.18
1.28
1.90
1.5
1.0
1.90
2.15
1.80
1.65
 	 2:1(1:0)  
138	12/02
17:00	 Arsenal London
Wolverhampton Wanderers	
-1.75
+1.75
1.90
1.82
 
 	
3.0
1.85
1.85
1.22
5.50
11.00
1.01
1.11
4.00
1.5
1.0
1.36
3.85
2.90
1.22
 	 2:0(1:0)  
139	12/02
17:00	 Birmingham City
Stoke City	
-0.25
+0.25
2.05
1.70
 
 	
2.25
1.90
 	
1.80
 	
2.40
3.25
2.75
1.39
1.31
1.50
1.5
1.5
2.55
2.80
1.45
1.38
 	 1:0(0:0)  
140	12/02
17:00	 Blackburn Rovers
Newcastle United	
0
0
1.60
2.20
  	
2.5
1.85
1.85
2.20
3.25
3.10
1.32
1.31
1.62
1.5
1.5
2.15
2.60
1.65
1.44
 	 0:0(0:0)  
141	12/02
17:00	 Blackpool
Aston Villa	
0
0
2.25
1.57
  	
3.0
1.90
1.80
3.15
3.25
2.15
1.65
1.31
1.32
1.5
1.5
2.25
1.90
1.57
1.80
 	 1:1(1:1)  
142	12/02
17:00	 Liverpool
Wigan Athletic	
-1.25
+1.25
1.90
1.80
 
 	
2.5
1.85
1.85
1.42
4.00
7.50
1.05
1.20
2.72
1.5
1.0
1.60
3.30
2.20
1.30
 	 1:1(1:0)  
143	12/02
19:30	 Sunderland
Tottenham Hotspur	
0
0
1.75
1.95
  	
2.25
1.85
 	
1.90
 	
2.45
3.20
2.70
1.40
1.32
1.47
1.5
1.5
2.45
2.70
1.47
1.40
 	 1:2(1:1)  
144	12/02
17:00	 West Bromwich Albion
West Ham United	
-0.75
+0.75
2.02
1.72
 
 	
2.75
1.95
 	
1.75
 	
1.75
3.40
4.50
1.16
1.28
1.95
1.5
1.0
1.80
2.05
1.90
1.70
 	 3:3(3:0)  
145	13/02
18:00	 Bolton Wanderers
Everton	
0
0
1.90
1.80
  	
2.25
1.77
 	
1.95
 	
2.65
3.30
2.50
1.45
1.30
1.42
1.5
1.5
2.66
2.50
1.42
1.45
 	 2:0(1:0)  
146	14/02
22:00	 Fulham
Chelsea	
+0.75
-0.75
1.75
2.00
 
 	
2.25
1.80
 	
1.90
 	
4.55
3.40
1.75
2.00
1.28
1.15
1.0
1.5
2.45
1.95
1.47
1.75
 	 0:0(0:0) 
139	26/02
17:00	 Aston Villa
Blackburn Rovers	
-0.75
+0.75
2.02
1.72
 
 	
2.5
1.85
1.85
1.75
3.40
4.50
1.16
1.28
1.95
1.5
1.0
1.85
2.20
1.85
1.60
 	 4:1(0:0)  
140	26/02
17:00	 Everton
Sunderland	
-0.75
+0.75
1.85
1.90
 
 	
2.5
1.85
1.85
1.65
3.55
5.00
1.13
1.25
2.20
1.5
1.0
1.75
2.40
1.97
1.50
 	 2:0(2:0)  
141	26/02
17:00	 Newcastle United
Bolton Wanderers	
-0.25
+0.25
1.65
2.15
 
 	
2.5
1.85
1.85
1.90
3.35
3.90
1.22
1.30
1.85
1.5
1.5
1.95
3.00
1.75
1.34
 	 1:1(1:1)  
142	26/02
17:00	 Wigan Athletic
Manchester United	
+1.0
–1.0
1.85
1.90
  	
2.5
1.90
1.80
6.50
3.75
1.50
2.45
1.23
1.07
1.0
1.5
3.00
1.68
1.34
2.10
 	 0:4(0:1)  
143	26/02
17:00	 Wolverhampton Wanderers
Blackpool	
-0.75
+0.75
1.85
1.90
 
 	
2.75
1.85
 	
1.85
 	
1.65
3.55
5.00
1.13
1.25
2.20
1.5
1.0
1.66
2.10
2.12
1.68
 	 4:0(1:0)  
144	27/02
15:30	 West Ham United
Liverpool	
+0.25
-0.25
1.95
1.80
 
 	
2.25
1.80
 	
1.90
 	
3.30
3.25
2.10
1.68
1.31
1.30
1.0
1.5
1.95
2.25
1.75
1.57
 	 3:1(2:0)  
145	27/02
17:00	 Manchester City
Fulham	
–1.0
+1.0
1.90
1.85
  	
2.5
1.90
1.80
1.50
3.75
6.50
1.07
1.23
2.45
1.5
1.0
1.68
3.00
2.10
1.34
 	 1:1(1:0)  
146	28/02
22:00	 Stoke City
West Bromwich Albion	
-0.25
+0.25
1.60
2.25
 
 	
2.5
1.95
1.75
1.85
3.45
4.00
1.20
1.27
1.85
1.5
1.5
1.95
2.95
1.75
1.35
 	 1:1(0:0)  
164	05/03
14:45	 Birmingham City
West Bromwich Albion	
-0.25
+0.25
2.05
1.70
 
 	
2.25
1.90
 	
1.80
 	
2.40
3.25
2.80
1.38
1.32
1.50
1.5
1.5
2.55
2.80
1.45
1.38
 	 1:3(0:0)  
165	05/03
17:00	 Arsenal London
Sunderland	
-1.25
+1.25
1.85
1.90
 
 	
2.75
1.85
 	
1.85
 	
1.38
4.35
7.75
1.05
1.17
2.85
1.5
1.0
1.47
3.00
2.50
1.35
 	 0:0(0:0)  
166	05/03
17:00	 Bolton Wanderers
Aston Villa	
-0.25
+0.25
1.80
1.95
 
 	
2.5
1.85
1.85
2.10
3.25
3.30
1.30
1.31
1.68
1.5
1.0
2.10
1.80
1.68
1.90
 	 3:2(1:1)  
167	05/03
17:00	 Fulham
Blackburn Rovers	
-0.75
+0.75
1.80
1.95
 
 	
2.5
1.95
1.75
1.60
3.55
5.50
1.11
1.25
2.20
1.5
1.0
1.80
2.75
1.90
1.39
 	 3:2(1:1)  
168	05/03
17:00	 Newcastle United
Everton	
0
0
1.80
1.95
  	
2.25
1.95
 	
1.75
 	
2.55
3.20
2.65
1.42
1.33
1.45
1.0
1.0
1.80
1.85
1.90
1.85
 	 1:2(1:2)  
169	05/03
17:00	 West Ham United
Stoke City	
-0.25
+0.25
1.77
1.97
 
 	
2.25
1.80
 	
1.90
 	
2.05
3.25
3.40
1.28
1.31
1.72
1.5
1.0
2.25
1.95
1.57
1.75
 	 3:0(2:0)  
170	05/03
19:30	 Manchester City
Wigan Athletic	
–1.5
+1.5
1.85
1.85
  	
2.75
1.95
 	
1.75
 	
1.30
4.80
9.50
1.03
1.14
3.50
2.0
1.0
1.85
3.75
1.85
1.23
 	 1:0(1:0)  
171	06/03
15:30	 Liverpool
Manchester United	
0
0
1.85
1.85
  	
2.25
1.85
 	
1.85
 	
2.60
3.20
2.60
1.44
1.32
1.44
1.5
1.5
2.60
2.60
1.44
1.44
 	 3:1(2:0)  
172	06/03
18:00	 Wolverhampton Wanderers
Tottenham Hotspur	
0
0
1.95
1.75
  	
2.25
1.80
 	
1.90
 	
2.70
3.25
2.45
1.47
1.31
1.40
1.5
1.5
2.70
2.45
1.40
1.47
 	 3:3(2:2)  
173	07/03
22:00	 Blackpool
Chelsea	
+1.5
–1.5
1.85
1.85
  	
3.0
1.80
1.90
10.50
5.20
1.26
3.60
1.12
1.02
1.0
2.5
3.35
2.15
1.29
1.65
 	 1:3(0:1) 
135	19/03
14:45	 Tottenham Hotspur
West Ham United	
–1.0
+1.0
2.00
1.75
  	
2.75
1.85
 	
1.85
 	
1.57
3.65
5.50
1.11
1.25
2.30
1.5
1.0
1.65
2.20
2.15
1.60
 	 0:0(0:0)  
136	19/03
17:00	 Aston Villa
Wolverhampton Wanderers	
-0.25
+0.25
1.60
2.25
 
 	
2.75
1.95
 	
1.75
 	
1.85
3.40
4.00
1.20
1.28
1.90
1.5
1.5
1.85
3.00
1.85
1.34
 	 0:1(0:1)  
137	19/03
17:00	 Blackburn Rovers
Blackpool	
-0.75
+0.75
1.97
1.75
 
 	
3.0
1.90
1.80
1.72
3.50
4.55
1.16
1.26
2.05
1.5
1.0
1.60
1.75
2.20
1.95
 	 2:2(0:2)  
138	19/03
17:00	 Manchester United
Bolton Wanderers	
-1.25
+1.25
1.80
1.90
 
 	
2.75
1.75
 	
1.95
 	
1.35
4.25
9.00
1.03
1.18
3.15
2.0
1.0
1.80
2.75
1.90
1.39
 	 1:0(0:0)  
139	19/03
17:00	 Stoke City
Newcastle United	
-0.25
+0.25
1.75
2.00
 
 	
2.25
1.90
 	
1.80
 	
2.05
3.30
3.40
1.28
1.30
1.70
1.5
1.0
2.25
2.15
1.57
1.65
 	 4:0(1:0)  
140	19/03
17:00	 West Bromwich Albion
Arsenal London	
+0.75
-0.75
1.72
2.02
 
 	
2.75
1.95
 	
1.75
 	
4.50
3.40
1.75
1.95
1.28
1.16
1.0
1.5
2.05
1.80
1.70
1.90
 	 2:2(1:0)  
141	19/03
17:00	 Wigan Athletic
Birmingham City	
0
0
1.60
2.20
  	
2.25
1.90
 	
1.80
 	
2.20
3.25
3.05
1.33
1.31
1.60
1.5
1.5
2.40
3.10
1.50
1.32
 	 2:1(1:1)  
142	19/03
19:30	 Everton
Fulham	
-0.25
+0.25
1.65
2.15
 
 	
2.25
1.90
 	
1.80
 	
1.90
3.30
3.90
1.22
1.30
1.82
1.5
1.0
2.15
2.38
1.65
1.52
 	 2:1(1:0)  
143	20/03
15:30	 Sunderland
Liverpool	
0
0
1.95
1.80
  	
2.25
1.95
 	
1.75
 	
2.65
3.20
2.55
1.45
1.33
1.42
1.0
1.0
1.85
1.80
1.85
1.90
 	 0:2(0:1)  
144	20/03
18:00	 Chelsea
Manchester City	
-0.75
+0.75
1.80
1.95
 
 	
2.5
1.95
1.75
1.60
3.55
5.65
1.11
1.25
2.25
1.5
1.0
1.80
2.75
1.90
1.39
 	 2:0(0:0) 
173	02/04
14:45	 West Ham United
Manchester United	
+0.25
-0.25
2.25
1.60
 
 	
2.5
1.95
1.75
3.85
3.45
1.85
1.85
1.27
1.22
1.5
1.5
2.95
1.95
1.35
1.75
 	 2:4(2:0)  
174	02/04
17:00	 Birmingham City
Bolton Wanderers	
0
0
1.68
2.10
  	
2.25
1.85
 	
1.85
 	
2.40
3.25
2.75
1.38
1.32
1.50
1.5
1.5
2.45
2.70
1.47
1.40
 	 2:1(1:0)  
175	02/04
17:00	 Everton
Aston Villa	
-0.25
+0.25
1.65
2.20
 
 	
2.5
1.85
1.85
1.90
3.40
3.75
1.24
1.28
1.85
1.5
1.5
1.95
3.00
1.75
1.34
 	 2:2(1:0)  
176	02/04
17:00	 Newcastle United
Wolverhampton Wanderers	
-0.25
+0.25
1.65
2.15
 
 	
2.5
1.85
1.85
1.90
3.35
3.90
1.22
1.30
1.85
1.5
1.5
1.95
3.00
1.75
1.34
 	 4:1(2:0)  
177	02/04
17:00	 Stoke City
Chelsea	
+0.75
-0.75
1.90
1.80
 
 	
2.25
1.85
 	
1.85
 	
5.75
3.45
1.60
2.25
1.27
1.10
1.0
1.5
2.95
1.85
1.35
1.85
 	 1:1(1:1)  
178	02/04
17:00	 West Bromwich Albion
Liverpool	
0
0
2.25
1.57
  	
2.5
1.95
1.75
3.05
3.25
2.20
1.60
1.31
1.33
1.5
1.5
2.75
2.20
1.39
1.60
 	 2:1(0:0)  
179	02/04
17:00	 Wigan Athletic
Tottenham Hotspur	
+0.25
-0.25
1.80
1.95
 
 	
2.5
1.80
1.90
2.90
3.30
2.30
1.55
1.30
1.36
1.5
1.5
2.45
2.15
1.47
1.65
 	 0:0(0:0)  
180	02/04
19:30	 Arsenal London
Blackburn Rovers	
-1.75
+1.75
1.90
1.85
 
 	
3.0
1.77
1.95
1.23
5.20
11.50
1.01
1.12
3.85
2.5
1.0
2.05
3.30
1.70
1.30
 	 0:0(0:0)  
181	03/04
15:30	 Fulham
Blackpool	
–1.0
+1.0
1.80
1.95
  	
2.75
1.75
 	
1.95
 	
1.47
3.90
6.50
1.07
1.22
2.55
1.5
1.0
1.55
2.25
2.30
1.57
 	 3:0(2:0)  
182	03/04
18:00	 Manchester City
Sunderland	
–1.0
+1.0
1.85
1.90
  	
2.5
1.85
1.85
1.50
3.85
6.50
1.07
1.23
2.50
1.5
1.0
1.65
2.95
2.15
1.35
 	 5:0(2:0)
103	09/04
14:45	 Wolverhampton Wanderers
Everton	
-0.25
+0.25
2.05
1.70
 
 	
2.25
1.90
 	
1.80
 	
2.40
3.20
2.80
1.38
1.32
1.50
1.5
1.5
2.55
2.80
1.45
1.38
 	 0:3(0:3)  
104	09/04
17:00	 Blackburn Rovers
Birmingham City	
-0.25
+0.25
1.60
2.25
 
 	
2.25
1.80
 	
1.90
 	
1.85
3.35
4.00
1.20
1.30
1.85
1.5
1.5
2.02
3.50
1.72
1.26
 	 1:1(1:1)  
105	09/04
17:00	 Bolton Wanderers
West Ham United	
-0.25
+0.25
1.95
1.75
 
 	
2.5
1.95
1.75
2.30
3.25
2.90
1.36
1.32
1.55
1.5
1.5
2.30
2.66
1.55
1.42
 	 3:0(2:0)  
106	09/04
17:00	 Chelsea
Wigan Athletic	
-1.75
+1.75
1.85
1.85
 
 	
3.0
1.77
1.95
1.22
5.60
11.00
1.01
1.10
4.00
2.5
1.0
2.02
3.60
1.72
1.25
 	 1:0(0:0)  
107	09/04
17:00	 Manchester United
Fulham	
–1.0
+1.0
1.80
1.95
  	
2.75
1.95
 	
1.75
 	
1.47
3.85
6.50
1.07
1.22
2.55
1.5
1.0
1.60
2.75
2.25
1.39
 	 2:0(2:0)  
108	09/04
17:00	 Sunderland
West Bromwich Albion	
0
0
1.60
2.20
  	
2.5
1.95
1.75
2.20
3.25
3.05
1.33
1.31
1.60
1.5
1.5
2.20
2.75
1.60
1.39
 	 2:3(2:1)  
109	09/04
17:00	 Tottenham Hotspur
Stoke City	
-0.75
+0.75
1.85
1.90
 
 	
2.5
1.95
1.75
1.65
3.45
5.20
1.12
1.27
2.20
1.5
1.0
1.80
2.66
1.90
1.42
 	 3:2(3:2)  
110	10/04
15:30	 Blackpool
Arsenal London	
+1.25
-1.25
2.00
1.75
 
 	
3.5
2.05
1.70
8.25
4.50
1.35
3.10
1.16
1.05
1.0
2.0
2.40
1.60
1.50
2.20
 	 1:3(0:2)  
111	10/04
18:00	 Aston Villa
Newcastle United	
-0.75
+0.75
2.02
1.72
 
 	
2.5
1.85
1.85
1.75
3.40
4.50
1.16
1.28
1.95
1.5
1.0
1.85
2.20
1.85
1.60
 	 1:0(1:0)  
112	11/04
22:00	 Liverpool
Manchester City	
0
0
1.80
1.90
  	
2.25
1.77
 	
1.95
 	
2.50
3.30
2.65
1.42
1.30
1.45
1.5
1.5
2.50
2.66
1.45
1.42
 	 3:0(3:0)
163	16/04
17:00	 Birmingham City
Sunderland	
-0.25
+0.25
1.75
2.00
 
 	
2.25
1.90
 	
1.80
 	
2.05
3.30
3.40
1.28
1.30
1.70
1.5
1.0
2.25
2.15
1.57
1.65
 	 2:0(1:0)  
164	16/04
17:00	 Blackpool
Wigan Athletic	
0
0
1.68
2.10
  	
2.75
1.90
 	
1.80
 	
2.35
3.30
2.75
1.39
1.30
1.52
1.5
1.5
2.10
2.30
1.68
1.55
 	 1:3(0:2)  
165	16/04
17:00	 Everton
Blackburn Rovers	
-0.75
+0.75
1.85
1.90
 
 	
2.5
1.85
1.85
1.65
3.55
5.00
1.13
1.25
2.20
1.5
1.0
1.75
2.40
1.97
1.50
 	 2:0(0:0)  
166	16/04
17:00	 West Bromwich Albion
Chelsea	
+0.75
-0.75
1.90
1.85
 
 	
2.5
1.85
1.85
5.00
3.55
1.65
2.20
1.25
1.13
1.0
1.5
2.40
1.75
1.50
1.97
 	 1:3(1:3)  
167	16/04
17:00	 West Ham United
Aston Villa	
-0.25
+0.25
1.95
1.75
 
 	
2.5
1.95
1.75
2.30
3.25
2.90
1.36
1.32
1.55
1.5
1.5
2.30
2.66
1.55
1.42
 	 1:2(1:1)  
168	17/04
18:00	 Arsenal London
Liverpool	
-0.75
+0.75
2.00
1.75
 
 	
2.5
1.85
1.85
1.75
3.45
4.50
1.16
1.27
1.97
1.5
1.0
1.85
2.20
1.85
1.60
 	 1:1(0:0) 
158	23/04
14:45	 Manchester United
Everton	
–1.0
+1.0
1.85
1.90
  	
2.5
1.85
1.85
1.50
3.85
6.50
1.07
1.23
2.50
1.5
1.0
1.65
2.95
2.15
1.35
 	 1:0(0:0)  
159	23/04
17:00	 Aston Villa
Stoke City	
0
0
1.50
2.45
  	
2.5
1.95
1.75
2.00
3.30
3.55
1.25
1.32
1.72
1.0
1.0
1.40
1.95
2.70
1.75
 	 1:1(1:1)  
160	23/04
17:00	 Blackpool
Newcastle United	
0
0
2.15
1.65
  	
2.75
1.80
 	
1.90
 	
2.80
3.30
2.35
1.52
1.30
1.38
1.5
1.5
2.30
2.10
1.55
1.68
 	 1:1(1:1)  
161	23/04
17:00	 Liverpool
Birmingham City	
–1.0
+1.0
1.85
1.90
  	
2.5
1.85
1.85
1.50
3.85
6.50
1.07
1.23
2.50
1.5
1.0
1.65
2.95
2.15
1.35
 	 5:0(2:0)  
162	23/04
17:00	 Sunderland
Wigan Athletic	
-0.25
+0.25
1.80
1.95
 
 	
2.25
1.80
 	
1.90
 	
2.10
3.25
3.30
1.30
1.31
1.68
1.5
1.0
2.25
1.95
1.57
1.75
 	 4:2(0:0)  
163	23/04
17:00	 Tottenham Hotspur
West Bromwich Albion	
–1.0
+1.0
1.95
1.77
  	
2.75
1.85
 	
1.85
 	
1.57
3.80
5.25
1.12
1.23
2.30
1.5
1.0
1.60
2.20
2.25
1.60
 	 2:2(1:1)  
164	23/04
17:00	 Wolverhampton Wanderers
Fulham	
0
0
1.77
1.95
  	
2.25
1.77
 	
1.95
 	
2.45
3.30
2.65
1.42
1.30
1.47
1.5
1.5
2.50
2.66
1.45
1.42
 	 1:1(1:0)  
165	23/04
19:30	 Chelsea
West Ham United	
–2.0
+2.0
1.95
1.80
  	
3.0
1.70
2.05
1.22
5.85
12.00
1.01
1.10
4.00
2.5
1.0
1.90
3.45
1.82
1.27
 	 3:0(1:0)  
166	25/04
22:00	 Blackburn Rovers
Manchester City	
0
0
2.50
1.47
  	
2.5
1.95
1.75
3.60
3.30
2.00
1.75
1.30
1.25
1.0
1.0
1.95
1.40
1.75
2.70
 	 0:1(0:0)  
167	24/04
18:00	 Bolton Wanderers
Arsenal London	
+0.75
-0.75
1.90
1.85
 
 	
2.75
1.85
 	
1.85
 	
5.00
3.55
1.65
2.20
1.25
1.13
1.0
1.5
2.10
1.66
1.68
2.12
 	 2:1(1:0)
142	30/04
17:00	 Blackburn Rovers
Bolton Wanderers	
-0.25
+0.25
1.65
2.15
 
 	
2.5
1.85
1.85
1.90
3.35
3.85
1.22
1.30
1.85
1.5
1.5
1.95
3.00
1.75
1.34
 	 1:0(1:0)  
143	30/04
17:00	 Blackpool
Stoke City	
0
0
1.90
1.80
  	
2.75
1.90
 	
1.80
 	
2.60
3.30
2.50
1.45
1.30
1.44
1.5
1.5
2.25
2.20
1.57
1.60
 	 0:0(0:0)  
144	30/04
17:00	 Sunderland
Fulham	
0
0
1.95
1.80
  	
2.25
1.95
 	
1.75
 	
2.65
3.15
2.55
1.45
1.33
1.42
1.0
1.0
1.85
1.80
1.85
1.90
 	 0:3(0:1)  
145	30/04
17:00	 West Bromwich Albion
Aston Villa	
-0.25
+0.25
2.00
1.75
 
 	
2.5
1.87
1.87
2.40
3.25
2.85
1.37
1.32
1.50
1.0
1.0
1.50
1.62
2.40
2.18
 	 2:1(0:1)  
146	30/04
17:00	 Wigan Athletic
Everton	
+0.25
-0.25
1.75
1.95
 
 	
2.5
1.95
1.75
2.90
3.25
2.30
1.55
1.32
1.36
1.5
1.5
2.66
2.30
1.42
1.55
 	 1:1(1:0)  
147	30/04
19:30	 Chelsea
Tottenham Hotspur	
-1.25
+1.25
1.95
1.77
 
 	
2.75
1.80
 	
1.90
 	
1.42
4.20
7.25
1.06
1.18
2.72
1.5
1.0
1.47
2.50
2.45
1.45
 	 2:1(1:1)  
148	01/05
14:00	 Birmingham City
Wolverhampton Wanderers	
-0.25
+0.25
1.80
1.95
 
 	
2.25
1.80
 	
1.90
 	
2.10
3.30
3.35
1.29
1.30
1.68
1.5
1.0
2.25
1.95
1.57
1.75
 	 1:1(1:1)  
149	01/05
14:00	 Liverpool
Newcastle United	
-1.25
+1.25
1.95
1.75
 
 	
2.75
1.95
 	
1.75
 	
1.42
4.00
7.50
1.05
1.20
2.72
1.5
1.0
1.55
3.00
2.30
1.34
 	 3:0(1:0)  
150	01/05
16:05	 Arsenal London
Manchester United	
0
0
1.80
1.90
  	
2.25
1.77
 	
1.95
 	
2.50
3.30
2.65
1.42
1.30
1.45
1.5
1.5
2.50
2.66
1.45
1.42
 	 1:0(0:0)  
151	01/05
18:10	 Manchester City
West Ham United	
-1.25
+1.25
1.80
1.95
 
 	
2.75
1.75
 	
1.95
 	
1.35
4.35
8.75
1.03
1.18
3.10
2.0
1.0
1.80
2.75
1.90
1.39
 	 2:1(2:1) 
106	07/05
17:00	 Aston Villa
Wigan Athletic	
-0.75
+0.75
2.02
1.72
 
 	
2.75
1.95
 	
1.75
 	
1.75
3.50
4.35
1.17
1.26
1.95
1.5
1.0
1.80
2.05
1.90
1.70
 	 1:1(1:1)  
107	07/05
17:00	 Bolton Wanderers
Sunderland	
-0.75
+0.75
1.85
1.90
 
 	
2.5
1.85
1.85
1.65
3.55
5.00
1.13
1.25
2.20
1.5
1.0
1.75
2.40
1.97
1.50
 	 1:2(0:1)  
108	07/05
17:00	 Everton
Manchester City	
0
0
1.72
2.02
  	
2.25
2.00
 	
1.75
 	
2.50
3.25
2.65
1.42
1.32
1.45
1.5
1.5
2.70
2.90
1.40
1.36
 	 2:1(0:1)  
109	07/05
17:00	 Newcastle United
Birmingham City	
-0.75
+0.75
2.00
1.75
 
 	
2.25
1.80
 	
1.90
 	
1.75
3.40
4.55
1.15
1.28
2.00
1.5
1.0
1.95
2.45
1.75
1.47
 	 2:1(2:1)  
110	07/05
17:00	 West Ham United
Blackburn Rovers	
-0.25
+0.25
1.75
2.00
 
 	
2.5
1.80
1.90
2.05
3.30
3.40
1.28
1.30
1.70
1.5
1.0
2.10
1.80
1.68
1.90
 	 1:1(0:1)  
111	07/05
19:30	 Tottenham Hotspur
Blackpool	
-1.75
+1.75
2.00
1.75
 
 	
3.0
1.68
2.10
1.26
5.40
9.00
1.03
1.11
3.70
2.5
1.0
1.95
2.90
1.75
1.36
 	 1:1(0:0)  
112	08/05
14:00	 Wolverhampton Wanderers
West Bromwich Albion	
-0.25
+0.25
1.75
2.00
 
 	
2.5
1.85
1.85
2.05
3.30
3.40
1.28
1.30
1.70
1.5
1.0
2.10
1.80
1.68
1.90
 	 3:1(2:0)  
113	08/05
16:05	 Stoke City
Arsenal London	
+0.75
-0.75
1.90
1.85
 
 	
2.5
1.85
1.85
5.00
3.55
1.65
2.20
1.25
1.13
1.0
1.5
2.40
1.75
1.50
1.97
 	 3:1(2:0)  
114	08/05
18:10	 Manchester United
Chelsea	
0
0
1.60
2.25
  	
2.25
1.85
 	
1.85
 	
2.25
3.30
3.05
1.33
1.30
1.57
1.5
1.5
2.40
2.95
1.50
1.35
 	 2:1(2:0)  
115	09/05
22:00	 Fulham
Liverpool	
+0.25
-0.25
1.72
2.00
 
 	
2.25
1.90
 	
1.80
 	
2.80
3.25
2.40
1.50
1.32
1.38
1.5
1.5
2.80
2.55
1.38
1.45
 	 2:5(0:3) 
106	14/05
14:45	 Blackburn Rovers
Manchester United	
+0.75
-0.75
1.90
1.85
 
 	
2.5
1.85
1.85
5.20
3.45
1.65
2.20
1.27
1.13
1.0
1.5
2.40
1.75
1.50
1.97
 	 1:1(1:0)  
107	14/05
14:45	 Blackpool
Bolton Wanderers	
-0.25
+0.25
1.75
2.00
 
 	
2.75
1.80
 	
1.90
 	
2.00
3.40
3.45
1.28
1.28
1.75
1.5
1.5
1.85
2.40
1.85
1.50
 	 4:3(3:2)  
108	14/05
14:45	 Sunderland
Wolverhampton Wanderers	
+0.25
-0.25
1.75
1.95
 
 	
2.5
1.95
1.75
2.90
3.25
2.30
1.55
1.32
1.36
1.5
1.5
2.66
2.30
1.42
1.55
 	 1:3(1:1)  
109	14/05
14:45	 West Bromwich Albion
Everton	
0
0
1.85
1.85
  	
2.5
1.77
1.95
2.60
3.30
2.60
1.44
1.30
1.44
1.5
1.5
2.30
2.30
1.55
1.55
 	 1:0(1:0)  
110	15/05
15:30	 Chelsea
Newcastle United	
-1.75
+1.75
1.80
1.95
 
 	
3.0
1.75
1.97
1.20
5.85
12.50
1.01
1.10
4.00
2.5
1.0
1.95
3.45
1.77
1.27
 	 2:2(1:1)  
111	15/05
18:00	 Arsenal London
Aston Villa	
-1.25
+1.25
1.75
2.00
 
 	
2.75
1.75
 	
1.95
 	
1.35
4.35
8.75
1.03
1.17
3.15
2.0
1.0
1.80
2.75
1.90
1.39
 	 1:2(0:2)  
112	15/05
18:00	 Birmingham City
Fulham	
-0.25
+0.25
1.80
1.95
 
 	
2.25
1.80
 	
1.90
 	
2.10
3.30
3.30
1.30
1.30
1.68
1.5
1.0
2.25
1.95
1.57
1.75
 	 0:2(0:1)  
113	15/05
18:00	 Liverpool
Tottenham Hotspur	
-0.75
+0.75
1.85
1.90
 
 	
2.75
1.95
 	
1.75
 	
1.65
3.55
5.00
1.13
1.25
2.20
1.5
1.0
1.70
2.25
2.05
1.57
 	 0:2(0:1)  
114	15/05
18:00	 Wigan Athletic
West Ham United	
-0.25
+0.25
1.75
2.00
 
 	
2.5
1.85
1.85
2.05
3.40
3.30
1.30
1.28
1.70
1.5
1.0
2.10
1.80
1.68
1.90
 	 3:2(0:2)  
97	22/05
18:00	 Aston Villa
Liverpool	
+0.25
-0.25
1.95
1.80
 
 	
2.75
1.90
 	
1.80
 	
3.25
3.30
2.10
1.68
1.31
1.32
1.5
1.5
2.50
1.95
1.45
1.75
 	 1:0(1:0)  
98	22/05
18:00	 Bolton Wanderers
Manchester City	
+0.75
-0.75
1.90
1.85
 
 	
2.75
1.85
 	
1.85
 	
5.00
3.55
1.65
2.20
1.25
1.13
1.0
1.5
2.10
1.66
1.68
2.12
 	 0:2(0:1)  
99	22/05
18:00	 Everton
Chelsea	
+0.25
-0.25
1.80
1.95
 
 	
2.5
1.80
1.90
2.90
3.30
2.30
1.55
1.30
1.36
1.5
1.5
2.45
2.15
1.47
1.65
 	 1:0(0:0)  
100	22/05
18:00	 Fulham
Arsenal London	
+0.25
-0.25
2.15
1.65
 
 	
2.75
1.85
 	
1.85
 	
3.65
3.45
1.90
1.85
1.28
1.24
1.0
1.5
1.80
1.85
1.90
1.85
 	 2:2(1:1)  
101	22/05
18:00	 Manchester United
Blackpool	
-1.25
+1.25
1.90
1.82
 
 	
3.0
1.72
2.02
1.42
4.50
6.25
1.09
1.16
2.68
1.5
1.0
1.45
2.20
2.60
1.60
 	 4:2(1:1)  
102	22/05
18:00	 Newcastle United
West Bromwich Albion	
-0.25
+0.25
1.65
2.15
 
 	
2.75
1.90
 	
1.80
 	
1.95
3.35
3.60
1.25
1.30
1.77
1.5
1.0
1.85
1.80
1.85
1.90
 	 3:3(2:0)  
104	22/05
18:00	 Tottenham Hotspur
Birmingham City	
-0.75
+0.75
1.75
1.97
 
 	
2.75
1.95
 	
1.77
 	
1.57
3.65
5.50
1.11
1.25
2.25
1.5
1.0
1.70
2.30
2.05
1.55
 	 2:1(0:0)  
105	22/05
18:00	 West Ham United
Sunderland	
-0.25
+0.25
1.62
2.20
 
 	
2.75
1.80
 	
1.90
 	
1.90
3.45
3.70
1.24
1.28
1.82
1.5
1.0
1.85
1.80
1.85
1.90
 	 0:3(0:1)  
106	22/05
18:00	 Wolverhampton Wanderers
Blackburn Rovers	
0
0
1.60
2.20
  	
2.25
1.90
 	
1.80
 	
2.25
3.15
3.05
1.33
1.33
1.60
1.5
1.5
2.40
3.10
1.50
1.32
 	 2:3(0:3)
85	01/11
22:00	 Blackpool
West Bromwich Albion	
0
0
2.05
1.70
2.75
1.90
 	
1.80
 	
2.75
3.30
2.35
1.52
1.30
1.39
1.5
1.5
2.35
2.10
1.52
1.68
 	 2:1(1:0)  
210	06/11
17:00	 Blackpool
Everton	
+0.75
-0.75
1.72
2.02
 
 	
2.75
1.95
 	
1.75
 	
4.50
3.40
1.75
1.95
1.28
1.16
1.0
1.5
2.05
1.80
1.70
1.90
 	 2:2(1:1) 
187	13/11
17:00	 West Ham United
Blackpool	
-0.75
+0.75
2.02
1.72
 
 	
2.5
1.66
2.12
1.75
3.45
4.45
1.16
1.27
1.95
1.5
1.0
1.70
1.85
2.05
1.85
 	 0:0(0:0) 
186	20/11
17:00	 Blackpool
Wolverhampton Wanderers	
0
0
1.65
2.15
  	
2.5
1.70
2.05
2.35
3.30
2.75
1.39
1.30
1.52
1.5
1.5
2.12
2.38
1.66
1.52
 	 2:1(2:0)  
185	27/11
17:00	 Bolton Wanderers
Blackpool	
–1.0
+1.0
1.90
1.85
  	
2.5
1.57
2.25
1.55
3.75
5.75
1.10
1.24
2.35
1.5
1.0
1.55
2.02
2.30
1.72
 	 2:2(0:1) 
225	11/12
17:00	 Stoke City
Blackpool	
–1.0
+1.0
1.95
1.80
  	
3.0
1.95
1.75
1.55
3.75
5.75
1.10
1.23
2.30
1.5
1.0
1.57
2.30
2.25
1.55
 	 0:1(0:0) 
73	28/12
17:00	 Sunderland
Blackpool	
–1.0
+1.0
1.95
1.80
  	
2.75
1.85
 	
1.85
 	
1.55
3.75
5.85
1.09
1.23
2.30
1.5
1.0
1.62
2.40
2.20
1.50
 	 0:2(0:0) 
43	01/01
17:00	 Manchester City
Blackpool	
-1.75
+1.75
1.90
1.82
 
 	
3.0
1.77
1.95
1.24
5.25
11.00
1.01
1.13
3.75
2.5
1.0
2.10
3.30
1.68
1.30
 	 1:0(1:0)  
45	04/01
22:00	 Blackpool
Birmingham City	
0
0
1.60
2.20
  	
2.5
1.85
1.85
2.20
3.25
3.10
1.32
1.31
1.62
1.5
1.5
2.15
2.60
1.65
1.44
 	 1:2(0:1)  
84	12/01
22:00	 Blackpool
Liverpool	
+0.25
-0.25
2.20
1.65
 
 	
2.5
1.85
1.85
3.75
3.40
1.90
1.85
1.28
1.24
1.5
1.5
3.00
1.95
1.34
1.75
 	 2:1(1:1) 
149	15/01
17:00	 West Bromwich Albion
Blackpool	
-0.75
+0.75
1.90
1.80
 
 	
2.5
1.60
2.10
1.70
3.55
4.55
1.15
1.27
2.05
1.5
1.0
1.68
1.80
2.10
1.90
 	 3:2(1:1) 
139	22/01
17:00	 Blackpool
Sunderland	
0
0
1.72
2.00
  	
2.5
1.85
1.85
2.45
3.25
2.70
1.40
1.32
1.47
1.5
1.5
2.25
2.40
1.57
1.50
 	 1:2(0:2)
87	25/01
21:30	 Blackpool
Manchester United	
+1.5
–1.5
1.80
1.95
  	
3.0
1.85
1.85
9.00
4.50
1.32
3.20
1.16
1.03
1.0
2.0
2.75
1.70
1.39
2.05
 	 2:3(2:0)  
107	15/02
21:45	 Birmingham City
Newcastle United	
-0.25
+0.25
2.05
1.70
 
 	
2.25
1.90
 	
1.80
 	
2.40
3.20
2.80
1.38
1.32
1.50
1.5
1.5
2.55
2.80
1.45
1.38
 	 0:2(0:1) 
93	20/02
14:00	 West Bromwich Albion
Wolverhampton Wanderers	
-0.25
+0.25
1.80
1.95
 
 	
2.5
1.85
1.85
2.10
3.25
3.30
1.30
1.31
1.68
1.5
1.0
2.10
1.80
1.68
1.90
 	 1:1(0:1) 
94	22/02
22:00	 Blackpool
Tottenham Hotspur	
+0.75
-0.75
1.75
1.97
 
 	
3.0
1.77
1.95
4.55
3.50
1.72
2.05
1.26
1.16
1.0
1.5
1.72
1.60
2.02
2.20
 	 3:1(2:0)  
95	23/02
21:45	 Arsenal London
Stoke City	
–1.5
+1.5
1.85
1.90
  	
2.75
1.75
 	
1.95
 	
1.26
5.10
11.00
1.01
1.12
3.65
2.5
1.0
2.20
3.50
1.60
1.26
 	 1:0(1:0)  
82	01/03
21:45	 Chelsea
Manchester United	
0
0
1.58
2.30
2.25
1.85
 	
1.85
 	
2.20
3.25
3.20
1.32
1.31
1.62
1.5
1.5
2.40
2.95
1.50
1.35
 	 2:1(0:1)
120	09/03
22:00	 Everton
Birmingham City	
–1.0
+1.0
1.85
1.90
  	
2.5
1.95
1.75
1.50
3.70
6.70
1.07
1.24
2.50
1.5
1.0
1.72
3.00
2.02
1.34
 	 1:1(1:1)  
107	19/04
21:45	 Newcastle United
Manchester United	
+0.75
-0.75
2.00
1.80
 
 	
2.5
1.85
1.85
5.20
3.60
1.60
2.25
1.25
1.12
1.0
1.5
2.40
1.70
1.50
2.05
 	 0:0(0:0)  
108	20/04
21:45	 Chelsea
Birmingham City	
-1.75
+1.75
1.80
1.95
 
 	
3.0
1.77
1.95
1.22
5.65
11.00
1.01
1.10
4.10
2.5
1.0
2.02
3.70
1.72
1.24
 	 3:1(2:0)  
109	20/04
21:45	 Tottenham Hotspur
Arsenal London	
0
0
1.95
1.77
  	
2.75
1.95
 	
1.75
 	
2.65
3.30
2.45
1.47
1.30
1.42
1.5
1.5
2.30
2.20
1.55
1.60
 	 3:3(2:3) 
113	26/04
21:45	 Stoke City
Wolverhampton Wanderers	
-0.75
+0.75
2.00
1.75
 
 	
2.25
1.77
 	
1.95
 	
1.75
3.40
4.55
1.15
1.28
2.00
1.5
1.0
1.95
2.45
1.75
1.47
 	 3:0(2:0)  
114	27/04
22:00	 Fulham
Bolton Wanderers	
-0.75
+0.75
2.00
1.75
 
 	
2.25
1.80
 	
1.90
 	
1.75
3.40
4.55
1.15
1.28
2.00
1.5
1.0
1.95
2.45
1.75
1.47
 	 3:0(1:0) 
95	10/05
21:45	 Manchester City
Tottenham Hotspur	
-0.25
+0.25
1.60
2.25
 
 	
2.5
1.95
1.75
1.85
3.45
4.00
1.20
1.27
1.85
1.5
1.5
1.95
2.95
1.75
1.35
 	 1:0(1:0) 
98	17/05
21:45	 Manchester City
Stoke City	
-1.25
+1.25
1.90
1.85
 
 	
2.5
1.85
1.85
1.40
4.25
7.50
1.05
1.18
2.85
1.5
1.0
1.60
3.30
2.20
1.30
 	 3:0(1:0) 