628	03/10
21:30	 KVC Westerlo
KAA Gent	
+0.25
-0.25
1.75
2.00
 
 	
2.75
1.90
 	
1.85
 	
2.85
3.40
2.35
1.55
1.29
1.39
1.5
1.5
2.35
2.10
1.55
1.70
 	 0:0(0:0)  
629	04/10
19:00	 Charleroi
KV Kortrijk	
-0.25
+0.25
1.72
2.05
 
 	
2.5
1.90
1.85
2.00
3.30
3.70
1.25
1.30
1.75
1.5
1.0
2.00
1.95
1.75
1.80
 	 0:2(0:2)  
630	04/10
21:00	 Mouscron-Peruwelz
Mechelen	
-0.25
+0.25
2.05
1.72
 
 	
2.5
1.85
1.90
2.40
3.25
2.90
1.38
1.31
1.53
1.5
1.0
2.15
1.62
1.65
2.20
 	 1:1(0:0)  
631	04/10
21:00	 Lierse
Zulte-Waregem	
+0.25
-0.25
1.90
1.85
 
 	
2.5
1.80
1.95
3.25
3.35
2.15
1.65
1.29
1.31
1.0
1.5
1.80
2.00
1.95
1.75
 	 3:1(1:1)  
632	04/10
21:00	 Waasland-Beveren
Cercle Brugge	
-0.25
+0.25
1.75
2.00
 
 	
2.5
1.95
1.80
2.00
3.40
3.60
1.26
1.29
1.75
1.5
1.0
2.05
2.00
1.72
1.75
 	 1:0(0:0)  
633	05/10
15:30	 Club Brugge KV
Standard	
-0.75
+0.75
2.10
1.70
 
 	
2.5
1.80
1.95
1.85
3.60
4.00
1.22
1.26
1.90
1.5
1.0
1.85
1.95
1.90
1.80
 	 3:0(1:0)  
634	05/10
19:00	 RSC Anderlecht
KRC Genk	
–1.0
+1.0
1.85
1.90
  	
3.0
1.95
1.80
1.50
4.20
6.00
1.11
1.20
2.50
2.0
1.0
1.90
2.30
1.85
1.57
 	 0:0(0:0)  
635	05/10
21:00	 Lokeren
KV Oostende	
-0.25
+0.25
1.62
2.20
 
 	
2.5
1.87
1.87
1.85
3.55
4.00
1.22
1.27
1.90
1.5
1.0
1.95
2.00
1.80
1.75
 	 3:1(0:1)  
854	18/10
19:00	 Mechelen
RSC Anderlecht	
+0.75
-0.75
1.72
2.05
 
 	
2.75
1.85
 	
1.90
 	
3.80
3.70
1.85
1.90
1.24
1.23
1.0
1.5
1.90
1.72
1.85
2.05
 	 1:1(1:0)  
855	18/10
21:00	 KV Oostende
Mouscron-Peruwelz	
-0.25
+0.25
1.62
2.20
 
 	
2.5
1.90
1.85
1.85
3.65
3.90
1.23
1.25
1.90
1.5
1.0
1.95
2.00
1.80
1.75
 	 0:0(0:0)  
856	18/10
21:00	 KV Kortrijk
Waasland-Beveren	
-0.75
+0.75
2.00
1.75
 
 	
2.5
1.90
1.85
1.75
3.60
4.50
1.18
1.26
2.00
1.5
1.0
1.85
2.30
1.90
1.57
 	 2:1(1:0)  
857	18/10
21:00	 Cercle Brugge
Lierse	
-0.25
+0.25
1.80
1.95
 
 	
2.5
1.95
1.80
2.10
3.35
3.40
1.29
1.30
1.70
1.5
1.0
2.10
1.90
1.70
1.85
 	 1:2(1:1)  
858	18/10
21:30	 KAA Gent
Charleroi	
–1.0
+1.0
1.97
1.78
  	
2.5
1.85
1.90
1.55
3.90
5.90
1.11
1.23
2.35
1.5
1.0
1.65
2.65
2.15
1.45
 	 2:2(1:1)  
859	19/10
15:30	 Standard
Zulte-Waregem	
-0.75
+0.75
1.80
1.95
 
 	
2.75
1.80
 	
1.95
 	
1.65
3.80
5.00
1.15
1.24
2.15
2.0
1.0
2.15
2.00
1.65
1.75
 	 1:2(0:1)  
860	19/10
19:00	 Lokeren
Club Brugge KV	
0
0
1.95
1.80
  	
2.75
1.95
 	
1.80
 	
2.70
3.40
2.45
1.52
1.28
1.42
1.5
1.5
2.25
2.15
1.60
1.65
 	 1:3(1:1)  
861	19/10
21:00	 KRC Genk
KVC Westerlo	
-0.75
+0.75
2.00
1.75
 
 	
2.75
1.95
 	
1.80
 	
1.75
3.65
4.40
1.18
1.25
2.00
1.5
1.0
1.75
2.05
2.00
1.72
 	 3:1(2:1) 
681	24/10
21:30	 Lierse
Mechelen	
0
0
1.97
1.78
  	
2.5
1.80
1.95
2.70
3.40
2.45
1.52
1.28
1.42
1.5
1.5
2.30
2.20
1.57
1.62
 	 0:1(0:1)  
682	25/10
19:00	 Waasland-Beveren
KRC Genk	
+0.25
-0.25
1.95
1.80
 
 	
2.5
1.90
1.85
3.45
3.40
2.05
1.72
1.29
1.28
1.0
1.5
1.90
2.05
1.85
1.72
 	 0:1(0:0)  
683	25/10
21:00	 Charleroi
KV Oostende	
-0.25
+0.25
1.80
1.95
 
 	
2.25
1.75
 	
2.00
 	
2.10
3.30
3.45
1.28
1.31
1.70
1.5
1.0
2.15
1.95
1.65
1.80
 	 2:0(1:0)  
684	25/10
21:00	 Zulte-Waregem
Cercle Brugge	
–1.0
+1.0
2.00
1.75
  	
2.75
1.95
 	
1.80
 	
1.57
3.85
5.80
1.12
1.24
2.30
1.5
1.0
1.65
2.50
2.15
1.50
 	 1:2(1:1)  
685	25/10
21:00	 KVC Westerlo
KV Kortrijk	
-0.25
+0.25
1.87
1.87
 
 	
2.75
1.98
 	
1.77
 	
2.15
3.45
3.15
1.32
1.28
1.65
1.5
1.0
2.00
1.72
1.75
2.05
 	 2:1(1:0)  
686	26/10
15:30	 Club Brugge KV
KAA Gent	
-0.75
+0.75
1.95
1.80
 
 	
2.75
1.85
 	
1.90
 	
1.75
3.75
4.30
1.19
1.24
2.00
1.5
1.0
1.70
1.95
2.10
1.80
 	 2:2(2:1)  
687	26/10
19:00	 RSC Anderlecht
Standard	
-0.75
+0.75
1.75
2.00
 
 	
3.0
1.95
1.80
1.60
4.00
5.10
1.14
1.22
2.25
1.5
1.0
1.57
2.00
2.30
1.75
 	 0:2(0:0)  
688	26/10
21:00	 Mouscron-Peruwelz
Lokeren	
+0.25
-0.25
1.85
1.90
 
 	
2.5
1.80
1.95
3.10
3.40
2.20
1.62
1.29
1.34
1.0
1.5
1.70
2.05
2.10
1.72
 	 2:2(1:0)  
639	28/10
21:30	 KRC Genk
Lierse	
–1.0
+1.0
1.95
1.80
  	
3.0
1.95
1.80
1.55
4.10
5.50
1.12
1.21
2.35
1.5
1.0
1.55
2.10
2.35
1.70
 	 3:0(1:0)  
640	28/10
21:30	 Mechelen
Zulte-Waregem	
-0.25
+0.25
1.70
2.15
 
 	
2.75
1.80
 	
1.95
 	
1.95
3.55
3.65
1.26
1.27
1.80
1.5
1.0
1.80
1.70
1.95
2.10
 	 1:1(0:0)  
641	29/10
21:30	 KAA Gent
Waasland-Beveren	
-1.25
+1.25
1.85
1.90
 
 	
2.75
1.90
 	
1.85
 	
1.37
4.50
8.50
1.05
1.18
2.95
2.0
1.0
1.90
3.15
1.85
1.33
 	 4:1(1:1)  
642	29/10
21:30	 KV Oostende
KVC Westerlo	
-0.25
+0.25
1.70
2.10
 
 	
2.5
1.80
1.95
1.95
3.40
3.80
1.24
1.29
1.80
1.5
1.0
1.95
1.90
1.80
1.85
 	 4:0(2:0)  
643	29/10
21:30	 Lokeren
Charleroi	
-0.75
+0.75
1.90
1.85
 
 	
2.5
1.77
1.98
1.70
3.65
4.80
1.16
1.26
2.10
1.5
1.0
1.75
2.25
2.00
1.60
 	 5:2(2:0)  
644	29/10
21:30	 KV Kortrijk
RSC Anderlecht	
+0.75
-0.75
1.70
2.10
 
 	
2.5
1.77
1.98
4.05
3.55
1.85
1.90
1.27
1.22
1.0
1.5
1.95
1.85
1.80
1.90
 	 2:3(0:1)  
645	29/10
21:30	 Cercle Brugge
Standard	
+0.75
-0.75
1.72
2.05
 
 	
2.75
1.90
 	
1.85
 	
4.00
3.60
1.85
1.90
1.26
1.22
1.0
1.5
1.95
1.80
1.80
1.95
 	 0:1(0:0)  
646	30/10
21:30	 Mouscron-Peruwelz
Club Brugge KV	
+0.75
-0.75
1.80
1.95
 
 	
2.75
1.85
 	
1.90
 	
4.40
3.70
1.75
2.00
1.25
1.19
1.0
1.5
1.95
1.70
1.80
2.10
 	 1:4(0:1)  
736	31/10
21:30	 Zulte-Waregem
KRC Genk	
-0.25
+0.25
2.00
1.75
 
 	
2.75
1.80
 	
1.95
 	
2.35
3.45
2.80
1.40
1.28
1.55
1.5
1.5
1.95
2.20
1.80
1.62
 	 2:0(0:0)  
737	01/11
15:30	 RSC Anderlecht
Lokeren	
–1.0
+1.0
1.90
1.85
  	
3.0
1.90
1.85
1.55
4.10
5.50
1.12
1.21
2.35
2.0
1.0
1.90
2.00
1.85
1.75
 	 1:1(0:1)  
738	01/11
19:00	 Standard
Mechelen	
-0.75
+0.75
1.80
1.95
 
 	
2.75
1.80
 	
1.95
 	
1.65
3.85
4.90
1.16
1.23
2.15
1.5
1.0
1.62
2.00
2.20
1.75
 	 2:0(1:0)  
739	01/11
21:00	 Waasland-Beveren
KV Oostende	
+0.25
-0.25
1.75
2.00
 
 	
2.25
1.80
 	
1.95
 	
3.00
3.20
2.35
1.55
1.32
1.36
1.0
1.5
1.80
2.30
1.95
1.57
 	 1:0(1:0)  
740	01/11
21:00	 Cercle Brugge
KV Kortrijk	
+0.25
-0.25
1.85
1.90
 
 	
2.5
1.87
1.87
3.20
3.30
2.20
1.62
1.30
1.32
1.0
1.5
1.72
2.10
2.05
1.70
 	 0:4(0:1)  
741	02/11
15:30	 Lierse
KAA Gent	
+0.75
-0.75
1.85
1.90
 
 	
2.75
1.85
 	
1.90
 	
4.50
3.75
1.72
2.05
1.24
1.18
1.0
1.5
2.00
1.70
1.75
2.10
 	 0:1(0:0)  
742	02/11
19:00	 Charleroi
Club Brugge KV	
+0.75
-0.75
1.80
1.95
 
 	
2.5
1.85
1.90
4.50
3.60
1.75
2.00
1.26
1.18
1.0
1.5
2.15
1.85
1.65
1.90
 	 0:0(0:0)  
743	02/11
21:00	 KVC Westerlo
Mouscron-Peruwelz	
-0.75
+0.75
1.90
1.85
 
 	
2.75
1.90
 	
1.85
 	
1.72
3.60
4.75
1.16
1.26
2.05
1.5
1.0
1.72
2.05
2.05
1.72
 	 1:3(1:1)  
698	07/11
21:30	 KV Oostende
Zulte-Waregem	
-0.25
+0.25
1.95
1.80
 
 	
2.5
1.80
1.95
2.25
3.35
3.05
1.35
1.29
1.60
1.5
1.0
2.10
1.70
1.70
2.10
 	 1:3(1:1)  
699	08/11
19:00	 Mouscron-Peruwelz
Charleroi	
-0.25
+0.25
2.00
1.75
 
 	
2.5
1.90
1.85
2.35
3.30
2.90
1.37
1.30
1.55
1.5
1.5
2.20
2.50
1.62
1.50
 	 0:2(0:1)  
700	08/11
21:00	 KV Kortrijk
Lierse	
-0.75
+0.75
1.80
1.95
 
 	
2.75
1.85
 	
1.90
 	
1.65
3.80
5.00
1.15
1.25
2.20
1.5
1.0
1.65
2.10
2.15
1.70
 	 1:0(1:0)  
701	08/11
21:00	 Mechelen
Cercle Brugge	
–1.0
+1.0
1.80
1.95
  	
3.0
1.95
1.80
1.48
4.30
6.20
1.10
1.19
2.55
2.0
1.0
1.80
2.15
1.95
1.65
 	 1:1(0:0)  
702	09/11
15:30	 KAA Gent
RSC Anderlecht	
0
0
1.85
1.90
  	
2.75
1.95
 	
1.80
 	
2.55
3.35
2.65
1.45
1.30
1.48
1.5
1.5
2.15
2.25
1.65
1.60
 	 0:2(0:1)  
703	09/11
19:00	 Club Brugge KV
KVC Westerlo	
-1.75
+1.75
1.95
1.80
 
 	
3.25
1.90
 	
1.85
 	
1.27
5.60
9.70
1.04
1.12
3.55
2.5
1.0
1.95
2.80
1.80
1.40
 	 5:0(2:0)  
704	09/11
21:00	 KRC Genk
Standard	
0
0
1.75
2.00
  	
2.5
1.77
1.98
2.45
3.35
2.75
1.42
1.30
1.52
1.5
1.5
2.20
2.35
1.62
1.55
 	 0:2(0:1)  
705	09/11
21:00	 Lokeren
Waasland-Beveren	
-1.25
+1.25
1.75
2.00
 
 	
2.75
1.75
 	
2.00
 	
1.33
4.90
8.80
1.05
1.16
3.15
2.0
1.0
1.72
3.00
2.05
1.36
 	 3:0(1:0) 
77	22/11
19:00	 Charleroi
RSC Anderlecht	
+0.75
-0.75
1.72
2.05
 
 	
2.5
1.80
1.95
4.10
3.70
1.80
1.95
1.25
1.21
1.0
1.5
2.00
1.80
1.75
1.95
 	 3:1(1:1)  
878	22/11
21:00	 KAA Gent
Cercle Brugge	
-1.25
+1.25
1.77
2.00
 
 	
2.75
1.85
 	
1.95
 	
1.35
4.75
9.10
1.04
1.18
3.10
2.5
1.5
2.50
4.95
1.48
1.15
 	 4:0(1:0)  
879	22/11
21:00	 Mouscron-Peruwelz
Lierse	
-0.25
+0.25
1.80
1.95
 
 	
2.5
1.87
1.87
2.10
3.20
3.55
1.25
1.33
1.70
1.5
1.0
2.00
1.85
1.72
1.85
 	 2:1(2:1)  
880	22/11
21:00	 Lokeren
KVC Westerlo	
-1.25
+1.25
1.80
1.95
 
 	
3.0
1.90
1.85
1.37
4.80
7.50
1.07
1.16
2.95
2.0
1.0
1.70
2.60
2.10
1.46
 	 0:0(0:0)  
881	22/11
21:30	 Club Brugge KV
Waasland-Beveren	
-1.75
+1.75
1.80
1.95
 
 	
3.0
1.85
1.90
1.20
6.10
14.00
1.01
1.11
4.25
2.5
1.0
1.95
4.00
1.80
1.22
 	 4:2(1:1)  
882	23/11
15:30	 KV Oostende
Standard	
+0.25
-0.25
2.10
1.70
 
 	
2.5
1.95
1.80
3.80
3.40
1.95
1.80
1.29
1.24
1.0
1.5
2.05
2.00
1.72
1.75
 	 3:2(1:1)  
883	23/11
19:00	 KRC Genk
Mechelen	
-0.25
+0.25
1.75
2.00
 
 	
2.5
1.80
1.95
2.00
3.50
3.50
1.27
1.27
1.75
1.5
1.0
2.00
1.90
1.75
1.85
 	 3:0(1:0)  
884	23/11
21:00	 KV Kortrijk
Zulte-Waregem	
-0.25
+0.25
1.95
1.80
 
 	
2.75
1.95
 	
1.80
 	
2.25
3.40
3.00
1.35
1.29
1.60
1.5
1.0
2.05
1.62
1.72
2.20
 	 3:1(0:1)  
649	28/11
21:30	 Zulte-Waregem
KAA Gent	
0
0
1.95
1.80
  	
2.5
1.85
1.90
2.70
3.35
2.50
1.50
1.30
1.42
1.5
1.5
2.35
2.25
1.55
1.60
 	 2:1(0:1)  
650	29/11
19:00	 KVC Westerlo
Charleroi	
0
0
1.87
1.87
  	
2.5
1.85
1.90
2.60
3.30
2.60
1.45
1.30
1.45
1.0
1.0
1.57
1.57
2.30
2.30
 	 2:3(1:1)  
651	29/11
21:00	 Mechelen
KV Oostende	
-0.25
+0.25
1.65
2.15
 
 	
2.5
1.98
1.77
1.90
3.45
3.95
1.23
1.28
1.85
1.5
1.0
2.00
2.10
1.75
1.70
 	 0:0(0:0)  
652	29/11
21:00	 Waasland-Beveren
Mouscron-Peruwelz	
-0.25
+0.25
1.85
1.90
 
 	
2.5
1.87
1.87
2.15
3.35
3.25
1.31
1.29
1.65
1.5
1.0
2.05
1.80
1.72
1.95
 	 2:1(0:1)  
653	29/11
21:00	 Cercle Brugge
KRC Genk	
+0.25
-0.25
2.10
1.70
 
 	
2.5
1.85
1.90
3.70
3.50
1.95
1.80
1.28
1.25
1.0
1.5
1.90
1.95
1.85
1.80
 	 0:1(0:0)  
654	30/11
15:30	 RSC Anderlecht
Club Brugge KV	
-0.25
+0.25
1.95
1.80
 
 	
2.75
1.87
 	
1.87
 	
2.25
3.45
2.95
1.36
1.28
1.60
1.5
1.5
2.00
2.35
1.75
1.55
 	 2:2(1:1)  
655	30/11
19:00	 Standard
KV Kortrijk	
-0.75
+0.75
1.75
2.00
 
 	
2.75
1.85
 	
1.90
 	
1.57
4.00
5.45
1.13
1.22
2.30
1.5
1.0
1.62
2.15
2.20
1.65
 	 0:2(0:0)  
656	30/11
21:00	 Lierse
Lokeren	
+0.75
-0.75
1.70
2.10
 
 	
2.5
1.77
1.98
4.00
3.55
1.85
1.90
1.27
1.22
1.0
1.5
1.95
1.85
1.80
1.90
 	 1:1(1:1)  
722	05/12
21:30	 KVC Westerlo
Waasland-Beveren	
-0.25
+0.25
1.75
2.05
 
 	
2.5
1.88
1.88
2.00
3.45
3.75
1.27
1.30
1.80
1.5
1.0
2.15
1.77
1.70
2.05
 	 1:2(1:1)  
723	06/12
19:00	 Mouscron-Peruwelz
RSC Anderlecht	
+0.75
-0.75
1.85
1.90
 
 	
2.5
1.85
1.90
4.60
3.60
1.72
2.02
1.25
1.16
1.0
1.5
2.30
1.80
1.60
1.95
 	 4:2(3:1)  
724	06/12
21:00	 KV Kortrijk
Mechelen	
-0.25
+0.25
1.75
2.05
 
 	
2.5
1.85
1.90
2.00
3.40
3.50
1.26
1.27
1.72
1.5
1.0
2.00
1.90
1.75
1.85
 	 3:0(2:0)  
725	06/12
21:00	 KV Oostende
Lierse	
-0.75
+0.75
1.90
1.85
 
 	
2.5
1.95
1.80
1.73
3.50
4.80
1.16
1.27
2.02
1.5
1.0
1.90
2.35
1.85
1.57
 	 2:1(0:0)  
726	06/12
21:00	 Lokeren
Cercle Brugge	
–1.0
+1.0
1.75
2.00
  	
2.75
1.87
 	
1.87
 	
1.46
4.20
6.80
1.08
1.20
2.60
1.5
1.0
1.57
2.65
2.35
1.45
 	 0:0(0:0)  
727	07/12
15:30	 Club Brugge KV
Zulte-Waregem	
–1.0
+1.0
1.80
1.95
  	
3.0
1.85
1.90
1.48
4.10
6.20
1.09
1.19
2.47
2.0
1.0
1.87
2.15
1.87
1.65
 	 2:1(1:0)  
728	07/12
19:00	 Charleroi
Standard	
0
0
2.00
1.75
  	
2.5
1.87
1.87
2.75
3.25
2.45
1.55
1.32
1.42
1.0
1.5
1.65
2.25
2.20
1.60
 	 0:1(0:1)  
729	07/12
21:00	 KAA Gent
KRC Genk	
-0.25
+0.25
1.60
2.25
 
 	
2.75
1.95
 	
1.80
 	
1.87
3.40
4.15
1.19
1.30
1.87
1.5
1.0
1.80
1.85
1.90
1.85
 	 0:0(0:0)  
579	12/12
21:30	 Mechelen
KAA Gent	
+0.25
-0.25
1.80
1.95
 
 	
2.25
1.75
 	
2.00
 	
3.15
3.15
2.35
1.55
1.32
1.33
1.5
1.5
2.75
2.35
1.42
1.55
 	 0:0(0:0)  
580	13/12
19:00	 KRC Genk
KV Kortrijk	
-0.25
+0.25
1.81
1.96
 
 	
2.5
1.83
1.93
2.08
3.40
3.40
1.29
1.29
1.70
1.5
1.0
2.05
1.80
1.77
2.00
 	 3:0(1:0)  
581	13/12
21:00	 Cercle Brugge
Mouscron-Peruwelz	
0
0
1.85
1.90
  	
2.5
1.87
1.87
2.55
3.30
2.65
1.47
1.30
1.50
1.5
1.0
2.30
1.60
1.57
2.25
 	 2:1(1:1)  
582	13/12
21:00	 Waasland-Beveren
Charleroi	
0
0
1.87
1.87
  	
2.25
1.75
 	
2.00
 	
2.65
3.20
2.65
1.45
1.33
1.45
1.0
1.0
1.75
1.75
2.00
2.00
 	 1:3(1:0)  
583	13/12
21:00	 Lierse
KVC Westerlo	
-0.25
+0.25
1.80
1.95
 
 	
2.5
1.87
1.87
2.10
3.30
3.40
1.28
1.30
1.67
1.5
1.0
2.05
1.80
1.72
1.95
 	 3:3(0:2)  
584	14/12
15:30	 Standard
Club Brugge KV	
0
0
1.90
1.85
  	
2.5
1.85
1.90
2.65
3.40
2.55
1.50
1.30
1.47
1.0
1.0
1.60
1.57
2.25
2.35
 	 1:3(1:2)  
585	14/12
19:00	 RSC Anderlecht
KV Oostende	
-1.25
+1.25
1.85
1.90
 
 	
3.0
1.97
1.78
1.40
4.50
8.00
1.07
1.19
2.88
2.0
1.0
1.80
2.65
2.00
1.45
 	 3:0(2:0)  
586	14/12
21:00	 Zulte-Waregem
Lokeren	
0
0
1.80
1.95
  	
2.5
1.87
1.87
2.50
3.30
2.75
1.42
1.32
1.50
1.0
1.0
1.57
1.65
2.35
2.20
 	 1:0(1:0)  
732	20/12
19:00	 Waasland-Beveren
RSC Anderlecht	
+1.0
–1.0
1.80
2.00
  	
2.5
1.87
1.87
6.00
3.90
1.57
2.40
1.25
1.12
1.0
1.5
2.65
1.72
1.45
2.05
 	 0:2(0:1)  
733	20/12
21:00	 KV Oostende
Cercle Brugge	
-0.75
+0.75
2.07
1.72
 
 	
2.5
1.93
1.83
1.85
3.50
4.20
1.21
1.29
1.91
1.5
1.0
1.95
2.20
1.85
1.67
 	 2:0(1:0)  
734	20/12
21:00	 KVC Westerlo
Mechelen	
+0.25
-0.25
1.80
1.95
 
 	
2.5
1.85
1.90
3.05
3.20
2.30
1.62
1.32
1.38
1.0
1.5
1.65
2.20
2.20
1.65
 	 1:1(0:0)  
735	20/12
21:00	 Charleroi
Lierse	
-0.75
+0.75
1.87
1.87
 
 	
2.5
1.87
1.87
1.70
3.60
4.80
1.16
1.26
2.06
1.5
1.0
1.83
2.35
1.97
1.60
 	 6:0(2:0)  
736	20/12
21:30	 Mouscron-Peruwelz
Zulte-Waregem	
0
0
1.90
1.85
  	
2.5
1.85
1.90
2.65
3.20
2.55
1.50
1.30
1.47
1.0
1.0
1.60
1.57
2.25
2.35
 	 0:1(0:1)  
737	21/12
15:30	 KAA Gent
Standard	
-0.25
+0.25
1.75
2.05
 
 	
2.5
1.95
1.80
2.00
3.20
3.75
1.25
1.30
1.75
1.5
1.0
2.05
2.00
1.72
1.75
 	 1:2(1:1)  
738	21/12
19:00	 Club Brugge KV
KRC Genk	
-1.25
+1.25
1.90
1.85
 
 	
3.0
1.90
1.85
1.42
4.30
7.00
1.08
1.20
2.75
2.0
1.0
1.80
2.40
1.95
1.53
 	 4:1(1:1)  
739	21/12
21:00	 Lokeren
KV Kortrijk	
-0.25
+0.25
1.65
2.15
 
 	
2.5
1.90
1.85
1.87
3.20
4.20
1.22
1.30
1.90
1.5
1.0
1.95
2.10
1.85
1.70
 	 1:2(1:1)  
693	26/12
15:30	 KV Kortrijk
KAA Gent	
0
0
1.95
1.85
  	
2.5
1.95
1.85
2.90
2.80
2.70
1.42
1.40
1.37
1.0
1.0
1.65
1.60
2.25
2.50
 	 2:3(1:1)  
694	26/12
15:30	 Zulte-Waregem
Charleroi	
-0.25
+0.25
1.80
1.95
 
 	
2.75
2.00
 	
1.75
 	
2.10
3.20
3.40
1.27
1.30
1.70
1.5
1.0
1.90
1.75
1.85
2.00
 	 1:3(0:1)  
695	26/12
15:30	 Mechelen
Mouscron-Peruwelz	
-0.75
+0.75
1.90
1.85
 
 	
2.5
1.95
1.80
1.74
3.30
4.90
1.16
1.30
2.10
1.5
1.0
1.85
2.40
1.90
1.53
 	 1:0(0:0)  
696	26/12
19:00	 Lierse
Club Brugge KV	
+1.25
-1.25
1.75
2.00
 
 	
2.75
1.80
 	
2.00
 	
6.50
4.20
1.47
2.55
1.20
1.09
1.0
2.0
2.40
1.90
1.53
1.85
 	 0:6(0:5)  
697	26/12
21:30	 RSC Anderlecht
KVC Westerlo	
-1.75
+1.75
1.75
2.00
 
 	
3.25
1.95
 	
1.80
 	
1.22
6.00
12.00
1.02
1.11
4.00
2.5
1.0
1.90
3.40
1.85
1.30
 	 4:0(2:0)  
698	27/12
15:30	 KRC Genk
KV Oostende	
-0.75
+0.75
1.87
1.87
 
 	
2.5
1.82
1.92
1.68
3.60
4.80
1.15
1.24
2.06
1.5
1.0
1.80
2.35
2.00
1.55
 	 cancelled  
699	27/12
19:00	 Standard
Lokeren	
-0.25
+0.25
1.75
2.05
 
 	
2.5
1.85
1.90
2.00
3.50
3.50
1.28
1.28
1.75
1.5
1.0
2.00
1.90
1.75
1.85
 	 2:0(1:0)  
700	27/12
21:00	 Cercle Brugge
Waasland-Beveren	
-0.25
+0.25
2.00
1.80
 
 	
2.25
1.80
 	
2.00
 	
2.30
3.20
3.10
1.34
1.32
1.57
1.5
1.5
2.30
2.85
1.60
1.40
 	 1:0(1:0)  
839	16/01
21:30	 Club Brugge KV
Mechelen	
-1.25
+1.25
1.75
2.00
 
 	
3.0
1.80
1.95
1.36
4.90
8.00
1.06
1.16
3.05
2.0
1.0
1.65
2.60
2.15
1.46
 	 1:1(0:0)  
840	17/01
19:00	 Mouscron-Peruwelz
KAA Gent	
+0.25
-0.25
2.15
1.65
 
 	
2.5
1.87
1.87
3.85
3.55
1.90
1.85
1.28
1.25
1.0
1.5
2.00
1.95
1.75
1.85
 	 1:3(1:2)  
841	17/01
21:00	 Waasland-Beveren
Zulte-Waregem	
+0.25
-0.25
1.75
2.05
 
 	
2.5
1.87
1.87
2.80
3.30
2.40
1.57
1.32
1.42
1.0
1.5
1.65
2.20
2.15
1.62
 	 1:3(0:0)  
842	17/01
21:00	 KV Oostende
KV Kortrijk	
0
0
1.83
1.93
  	
2.5
1.93
1.83
2.70
2.90
2.75
1.40
1.37
1.42
1.0
1.0
1.60
1.65
2.50
2.25
 	 1:7(0:3)  
843	17/01
21:00	 Charleroi
Cercle Brugge	
–1.0
+1.0
1.92
1.82
  	
2.5
1.87
1.87
1.56
3.80
6.00
1.11
1.24
2.33
1.5
1.0
1.70
2.75
2.10
1.42
 	 0:2(0:0)  
844	18/01
15:30	 RSC Anderlecht
Lierse	
–2.0
+2.0
1.95
1.80
  	
3.5
1.90
1.85
1.22
6.00
12.00
1.03
1.11
4.30
2.5
1.0
1.72
2.90
2.05
1.40
 	 3:0(2:0)  
845	18/01
19:00	 KVC Westerlo
Standard	
+0.25
-0.25
2.35
1.62
 
 	
2.75
1.95
 	
1.85
 	
4.40
3.70
1.75
2.10
1.27
1.22
1.0
1.5
2.05
1.75
1.75
2.05
 	 1:1(1:1)  
846	18/01
21:00	 Lokeren
KRC Genk	
-0.25
+0.25
1.70
2.05
 
 	
2.5
1.94
1.80
2.00
3.30
3.70
1.24
1.31
1.76
1.5
1.0
2.05
2.00
1.72
1.75
 	 1:1(1:1)  
811	23/01
21:30	 KRC Genk
Mouscron-Peruwelz	
–1.0
+1.0
1.93
1.83
  	
2.5
1.91
1.86
1.56
3.80
6.40
1.11
1.25
2.38
1.5
1.0
1.70
2.80
2.10
1.40
 	 2:0(1:0)  
812	24/01
19:00	 KV Kortrijk
Charleroi	
-0.25
+0.25
1.70
2.05
 
 	
2.5
1.80
1.95
2.00
3.45
3.55
1.28
1.28
1.75
1.5
1.0
1.95
1.85
1.80
1.90
 	 0:0(0:0)  
813	24/01
21:00	 Zulte-Waregem
KVC Westerlo	
-0.75
+0.75
1.80
1.95
 
 	
2.75
1.85
 	
1.90
 	
1.65
3.80
5.00
1.15
1.25
2.20
1.5
1.0
1.65
2.10
2.15
1.70
 	 1:3(1:0)  
814	24/01
21:00	 Lierse
Waasland-Beveren	
-0.25
+0.25
1.75
2.00
 
 	
2.5
1.95
1.80
2.10
3.40
3.40
1.30
1.30
1.70
1.5
1.0
2.10
1.90
1.70
1.85
 	 1:1(1:0)  
815	24/01
21:00	 Mechelen
Lokeren	
-0.25
+0.25
2.05
1.75
 
 	
2.5
1.95
1.85
2.40
3.30
2.90
1.39
1.31
1.54
1.5
1.0
2.30
1.70
1.60
2.10
 	 0:1(0:1)  
816	25/01
15:30	 Standard
RSC Anderlecht	
0
0
1.90
1.85
  	
2.5
1.80
1.95
2.65
3.35
2.55
1.48
1.30
1.45
1.5
1.5
2.30
2.25
1.60
1.62
 	 2:0(0:0)  
817	25/01
19:00	 Cercle Brugge
Club Brugge KV	
+1.25
-1.25
1.90
1.90
 
 	
2.75
1.87
 	
1.93
 	
8.00
4.50
1.40
2.88
1.19
1.07
1.0
2.0
2.90
1.87
1.40
1.87
 	 0:3(0:1)  
818	25/01
21:00	 KAA Gent
KV Oostende	
-1.25
+1.25
1.93
1.87
 
 	
2.75
1.95
 	
1.85
 	
1.40
4.50
8.00
1.07
1.20
2.95
2.0
1.0
1.95
3.10
1.80
1.35
 	 3:1(2:0)  
914	30/01
21:30	 Club Brugge KV
KV Oostende	
-1.75
+1.75
1.75
2.00
 
 	
3.25
1.95
 	
1.80
 	
1.20
6.30
14.00
1.02
1.11
4.40
2.5
1.0
1.87
3.60
1.87
1.27
 	 2:0(1:0)  
915	31/01
19:00	 Charleroi
KRC Genk	
-0.25
+0.25
2.05
1.75
 
 	
2.5
2.00
1.80
2.45
3.30
2.90
1.42
1.32
1.58
1.5
1.0
2.30
1.72
1.60
2.05
 	 1:0(0:0)  
916	31/01
21:00	 Waasland-Beveren
Mechelen	
+0.25
-0.25
1.80
2.00
 
 	
2.25
1.85
 	
1.90
 	
3.10
3.25
2.35
1.59
1.34
1.36
1.0
1.0
1.90
1.57
1.85
2.30
 	 2:2(2:0)  
917	31/01
21:00	 KVC Westerlo
Cercle Brugge	
-0.75
+0.75
2.05
1.70
 
 	
2.5
1.87
1.87
1.90
3.40
4.25
1.20
1.33
1.90
1.5
1.0
1.85
2.00
1.90
1.75
 	 1:0(0:0)  
918	31/01
21:00	 Mouscron-Peruwelz
KV Kortrijk	
+0.25
-0.25
1.95
1.80
 
 	
2.5
1.85
1.90
3.50
3.30
2.10
1.70
1.32
1.28
1.0
1.5
1.80
2.00
1.95
1.75
 	 0:3(0:0)  
919	01/02
15:30	 Lokeren
KAA Gent	
0
0
1.77
1.97
  	
2.5
1.95
1.80
2.50
3.25
2.80
1.40
1.33
1.47
1.5
1.5
2.30
2.50
1.55
1.47
 	 3:3(2:2)  
920	01/02
19:00	 RSC Anderlecht
Zulte-Waregem	
-1.25
+1.25
1.95
1.80
 
 	
2.75
1.75
 	
2.00
 	
1.45
4.50
7.00
1.10
1.20
2.75
2.0
1.0
1.87
2.50
1.87
1.50
 	 0:0(0:0)  
921	01/02
21:00	 Lierse
Standard	
+0.75
-0.75
1.95
1.85
 
 	
2.75
1.95
 	
1.80
 	
5.00
3.80
1.67
2.16
1.25
1.16
1.0
1.5
2.25
1.72
1.62
2.05
 	 2:3(0:3)  
991	06/02
21:30	 Standard
Mouscron-Peruwelz	
–1.5
+1.5
1.90
1.90
  	
2.75
1.90
 	
1.90
 	
1.30
5.30
10.00
1.04
1.15
3.46
2.0
1.0
1.77
4.00
2.05
1.25
 	 3:0(3:0)  
992	07/02
19:00	 Mechelen
Charleroi	
-0.25
+0.25
1.80
1.95
 
 	
2.5
1.90
1.85
2.15
3.30
3.35
1.30
1.31
1.66
1.5
1.0
2.10
1.80
1.70
1.95
 	 0:0(0:0)  
993	07/02
21:00	 KAA Gent
KVC Westerlo	
-1.25
+1.25
1.80
1.95
 
 	
2.75
1.80
 	
1.95
 	
1.35
4.80
8.50
1.05
1.17
3.10
2.0
1.0
1.75
3.00
2.00
1.36
 	 4:0(1:0)  
994	07/02
21:00	 Zulte-Waregem
Lierse	
–1.0
+1.0
1.80
1.95
  	
2.75
1.80
 	
1.95
 	
1.47
4.00
6.95
1.07
1.22
2.55
1.5
1.5
1.47
3.55
2.50
1.25
 	 2:3(0:1)  
995	07/02
21:00	 KV Oostende
Lokeren	
+0.25
-0.25
1.95
1.80
 
 	
2.5
1.87
1.87
3.30
3.25
2.20
1.64
1.32
1.31
1.0
1.5
1.80
2.05
1.95
1.72
 	 0:1(0:1)  
996	08/02
15:30	 KV Kortrijk
Club Brugge KV	
+0.25
-0.25
1.90
1.85
 
 	
2.75
1.80
 	
1.95
 	
3.20
3.40
2.15
1.65
1.29
1.32
1.0
1.5
1.57
1.90
2.30
1.85
 	 2:0(1:0)  
997	08/02
19:00	 Cercle Brugge
RSC Anderlecht	
+1.25
-1.25
1.75
2.00
 
 	
2.5
1.80
1.95
6.50
4.30
1.46
2.60
1.20
1.10
1.0
1.5
3.00
1.62
1.36
2.25
 	 0:2(0:1)  
998	08/02
21:00	 KRC Genk
Waasland-Beveren	
-1.25
+1.25
2.05
1.75
 
 	
2.5
1.80
1.95
1.46
4.20
7.00
1.08
1.20
2.70
2.0
1.0
2.10
2.90
1.70
1.38
 	 1:0(0:0)  
903	13/02
21:30	 KVC Westerlo
KRC Genk	
+0.25
-0.25
1.85
1.95
 
 	
2.5
1.95
1.85
3.10
3.30
2.30
1.60
1.32
1.36
1.0
1.5
1.80
2.20
2.00
1.65
 	 1:2(0:1)  
904	14/02
19:00	 Zulte-Waregem
Standard	
+0.25
-0.25
1.72
2.05
 
 	
2.5
1.80
1.95
2.85
3.35
2.40
1.54
1.30
1.40
1.0
1.5
1.65
2.25
2.15
1.62
 	 1:1(0:1)  
905	14/02
21:00	 Waasland-Beveren
KV Kortrijk	
+0.25
-0.25
2.25
1.60
 
 	
2.5
1.90
1.85
4.00
3.50
1.90
1.87
1.29
1.23
1.0
1.5
2.05
1.95
1.72
1.80
 	 1:0(1:0)  
906	14/02
21:00	 Lierse
Cercle Brugge	
-0.25
+0.25
1.75
2.10
 
 	
2.5
1.90
1.85
2.05
3.35
3.60
1.27
1.31
1.74
1.5
1.0
2.00
1.90
1.75
1.85
 	 2:1(0:0)  
907	14/02
21:00	 Mouscron-Peruwelz
KV Oostende	
-0.25
+0.25
2.00
1.80
 
 	
2.5
1.95
1.85
2.36
3.20
3.00
1.36
1.32
1.55
1.5
1.0
2.25
1.72
1.62
2.05
 	 0:1(0:0)  
908	15/02
15:30	 RSC Anderlecht
Mechelen	
-1.25
+1.25
1.97
1.83
 
 	
2.75
1.90
 	
1.90
 	
1.42
4.40
7.40
1.07
1.19
2.76
2.0
1.0
1.95
2.80
1.80
1.40
 	 1:1(0:0)  
909	15/02
19:00	 Club Brugge KV
Lokeren	
–1.0
+1.0
1.87
1.87
  	
3.0
2.00
1.80
1.53
4.20
5.70
1.12
1.21
2.42
2.0
1.0
1.95
2.15
1.80
1.65
 	 1:1(0:1)  
910	15/02
21:00	 Charleroi
KAA Gent	
+0.25
-0.25
1.85
1.90
 
 	
2.5
1.95
1.80
3.20
3.35
2.20
1.65
1.30
1.33
1.0
1.5
1.85
2.15
1.90
1.65
 	 0:0(0:0)
875	20/02
21:30	 Standard
Waasland-Beveren	
-1.25
+1.25
1.80
1.95
 
 	
2.5
1.80
1.95
1.35
4.50
9.50
1.04
1.18
3.05
2.5
1.5
2.45
6.00
1.50
1.10
 	 3:2(1:1)  
876	21/02
19:00	 Lokeren
Mouscron-Peruwelz	
-1.25
+1.25
1.80
1.95
 
 	
2.5
1.80
1.95
1.35
4.50
9.50
1.04
1.18
3.05
2.5
1.5
2.45
6.00
1.50
1.10
 	 1:0(1:0)  
877	21/02
21:00	 KV Kortrijk
KVC Westerlo	
-1.25
+1.25
1.90
1.85
 
 	
3.0
1.98
1.79
1.40
4.50
7.80
1.07
1.19
2.86
2.0
1.0
1.80
2.65
2.00
1.45
 	 6:0(3:0)  
878	21/02
21:00	 KV Oostende
Charleroi	
0
0
1.95
1.85
  	
2.25
1.90
 	
1.90
 	
2.80
3.20
2.60
1.49
1.35
1.43
1.0
1.0
1.80
1.72
2.00
2.05
 	 1:3(0:0)  
879	21/02
21:00	 Cercle Brugge
Zulte-Waregem	
+0.25
-0.25
2.00
1.80
 
 	
2.5
1.80
2.00
3.40
3.40
2.10
1.70
1.30
1.30
1.0
1.5
1.80
2.05
2.00
1.77
 	 2:2(0:2)  
880	22/02
15:30	 KAA Gent
Club Brugge KV	
0
0
1.80
1.95
  	
2.5
1.80
1.95
2.50
3.25
2.75
1.41
1.31
1.49
1.5
1.0
2.20
1.57
1.62
2.30
 	 2:1(1:0)  
881	22/02
19:00	 KRC Genk
RSC Anderlecht	
+0.25
-0.25
1.80
1.95
 
 	
2.25
1.75
 	
2.00
 	
3.10
3.20
2.32
1.57
1.33
1.35
1.5
1.5
2.75
2.25
1.40
1.57
 	 0:1(0:0)  
882	22/02
21:00	 Mechelen
Lierse	
–1.0
+1.0
1.80
2.00
  	
2.75
2.00
 	
1.80
 	
1.47
4.20
7.00
1.09
1.21
2.62
1.5
1.0
1.60
2.80
2.30
1.40
 	 2:1(1:1) 
966	27/02
21:30	 Standard
Cercle Brugge	
-1.75
+1.75
2.00
1.80
 
 	
2.75
1.80
 	
2.00
 	
1.25
5.50
12.00
1.02
1.13
3.77
2.5
1.0
2.15
3.80
1.65
1.25
 	 1:0(0:0)  
967	28/02
19:00	 Charleroi
Lokeren	
-0.25
+0.25
2.05
1.77
 
 	
2.25
1.80
 	
2.00
 	
2.40
3.20
3.00
1.37
1.33
1.55
1.0
1.0
1.57
1.75
2.30
2.00
 	 1:0(0:0)  
968	28/02
21:00	 KVC Westerlo
KV Oostende	
-0.25
+0.25
2.10
1.75
 
 	
2.5
1.95
1.85
2.40
3.30
2.90
1.42
1.32
1.57
1.5
1.0
2.30
1.70
1.60
2.10
 	 3:0(2:0)  
969	28/02
21:00	 Zulte-Waregem
Mechelen	
-0.25
+0.25
1.75
2.00
 
 	
2.5
1.80
1.95
2.05
3.45
3.50
1.29
1.29
1.74
1.5
1.0
1.95
1.80
1.80
1.95
 	 2:3(2:1)  
970	28/02
21:00	 Lierse
KRC Genk	
+0.25
-0.25
2.10
1.72
 
 	
2.5
1.80
2.00
3.60
3.55
2.00
1.79
1.29
1.28
1.0
1.5
1.80
1.90
1.95
1.85
 	 0:2(0:1)  
971	01/03
15:30	 Club Brugge KV
Mouscron-Peruwelz	
–2.0
+2.0
1.95
1.80
  	
3.0
1.85
1.90
1.18
6.50
15.00
1.01
1.10
4.60
2.5
1.0
1.95
4.30
1.80
1.20
 	 3:0(0:0)  
972	01/03
19:00	 RSC Anderlecht
KV Kortrijk	
–1.0
+1.0
2.00
1.75
  	
2.75
1.87
 	
1.87
 	
1.62
3.80
5.30
1.14
1.24
2.21
1.5
1.0
1.65
2.25
2.20
1.62
 	 2:0(1:0)  
973	01/03
21:00	 Waasland-Beveren
KAA Gent	
+0.75
-0.75
2.00
1.80
 
 	
2.5
1.80
2.00
5.20
3.90
1.62
2.23
1.24
1.14
1.0
1.5
2.30
1.70
1.60
2.10
 	 0:1(0:0)
1055	07/03
21:00	 KV Oostende
Waasland-Beveren	
-0.25
+0.25
1.72
2.10
 
 	
2.25
1.80
 	
2.00
 	
2.00
3.30
3.80
1.25
1.32
1.80
1.5
1.0
2.10
2.05
1.70
1.72
 	 4:3(2:2)  
1056	07/03
21:00	 Mouscron-Peruwelz
KVC Westerlo	
-0.25
+0.25
1.85
1.90
 
 	
2.5
1.95
1.85
2.10
3.30
3.40
1.28
1.30
1.67
1.5
1.0
2.20
1.85
1.67
1.90
 	 1:0(1:0)  
1057	07/03
21:00	 KAA Gent
Lierse	
-1.75
+1.75
1.87
1.87
 
 	
3.0
1.80
1.95
1.26
5.60
11.00
1.03
1.13
3.71
2.5
1.0
2.00
3.40
1.80
1.30
 	 2:1(1:0)  
1058	07/03
21:00	 Club Brugge KV
Charleroi	
–1.0
+1.0
1.80
1.90
  	
2.75
1.95
 	
1.85
 	
1.53
4.00
6.20
1.11
1.23
2.43
1.5
1.0
1.62
2.55
2.25
1.48
 	 1:0(1:0)  
1059	07/03
21:00	 KRC Genk
Zulte-Waregem	
-0.75
+0.75
1.95
1.85
 
 	
2.75
1.95
 	
1.85
 	
1.75
3.80
4.40
1.20
1.25
2.04
1.5
1.0
1.72
2.00
2.05
1.75
 	 3:2(2:0)  
1060	07/03
21:00	 Lokeren
RSC Anderlecht	
+0.25
-0.25
2.15
1.72
 
 	
2.5
1.97
1.83
3.70
3.40
2.00
1.77
1.30
1.26
1.0
1.5
2.00
2.05
1.75
1.72
 	 1:2(0:1)  
1061	07/03
21:00	 KV Kortrijk
Cercle Brugge	
-1.25
+1.25
1.87
1.93
 
 	
2.75
1.93
 	
1.87
 	
1.38
4.50
8.00
1.06
1.18
2.88
2.0
1.0
1.90
3.20
1.85
1.32
 	 1:0(0:0)  
1062	07/03
21:00	 Mechelen
Standard	
+0.25
-0.25
1.95
1.80
 
 	
2.5
1.80
2.00
3.50
3.40
2.05
1.72
1.29
1.28
1.0
1.5
1.80
2.00
1.95
1.80
 	 1:0(1:0)  
719	15/03
15:30	 Charleroi
Mouscron-Peruwelz	
–1.0
+1.0
1.85
1.90
  	
2.5
1.87
1.87
1.50
4.00
7.00
1.10
1.25
2.55
1.5
1.0
1.67
3.00
2.15
1.36
 	 2:0(1:0)  
720	15/03
15:30	 Standard
KRC Genk	
-0.25
+0.25
1.90
1.90
 
 	
2.25
1.80
 	
2.00
 	
2.20
3.15
3.40
1.30
1.34
1.64
1.5
1.0
2.20
1.90
1.62
1.85
 	 1:0(0:0)  
721	15/03
15:30	 RSC Anderlecht
KAA Gent	
-0.25
+0.25
1.75
2.10
 
 	
2.5
2.00
1.80
2.00
3.60
3.40
1.29
1.26
1.75
1.5
1.0
2.00
2.05
1.80
1.77
 	 1:2(1:0)  
722	15/03
15:30	 Zulte-Waregem
KV Oostende	
-0.25
+0.25
1.60
2.30
 
 	
3.0
2.00
1.80
1.87
3.65
3.80
1.24
1.25
1.86
1.5
1.0
1.75
1.70
2.10
2.15
 	 1:4(0:2)  
723	15/03
15:30	 Lierse
KV Kortrijk	
+0.75
-0.75
1.95
1.85
 
 	
2.75
1.95
 	
1.85
 	
4.80
3.90
1.65
2.15
1.23
1.16
1.0
1.5
2.25
1.70
1.65
2.15
 	 0:0(0:0)  
724	15/03
15:30	 KVC Westerlo
Club Brugge KV	
+1.5
–1.5
1.80
2.00
  	
3.0
2.00
1.80
8.00
5.00
1.35
3.08
1.16
1.06
1.0
2.0
2.90
1.72
1.38
2.05
 	 1:3(0:2)  
725	15/03
15:30	 Waasland-Beveren
Lokeren	
0
0
2.03
1.75
  	
2.5
1.93
1.83
2.75
3.30
2.50
1.50
1.31
1.42
1.0
1.0
1.67
1.57
2.20
2.40
 	 0:0(0:0)  
726	15/03
15:30	 Cercle Brugge
Mechelen	
0
0
2.05
1.75
  	
2.5
1.90
1.90
2.85
3.40
2.45
1.55
1.32
1.42
1.0
1.5
1.65
2.25
2.20
1.60
 	 2:3(1:0) 
	05/04
19:00	 Mechelen
Waasland-Beveren	
-1.25
+1.25
1.90
1.85
 
 	
2.5
1.82
1.92
1.40
4.20
8.50
1.05
1.20
2.80
2.0
1.0
2.05
3.40
1.72
1.28
 	 4:1(1:0)  
 	05/04
21:00	 KAA Gent
KV Kortrijk	
-0.75
+0.75
1.80
2.00
 
 	
2.5
1.79
1.98
1.62
3.80
5.40
1.14
1.25
2.23
1.5
1.0
1.70
2.30
2.10
1.60
 	 2:0(1:0)  
 	06/04
15:30	 Club Brugge KV
Standard	
–1.0
+1.0
2.00
1.80
  	
2.5
1.80
2.00
1.57
3.90
5.80
1.12
1.24
2.33
1.5
1.0
1.65
2.50
2.15
1.50
 	 2:1(1:1)  
 	06/04
19:00	 RSC Anderlecht
Charleroi	
–1.0
+1.0
1.80
2.00
  	
2.5
1.85
1.95
1.48
4.10
6.80
1.09
1.22
2.56
2.0
1.0
2.10
2.75
1.70
1.42
 	 1:0(0:0)  
 	11/04
19:00	 KV Kortrijk
Club Brugge KV	
+0.25
-0.25
1.90
1.90
 
 	
2.75
1.95
 	
1.85
 	
3.30
3.40
2.20
1.67
1.33
1.35
1.0
1.5
1.65
2.00
2.15
1.75
 	 2:0(2:0)  
 	11/04
21:00	 Waasland-Beveren
KRC Genk	
+0.75
-0.75
1.87
1.87
 
 	
2.5
1.87
1.87
5.00
3.75
1.70
2.15
1.27
1.17
1.0
1.5
2.30
1.80
1.57
1.95
 	 0:2(0:1)  
 	11/04
21:00	 Lokeren
KVC Westerlo	
-1.25
+1.25
1.95
1.85
 
 	
2.75
1.87
 	
1.93
 	
1.40
4.50
8.00
1.07
1.19
2.88
2.0
1.0
1.85
2.90
1.90
1.40
 	 1:1(0:1)  
 	11/04
21:00	 Mouscron-Peruwelz
KV Oostende	
0
0
1.95
1.85
  	
2.5
1.95
1.80
2.70
3.30
2.55
1.50
1.32
1.45
1.0
1.0
1.65
1.60
2.15
2.25
 	 2:0(1:0)  
 	11/04
21:30	 Charleroi
KAA Gent	
+0.25
-0.25
1.90
1.90
 
 	
2.25
1.80
 	
2.00
 	
3.30
3.30
2.20
1.65
1.32
1.32
1.0
1.5
1.90
2.20
1.85
1.62
 	 2:1(1:0)  
 	12/04
19:00	 Standard
RSC Anderlecht	
0
0
1.90
1.84
  	
2.5
1.97
1.78
2.70
3.20
2.60
1.46
1.32
1.43
1.0
1.0
1.65
1.62
2.15
2.20
 	 3:1(1:0)  
 	12/04
21:00	 Zulte-Waregem
Mechelen	
-0.25
+0.25
1.98
1.80
 
 	
2.75
1.95
 	
1.80
 	
2.30
3.35
3.00
1.36
1.30
1.58
1.5
1.5
2.10
2.35
1.70
1.55
 	 0:1(0:1)  
	17/04
21:30	 Standard
KAA Gent	
-0.25
+0.25
2.00
1.75
 
 	
2.5
1.90
1.90
2.45
3.25
2.85
1.40
1.32
1.52
1.5
1.0
2.25
1.65
1.60
2.20
 	 1:3(0:1)  
 	17/04
21:30	 Cercle Brugge
Lierse	
-0.25
+0.25
1.97
1.83
 
 	
2.25
1.90
 	
1.90
 	
2.35
3.20
3.10
1.34
1.33
1.57
1.0
1.0
1.60
1.95
2.25
1.80
 	 0:2(0:1)  
 	18/04
19:00	 Mechelen
KRC Genk	
-0.25
+0.25
1.87
1.93
 
 	
2.5
1.90
1.90
2.15
3.35
3.30
1.33
1.30
1.70
1.5
1.0
2.10
1.77
1.75
2.05
 	 4:0(2:0)  
 	18/04
21:00	 Zulte-Waregem
Waasland-Beveren	
–1.0
+1.0
1.90
1.90
  	
2.75
1.93
 	
1.87
 	
1.53
4.00
6.00
1.11
1.22
2.40
1.5
1.0
1.57
2.55
2.30
1.48
 	 2:2(1:1)  
 	18/04
21:00	 Mouscron-Peruwelz
Lokeren	
+0.75
-0.75
1.72
2.12
 
 	
2.25
1.80
 	
2.00
 	
4.30
3.30
1.87
1.87
1.30
1.19
1.0
1.5
2.35
2.00
1.60
1.80
 	 1:5(0:1)  
 	18/04
21:00	 KV Oostende
KVC Westerlo	
-0.75
+0.75
2.05
1.75
 
 	
2.5
1.85
1.95
1.80
3.50
4.40
1.19
1.28
1.95
1.5
1.0
1.85
2.10
1.95
1.70
 	 2:0(2:0)  
 	19/04
19:00	 Club Brugge KV
RSC Anderlecht	
-0.25
+0.25
1.72
2.15
 
 	
2.5
1.80
2.00
1.97
3.50
3.60
1.26
1.27
1.77
1.5
1.0
1.90
1.80
1.85
1.95
 	 2:1(0:1)  
 	19/04
21:30	 KV Kortrijk
Charleroi	
-0.25
+0.25
1.60
2.30
 
 	
2.5
1.95
1.85
1.87
3.40
4.10
1.25
1.30
1.90
1.5
1.0
1.97
2.15
1.83
1.70
 	 1:1(0:0)  
890	25/04
19:00	 Charleroi
Standard	
0
0
1.88
1.88
  	
2.25
1.88
 	
1.88
 	
2.66
3.21
2.66
1.45
1.33
1.45
1.0
1.0
1.77
1.77
2.05
2.05
 	 1:0(1:0)  
891	25/04
21:00	 Waasland-Beveren
Zulte-Waregem	
+0.25
-0.25
1.80
2.00
 
 	
2.75
2.00
 	
1.75
 	
3.00
3.50
2.30
1.62
1.30
1.40
1.0
1.5
1.65
2.15
2.25
1.70
 	 0:2(0:1)  
892	25/04
21:00	 Lokeren
Mouscron-Peruwelz	
-1.25
+1.25
1.75
2.00
 
 	
2.75
1.95
 	
1.80
 	
1.35
4.70
9.00
1.04
1.17
3.05
2.0
1.0
1.85
3.60
1.85
1.27
 	 2:1(1:1)  
893	25/04
21:00	 KVC Westerlo
KV Oostende	
+0.25
-0.25
1.80
2.00
 
 	
2.75
2.00
 	
1.75
 	
3.00
3.50
2.30
1.62
1.30
1.40
1.0
1.5
1.65
2.15
2.25
1.70
 	 1:2(0:1)  
894	25/04
21:30	 RSC Anderlecht
KV Kortrijk	
–1.0
+1.0
1.90
1.85
  	
2.75
1.95
 	
1.80
 	
1.55
4.00
6.00
1.12
1.23
2.40
1.5
1.0
1.62
2.60
2.20
1.47
 	 5:1(3:1)  
895	26/04
19:00	 KAA Gent
Club Brugge KV	
-0.25
+0.25
2.00
1.80
 
 	
2.75
2.00
 	
1.80
 	
2.30
3.40
2.95
1.37
1.29
1.58
1.5
1.0
2.15
1.62
1.70
2.25
 	 2:2(2:0)  
896	26/04
21:00	 Lierse
Cercle Brugge	
-0.25
+0.25
1.67
2.20
 
 	
2.25
1.80
 	
2.00
 	
1.95
3.40
3.90
1.24
1.30
1.82
1.5
1.5
2.05
3.35
1.75
1.30
 	 3:1(0:1)  
513	28/04
21:30	 KV Kortrijk
Standard	
0
0
1.80
2.00
  	
2.5
1.95
1.85
2.50
3.25
2.80
1.41
1.32
1.50
1.0
1.0
1.57
1.67
2.40
2.20
 	 3:1(1:0)  
514	29/04
21:30	 Club Brugge KV
Charleroi	
-1.25
+1.25
2.00
1.80
 
 	
2.5
1.85
1.95
1.42
4.30
8.00
1.10
1.22
2.75
2.0
1.0
2.15
3.20
1.65
1.32
 	 3:1(0:1)  
515	30/04
21:30	 KAA Gent
RSC Anderlecht	
-0.25
+0.25
1.97
1.83
 
 	
2.25
1.80
 	
2.00
 	
2.30
3.25
3.10
1.35
1.32
1.59
1.5
1.0
2.30
1.85
1.60
1.90
 	 2:1(0:0)  
719	02/05
21:00	 KRC Genk
Waasland-Beveren	
-1.75
+1.75
1.90
1.90
 
 	
3.0
1.87
1.87
1.25
5.75
11.00
1.03
1.12
3.78
2.5
1.0
2.05
4.00
1.72
1.22
 	 7:1(4:0)  
720	02/05
21:00	 Mechelen
Zulte-Waregem	
-1.25
+1.25
2.00
1.75
 
 	
2.75
1.80
 	
1.95
 	
1.45
4.40
6.90
1.10
1.20
2.75
2.0
1.0
1.90
2.50
1.85
1.50
 	 3:0(2:0)  
721	02/05
19:00	 Standard
Club Brugge KV	
0
0
1.90
1.90
  	
2.5
1.80
2.00
2.65
3.30
2.60
1.47
1.31
1.45
1.5
1.5
2.25
2.25
1.62
1.62
 	 1:0(1:0)  
722	03/05
15:30	 KV Kortrijk
KAA Gent	
+0.25
-0.25
1.72
2.05
 
 	
2.5
1.95
1.80
2.85
3.30
2.40
1.53
1.30
1.40
1.0
1.5
1.72
2.30
2.05
1.58
 	 0:1(0:0)  
723	03/05
19:00	 Charleroi
RSC Anderlecht	
+0.25
-0.25
2.10
1.70
 
 	
2.5
1.90
1.90
3.70
3.50
1.95
1.85
1.30
1.27
1.0
1.5
1.95
1.95
1.80
1.80
 	 0:1(0:1)  
554	08/05
21:30	 KAA Gent
Charleroi	
–1.0
+1.0
1.90
1.90
  	
2.75
1.95
 	
1.85
 	
1.52
4.20
6.00
1.12
1.21
2.47
2.0
1.0
2.10
2.60
1.70
1.46
 	 1:1(1:0)  
1954	09/05
19:00	 Waasland-Beveren
Mechelen	
+1.25
-1.25
1.90
1.90
 
 	
2.75
1.95
 	
1.85
 	
8.00
4.70
1.38
2.96
1.18
1.07
1.0
2.0
3.20
1.95
1.33
1.85
 	 1:2(0:2)  
1955	09/05
19:00	 Zulte-Waregem
KRC Genk	
+0.25
-0.25
2.15
1.70
 
 	
2.75
1.95
 	
1.85
 	
3.70
3.60
1.95
1.82
1.28
1.26
1.0
1.5
1.80
1.85
1.95
1.90
 	 2:3(1:1)  
1956	09/05
21:00	 Mouscron-Peruwelz
KVC Westerlo	
-0.25
+0.25
1.65
2.25
 
 	
2.75
1.97
 	
1.83
 	
1.85
3.60
4.20
1.22
1.30
1.95
1.5
1.5
1.80
3.00
1.95
1.37
 	 1:1(1:0)  
1957	09/05
21:00	 Lokeren
KV Oostende	
–1.0
+1.0
1.90
1.90
  	
2.75
1.85
 	
1.95
 	
1.53
4.10
6.00
1.11
1.22
2.44
2.0
1.0
2.05
2.30
1.75
1.57
 	 6:1(5:0)  
1958	10/05
15:30	 RSC Anderlecht
Club Brugge KV	
-0.25
+0.25
1.80
1.95
 
 	
2.5
1.80
1.95
2.10
3.40
3.40
1.30
1.30
1.70
1.5
1.0
2.05
1.80
1.75
1.95
 	 3:1(1:0)  
1959	10/05
19:00	 Standard
KV Kortrijk	
-0.75
+0.75
1.95
1.80
 
 	
2.5
1.90
1.85
1.75
3.60
4.50
1.18
1.27
2.00
1.5
1.0
1.85
2.30
1.90
1.60
 	 4:0(1:0)  
462	17/05
15:30	 Club Brugge KV
KAA Gent	
-0.75
+0.75
2.10
1.75
 
 	
2.75
1.95
 	
1.85
 	
1.87
3.60
4.00
1.23
1.27
1.89
1.5
1.0
1.80
1.90
1.95
1.85
 	 2:3(1:1)  
463	17/05
19:00	 RSC Anderlecht
Standard	
–1.0
+1.0
1.95
1.85
  	
2.75
1.87
 	
1.93
 	
1.57
4.00
5.70
1.13
1.23
2.35
2.0
1.0
2.15
2.30
1.70
1.57
 	 1:1(1:1)  
464	17/05
21:30	 Charleroi
KV Kortrijk	
-0.25
+0.25
1.67
2.15
 
 	
2.5
2.00
1.80
1.95
3.40
3.90
1.24
1.30
1.82
1.5
1.0
2.05
2.15
1.77
1.70
 	 5:2(3:2)  
404	21/05
21:30	 Charleroi
Club Brugge KV	
+0.25
-0.25
2.00
1.80
 
 	
2.75
1.85
 	
1.95
 	
3.40
3.60
2.05
1.75
1.28
1.31
1.5
1.5
2.60
1.85
1.47
1.90
 	 2:3(0:2)  
405	21/05
21:30	 KAA Gent
Standard	
-0.75
+0.75
1.88
1.92
 
 	
2.75
1.85
 	
1.95
 	
1.68
3.90
4.70
1.17
1.24
2.13
1.5
1.5
1.68
3.33
2.11
1.30
 	 2:0(1:0)  
406	21/05
21:30	 KV Kortrijk
RSC Anderlecht	
+1.25
-1.25
1.85
1.95
 
 	
3.0
1.93
1.87
6.60
4.60
1.44
2.71
1.18
1.10
1.5
1.5
3.70
1.47
1.25
2.60
 	 2:2(0:0)  
407	23/05
21:00	 Mechelen
Lokeren	
-0.25
+0.25
2.00
1.80
 
 	
2.75
1.93
 	
1.87
 	
2.30
3.40
3.00
1.40
1.32
1.65
1.5
1.0
2.05
1.60
1.77
2.35
 	 2:1(1:0)  
399	24/05
15:30	 Club Brugge KV
KV Kortrijk	
–2.0
+2.0
1.95
1.80
  	
3.25
1.80
 	
1.95
 	
1.20
6.50
12.00
1.01
1.09
4.22
2.5
1.0
1.75
3.20
2.00
1.33
 	 1:0(1:0)  
400	24/05
15:30	 RSC Anderlecht
KAA Gent	
–1.5
+1.5
1.90
1.85
  	
3.0
1.87
1.87
1.32
5.20
9.00
1.05
1.15
3.30
2.0
1.0
1.65
2.90
2.15
1.38
 	 2:1(1:1)  
401	24/05
15:30	 Standard
Charleroi	
-0.75
+0.75
1.95
1.80
 
 	
2.75
1.95
 	
1.80
 	
1.75
3.50
4.80
1.17
1.28
2.05
1.5
1.0
1.75
2.05
2.00
1.75
 	 2:0(1:0)  