568	03/10
21:30	 Reims
Bordeaux	
+0.25
-0.25
2.05
1.77
 
 	
2.25
2.00
 	
1.80
 	
3.90
3.25
2.05
1.75
1.35
1.25
1.0
1.5
2.20
2.15
1.62
1.65
 	 1:0(1:0)  
569	04/10
18:00	 Caen
Marseille	
+0.25
-0.25
2.05
1.70
 
 	
2.5
2.00
1.75
3.90
3.25
2.05
1.75
1.34
1.23
1.0
1.5
2.00
2.05
1.75
1.70
 	 1:2(0:0)  
570	04/10
21:00	 SC Bastia
Lorient	
-0.25
+0.25
1.85
1.90
 
 	
2.25
1.90
 	
1.85
 	
2.20
3.15
3.50
1.30
1.35
1.67
1.5
1.0
2.20
2.05
1.63
1.70
 	 0:2(0:0)  
571	04/10
21:00	 Evian TG
Metz	
-0.25
+0.25
1.95
1.80
 
 	
2.25
2.00
 	
1.75
 	
2.30
3.10
3.35
1.32
1.35
1.57
1.5
1.5
2.55
3.05
1.47
1.35
 	 3:0(0:0)  
572	04/10
21:00	 Nice
Montpellier	
0
0
1.75
2.00
  	
2.0
1.80
1.95
2.55
3.10
2.95
1.40
1.37
1.50
1.5
1.5
2.65
3.20
1.44
1.32
 	 1:1(0:0)  
573	04/10
21:00	 Rennes
Lens	
-0.75
+0.75
2.00
1.75
 
 	
2.25
1.87
 	
1.87
 	
1.80
3.40
4.75
1.17
1.30
1.95
1.5
1.0
2.00
2.65
1.75
1.45
 	 2:0(0:0)  
574	05/10
15:00	 Saint-Etienne
Toulouse	
-0.75
+0.75
2.05
1.70
 
 	
2.25
1.85
 	
1.90
 	
1.85
3.30
4.75
1.17
1.33
1.90
1.5
1.0
2.00
2.55
1.75
1.47
 	 0:1(0:1)  
575	05/10
18:00	 Guingamp
Nantes	
0
0
1.75
2.00
  	
2.0
1.95
1.80
2.55
3.00
3.05
1.35
1.39
1.47
1.0
1.0
1.87
2.05
1.87
1.70
 	 0:1(0:1)  
576	05/10
18:00	 Lyon
Lille	
-0.25
+0.25
1.72
2.10
 
 	
2.0
1.80
1.95
2.00
3.25
4.15
1.24
1.35
1.82
1.0
1.0
1.60
2.50
2.35
1.53
 	 3:0(2:0)  
577	05/10
22:00	 PSG
AS Monaco	
-1.25
+1.25
1.97
1.77
 
 	
2.5
1.85
1.90
1.45
4.30
7.50
1.07
1.23
2.60
1.5
1.0
1.55
2.85
2.30
1.40
 	 1:1(0:0)  
707	17/10
21:30	 Lens
PSG	
+1.5
–1.5
1.85
1.95
  	
2.75
2.00
 	
1.80
 	
9.90
4.75
1.35
3.15
1.19
1.05
1.5
2.5
6.00
2.55
1.10
1.47
 	 1:3(1:2)  
708	18/10
18:00	 Lorient
Saint-Etienne	
+0.25
-0.25
1.80
1.95
 
 	
2.25
1.95
 	
1.80
 	
3.25
3.10
2.35
1.57
1.37
1.33
1.5
1.5
2.95
2.45
1.37
1.50
 	 0:1(0:0)  
709	18/10
21:00	 Lille
Guingamp	
-0.75
+0.75
1.87
1.87
 
 	
2.0
1.90
1.85
1.65
3.50
6.10
1.11
1.32
2.20
1.5
1.0
1.95
3.40
1.80
1.30
 	 1:2(0:1)  
710	18/10
21:00	 Metz
Rennes	
-0.25
+0.25
2.00
1.80
 
 	
2.25
2.00
 	
1.80
 	
2.40
3.05
3.25
1.35
1.37
1.55
1.0
1.0
1.72
1.87
2.03
1.87
 	 0:0(0:0)  
711	18/10
21:00	 AS Monaco
Evian TG	
–1.0
+1.0
1.85
1.95
  	
2.25
1.77
 	
2.05
 	
1.49
3.95
7.80
1.08
1.25
2.55
1.5
1.0
1.65
3.50
2.15
1.27
 	 2:0(1:0)  
712	18/10
21:00	 Nantes
Reims	
-0.75
+0.75
1.87
1.87
 
 	
2.0
1.77
1.97
1.67
3.50
6.00
1.12
1.31
2.15
1.5
1.0
2.00
2.95
1.75
1.37
 	 1:1(1:0)  
713	18/10
21:00	 Nice
SC Bastia	
-0.25
+0.25
1.80
1.95
 
 	
2.25
2.00
 	
1.75
 	
2.10
3.15
3.85
1.25
1.33
1.70
1.5
1.0
2.25
2.30
1.60
1.57
 	 0:1(0:0)  
714	19/10
15:00	 Marseille
Toulouse	
-0.75
+0.75
1.90
1.85
 
 	
2.5
1.90
1.85
1.67
3.75
5.30
1.14
1.27
2.15
1.5
1.0
1.70
2.45
2.05
1.50
 	 2:0(2:0)  
715	19/10
18:00	 Bordeaux
Caen	
-0.25
+0.25
1.63
2.14
 
 	
2.25
1.85
 	
1.90
 	
1.93
3.30
4.25
1.20
1.32
1.87
1.5
1.0
2.05
2.35
1.70
1.55
 	 1:1(1:0)  
716	19/10
22:00	 Lyon
Montpellier	
-0.75
+0.75
1.95
1.80
 
 	
2.25
1.80
 	
1.95
 	
1.72
3.55
5.25
1.14
1.30
2.05
1.5
1.0
1.80
2.55
1.95
1.47
 	 5:1(2:0)  
636	24/10
21:30	 Toulouse
Lens	
-1.25
+1.25
2.00
1.80
 
 	
2.5
1.85
1.95
1.48
4.10
7.50
1.08
1.24
2.60
1.5
1.0
1.65
3.50
2.15
1.27
 	 0:2(0:2)  
637	25/10
18:00	 PSG
Bordeaux	
-1.25
+1.25
2.00
1.80
 
 	
2.5
2.00
1.80
1.42
4.45
8.10
1.07
1.21
2.87
1.5
1.0
1.55
2.95
2.30
1.37
 	 3:0(1:0)  
638	25/10
21:00	 SC Bastia
AS Monaco	
+0.25
-0.25
2.05
1.70
 
 	
2.0
1.75
2.02
4.20
3.15
2.00
1.75
1.35
1.22
1.0
1.5
2.40
2.25
1.55
1.60
 	 1:3(1:1)  
639	25/10
21:00	 Caen
Lorient	
-0.25
+0.25
1.70
2.05
 
 	
2.25
1.95
 	
1.80
 	
1.95
3.25
4.25
1.22
1.33
1.80
1.5
1.0
2.25
2.20
1.60
1.63
 	 2:1(1:1)  
640	25/10
21:00	 Evian TG
Nantes	
0
0
1.85
1.90
  	
2.0
1.85
1.90
2.70
3.00
2.85
1.40
1.37
1.45
1.0
1.0
1.87
2.15
1.87
1.65
 	 0:2(0:1)  
641	25/10
21:00	 Reims
Montpellier	
0
0
1.75
2.00
  	
2.25
1.95
 	
1.80
 	
2.50
3.15
2.95
1.37
1.35
1.50
1.0
1.0
1.70
1.85
2.05
1.90
 	 1:0(0:0)  
642	26/10
15:00	 Rennes
Lille	
0
0
1.85
1.95
  	
2.0
1.90
1.85
2.65
3.00
2.90
1.40
1.39
1.45
1.5
1.5
2.95
3.20
1.37
1.32
 	 2:0(0:0)  
643	26/10
18:00	 Guingamp
Nice	
-0.25
+0.25
1.87
1.87
 
 	
2.0
1.85
1.90
2.25
3.00
3.60
1.27
1.36
1.60
1.5
1.5
2.55
3.55
1.47
1.27
 	 2:7(1:4)  
644	26/10
18:00	 Saint-Etienne
Metz	
-0.75
+0.75
1.75
2.00
 
 	
2.25
2.05
 	
1.70
 	
1.57
3.65
6.85
1.10
1.29
2.35
1.5
1.0
1.77
3.20
1.97
1.32
 	 1:0(0:0)  
645	26/10
22:00	 Lyon
Marseille	
0
0
1.85
1.90
  	
2.5
1.87
1.87
2.60
3.20
2.80
1.40
1.35
1.45
1.5
1.5
2.40
2.55
1.52
1.47
 	 1:0(0:0) 
677	31/10
21:30	 AS Monaco
Reims	
-1.25
+1.25
1.90
1.90
 
 	
2.5
1.90
1.85
1.40
4.35
8.70
1.07
1.20
2.90
1.5
1.0
1.55
3.05
2.35
1.35
 	 1:1(1:0)  
678	01/11
18:00	 Lorient
PSG	
+1.0
–1.0
1.90
1.90
  	
2.5
1.95
1.85
6.70
4.00
1.53
2.50
1.25
1.10
1.0
1.5
2.75
1.67
1.42
2.12
 	 1:2(1:0)  
679	01/11
21:00	 Guingamp
SC Bastia	
-0.25
+0.25
1.75
2.00
 
 	
2.25
2.05
 	
1.70
 	
2.05
3.10
4.10
1.23
1.37
1.75
1.5
1.0
2.20
2.30
1.63
1.57
 	 1:0(1:0)  
680	01/11
21:00	 Lille
Saint-Etienne	
-0.25
+0.25
2.10
1.70
 
 	
2.0
2.00
1.75
2.50
2.95
3.15
1.35
1.37
1.50
1.0
1.0
1.90
2.15
1.85
1.65
 	 1:1(1:0)  
681	01/11
21:00	 Metz
Caen	
0
0
1.85
1.95
  	
2.25
2.07
 	
1.75
 	
2.65
3.10
2.85
1.42
1.36
1.47
1.0
1.0
1.80
1.87
1.95
1.87
 	 3:2(1:0)  
682	01/11
21:00	 Montpellier
Evian TG	
-0.25
+0.25
1.70
2.15
 
 	
2.25
2.00
 	
1.80
 	
2.03
3.15
4.15
1.22
1.37
1.77
1.5
1.0
2.20
2.35
1.63
1.55
 	 2:0(1:0)  
683	01/11
21:00	 Nice
Lyon	
+0.25
-0.25
1.87
1.87
 
 	
2.25
1.75
 	
2.00
 	
3.45
3.20
2.20
1.65
1.33
1.28
1.0
1.5
1.90
2.15
1.85
1.65
 	 1:3(0:0)  
684	02/11
15:00	 Nantes
Rennes	
-0.25
+0.25
1.70
2.10
 
 	
2.0
1.90
1.85
2.05
3.10
4.05
1.22
1.37
1.75
1.0
1.0
1.57
2.75
2.30
1.42
 	 1:1(1:1)  
685	02/11
18:00	 Bordeaux
Toulouse	
-0.25
+0.25
1.85
1.90
 
 	
2.25
1.80
 	
1.95
 	
2.20
3.20
3.50
1.28
1.33
1.65
1.5
1.0
2.20
2.00
1.63
1.75
 	 2:1(0:0)  
686	02/11
22:00	 Marseille
Lens	
–1.5
+1.5
1.80
1.95
  	
2.75
1.80
 	
1.95
 	
1.28
5.35
11.00
1.03
1.15
3.55
2.5
1.5
2.20
6.00
1.63
1.10
 	 2:1(1:1)  
621	07/11
21:30	 Rennes
Lorient	
-0.25
+0.25
1.70
2.15
 
 	
2.25
1.95
 	
1.85
 	
1.97
3.25
4.25
1.23
1.35
1.83
1.5
1.0
2.12
2.30
1.67
1.57
 	 1:0(0:0)  
622	08/11
18:00	 Lens
Bordeaux	
+0.25
-0.25
1.90
1.90
 
 	
2.25
1.95
 	
1.85
 	
3.50
3.20
2.20
1.67
1.35
1.30
1.0
1.5
2.05
2.20
1.70
1.63
 	 1:2(0:2)  
623	08/11
21:00	 SC Bastia
Montpellier	
0
0
1.75
2.00
  	
2.25
2.05
 	
1.77
 	
2.55
3.10
2.97
1.40
1.37
1.50
1.0
1.0
1.77
1.85
1.97
1.90
 	 2:0(2:0)  
624	08/11
21:00	 Caen
Nantes	
-0.25
+0.25
2.05
1.75
 
 	
2.0
1.85
1.90
2.45
3.10
3.10
1.35
1.37
1.52
1.0
1.0
1.80
2.15
1.95
1.65
 	 1:2(1:1)  
625	08/11
21:00	 Evian TG
Nice	
-0.25
+0.25
2.05
1.77
 
 	
2.25
2.00
 	
1.80
 	
2.40
3.10
3.20
1.35
1.37
1.57
1.0
1.0
1.72
1.87
2.03
1.87
 	 1:0(0:0)  
626	08/11
21:00	 Toulouse
Metz	
-0.75
+0.75
1.85
1.90
 
 	
2.25
1.80
 	
1.95
 	
1.65
3.55
6.00
1.11
1.29
2.15
1.5
1.0
1.87
2.85
1.87
1.40
 	 3:0(1:0)  
627	09/11
15:00	 Lyon
Guingamp	
-1.25
+1.25
2.00
1.75
 
 	
2.5
1.90
1.85
1.45
4.15
8.00
1.06
1.23
2.70
1.5
1.0
1.55
3.20
2.35
1.32
 	 3:1(2:1)  
628	09/11
18:00	 Reims
Lille	
+0.25
-0.25
2.05
1.75
 
 	
2.0
1.90
1.85
3.95
3.20
2.05
1.70
1.35
1.25
1.0
1.5
2.40
2.45
1.52
1.50
 	 2:0(2:0)  
629	09/11
18:00	 Saint-Etienne
AS Monaco	
-0.25
+0.25
2.00
1.77
 
 	
2.0
1.87
1.87
2.35
3.15
3.20
1.35
1.37
1.57
1.0
1.0
1.75
2.05
2.00
1.70
 	 1:1(0:1)  
630	09/11
22:00	 PSG
Marseille	
-0.75
+0.75
1.85
1.95
 
 	
2.5
1.90
1.85
1.65
3.75
5.50
1.14
1.27
2.20
1.5
1.0
1.70
2.45
2.05
1.50
 	 2:0(1:0)  
686	21/11
21:30	 Metz
PSG	
+1.25
-1.25
1.77
2.05
 
 	
2.5
1.95
1.85
7.40
4.25
1.47
2.70
1.23
1.09
1.0
1.5
3.55
1.57
1.27
2.30
 	 2:3(0:2)  
687	22/11
18:00	 SC Bastia
Lyon	
+0.25
-0.25
2.05
1.70
 
 	
2.25
1.80
 	
1.95
 	
3.85
3.25
2.05
1.70
1.33
1.24
1.0
1.5
2.15
2.12
1.65
1.67
 	 0:0(0:0)  
688	22/11
21:00	 Guingamp
Rennes	
0
0
1.77
1.97
  	
2.25
2.00
 	
1.75
 	
2.60
3.05
2.90
1.40
1.37
1.47
1.5
1.5
2.75
3.05
1.42
1.35
 	 0:1(0:1)  
689	22/11
21:00	 Lorient
Lens	
-0.75
+0.75
1.97
1.77
 
 	
2.25
1.77
 	
1.97
 	
1.77
3.50
4.95
1.15
1.30
2.00
1.5
1.0
1.87
2.40
1.87
1.52
 	 1:0(1:0)  
690	22/11
21:00	 AS Monaco
Caen	
–1.0
+1.0
2.05
1.77
  	
2.25
1.85
 	
1.95
 	
1.57
3.85
6.45
1.10
1.26
2.40
1.5
1.0
1.72
3.05
2.03
1.35
 	 2:2(1:0)  
691	22/11
21:00	 Nice
Reims	
-0.25
+0.25
1.65
2.15
 
 	
2.25
1.90
 	
1.85
 	
1.93
3.25
4.40
1.18
1.35
1.85
1.5
1.5
2.12
3.75
1.67
1.25
 	 0:0(0:0)  
692	23/11
15:00	 Nantes
Saint-Etienne	
0
0
1.85
1.95
  	
2.0
1.90
1.85
2.75
2.95
2.85
1.40
1.40
1.42
1.5
1.5
2.95
3.05
1.37
1.35
 	 0:0(0:0)  
693	23/11
18:00	 Montpellier
Toulouse	
-0.25
+0.25
2.05
1.70
 
 	
2.25
2.00
 	
1.75
 	
2.50
3.05
3.05
1.35
1.35
1.50
1.0
1.0
1.87
2.05
1.87
1.70
 	 2:0(1:0)  
694	23/11
22:00	 Marseille
Bordeaux	
-0.75
+0.75
1.75
2.00
 
 	
2.5
1.97
1.77
1.57
3.80
6.45
1.09
1.25
2.30
1.5
1.5
1.70
4.25
2.05
1.20
 	 3:1(0:0)  
585	28/11
21:30	 Marseille
Nantes	
–1.0
+1.0
1.95
1.85
  	
2.5
1.95
1.85
1.55
3.80
6.95
1.09
1.27
2.45
1.5
1.0
1.67
3.20
2.12
1.32
 	 2:0(2:0)  
586	29/11
18:00	 PSG
Nice	
–2.0
+2.0
1.95
1.80
  	
3.0
1.90
1.85
1.20
6.50
14.00
1.01
1.11
4.30
2.5
1.0
2.00
4.50
1.75
1.17
 	 1:0(1:0)  
587	29/11
21:00	 Caen
Montpellier	
-0.25
+0.25
1.90
1.85
 
 	
2.0
1.75
2.00
2.25
3.10
3.50
1.30
1.35
1.60
1.5
1.5
2.55
3.20
1.47
1.32
 	 1:1(1:1)  
588	29/11
21:00	 Lens
Metz	
0
0
1.87
1.93
  	
2.0
1.80
2.00
2.70
3.10
2.80
1.44
1.37
1.46
1.5
1.5
2.55
2.95
1.47
1.37
 	 2:0(0:0)  
589	29/11
21:00	 Reims
SC Bastia	
-0.25
+0.25
1.75
2.00
 
 	
2.0
1.80
2.00
2.10
3.20
3.75
1.27
1.35
1.70
1.5
1.0
2.20
2.25
1.63
1.60
 	 2:1(1:1)  
590	29/11
21:00	 Rennes
AS Monaco	
0
0
2.00
1.75
  	
2.25
2.05
 	
1.70
 	
2.95
3.15
2.50
1.50
1.37
1.37
1.0
1.0
2.00
1.80
1.75
1.95
 	 2:0(2:0)  
591	29/11
21:00	 Toulouse
Lorient	
-0.75
+0.75
2.00
1.80
 
 	
2.25
1.95
 	
1.85
 	
1.77
3.45
5.10
1.16
1.31
2.05
1.5
1.0
2.05
2.65
1.70
1.45
 	 2:3(1:0)  
592	30/11
15:00	 Bordeaux
Lille	
-0.25
+0.25
1.87
1.87
 
 	
2.0
1.90
1.85
2.20
3.10
3.60
1.27
1.37
1.65
1.0
1.0
1.60
2.75
2.25
1.42
 	 1:0(0:0)  
593	30/11
18:00	 Evian TG
Guingamp	
-0.25
+0.25
1.80
2.00
 
 	
2.0
1.80
2.00
2.15
3.20
3.60
1.28
1.35
1.67
1.5
1.0
2.30
2.25
1.57
1.60
 	 2:0(0:0)  
594	30/11
22:00	 Saint-Etienne
Lyon	
-0.25
+0.25
2.00
1.80
 
 	
2.25
1.95
 	
1.85
 	
2.40
3.20
3.05
1.37
1.35
1.55
1.5
1.5
2.50
3.05
1.50
1.35
 	 3:0(2:0) 
531	02/12
20:00	 Lorient
Marseille	
+0.25
-0.25
1.95
1.85
 
 	
2.5
1.90
1.90
3.50
3.35
2.15
1.70
1.33
1.37
1.0
1.5
1.90
2.00
1.85
1.75
 	 1:1(1:1)  
532	02/12
20:00	 Nantes
Toulouse	
-0.25
+0.25
1.75
2.07
 
 	
2.25
1.90
 	
1.90
 	
2.00
3.25
4.10
1.24
1.34
1.80
1.5
1.0
2.15
2.00
1.65
1.75
 	 1:2(0:1)  
533	02/12
22:00	 AS Monaco
Lens	
-1.25
+1.25
1.95
1.85
 
 	
2.75
1.95
 	
1.85
 	
1.40
4.45
8.90
1.05
1.20
2.95
1.5
1.0
1.43
3.05
2.70
1.35
 	 2:0(0:0)  
534	03/12
20:00	 SC Bastia
Evian TG	
-0.25
+0.25
1.85
1.95
 
 	
2.0
1.75
2.00
2.25
3.07
3.55
1.30
1.38
1.65
1.5
1.5
2.55
3.20
1.47
1.32
 	 1:2(1:0)  
535	03/12
20:00	 Guingamp
Caen	
0
0
1.75
2.07
  	
2.25
1.95
 	
1.85
 	
2.55
3.12
2.95
1.40
1.37
1.50
1.5
1.5
2.55
2.95
1.45
1.37
 	 5:1(2:1)  
536	03/12
20:00	 Metz
Bordeaux	
0
0
1.85
1.90
  	
2.25
2.05
 	
1.77
 	
2.65
3.15
2.80
1.42
1.37
1.47
1.0
1.0
1.80
1.90
1.95
1.85
 	 0:0(0:0)  
537	03/12
20:00	 Montpellier
Saint-Etienne	
0
0
2.05
1.75
  	
2.0
1.85
1.95
2.95
3.15
2.50
1.50
1.37
1.37
1.0
1.0
1.95
1.80
1.80
1.95
 	 0:2(0:2)  
538	03/12
20:00	 Nice
Rennes	
0
0
1.80
1.95
  	
2.0
1.85
1.90
2.60
3.10
2.85
1.40
1.37
1.47
1.0
1.0
1.87
2.00
1.87
1.75
 	 1:2(0:1)  
539	03/12
22:00	 Lille
PSG	
+0.75
-0.75
1.90
1.90
 
 	
2.25
2.00
 	
1.75
 	
5.55
3.65
1.67
2.15
1.28
1.13
1.0
1.5
3.05
1.85
1.35
1.90
 	 1:1(1:1)  
540	04/12
22:00	 Lyon
Reims	
-1.25
+1.25
2.00
1.80
 
 	
2.5
1.95
1.85
1.42
4.40
8.10
1.06
1.20
2.75
1.5
1.0
1.57
3.55
2.30
1.27
 	 2:1(1:1) 
684	05/12
21:30	 Toulouse
AS Monaco	
0
0
1.95
1.85
  	
2.25
1.80
 	
2.00
 	
2.80
3.15
2.65
1.47
1.36
1.42
1.5
1.5
2.75
2.65
1.42
1.44
 	 0:2(0:1)  
685	06/12
18:00	 PSG
Nantes	
–1.5
+1.5
1.85
1.95
  	
2.75
1.90
 	
1.90
 	
1.27
5.70
11.00
1.03
1.14
3.70
2.5
1.5
2.35
7.50
1.55
1.07
 	 2:1(1:1)  
686	06/12
21:00	 Bordeaux
Lorient	
-0.75
+0.75
2.05
1.70
 
 	
2.25
1.90
 	
1.90
 	
1.85
3.40
4.55
1.18
1.33
1.90
1.5
1.0
2.00
2.55
1.75
1.47
 	 3:2(1:1)  
687	06/12
21:00	 Caen
Nice	
-0.25
+0.25
1.75
2.07
 
 	
2.25
1.90
 	
1.90
 	
2.00
3.25
4.05
1.23
1.34
1.80
1.5
1.0
2.15
2.00
1.65
1.75
 	 2:3(2:1)  
688	06/12
21:00	 Rennes
Montpellier	
-0.25
+0.25
1.65
2.25
 
 	
2.25
2.00
 	
1.80
 	
1.95
3.35
4.20
1.23
1.33
1.86
1.5
1.5
2.20
3.70
1.65
1.25
 	 0:4(0:1)  
689	06/12
21:00	 Saint-Etienne
SC Bastia	
-1.25
+1.25
1.95
1.80
 
 	
2.25
1.90
 	
1.90
 	
1.43
4.10
8.90
1.06
1.23
2.75
1.5
1.0
1.70
3.90
2.05
1.23
 	 1:0(0:0)  
690	07/12
15:00	 Evian TG
Lyon	
+0.25
-0.25
1.95
1.80
 
 	
2.25
1.80
 	
2.00
 	
3.65
3.30
2.10
1.70
1.34
1.27
1.0
1.5
1.90
2.15
1.85
1.65
 	 2:3(1:0)  
691	07/12
18:00	 Lens
Lille	
+0.25
-0.25
2.15
1.67
 
 	
2.0
1.85
1.95
4.25
3.15
2.00
1.80
1.37
1.22
1.0
1.0
2.75
1.55
1.42
2.35
 	 1:1(0:0)  
692	07/12
18:00	 Reims
Guingamp	
-0.25
+0.25
1.85
1.95
 
 	
2.0
1.75
2.00
2.20
3.15
3.55
1.30
1.38
1.65
1.5
1.5
2.55
3.20
1.47
1.32
 	 2:3(1:1)  
693	07/12
22:00	 Marseille
Metz	
-1.25
+1.25
1.90
1.90
 
 	
2.75
1.95
 	
1.80
 	
1.40
4.65
8.00
1.06
1.20
2.85
1.5
1.0
1.43
2.95
2.70
1.37
 	 3:1(1:0)  
543	12/12
21:30	 Lyon
Caen	
–1.0
+1.0
1.98
1.77
  	
2.75
1.95
 	
1.80
 	
1.47
4.30
6.40
1.10
1.20
2.57
2.5
1.0
2.75
2.95
1.42
1.37
 	 3:0(1:0)  
544	13/12
18:00	 Nantes
Bordeaux	
-0.25
+0.25
1.85
1.95
 
 	
2.0
1.80
1.95
2.20
3.05
3.70
1.27
1.37
1.65
1.0
1.0
1.70
2.25
2.05
1.60
 	 2:1(1:1)  
545	13/12
21:00	 SC Bastia
Rennes	
0
0
2.05
1.77
  	
2.25
2.05
 	
1.77
 	
3.00
3.05
2.55
1.50
1.39
1.37
1.0
1.0
2.05
1.87
1.70
1.87
 	 2:0(1:0)  
546	13/12
21:00	 Lorient
Metz	
-0.25
+0.25
1.67
2.15
 
 	
2.25
1.95
 	
1.85
 	
1.90
3.35
4.40
1.20
1.33
1.90
1.5
1.5
2.05
3.75
1.70
1.25
 	 3:1(3:0)  
547	13/12
21:00	 Montpellier
Lens	
-0.75
+0.75
2.00
1.80
 
 	
2.25
1.90
 	
1.90
 	
1.75
3.40
5.30
1.15
1.30
2.07
1.5
1.0
1.95
2.65
1.80
1.44
 	 3:3(2:2)  
548	13/12
21:00	 Reims
Evian TG	
-0.25
+0.25
1.85
1.95
 
 	
2.25
1.95
 	
1.80
 	
2.15
3.20
3.65
1.28
1.35
1.70
1.5
1.0
2.30
2.15
1.57
1.65
 	 3:2(1:0)  
549	14/12
15:00	 Nice
Saint-Etienne	
+0.25
-0.25
1.75
2.00
 
 	
2.0
1.85
1.90
3.30
3.00
2.40
1.55
1.37
1.32
1.0
1.0
2.15
1.80
1.65
1.95
 	 0:0(0:0)  
550	14/12
18:00	 Guingamp
PSG	
+1.25
-1.25
1.80
1.95
 
 	
2.5
1.95
1.85
8.10
4.30
1.43
2.80
1.22
1.06
1.0
1.5
3.55
1.57
1.27
2.30
 	 1:0(1:0)  
551	14/12
18:00	 Lille
Toulouse	
-0.25
+0.25
1.70
2.10
 
 	
2.0
1.80
2.00
2.00
3.15
4.25
1.22
1.36
1.80
1.5
1.0
2.20
2.45
1.63
1.50
 	 3:0(1:0)  
552	14/12
22:00	 AS Monaco
Marseille	
0
0
1.80
1.95
  	
2.25
1.95
 	
1.85
 	
2.55
3.20
2.85
1.40
1.37
1.47
1.0
1.0
1.67
1.80
2.12
1.95
 	 1:0(0:0)  
570	19/12
21:30	 Lens
Nice	
-0.25
+0.25
1.95
1.85
 
 	
2.25
2.05
 	
1.75
 	
2.35
3.20
3.18
1.35
1.35
1.58
1.5
1.5
2.55
3.20
1.47
1.32
 	 2:0(1:0)  
571	20/12
18:00	 PSG
Montpellier	
-1.75
+1.75
1.85
1.95
 
 	
3.0
2.00
1.80
1.22
6.30
13.50
1.02
1.12
4.25
2.5
1.0
2.00
4.00
1.75
1.22
 	 0:0(0:0)  
572	20/12
21:00	 Caen
SC Bastia	
-0.25
+0.25
1.67
2.15
 
 	
2.25
1.90
 	
1.85
 	
1.95
3.25
4.25
1.20
1.35
1.85
1.5
1.5
2.12
3.75
1.67
1.25
 	 1:1(0:1)  
573	20/12
21:00	 Lorient
Nantes	
-0.25
+0.25
1.95
1.85
 
 	
2.25
2.00
 	
1.80
 	
2.30
3.10
3.40
1.32
1.37
1.60
1.5
1.5
2.50
3.40
1.50
1.30
 	 1:2(0:1)  
574	20/12
21:00	 Metz
AS Monaco	
+0.25
-0.25
2.07
1.75
 
 	
2.25
1.95
 	
1.85
 	
3.95
3.20
2.05
1.77
1.33
1.24
1.0
1.5
2.12
2.20
1.67
1.63
 	 0:1(0:0)  
575	20/12
21:00	 Rennes
Reims	
-0.75
+0.75
2.05
1.70
 
 	
2.25
1.95
 	
1.85
 	
1.80
3.45
4.75
1.17
1.33
1.95
1.5
1.0
1.95
2.65
1.80
1.45
 	 1:3(1:0)  
576	20/12
21:00	 Toulouse
Guingamp	
-0.25
+0.25
1.67
2.15
 
 	
2.25
1.85
 	
1.90
 	
1.95
3.35
4.10
1.23
1.32
1.85
1.5
1.0
2.05
2.30
1.70
1.57
 	 1:1(1:1)  
577	21/12
15:00	 Marseille
Lille	
-0.75
+0.75
1.85
1.90
 
 	
2.25
1.80
 	
1.95
 	
1.65
3.60
5.85
1.11
1.28
2.15
1.5
1.0
1.80
2.55
1.95
1.47
 	 2:1(1:0)  
578	21/12
18:00	 Saint-Etienne
Evian TG	
–1.0
+1.0
1.85
1.95
  	
2.25
1.95
 	
1.85
 	
1.47
4.05
7.90
1.07
1.24
2.60
1.5
1.0
1.80
3.75
1.95
1.25
 	 3:0(2:0)  
579	21/12
22:00	 Bordeaux
Lyon	
0
0
1.85
1.95
  	
2.25
1.85
 	
1.95
 	
2.60
3.25
2.75
1.45
1.35
1.47
1.0
1.0
1.67
1.72
2.12
2.03
 	 0:5(0:1)  
760	09/01
21:30	 Montpellier
Marseille	
+0.25
-0.25
2.15
1.70
 
 	
2.25
1.85
 	
1.95
 	
4.05
3.30
2.00
1.80
1.34
1.24
1.0
1.5
2.15
2.15
1.65
1.65
 	 2:1(1:0)  
761	10/01
18:00	 SC Bastia
PSG	
+1.25
-1.25
1.77
2.00
 
 	
2.5
1.95
1.80
7.70
4.50
1.42
2.75
1.18
1.07
1.0
1.5
3.85
1.62
1.23
2.20
 	 4:2(2:2)  
762	10/01
21:00	 Evian TG
Rennes	
0
0
1.85
1.95
  	
2.25
1.90
 	
1.85
 	
2.65
3.15
2.80
1.40
1.32
1.47
1.0
1.0
1.75
1.80
2.00
1.95
 	 1:1(0:0)  
763	10/01
21:00	 Guingamp
Lens	
-0.25
+0.25
1.67
2.15
 
 	
2.25
1.95
 	
1.85
 	
1.95
3.25
4.30
1.20
1.35
1.85
1.5
1.5
2.12
3.75
1.67
1.25
 	 2:0(1:0)  
764	10/01
21:00	 Lille
Caen	
-0.75
+0.75
2.00
1.80
 
 	
2.25
2.00
 	
1.80
 	
1.77
3.40
5.20
1.15
1.32
2.05
1.5
1.0
1.95
2.65
1.80
1.45
 	 1:0(1:0)  
765	10/01
21:00	 Nice
Lorient	
-0.25
+0.25
1.90
1.90
 
 	
2.25
1.95
 	
1.85
 	
2.20
3.25
3.45
1.30
1.34
1.67
1.5
1.0
2.30
2.00
1.57
1.75
 	 3:1(1:1)  
766	10/01
21:00	 Reims
Saint-Etienne	
+0.25
-0.25
2.00
1.80
 
 	
2.0
1.75
2.05
3.85
3.05
2.15
1.70
1.38
1.26
1.0
1.5
2.20
2.25
1.63
1.60
 	 1:2(0:1)  
767	11/01
18:00	 Lyon
Toulouse	
–1.0
+1.0
1.90
1.85
  	
2.75
2.05
 	
1.77
 	
1.52
4.10
6.70
1.11
1.24
2.50
2.5
1.0
3.20
2.65
1.32
1.45
 	 3:0(2:0)  
768	11/01
18:00	 Nantes
Metz	
-0.75
+0.75
2.05
1.75
 
 	
2.25
2.00
 	
1.80
 	
1.80
3.35
5.05
1.17
1.33
2.00
1.5
1.0
2.05
2.65
1.70
1.45
 	 0:0(0:0)  
769	11/01
22:00	 AS Monaco
Bordeaux	
-0.75
+0.75
2.00
1.80
 
 	
2.25
1.90
 	
1.90
 	
1.75
3.50
5.10
1.17
1.30
2.07
1.5
1.0
1.95
2.65
1.80
1.44
 	 0:0(0:0)  
791	16/01
21:30	 Bordeaux
Nice	
-0.25
+0.25
1.70
2.15
 
 	
2.25
1.90
 	
1.90
 	
1.95
3.27
4.30
1.22
1.34
1.85
1.5
1.0
2.10
2.35
1.68
1.55
 	 1:2(1:0)  
792	17/01
18:00	 Lens
Lyon	
+0.25
-0.25
2.20
1.65
 
 	
2.25
1.80
 	
2.00
 	
4.55
3.45
1.85
1.95
1.32
1.20
1.0
1.5
2.35
1.97
1.55
1.77
 	 0:2(0:2)  
793	17/01
21:00	 Caen
Reims	
-0.25
+0.25
1.85
1.95
 
 	
2.25
1.80
 	
2.00
 	
2.20
3.30
3.40
1.30
1.34
1.67
1.5
1.0
2.25
2.00
1.60
1.75
 	 4:1(3:1)  
794	17/01
21:00	 Lorient
Lille	
0
0
1.93
1.87
  	
2.0
1.85
1.95
2.75
3.10
2.70
1.45
1.37
1.43
1.0
1.0
1.95
1.87
1.80
1.87
 	 1:0(0:0)  
795	17/01
21:00	 Metz
Montpellier	
-0.25
+0.25
2.05
1.75
 
 	
2.25
2.05
 	
1.75
 	
2.45
3.05
3.15
1.35
1.38
1.55
1.0
1.0
1.80
2.15
1.95
1.65
 	 2:3(2:1)  
796	17/01
21:00	 AS Monaco
Nantes	
–1.0
+1.0
2.05
1.75
  	
2.25
1.95
 	
1.85
 	
1.57
3.75
6.55
1.11
1.27
2.37
1.5
1.0
1.80
3.20
1.95
1.32
 	 1:0(0:0)  
797	17/01
21:00	 Toulouse
SC Bastia	
-0.75
+0.75
2.05
1.75
 
 	
2.25
1.90
 	
1.90
 	
1.83
3.40
4.75
1.17
1.33
1.97
1.5
1.0
2.00
2.65
1.75
1.45
 	 1:1(0:0)  
798	18/01
15:00	 PSG
Evian TG	
–2.0
+2.0
1.85
1.90
  	
3.0
1.80
2.00
1.17
7.25
16.50
1.01
1.09
5.00
2.5
1.0
1.80
4.25
1.95
1.20
 	 4:2(2:1)  
799	18/01
18:00	 Rennes
Saint-Etienne	
+0.25
-0.25
1.70
2.10
 
 	
2.0
1.85
1.95
3.05
3.10
2.50
1.53
1.37
1.37
1.0
1.0
2.05
1.87
1.70
1.87
 	 0:0(0:0)  
800	18/01
22:00	 Marseille
Guingamp	
-1.25
+1.25
1.90
1.90
 
 	
2.75
2.00
 	
1.80
 	
1.38
4.65
8.90
1.05
1.19
3.00
2.5
1.0
2.65
3.55
1.44
1.27
 	 2:1(0:0)  
768	23/01
21:30	 Nice
Marseille	
+0.25
-0.25
1.95
1.85
 
 	
2.5
2.00
1.80
3.75
3.25
2.10
1.73
1.35
1.27
1.0
1.5
2.00
2.10
1.75
1.70
 	 2:1(0:0)  
769	24/01
18:00	 Lille
AS Monaco	
0
0
1.87
1.93
  	
2.0
2.00
1.80
2.75
3.00
2.80
1.43
1.40
1.45
1.5
1.5
2.95
3.00
1.37
1.36
 	 0:1(0:0)  
770	24/01
21:00	 SC Bastia
Bordeaux	
0
0
1.85
1.95
  	
2.25
2.05
 	
1.77
 	
2.65
3.15
2.80
1.42
1.37
1.47
1.0
1.0
1.87
2.00
1.87
1.75
 	 0:0(0:0)  
771	25/01
15:00	 Evian TG
Toulouse	
0
0
1.85
1.95
  	
2.25
2.05
 	
1.77
 	
2.65
3.15
2.80
1.42
1.37
1.47
1.0
1.0
1.80
1.90
1.95
1.85
 	 1:0(1:0)  
772	24/01
21:00	 Guingamp
Lorient	
-0.25
+0.25
1.85
1.95
 
 	
2.25
2.00
 	
1.80
 	
2.15
3.20
3.60
1.28
1.35
1.70
1.5
1.0
2.30
2.15
1.57
1.65
 	 3:2(1:0)  
773	24/01
21:00	 Montpellier
Nantes	
-0.25
+0.25
1.95
1.85
 
 	
2.0
1.85
1.95
2.25
3.05
3.55
1.30
1.37
1.60
1.0
1.0
1.70
2.25
2.05
1.60
 	 4:0(1:0)  
774	25/01
15:00	 Lyon
Metz	
-1.25
+1.25
1.80
2.00
 
 	
2.75
1.95
 	
1.85
 	
1.32
5.00
10.50
1.04
1.17
3.30
2.5
1.0
2.55
3.55
1.47
1.27
 	 2:0(1:0)  
775	25/01
18:00	 Reims
Lens	
-0.25
+0.25
1.95
1.85
 
 	
2.25
1.85
 	
1.95
 	
2.25
3.25
3.35
1.32
1.35
1.65
1.5
1.0
2.35
1.95
1.55
1.80
 	 0:0(0:0)  
776	25/01
18:00	 Rennes
Caen	
-0.25
+0.25
1.70
2.15
 
 	
2.25
1.90
 	
1.90
 	
2.00
3.25
4.10
1.23
1.34
1.80
1.5
1.0
2.25
2.12
1.60
1.67
 	 1:4(1:1)  
777	25/01
22:00	 Saint-Etienne
PSG	
+0.25
-0.25
2.00
1.80
 
 	
2.25
1.95
 	
1.85
 	
3.75
3.25
2.10
1.73
1.35
1.27
1.0
1.5
2.10
2.15
1.70
1.65
 	 0:1(0:0)  
874	30/01
21:30	 PSG
Rennes	
-1.75
+1.75
1.90
1.90
 
 	
2.75
1.80
 	
2.00
 	
1.22
6.10
14.50
1.01
1.13
4.25
2.5
1.0
2.00
4.50
1.75
1.17
 	 1:0(1:0)  
875	31/01
17:30	 Marseille
Evian TG	
-1.25
+1.25
1.80
2.00
 
 	
2.75
2.00
 	
1.80
 	
1.33
5.00
10.00
1.05
1.18
3.20
2.5
1.0
2.65
3.55
1.44
1.27
 	 1:0(0:0)  
876	31/01
21:00	 Lens
SC Bastia	
-0.25
+0.25
1.80
1.95
 
 	
2.0
1.85
1.85
2.10
3.05
3.75
1.25
1.35
1.70
1.5
1.5
2.40
3.75
1.50
1.23
 	 1:1(0:0)  
877	31/01
21:00	 Lorient
Montpellier	
-0.25
+0.25
2.00
1.80
 
 	
2.25
1.85
 	
1.95
 	
2.40
3.15
3.15
1.35
1.36
1.57
1.0
1.0
1.60
1.95
2.25
1.80
 	 0:0(0:0)  
878	31/01
21:00	 Metz
Nice	
0
0
1.77
2.05
  	
2.25
2.00
 	
1.80
 	
2.55
3.15
2.92
1.40
1.37
1.50
1.0
1.0
1.80
2.00
1.95
1.75
 	 0:0(0:0)  
879	31/01
21:00	 Nantes
Lille	
-0.25
+0.25
2.00
1.80
 
 	
2.0
2.05
1.75
2.35
3.00
3.40
1.32
1.40
1.59
1.0
1.0
1.90
2.20
1.85
1.62
 	 1:1(0:1)  
880	31/01
21:00	 Toulouse
Reims	
-0.25
+0.25
1.65
2.25
 
 	
2.25
1.80
 	
2.00
 	
1.85
3.35
4.70
1.18
1.33
1.95
1.5
1.0
2.00
2.15
1.75
1.65
 	 1:0(1:0)  
881	01/02
15:00	 Caen
Saint-Etienne	
+0.25
-0.25
1.95
1.85
 
 	
2.25
1.95
 	
1.85
 	
3.70
3.15
2.15
1.70
1.36
1.27
1.0
1.5
2.35
2.15
1.55
1.65
 	 1:0(1:0)  
882	01/02
18:00	 Bordeaux
Guingamp	
-0.25
+0.25
1.67
2.20
 
 	
2.25
1.85
 	
1.95
 	
1.90
3.40
4.30
1.22
1.32
1.90
1.5
1.0
2.10
2.65
1.68
1.45
 	 1:1(0:1)  
883	01/02
22:00	 AS Monaco
Lyon	
-0.25
+0.25
1.85
1.95
 
 	
2.25
1.95
 	
1.85
 	
2.15
3.20
3.65
1.28
1.35
1.70
1.5
1.0
2.30
2.15
1.57
1.65
 	 0:0(0:0)  
951	06/02
21:30	 Saint-Etienne
Lens	
-0.75
+0.75
1.75
2.07
 
 	
2.25
1.95
 	
1.85
 	
1.57
3.85
6.40
1.11
1.26
2.40
1.5
1.0
1.80
3.20
1.95
1.32
 	 3:3(1:0)  
952	07/02
17:00	 Rennes
Marseille	
+0.25
-0.25
1.90
1.90
 
 	
2.25
1.90
 	
1.90
 	
3.55
3.25
2.15
1.70
1.34
1.28
1.0
1.5
2.05
2.30
1.70
1.57
 	 1:1(1:0)  
953	07/02
21:00	 SC Bastia
Metz	
-0.25
+0.25
1.77
2.05
 
 	
2.0
1.90
1.90
2.10
3.15
3.87
1.25
1.37
1.73
1.0
1.0
1.57
2.75
2.30
1.42
 	 2:0(0:0)  
954	07/02
21:00	 Caen
Toulouse	
-0.25
+0.25
1.95
1.85
 
 	
2.25
1.85
 	
1.95
 	
2.35
3.15
3.25
1.35
1.36
1.60
1.0
1.0
1.67
1.85
2.12
1.90
 	 2:0(1:0)  
955	07/02
21:00	 Evian TG
Bordeaux	
0
0
2.00
1.80
  	
2.25
2.00
 	
1.80
 	
2.90
3.10
2.60
1.50
1.37
1.40
1.0
1.0
1.85
1.77
1.90
1.97
 	 0:1(0:1)  
956	07/02
21:00	 Montpellier
Lille	
-0.25
+0.25
1.95
1.85
 
 	
2.0
2.05
1.72
2.30
3.10
3.30
1.32
1.36
1.60
1.0
1.0
1.90
2.55
1.85
1.48
 	 1:2(0:1)  
957	07/02
21:00	 Reims
Lorient	
-0.25
+0.25
2.07
1.75
 
 	
2.25
1.90
 	
1.90
 	
2.45
3.20
3.00
1.37
1.37
1.52
1.0
1.0
1.67
1.85
2.12
1.90
 	 1:3(1:0)  
958	08/02
15:00	 Guingamp
AS Monaco	
+0.25
-0.25
1.85
1.95
 
 	
2.0
1.85
1.95
3.45
3.05
2.30
1.60
1.37
1.30
1.0
1.0
2.20
1.70
1.63
2.05
 	 1:0(0:0)  
959	08/02
18:00	 Nice
Nantes	
-0.25
+0.25
1.75
2.10
 
 	
2.0
1.85
1.95
2.05
3.25
3.90
1.26
1.35
1.77
1.0
1.0
1.62
2.55
2.25
1.48
 	 0:0(0:0)  
960	08/02
22:00	 Lyon
PSG	
+0.25
-0.25
1.95
1.85
 
 	
2.25
1.80
 	
2.00
 	
3.55
3.30
2.15
1.70
1.34
1.30
1.0
1.5
1.90
2.25
1.85
1.60
 	 1:1(1:0)  
853	13/02
21:30	 Marseille
Reims	
-1.25
+1.25
1.80
2.00
 
 	
2.75
1.80
 	
2.00
 	
1.35
5.00
9.00
1.05
1.17
3.20
2.5
1.5
2.35
4.95
1.55
1.15
 	 2:2(0:1)  
854	14/02
17:00	 PSG
Caen	
-1.75
+1.75
1.85
1.95
 
 	
3.0
1.90
1.90
1.22
6.10
14.50
1.01
1.13
4.25
2.5
1.0
2.05
4.00
1.70
1.22
 	 2:2(2:0)  
855	14/02
21:00	 Lens
Evian TG	
-0.25
+0.25
1.63
2.25
 
 	
2.25
2.00
 	
1.80
 	
1.90
3.30
4.50
1.20
1.34
1.90
1.5
1.5
2.12
4.00
1.67
1.22
 	 0:2(0:2)  
856	14/02
21:00	 Lille
Nice	
-0.25
+0.25
1.60
2.30
 
 	
2.0
1.95
1.80
1.85
3.25
4.90
1.18
1.34
1.95
1.5
1.0
2.15
2.75
1.65
1.42
 	 0:0(0:0)  
857	14/02
21:00	 AS Monaco
Montpellier	
-0.75
+0.75
1.80
2.00
 
 	
2.25
2.07
 	
1.75
 	
1.60
3.70
6.30
1.12
1.28
2.30
1.5
1.0
1.87
3.20
1.87
1.32
 	 cancelled  
858	14/02
21:00	 Nantes
SC Bastia	
-0.75
+0.75
2.30
1.60
 
 	
2.0
2.00
1.76
2.00
3.15
4.00
1.23
1.34
1.80
1.5
1.5
2.50
4.50
1.50
1.19
 	 0:2(0:1)  
859	14/02
21:00	 Toulouse
Rennes	
-0.25
+0.25
1.85
1.95
 
 	
2.25
2.00
 	
1.80
 	
2.15
3.20
3.65
1.28
1.35
1.70
1.5
1.0
2.30
2.15
1.57
1.65
 	 2:1(1:0)  
860	15/02
15:00	 Bordeaux
Saint-Etienne	
0
0
1.77
2.05
  	
2.0
1.85
1.95
2.65
3.05
2.90
1.42
1.38
1.48
1.0
1.0
1.85
1.95
1.90
1.80
 	 1:0(1:0)  
861	15/02
18:00	 Metz
Guingamp	
0
0
1.85
1.95
  	
2.0
1.90
1.90
2.75
3.02
2.80
1.43
1.38
1.45
1.5
1.5
3.20
3.40
1.32
1.30
 	 0:2(0:2)  
862	15/02
22:00	 Lorient
Lyon	
+0.25
-0.25
1.85
1.95
 
 	
2.5
2.00
1.80
3.30
3.40
2.20
1.67
1.32
1.32
1.0
1.5
2.00
2.10
1.75
1.70
 	 1:1(0:0) 
826	20/02
21:30	 Nice
AS Monaco	
+0.25
-0.25
1.80
2.00
 
 	
2.0
2.00
1.80
3.25
3.05
2.40
1.55
1.37
1.33
1.0
1.0
2.25
1.80
1.60
1.95
 	 0:1(0:0)  
827	21/02
18:00	 PSG
Toulouse	
–1.5
+1.5
1.85
1.95
  	
2.75
1.85
 	
1.95
 	
1.28
5.50
12.00
1.04
1.16
3.80
2.0
1.0
1.70
3.80
2.10
1.25
 	 3:1(1:0)  
828	21/02
21:00	 SC Bastia
Lille	
0
0
1.85
1.95
  	
2.0
2.20
1.67
2.70
2.95
2.95
1.40
1.40
1.47
1.0
1.0
2.15
2.25
1.65
1.60
 	 2:1(2:1)  
829	21/02
21:00	 Caen
Lens	
-0.25
+0.25
1.70
2.15
 
 	
2.25
1.80
 	
2.00
 	
1.97
3.35
4.10
1.23
1.33
1.83
1.5
1.0
2.05
2.15
1.70
1.65
 	 4:1(3:1)  
830	21/02
21:00	 Evian TG
Lorient	
0
0
1.93
1.87
  	
2.25
2.05
 	
1.77
 	
2.80
3.10
2.70
1.47
1.37
1.45
1.0
1.0
1.85
1.83
1.90
1.93
 	 cancelled  
831	21/02
21:00	 Rennes
Bordeaux	
-0.25
+0.25
2.07
1.75
 
 	
2.25
2.05
 	
1.77
 	
2.45
3.15
3.07
1.37
1.37
1.55
1.0
1.0
1.80
2.15
1.95
1.65
 	 1:1(1:0)  
832	22/02
15:00	 Guingamp
Montpellier	
-0.25
+0.25
2.07
1.75
 
 	
2.25
2.00
 	
1.80
 	
2.40
3.15
3.15
1.35
1.36
1.57
1.0
1.0
1.80
2.15
1.95
1.65
 	 0:2(0:1)  
833	22/02
18:00	 Lyon
Nantes	
–1.0
+1.0
1.95
1.85
  	
2.5
2.05
1.77
1.52
3.90
7.25
1.08
1.25
2.50
1.5
1.0
1.70
3.20
2.05
1.32
 	 1:0(0:0)  
834	22/02
18:00	 Reims
Metz	
-0.25
+0.25
1.75
2.07
 
 	
2.0
1.75
2.05
2.10
3.07
4.00
1.25
1.38
1.73
1.5
1.0
2.25
2.20
1.60
1.63
 	 0:0(0:0)  
835	22/02
22:00	 Saint-Etienne
Marseille	
-0.25
+0.25
2.07
1.75
 
 	
2.25
1.95
 	
1.85
 	
2.47
3.20
3.00
1.38
1.35
1.53
1.0
1.0
1.67
1.85
2.12
1.90
 	 2:2(0:0)  
905	27/02
21:30	 Marseille
Caen	
-1.25
+1.25
1.95
1.85
 
 	
2.75
1.80
 	
2.00
 	
1.43
4.55
7.50
1.09
1.20
2.80
2.5
1.0
2.65
2.35
1.44
1.55
 	 2:3(1:0)  
906	28/02
17:00	 Lille
Lyon	
0
0
1.95
1.85
  	
2.0
1.90
1.90
2.85
3.10
2.65
1.47
1.37
1.42
1.5
1.5
3.05
2.95
1.35
1.37
 	 2:1(0:1)  
907	28/02
21:00	 Bordeaux
Reims	
-0.75
+0.75
1.85
1.95
 
 	
2.5
1.95
1.80
1.65
3.75
5.60
1.14
1.27
2.25
1.5
1.0
1.70
2.45
2.05
1.50
 	 1:1(1:1)  
908	28/02
21:00	 Lens
Rennes	
-0.25
+0.25
2.07
1.75
 
 	
2.25
2.05
 	
1.77
 	
2.40
3.15
3.15
1.35
1.36
1.57
1.0
1.0
1.80
2.15
1.95
1.65
 	 0:1(0:1)  
909	28/02
21:00	 Lorient
SC Bastia	
-0.25
+0.25
1.67
2.20
 
 	
2.25
2.00
 	
1.80
 	
1.95
3.30
4.25
1.23
1.34
1.85
1.5
1.5
2.12
3.75
1.67
1.25
 	 2:0(1:0)  
910	28/02
21:00	 Metz
Evian TG	
-0.25
+0.25
1.75
2.07
 
 	
2.0
1.90
1.90
2.10
3.07
4.00
1.25
1.38
1.73
1.5
1.0
2.25
2.20
1.60
1.63
 	 1:2(1:1)  
911	28/02
21:00	 Toulouse
Saint-Etienne	
0
0
2.00
1.80
  	
2.0
1.85
1.95
2.85
3.20
2.55
1.48
1.37
1.40
1.0
1.0
2.05
1.85
1.70
1.90
 	 1:1(0:1)  
912	01/03
15:00	 Nantes
Guingamp	
-0.25
+0.25
1.85
1.95
 
 	
2.0
1.90
1.90
2.15
3.15
3.75
1.28
1.37
1.70
1.0
1.0
1.70
2.35
2.05
1.55
 	 1:0(0:0)  
913	01/03
18:00	 Montpellier
Nice	
-0.25
+0.25
1.75
2.07
 
 	
2.0
1.85
1.95
2.05
3.15
4.10
1.24
1.37
1.77
1.0
1.0
1.57
2.75
2.30
1.42
 	 2:1(1:1)  
914	01/03
22:00	 AS Monaco
PSG	
+0.25
-0.25
1.85
1.95
 
 	
2.0
1.85
1.95
3.35
3.15
2.30
1.60
1.36
1.32
1.0
1.0
2.15
1.67
1.65
2.12
 	 0:0(0:0)  
834	06/03
21:30	 Toulouse
Marseille	
+0.25
-0.25
1.80
2.00
 
 	
2.5
2.00
1.80
3.15
3.25
2.35
1.60
1.35
1.35
1.0
1.5
1.80
2.25
1.95
1.60
 	 1:6(0:4)  
835	07/03
18:00	 PSG
Lens	
-1.75
+1.75
1.85
1.95
 
 	
3.0
2.00
1.80
1.22
6.10
14.50
1.01
1.13
4.25
2.5
1.0
2.00
4.50
1.75
1.17
 	 4:1(1:0)  
836	07/03
21:00	 SC Bastia
Nice	
-0.25
+0.25
1.95
1.85
 
 	
2.0
1.85
1.90
2.30
3.10
3.40
1.32
1.37
1.60
1.0
1.0
1.70
2.30
2.05
1.57
 	 2:1(1:1)  
837	07/03
21:00	 Caen
Bordeaux	
0
0
1.87
1.93
  	
2.25
1.85
 	
1.95
 	
2.70
3.15
2.75
1.45
1.37
1.47
1.0
1.0
1.70
1.75
2.05
2.00
 	 1:2(0:0)  
838	07/03
21:00	 Evian TG
AS Monaco	
+0.25
-0.25
2.20
1.67
 
 	
2.0
1.90
1.90
4.25
3.30
1.95
1.85
1.34
1.23
1.5
1.5
4.00
2.15
1.22
1.65
 	 1:3(0:2)  
839	07/03
21:00	 Reims
Nantes	
-0.25
+0.25
2.10
1.70
 
 	
2.0
1.85
1.95
2.50
3.10
3.05
1.37
1.37
1.53
1.0
1.0
1.87
2.05
1.87
1.70
 	 3:1(2:0)  
840	07/03
21:00	 Rennes
Metz	
-0.75
+0.75
2.05
1.77
 
 	
2.0
1.75
2.07
1.83
3.40
4.75
1.18
1.32
1.97
1.5
1.0
2.00
2.65
1.75
1.45
 	 1:0(1:0)  
841	08/03
15:00	 Saint-Etienne
Lorient	
–1.0
+1.0
2.05
1.77
  	
2.25
1.80
 	
2.00
 	
1.60
3.80
6.10
1.13
1.27
2.32
1.5
1.0
1.70
2.75
2.05
1.42
 	 2:0(0:0)  
842	08/03
18:00	 Guingamp
Lille	
-0.25
+0.25
2.10
1.73
 
 	
2.0
2.00
1.80
2.50
3.15
3.00
1.38
1.37
1.53
1.0
1.0
1.95
2.05
1.80
1.70
 	 0:1(0:0)  
843	08/03
22:00	 Montpellier
Lyon	
+0.25
-0.25
1.75
2.07
 
 	
2.25
1.95
 	
1.85
 	
2.95
3.20
2.50
1.53
1.35
1.40
1.0
1.0
1.80
1.67
1.95
2.12
 	 1:5(1:2)  
755	13/03
21:30	 AS Monaco
SC Bastia	
-0.75
+0.75
1.80
2.00
 
 	
2.0
1.80
2.02
1.60
3.70
6.35
1.12
1.28
2.33
1.5
1.0
1.95
3.55
1.80
1.27
 	 3:0(2:0)  
756	13/03
21:30	 Nice
Guingamp	
-0.25
+0.25
2.00
1.80
 
 	
2.0
1.85
1.95
2.40
3.05
3.25
1.33
1.38
1.57
1.0
1.0
1.75
2.20
2.00
1.63
 	 1:2(0:0)  
757	14/03
18:00	 Metz
Saint-Etienne	
+0.25
-0.25
2.07
1.75
 
 	
2.0
1.85
1.95
4.05
3.17
2.05
1.77
1.36
1.24
1.0
1.0
2.75
1.57
1.42
2.30
 	 2:3(0:2)  
758	14/03
21:00	 Lens
Toulouse	
-0.25
+0.25
2.07
1.75
 
 	
2.25
1.95
 	
1.85
 	
2.47
3.15
3.05
1.37
1.37
1.52
1.0
1.0
1.72
1.85
2.03
1.90
 	 1:0(0:0)  
759	14/03
21:00	 Lorient
Caen	
-0.75
+0.75
2.15
1.70
 
 	
2.5
1.90
1.90
1.90
3.50
4.15
1.23
1.30
1.90
1.5
1.0
1.87
2.12
1.87
1.67
 	 2:1(1:1)  
760	14/03
21:00	 Montpellier
Reims	
-0.75
+0.75
2.00
1.80
 
 	
2.5
2.00
1.80
1.75
3.55
5.00
1.17
1.30
2.07
1.5
1.0
1.87
2.65
1.87
1.44
 	 3:1(1:0)  
761	14/03
21:00	 Nantes
Evian TG	
-0.25
+0.25
1.85
1.95
 
 	
2.0
2.00
1.80
2.15
3.05
3.87
1.26
1.38
1.70
1.0
1.0
1.67
2.35
2.12
1.55
 	 2:1(1:0)  
762	15/03
15:00	 Lille
Rennes	
-0.25
+0.25
1.60
2.30
 
 	
2.0
1.95
1.85
1.85
3.25
4.90
1.18
1.34
1.95
1.5
1.0
2.15
2.75
1.65
1.42
 	 3:0(1:0)  
763	15/03
18:00	 Bordeaux
PSG	
+0.25
-0.25
2.25
1.65
 
 	
2.25
1.85
 	
1.95
 	
4.50
3.40
1.87
1.93
1.32
1.20
1.5
1.5
3.75
2.00
1.25
1.75
 	 3:2(1:0)  
764	15/03
22:00	 Marseille
Lyon	
-0.25
+0.25
1.70
2.15
 
 	
2.5
1.80
2.00
2.00
3.50
3.75
1.27
1.30
1.80
1.5
1.0
1.85
1.80
1.90
1.95
 	 0:0(0:0)  
757	20/03
21:30	 PSG
Lorient	
-1.75
+1.75
1.90
1.90
 
 	
3.0
1.95
1.85
1.20
6.55
15.00
1.01
1.11
4.50
2.0
1.0
1.47
3.55
2.55
1.27
 	 3:1(1:0)  
758	21/03
17:00	 Lyon
Nice	
–1.0
+1.0
1.85
1.95
  	
2.5
2.00
1.80
1.48
4.20
7.25
1.09
1.23
2.65
1.5
1.0
1.60
3.20
2.25
1.32
 	 1:2(0:1)  
759	21/03
21:00	 SC Bastia
Guingamp	
0
0
2.00
1.75
  	
2.0
1.75
2.00
2.95
3.10
2.50
1.50
1.35
1.37
1.0
1.0
2.00
1.77
1.75
1.97
 	 0:0(0:0)  
760	21/03
21:00	 Caen
Metz	
-0.25
+0.25
1.60
2.30
 
 	
2.5
2.00
1.80
1.87
3.45
4.40
1.20
1.31
1.93
1.5
1.0
1.95
2.20
1.80
1.63
 	 0:0(0:0)  
761	21/03
21:00	 Evian TG
Montpellier	
0
0
1.95
1.85
  	
2.0
1.80
2.00
2.85
3.15
2.60
1.50
1.36
1.42
1.0
1.0
1.95
1.80
1.80
1.95
 	 1:0(0:0)  
762	21/03
21:00	 Rennes
Nantes	
-0.25
+0.25
1.95
1.85
 
 	
2.0
2.05
1.77
2.30
3.05
3.45
1.32
1.38
1.62
1.0
1.0
1.80
2.50
1.95
1.50
 	 0:0(0:0)  
763	21/03
21:00	 Toulouse
Bordeaux	
0
0
1.75
2.07
  	
2.25
2.05
 	
1.77
 	
2.55
3.15
2.95
1.40
1.37
1.52
1.0
1.0
1.77
2.00
1.97
1.75
 	 2:1(1:1)  
764	22/03
15:00	 Saint-Etienne
Lille	
-0.25
+0.25
1.75
2.07
 
 	
2.0
1.95
1.85
2.05
3.15
4.05
1.24
1.37
1.77
1.0
1.0
1.57
2.75
2.30
1.42
 	 2:0(0:0)  
765	22/03
18:00	 Reims
AS Monaco	
+0.25
-0.25
2.15
1.70
 
 	
2.0
1.80
2.00
4.25
3.15
2.00
1.80
1.36
1.22
1.0
1.0
2.75
1.50
1.42
2.45
 	 1:3(0:2)  
766	22/03
22:00	 Lens
Marseille	
+0.75
-0.75
1.85
1.95
 
 	
2.5
2.00
1.80
5.10
3.55
1.75
2.07
1.30
1.17
1.0
1.5
2.35
1.85
1.55
1.90
 	 0:4(0:0) 
 	03/04
21:30	 AS Monaco
Saint-Etienne	
-0.25
+0.25
1.60
2.30
 
 	
2.0
1.95
1.85
1.85
3.15
5.15
1.16
1.36
1.95
1.0
1.0
1.57
2.85
2.30
1.40
 	 1:1(0:0)  
 	04/04
18:00	 Guingamp
Lyon	
+0.25
-0.25
2.07
1.75
 
 	
2.25
1.80
 	
2.00
 	
3.75
3.35
2.05
1.77
1.33
1.27
1.0
1.5
2.12
2.12
1.67
1.67
 	 1:3(0:2)  
 	04/04
21:00	 Lille
Reims	
-0.75
+0.75
1.85
1.85
 
 	
2.0
1.85
1.95
1.65
3.50
6.25
1.12
1.31
2.23
1.5
1.0
2.00
3.75
1.75
1.25
 	 3:1(1:0)  
 	04/04
21:00	 Lorient
Rennes	
-0.25
+0.25
1.70
2.15
 
 	
2.25
2.00
 	
1.80
 	
2.00
3.25
4.10
1.24
1.34
1.80
1.5
1.0
2.25
2.20
1.60
1.63
 	 0:3(0:2)  
 	04/04
21:00	 Metz
Toulouse	
0
0
1.87
1.93
  	
2.25
2.05
 	
1.77
 	
2.70
3.15
2.75
1.45
1.37
1.47
1.0
1.0
1.83
1.85
1.93
1.90
 	 3:2(2:1)  
 	04/04
21:00	 Montpellier
SC Bastia	
-0.75
+0.75
2.10
1.70
 
 	
2.25
1.85
 	
1.95
 	
1.85
3.50
4.45
1.20
1.30
1.95
1.5
1.0
2.12
2.65
1.67
1.45
 	 3:1(0:1)  
 	04/04
21:00	 Nice
Evian TG	
-0.25
+0.25
1.60
2.30
 
 	
2.0
1.85
1.95
1.87
3.25
4.75
1.18
1.35
1.93
1.5
1.0
2.15
2.55
1.65
1.47
 	 2:2(1:1)  
 	05/04
15:00	 Bordeaux
Lens	
–1.0
+1.0
2.00
1.80
  	
2.5
1.95
1.85
1.57
3.85
6.40
1.12
1.26
2.40
1.5
1.0
1.75
3.05
2.00
1.35
 	 2:1(0:0)  
 	05/04
18:00	 Nantes
Caen	
-0.25
+0.25
1.90
1.90
 
 	
2.25
1.95
 	
1.85
 	
2.15
3.25
3.55
1.28
1.34
1.70
1.5
1.0
2.35
2.12
1.55
1.67
 	 1:2(1:0)  
 	05/04
22:00	 Marseille
PSG	
+0.25
-0.25
1.85
1.95
 
 	
2.5
1.90
1.90
3.20
3.30
2.30
1.60
1.34
1.35
1.0
1.5
1.75
2.05
2.00
1.70
 	 2:3(2:1)  
10/04
21:30	 Caen
AS Monaco	
+0.25
-0.25
1.95
1.85
 
 	
2.25
1.95
 	
1.85
 	
3.60
3.25
2.15
1.70
1.35
1.28
1.0
1.5
2.12
2.25
1.67
1.60
 	 0:3(0:1)  
 	12/04
15:00	 Saint-Etienne
Nantes	
-0.75
+0.75
1.80
2.00
 
 	
2.0
1.80
2.00
1.60
3.55
6.85
1.10
1.30
2.35
1.5
1.0
1.95
3.55
1.80
1.27
 	 1:0(1:0)  
 	12/04
18:00	 Evian TG
Lille	
+0.25
-0.25
1.80
2.00
 
 	
2.0
1.95
1.85
3.20
3.02
2.45
1.55
1.39
1.35
1.0
1.0
2.12
1.80
1.67
1.95
 	 0:1(0:0)  
 	12/04
18:00	 Lens
Lorient	
0
0
1.83
1.97
  	
2.5
2.00
1.80
2.60
3.25
2.80
1.44
1.35
1.50
1.0
1.0
1.60
1.70
2.25
2.05
 	 0:0(0:0)  
 	12/04
18:00	 Reims
Nice	
-0.25
+0.25
1.95
1.85
 
 	
2.25
2.07
 	
1.75
 	
2.25
3.05
3.55
1.30
1.37
1.60
1.0
1.0
1.70
2.30
2.05
1.57
 	 0:1(0:1)  
 	12/04
18:00	 Rennes
Guingamp	
-0.25
+0.25
1.85
1.95
 
 	
2.25
2.07
 	
1.75
 	
2.15
3.17
3.70
1.27
1.37
1.70
1.5
1.0
2.30
2.30
1.57
1.57
 	 1:0(0:0)  
 	12/04
18:00	 Toulouse
Montpellier	
-0.25
+0.25
1.95
1.85
 
 	
2.25
1.90
 	
1.90
 	
2.35
3.20
3.20
1.35
1.35
1.57
1.0
1.0
1.67
1.85
2.12
1.90
 	 1:0(1:0)  
 	12/04
22:00	 Bordeaux
Marseille	
0
0
1.80
2.00
  	
2.5
1.85
1.95
2.55
3.35
2.77
1.45
1.32
1.50
1.0
1.0
1.60
1.65
2.25
2.15
 	 1:0(0:0)  
720	15/04
19:30	 Lyon
SC Bastia	
-1.25
+1.25
1.80
2.00
 
 	
2.75
2.00
 	
1.80
 	
1.30
5.10
11.50
1.03
1.17
3.50
2.5
1.0
2.65
4.00
1.44
1.22
 	 2:0(0:0)  
 	17/04
21:30	 Nantes
Marseille	
+0.25
-0.25
2.15
1.70
 
 	
2.25
1.80
 	
2.00
 	
4.05
3.30
2.00
1.80
1.34
1.25
1.0
1.5
2.05
2.05
1.70
1.70
 	 1:0(1:0)  
 	18/04
18:00	 Nice
PSG	
+1.0
–1.0
1.85
1.95
  	
2.5
2.00
1.80
6.80
4.05
1.52
2.50
1.24
1.10
1.0
1.5
3.20
1.67
1.32
2.12
 	 1:3(1:1)  
 	18/04
21:00	 SC Bastia
Reims	
-0.25
+0.25
1.85
1.95
 
 	
2.25
1.90
 	
1.90
 	
2.15
3.27
3.55
1.28
1.34
1.70
1.5
1.0
2.20
2.05
1.63
1.70
 	 1:2(0:2)  
 	18/04
21:00	 Guingamp
Evian TG	
-0.25
+0.25
1.63
2.25
 
 	
2.25
2.00
 	
1.80
 	
1.90
3.35
4.45
1.20
1.33
1.90
1.5
1.5
2.12
4.00
1.67
1.22
 	 1:1(1:0)  
 	18/04
21:00	 Lorient
Toulouse	
-0.25
+0.25
1.85
1.95
 
 	
2.25
1.85
 	
1.95
 	
2.15
3.27
3.55
1.28
1.34
1.70
1.5
1.0
2.20
2.05
1.63
1.70
 	 0:1(0:1)  
 	18/04
21:00	 Metz
Lens	
-0.25
+0.25
1.95
1.85
 
 	
2.25
1.95
 	
1.85
 	
2.25
3.23
3.35
1.32
1.35
1.65
1.5
1.0
2.35
2.05
1.55
1.70
 	 3:1(1:0)  
 	18/04
21:00	 AS Monaco
Rennes	
-0.75
+0.75
1.80
2.00
 
 	
2.25
1.95
 	
1.85
 	
1.63
3.65
6.10
1.13
1.29
2.27
1.5
1.0
1.87
3.40
1.87
1.30
 	 1:1(1:0)  
 	19/04
15:00	 Lille
Bordeaux	
-0.25
+0.25
1.75
2.07
 
 	
2.0
1.90
1.90
2.05
3.12
4.10
1.24
1.37
1.77
1.0
1.0
1.57
2.75
2.30
1.42
 	 2:0(1:0)  
 	19/04
18:00	 Montpellier
Caen	
-0.25
+0.25
1.60
2.30
 
 	
2.5
1.95
1.85
1.90
3.50
4.20
1.22
1.31
1.90
1.5
1.0
1.85
2.15
1.90
1.65
 	 1:0(1:0)  
 	19/04
22:00	 Lyon
Saint-Etienne	
-0.75
+0.75
2.15
1.70
 
 	
2.5
2.00
1.80
1.87
3.45
4.40
1.20
1.31
1.93
1.5
1.0
1.90
2.15
1.85
1.65
 	 2:2(1:2)  
712	24/04
21:30	 Marseille
Lorient	
–1.5
+1.5
2.00
1.80
  	
2.75
1.85
 	
1.95
 	
1.35
4.95
9.10
1.06
1.18
3.20
2.5
1.0
2.55
3.05
1.47
1.35
 	 3:5(0:2)  
713	25/04
18:00	 PSG
Lille	
-1.25
+1.25
1.85
1.95
 
 	
2.5
1.95
1.85
1.35
4.75
10.00
1.05
1.19
3.20
1.5
1.0
1.47
4.00
2.55
1.22
 	 6:1(4:0)  
714	25/04
21:00	 Bordeaux
Metz	
–1.0
+1.0
2.00
1.80
  	
2.5
1.95
1.85
1.57
3.85
6.45
1.12
1.26
2.40
1.5
1.0
1.65
2.55
2.15
1.47
 	 1:1(0:1)  
715	25/04
21:00	 Caen
Guingamp	
-0.25
+0.25
1.95
1.85
 
 	
2.25
2.00
 	
1.80
 	
2.25
3.15
3.45
1.30
1.36
1.65
1.0
1.0
1.65
2.30
2.15
1.57
 	 0:2(0:0)  
716	25/04
21:00	 Evian TG
SC Bastia	
-0.25
+0.25
1.70
2.15
 
 	
2.25
2.00
 	
1.80
 	
2.00
3.25
4.10
1.24
1.34
1.80
1.5
1.5
2.15
3.75
1.65
1.25
 	 1:2(1:0)  
717	25/04
21:00	 Rennes
Nice	
-0.25
+0.25
1.67
2.20
 
 	
2.25
2.00
 	
1.80
 	
1.95
3.30
4.25
1.23
1.34
1.85
1.5
1.5
2.12
3.75
1.67
1.25
 	 2:1(0:1)  
718	25/04
21:00	 Toulouse
Nantes	
-0.25
+0.25
1.75
2.07
 
 	
2.0
1.85
1.95
2.00
3.20
4.20
1.23
1.35
1.80
1.0
1.0
1.57
2.75
2.30
1.42
 	 1:1(1:0)  
719	26/04
15:00	 Saint-Etienne
Montpellier	
-0.75
+0.75
2.00
1.80
 
 	
2.25
1.85
 	
1.95
 	
1.75
3.55
5.00
1.17
1.30
2.07
1.5
1.0
1.87
2.65
1.87
1.44
 	 1:0(1:0)  
720	26/04
18:00	 Lens
AS Monaco	
+0.75
-0.75
1.80
2.00
 
 	
2.25
1.80
 	
2.00
 	
5.00
3.55
1.75
2.07
1.30
1.17
1.0
1.5
2.65
1.87
1.44
1.87
 	 0:3(0:2)  
721	26/04
22:00	 Reims
Lyon	
+0.75
-0.75
1.85
1.95
 
 	
2.5
1.90
1.90
5.10
3.65
1.72
2.10
1.29
1.17
1.0
1.5
2.15
1.70
1.65
2.05
 	 2:4(1:3)  
553	01/05
21:30	 Metz
Marseille	
+0.75
-0.75
1.90
1.90
 
 	
2.75
1.85
 	
1.95
 	
4.75
3.95
1.70
2.15
1.25
1.18
1.0
1.5
1.90
1.60
1.85
2.25
 	 0:2(0:1)  
554	02/05
18:00	 Lyon
Evian TG	
-1.75
+1.75
1.95
1.85
 
 	
3.0
1.95
1.85
1.23
6.30
12.50
1.02
1.12
4.15
2.5
1.5
1.87
6.85
1.87
1.08
 	 2:0(2:0)  
555	02/05
21:00	 SC Bastia
Saint-Etienne	
+0.25
-0.25
1.90
1.90
 
 	
2.0
1.80
2.00
3.57
3.15
2.20
1.67
1.36
1.30
1.0
1.5
2.30
2.40
1.57
1.53
 	 1:0(0:0)  
556	02/05
21:00	 Guingamp
Reims	
-0.25
+0.25
1.70
2.15
 
 	
2.5
2.00
1.80
2.00
3.30
4.00
1.25
1.33
1.80
1.5
1.0
2.00
2.12
1.75
1.67
 	 2:0(0:0)  
557	02/05
21:00	 Lorient
Bordeaux	
0
0
1.80
2.00
  	
2.25
1.85
 	
1.95
 	
2.60
3.25
2.80
1.44
1.35
1.48
1.0
1.0
1.67
1.72
2.12
2.03
 	 0:0(0:0)  
558	02/05
21:00	 Montpellier
Rennes	
-0.25
+0.25
1.67
2.20
 
 	
2.25
1.95
 	
1.85
 	
1.90
3.35
4.40
1.20
1.33
1.90
1.5
1.5
1.95
3.75
1.80
1.25
 	 0:0(0:0)  
559	02/05
21:00	 Nice
Caen	
-0.25
+0.25
1.85
1.95
 
 	
2.5
2.00
1.80
2.15
3.30
3.55
1.30
1.33
1.70
1.5
1.0
2.12
1.90
1.67
1.85
 	 1:1(1:1)  
560	03/05
15:00	 Lille
Lens	
–1.0
+1.0
1.90
1.90
  	
2.25
1.85
 	
1.95
 	
1.52
4.00
7.00
1.09
1.25
2.50
1.5
1.0
1.75
3.55
2.00
1.27
 	 3:1(1:1)  
561	03/05
18:00	 AS Monaco
Toulouse	
-1.25
+1.25
2.00
1.80
 
 	
2.25
1.80
 	
2.00
 	
1.40
4.40
9.00
1.06
1.21
2.90
1.5
1.0
1.55
3.75
2.35
1.25
 	 4:1(2:1)  
562	03/05
22:00	 Nantes
PSG	
+1.5
–1.5
1.80
2.00
  	
2.5
2.00
1.80
11.00
4.90
1.32
3.35
1.18
1.04
1.0
1.5
4.00
1.47
1.22
2.55
 	 0:2(0:2)  
498	08/05
21:30	 PSG
Guingamp	
-2.25
+2.25
1.85
1.95
 
 	
3.25
1.80
 	
2.00
 	
1.12
9.00
21.00
 	
1.06
6.20
2.5
1.0
1.60
4.55
2.25
1.17
 	 6:0(2:0)  
499	09/05
18:00	 Caen
Lyon	
+0.75
-0.75
1.95
1.85
 
 	
2.75
1.80
 	
2.00
 	
5.00
4.05
1.65
2.25
1.25
1.15
1.0
1.5
2.12
1.57
1.67
2.30
 	 3:0(2:0)  
500	09/05
21:00	 Bordeaux
Nantes	
–1.0
+1.0
2.00
1.80
  	
2.25
1.95
 	
1.85
 	
1.57
3.85
6.50
1.11
1.26
2.40
1.5
1.0
1.75
3.20
2.00
1.32
 	 2:1(1:1)  
501	09/05
21:00	 Evian TG
Reims	
-0.25
+0.25
1.85
1.95
 
 	
2.25
1.80
 	
2.00
 	
2.15
3.25
3.55
1.28
1.34
1.70
1.5
1.0
2.25
2.05
1.60
1.70
 	 2:3(1:1)  
502	09/05
21:00	 Metz
Lorient	
0
0
1.85
1.95
  	
2.25
1.80
 	
2.00
 	
2.65
3.25
2.72
1.45
1.34
1.47
1.0
1.0
1.70
1.75
2.05
2.00
 	 0:4(0:2)  
503	09/05
21:00	 Rennes
SC Bastia	
-0.25
+0.25
1.75
2.07
 
 	
2.25
1.90
 	
1.90
 	
2.05
3.25
3.90
1.25
1.35
1.77
1.5
1.0
2.20
2.05
1.63
1.70
 	 0:1(0:0)  
504	09/05
21:00	 Toulouse
Lille	
0
0
1.80
2.00
  	
2.25
2.05
 	
1.77
 	
2.60
3.05
2.95
1.40
1.38
1.50
1.0
1.0
1.83
1.85
1.93
1.90
 	 3:2(1:1)  
505	10/05
15:00	 Lens
Montpellier	
+0.75
-0.75
1.70
2.15
 
 	
2.5
1.95
1.85
4.25
3.55
1.87
1.93
1.30
1.22
1.0
1.5
2.12
1.87
1.67
1.87
 	 0:1(0:0)  
506	10/05
18:00	 Saint-Etienne
Nice	
–1.0
+1.0
1.95
1.85
  	
2.25
1.80
 	
2.00
 	
1.55
3.80
7.00
1.10
1.27
2.40
1.5
1.0
1.70
3.55
2.05
1.27
 	 5:0(2:0)  
507	10/05
22:00	 Marseille
AS Monaco	
-0.25
+0.25
1.90
1.90
 
 	
2.5
1.85
1.95
2.20
3.35
3.35
1.33
1.33
1.67
1.5
1.0
2.00
1.80
1.75
1.95
 	 2:1(0:1)  
516	16/05
22:00	 SC Bastia
Caen	
-0.25
+0.25
1.95
1.85
 
 	
2.5
2.05
1.75
2.35
3.20
3.20
1.33
1.36
1.60
1.5
1.0
2.15
1.80
1.65
1.95
 	 1:1(1:1)  
517	16/05
22:00	 Evian TG
Saint-Etienne	
+0.75
-0.75
1.85
1.95
 
 	
2.25
1.80
 	
2.00
 	
5.10
3.75
1.70
2.15
1.27
1.16
1.0
1.5
2.35
1.85
1.55
1.90
 	 1:2(1:1)  
518	16/05
22:00	 Guingamp
Toulouse	
0
0
2.00
1.80
  	
2.25
1.95
 	
1.85
 	
2.85
3.15
2.60
1.50
1.36
1.42
1.0
1.0
1.85
1.83
1.90
1.93
 	 2:1(1:1)  
519	16/05
22:00	 Lille
Marseille	
+0.25
-0.25
1.90
1.90
 
 	
2.75
2.00
 	
1.80
 	
3.35
3.35
2.20
1.67
1.33
1.33
1.0
1.5
1.80
2.00
1.95
1.75
 	 0:4(0:2)  
520	16/05
22:00	 Lyon
Bordeaux	
-0.75
+0.75
1.90
1.90
 
 	
2.75
1.95
 	
1.85
 	
1.70
3.85
4.90
1.17
1.26
2.15
1.5
1.0
1.67
2.05
2.12
1.70
 	 1:1(1:1)  
521	16/05
22:00	 AS Monaco
Metz	
–2.0
+2.0
1.85
1.95
  	
2.75
1.85
 	
1.95
 	
1.18
6.50
20.00
 	
1.11
4.90
2.5
1.5
1.95
10.00
1.80
1.03
 	 2:0(1:0)  
522	16/05
22:00	 Montpellier
PSG	
+1.0
–1.0
1.90
1.90
  	
2.75
1.95
 	
1.85
 	
6.30
4.25
1.52
2.54
1.22
1.11
1.0
2.5
2.65
2.65
1.44
1.44
 	 1:2(1:2)  
523	16/05
22:00	 Nantes
Lorient	
0
0
2.00
1.80
  	
2.25
2.00
 	
1.80
 	
2.85
3.15
2.60
1.50
1.36
1.42
1.0
1.0
1.85
1.83
1.90
1.93
 	 1:1(1:1)  
524	16/05
22:00	 Nice
Lens	
–1.0
+1.0
1.80
2.00
  	
2.75
1.90
 	
1.90
 	
1.50
4.35
6.50
1.12
1.22
2.60
2.5
1.0
2.95
2.75
1.37
1.42
 	 2:1(1:1)  
525	16/05
22:00	 Reims
Rennes	
-0.25
+0.25
1.70
2.15
 
 	
2.5
2.00
1.80
2.00
3.35
3.95
1.25
1.33
1.80
1.5
1.0
2.10
1.95
1.70
1.80
 	 1:0(0:0)  
487	23/05
22:00	 Bordeaux
Montpellier	
-0.25
+0.25
1.60
2.30
 
 	
2.75
2.00
 	
1.80
 	
1.80
3.75
4.40
1.22
1.28
2.00
1.5
1.0
1.70
1.90
2.05
1.85
 	 2:1(2:0)  
488	23/05
22:00	 Caen
Evian TG	
–1.0
+1.0
2.00
1.80
  	
3.0
2.00
1.80
1.60
3.90
5.85
1.13
1.26
2.34
1.5
1.0
1.60
2.05
2.25
1.70
 	 3:2(0:0)  
489	23/05
22:00	 Lens
Nantes	
+0.25
-0.25
1.90
1.90
 
 	
2.5
2.00
1.80
3.45
3.35
2.15
1.70
1.33
1.30
1.0
1.5
1.90
2.10
1.85
1.70
 	 1:0(1:0)  
490	23/05
22:00	 Lorient
AS Monaco	
+1.0
–1.0
1.90
1.90
  	
2.5
1.85
1.95
6.40
4.40
1.50
2.55
1.22
1.11
1.0
2.5
2.85
3.05
1.40
1.35
 	 0:1(0:1)  
491	23/05
22:00	 Marseille
SC Bastia	
–2.0
+2.0
1.90
1.90
  	
3.5
1.90
1.90
1.20
7.10
13.00
1.02
1.10
4.50
2.5
1.0
1.80
3.05
1.95
1.35
 	 3:0(2:0)  
492	23/05
22:00	 Metz
Lille	
+0.25
-0.25
1.90
1.90
 
 	
2.5
1.90
1.90
3.30
3.30
2.25
1.65
1.35
1.32
1.0
1.5
1.80
2.05
1.95
1.70
 	 1:4(0:3)  
493	23/05
22:00	 PSG
Reims	
–2.5
+2.5
2.00
1.80
  	
3.5
1.75
2.07
1.13
9.00
18.00
 	
1.06
6.00
2.5
1.5
1.50
5.55
2.45
1.12
 	 3:2(2:0)  
494	23/05
22:00	 Rennes
Lyon	
+0.25
-0.25
1.85
1.95
 
 	
2.75
1.90
 	
1.90
 	
3.10
3.40
2.30
1.60
1.32
1.37
1.0
1.5
1.57
1.95
2.30
1.80
 	 0:1(0:0)  
495	23/05
22:00	 Saint-Etienne
Guingamp	
–1.5
+1.5
1.80
2.00
  	
2.75
2.00
 	
1.80
 	
1.25
5.90
12.00
1.03
1.13
3.90
2.5
1.0
2.30
3.75
1.57
1.25
 	 2:1(1:0)  
496	23/05
22:00	 Toulouse
Nice	
-0.75
+0.75
1.95
1.85
 
 	
2.75
1.90
 	
1.90
 	
1.72
3.87
4.70
1.18
1.26
2.10
1.5
1.0
1.63
2.05
2.20
1.70
 	 2:3(0:2)  