 	01/08
21:00	 Gazelec Ajaccio
Valenciennes FC	
–0.5
+0.5
2.10
1.67
2.0
1.73
2.00
2.20
2.88
3.25
1.33
1.33
1.60
 	 2:0(1:0)  
 	01/08
21:00	 AC Arles-Avignon
AC Ajaccio	
0
0
1.67
2.10
2.0
1.90
1.80
2.40
2.88
2.88
1.36
1.33
1.53
 	 0:0(0:0)  
 	01/08
21:00	 Auxerre
Le Havre	
0
0
1.67
2.10
2.0
1.67
2.10
2.30
2.88
3.00
1.30
1.33
1.62
 	 2:0(1:0)  
 	01/08
21:00	 Laval
Niort	
0
0
1.67
2.10
2.0
1.73
2.00
2.30
2.88
3.00
1.36
1.33
1.53
 	 1:1(0:0)  
 	01/08
21:00	 Luzenac
Troyes	
+0.5
–0.5
1.73
2.00
2.0
1.67
2.10
3.40
3.00
2.10
1.73
1.30
1.27
 	 cancelled  
 	01/08
21:00	 Nancy
Dijon FCO	
–0.5
+0.5
2.00
1.73
2.5
2.10
1.67
1.90
3.00
4.00
1.22
1.30
1.85
 	 1:1(0:0)  
 	01/08
21:00	 Nimes
Angers SCO	
–0.5
+0.5
2.00
1.73
2.5
2.10
1.67
2.10
3.00
3.40
1.27
1.30
1.73
 	 3:2(3:1)  
 	01/08
21:00	 Tours
Creteil	
–0.5
+0.5
2.00
1.73
2.5
1.90
1.80
2.00
3.00
3.60
1.25
1.30
1.80
 	 4:2(2:1)  
 	02/08
18:01	 Sochaux-Montbeliard
Orleans	
–0.5
+0.5
1.80
1.90
2.5
2.00
1.73
1.80
3.20
4.00
1.20
1.27
2.00
 	 0:1(0:0)  
 	04/08
21:30	 Stade Brestois 29
Clermont Foot	
–0.5
+0.5
1.90
1.80
2.0
1.90
1.80
1.90
3.00
4.00
1.20
1.33
1.85
 	 2:1(0:1)  
 	08/08
21:00	 Angers SCO
AC Arles-Avignon	
-0.25
+0.25
1.70
2.03
 
 	
2.25
1.95
 	
1.76
 	
1.95
3.00
4.55
1.18
1.35
1.76
1.5
1.5
2.15
3.40
1.63
1.27
 	 2:0(1:0)  
 	08/08
21:00	 Clermont Foot
Auxerre	
-0.25
+0.25
1.90
1.80
 
 	
2.25
1.95
 	
1.76
 	
2.30
2.95
3.45
1.27
1.37
1.55
1.5
1.5
2.45
2.95
1.50
1.37
 	 1:1(1:1)  
 	08/08
21:00	 Creteil
Chateauroux	
-0.75
+0.75
1.80
1.90
 
 	
2.5
1.85
1.85
1.63
3.55
5.85
1.11
1.25
2.15
1.5
1.5
1.72
3.75
2.00
1.23
 	 3:0(0:0)  
 	08/08
21:00	 Dijon FCO
Laval	
-0.75
+0.75
1.95
1.76
 
 	
2.25
1.80
 	
1.90
 	
1.72
3.20
5.85
1.12
1.30
2.00
1.5
1.5
1.85
3.75
1.85
1.23
 	 1:0(0:0)  
 	08/08
21:00	 Le Havre
Gazelec Ajaccio	
-0.25
+0.25
1.80
1.90
 
 	
2.25
2.00
 	
1.72
 	
2.15
3.00
3.75
1.24
1.37
1.65
1.5
1.5
2.30
3.55
1.55
1.25
 	 1:1(0:0)  
 	08/08
21:00	 Niort
Stade Brestois 29	
-0.25
+0.25
1.80
1.90
 
 	
2.25
2.15
 	
1.63
 	
2.20
2.90
3.75
1.23
1.38
1.60
1.5
1.5
2.35
3.75
1.52
1.23
 	 0:0(0:0)  
 	08/08
21:00	 Orleans
Nancy	
-0.25
+0.25
1.85
1.85
 
 	
2.25
2.00
 	
1.72
 	
2.20
3.05
3.55
1.27
1.35
1.60
1.5
1.5
2.45
3.20
1.50
1.30
 	 0:1(0:1)  
 	08/08
21:00	 Troyes
Tours	
-0.75
+0.75
1.80
1.90
 
 	
2.5
2.00
1.72
1.65
3.55
5.65
1.12
1.28
2.12
1.5
1.5
1.75
3.55
1.96
1.25
 	 1:0(0:0)  
 	09/08
14:30	 Valenciennes FC
Nimes	
-0.25
+0.25
2.00
1.72
 
 	
2.25
1.90
 	
1.80
 	
2.40
2.90
3.30
1.30
1.37
1.50
1.5
1.5
2.40
3.05
1.50
1.33
 	 2:2(1:0)  
 	09/08
19:00	 AC Ajaccio
Sochaux-Montbeliard	
-0.25
+0.25
1.75
1.96
 
 	
2.25
1.95
 	
1.76
 	
2.10
2.95
4.00
1.22
1.37
1.67
1.5
1.5
2.25
3.10
1.57
1.32
 	 0:2(0:2)  
 	15/08
21:00	 Auxerre
Orleans	
0
0
1.80
1.90
  	
2.25
2.10
 	
1.67
 	
2.65
2.90
2.95
1.35
1.38
1.42
1.5
1.5
2.65
3.05
1.42
1.33
 	 0:1(0:1)  
 	15/08
21:00	 Laval
Creteil	
-0.25
+0.25
2.00
1.72
 
 	
2.5
2.00
1.72
2.45
3.00
3.10
1.32
1.35
1.50
1.5
1.5
2.40
2.85
1.50
1.37
 	 1:1(0:0)  
 	15/08
21:00	 Chateauroux
Clermont Foot	
0
0
1.90
1.80
  	
2.25
2.00
 	
1.72
 	
2.85
2.95
2.65
1.42
1.37
1.37
1.5
1.5
2.85
2.75
1.37
1.40
 	 3:2(0:1)  
 	15/08
21:00	 Nancy
AC Arles-Avignon	
-0.75
+0.75
1.80
1.90
 
 	
2.25
1.95
 	
1.76
 	
1.65
3.40
6.10
1.10
1.30
2.15
1.5
1.5
1.90
5.10
1.80
1.13
 	 1:1(0:0)  
 	15/08
21:00	 Nimes
Dijon FCO	
0
0
1.72
2.00
  	
2.25
1.80
 	
1.90
 	
2.45
3.00
3.10
1.33
1.33
1.50
1.5
1.5
2.50
2.95
1.47
1.35
 	 2:2(1:1)  
 	15/08
21:00	 Niort
Le Havre	
-0.25
+0.25
1.75
1.96
 
 	
2.25
2.00
 	
1.72
 	
2.10
3.00
3.90
1.23
1.35
1.67
1.5
1.5
2.30
3.55
1.55
1.25
 	 1:0(1:0)  
 	15/08
21:00	 Tours
Valenciennes FC	
-0.25
+0.25
1.60
2.20
 
 	
2.5
1.95
1.76
1.87
3.25
4.55
1.17
1.33
1.83
1.5
1.5
2.10
3.20
1.67
1.30
 	 1:0(1:0)  
 	16/08
15:00	 Stade Brestois 29
Angers SCO	
-0.25
+0.25
1.85
1.85
 
 	
2.25
2.10
 	
1.67
 	
2.20
2.90
3.75
1.24
1.37
1.60
1.5
1.5
2.40
3.40
1.50
1.27
 	 0:0(0:0)  
 	18/08
21:00	 Gazelec Ajaccio
AC Ajaccio	
-0.25
+0.25
1.95
1.76
 
 	
2.25
2.00
 	
1.72
 	
2.30
3.00
3.35
1.30
1.37
1.57
1.5
1.5
2.50
3.10
1.47
1.32
 	 0:2(0:2)  
 	18/08
21:30	 Sochaux-Montbeliard
Troyes	
0
0
1.90
1.80
  	
2.25
1.90
 	
1.80
 	
2.85
3.00
2.60
1.45
1.35
1.38
1.5
1.5
2.85
2.65
1.37
1.42
 	 0:2(0:1)  
 	22/08
21:00	 AC Ajaccio
Tours	
-0.25
+0.25
1.95
1.76
 
 	
2.25
1.90
 	
1.80
 	
2.35
3.05
3.20
1.30
1.35
1.55
1.5
1.5
2.25
3.10
1.57
1.32
 	 1:0(0:0)  
 	22/08
21:00	 Angers SCO
Chateauroux	
-0.75
+0.75
1.80
1.90
 
 	
2.25
1.75
 	
1.96
 	
1.65
3.50
5.85
1.11
1.28
2.15
1.5
1.5
1.75
4.05
1.96
1.20
 	 1:1(0:1)  
 	22/08
21:00	 AC Arles-Avignon
Sochaux-Montbeliard	
-0.25
+0.25
1.95
1.76
 
 	
2.25
2.10
 	
1.67
 	
2.35
3.00
3.25
1.32
1.37
1.55
1.5
1.5
2.55
2.85
1.45
1.37
 	 2:2(0:0)  
 	22/08
21:00	 Clermont Foot
Gazelec Ajaccio	
-0.25
+0.25
1.90
1.80
 
 	
2.25
2.15
 	
1.65
 	
2.30
2.90
3.50
1.27
1.37
1.57
1.5
1.5
2.50
3.40
1.47
1.27
 	 3:4(0:0)  
 	22/08
21:00	 Creteil
Niort	
-0.25
+0.25
1.85
1.85
 
 	
2.25
1.80
 	
1.90
 	
2.20
3.10
3.50
1.27
1.35
1.63
1.5
1.5
2.30
2.75
1.55
1.40
 	 1:1(1:0)  
 	22/08
21:00	 Nancy
Nimes	
-0.75
+0.75
2.00
1.85
 
 	
2.25
1.87
 	
1.87
 	
1.75
3.60
4.75
1.18
1.28
2.05
1.5
1.0
2.00
2.65
1.80
1.45
 	 0:0(0:0)  
 	22/08
21:00	 Orleans
Stade Brestois 29	
-0.25
+0.25
2.00
1.80
 
 	
2.0
2.05
1.72
2.35
2.90
3.35
1.30
1.38
1.55
1.0
1.0
1.85
2.30
1.90
1.57
 	 1:0(1:0)  
 	22/08
21:00	 Troyes
Laval	
-0.75
+0.75
1.85
1.85
 
 	
2.5
2.00
1.72
1.65
3.50
5.80
1.11
1.28
2.15
1.5
1.5
1.75
4.05
1.96
1.20
 	 0:0(0:0)  
 	22/08
21:00	 Valenciennes FC
Le Havre	
0
0
1.70
2.03
  	
2.25
1.90
 	
1.80
 	
2.45
3.00
3.10
1.35
1.37
1.50
1.5
1.5
2.65
2.95
1.42
1.35
 	 0:4(0:3)  
 	23/08
15:00	 Dijon FCO
Auxerre	
-0.75
+0.75
1.85
1.85
 
 	
2.25
1.90
 	
1.80
 	
1.65
3.45
6.00
1.10
1.30
2.15
1.5
1.5
1.85
4.25
1.85
1.18
 	 1:0(1:0)  
	29/08
21:00	 Auxerre
Valenciennes FC	
-0.25
+0.25
1.95
1.76
 
 	
2.25
2.00
 	
1.72
 	
2.30
3.00
3.35
1.30
1.37
1.57
1.5
1.5
2.50
3.10
1.47
1.32
 	 1:2(0:1)  
 	29/08
21:00	 Gazelec Ajaccio
Troyes	
0
0
1.90
1.80
  	
2.25
2.00
 	
1.72
 	
2.80
2.95
2.70
1.42
1.37
1.38
1.5
1.5
2.85
2.75
1.37
1.40
 	 0:4(0:3)  
 	29/08
21:00	 Laval
AC Ajaccio	
-0.25
+0.25
1.95
1.76
 
 	
2.25
2.15
 	
1.65
 	
2.30
3.00
3.35
1.30
1.37
1.57
1.5
1.5
2.50
3.10
1.47
1.32
 	 0:0(0:0)  
 	29/08
21:00	 Le Havre
Creteil	
-0.25
+0.25
1.60
2.20
 
 	
2.25
1.85
 	
1.85
 	
1.90
3.25
4.40
1.18
1.33
1.80
1.5
1.5
2.00
3.85
1.72
1.22
 	 1:1(1:1)  
 	29/08
21:00	 Chateauroux
Orleans	
0
0
1.90
1.80
  	
2.25
2.10
 	
1.67
 	
2.90
2.95
2.65
1.42
1.38
1.38
1.5
1.5
2.95
2.75
1.35
1.40
 	 0:0(0:0)  
 	29/08
21:00	 Nimes
AC Arles-Avignon	
-0.25
+0.25
1.67
2.10
 
 	
2.25
1.75
 	
1.96
 	
1.95
3.15
4.25
1.20
1.33
1.76
1.5
1.5
1.96
3.40
1.75
1.27
 	 2:2(1:1)  
 	29/08
21:00	 Niort
Clermont Foot	
-0.25
+0.25
1.60
2.20
 
 	
2.25
2.00
 	
1.72
 	
1.80
3.20
5.10
1.14
1.33
1.90
1.5
1.5
2.00
3.85
1.72
1.22
 	 0:0(0:0)  
 	29/08
21:00	 Sochaux-Montbeliard
Dijon FCO	
0
0
1.90
1.80
  	
2.25
1.85
 	
1.85
 	
2.85
2.90
2.70
1.42
1.38
1.38
1.5
1.5
2.85
2.75
1.37
1.40
 	 0:1(0:0)  
 	30/08
15:00	 Tours
Angers SCO	
-0.25
+0.25
1.85
1.85
 
 	
2.25
1.80
 	
1.90
 	
2.20
3.05
3.55
1.27
1.35
1.60
1.5
1.5
2.30
2.95
1.55
1.35
 	 1:2(1:0)  
	12/09
21:00	 AC Ajaccio
Chateauroux	
-0.75
+0.75
2.00
1.72
 
 	
2.25
1.95
 	
1.76
 	
1.75
3.25
5.40
1.13
1.30
1.95
1.5
1.5
1.90
4.25
1.80
1.18
 	 1:1(0:1)  
 	12/09
21:00	 Angers SCO
Gazelec Ajaccio	
-0.25
+0.25
1.67
2.10
 
 	
2.25
1.95
 	
1.76
 	
1.95
3.10
4.35
1.20
1.33
1.76
1.5
1.5
2.15
3.55
1.63
1.25
 	 2:0(2:0)  
 	12/09
21:00	 AC Arles-Avignon
Tours	
-0.25
+0.25
2.00
1.72
 
 	
2.25
1.85
 	
1.85
 	
2.40
3.10
3.05
1.33
1.35
1.52
1.5
1.5
2.50
2.85
1.47
1.37
 	 1:0(1:0)  
 	12/09
21:00	 Clermont Foot
Le Havre	
0
0
1.80
1.90
  	
2.25
1.95
 	
1.76
 	
2.65
2.95
2.85
1.37
1.37
1.42
1.5
1.5
2.75
2.85
1.40
1.37
 	 1:0(0:0)  
 	12/09
21:00	 Dijon FCO
Niort	
-0.25
+0.25
1.60
2.20
 
 	
2.25
1.95
 	
1.76
 	
1.85
3.15
4.75
1.16
1.33
1.85
1.5
1.5
2.10
3.85
1.67
1.22
 	 1:0(0:0)  
 	12/09
21:00	 Nimes
Stade Brestois 29	
-0.25
+0.25
1.95
1.76
 
 	
2.25
2.00
 	
1.72
 	
2.30
3.00
3.35
1.30
1.37
1.57
1.5
1.5
2.50
3.10
1.47
1.32
 	 0:0(0:0)  
 	12/09
21:00	 Orleans
Laval	
-0.25
+0.25
1.67
2.10
 
 	
2.25
2.10
 	
1.67
 	
1.95
2.90
4.75
1.16
1.38
1.76
1.5
1.5
2.20
4.05
1.60
1.20
 	 1:1(0:1)  
 	12/09
21:00	 Valenciennes FC
Creteil	
-0.25
+0.25
1.85
1.85
 
 	
2.25
1.85
 	
1.85
 	
2.20
3.05
3.55
1.27
1.35
1.65
1.5
1.5
2.25
3.40
1.57
1.27
 	 1:1(1:1)  
 	13/09
15:00	 Nancy
Sochaux-Montbeliard	
-0.25
+0.25
1.60
2.19
 
 	
2.25
1.95
 	
1.76
 	
1.85
3.15
4.75
1.16
1.33
1.85
1.5
1.5
2.10
3.85
1.67
1.22
 	 1:1(1:0)  
 	15/09
21:30	 Troyes
Auxerre	
–1.0
+1.0
1.95
1.76
  	
2.5
1.95
1.76
1.55
3.65
6.85
1.08
1.25
2.35
1.5
1.5
1.72
4.75
2.00
1.15
 	 1:2(0:1)  
	19/09
21:00	 Auxerre
AC Ajaccio	
-0.25
+0.25
1.80
1.90
 
 	
2.25
1.95
 	
1.76
 	
2.15
3.00
3.75
1.23
1.37
1.65
1.5
1.5
2.20
3.55
1.60
1.25
 	 1:1(1:1)  
 	19/09
21:00	 Stade Brestois 29
AC Arles-Avignon	
-0.75
+0.75
2.05
1.70
 
 	
2.25
2.10
 	
1.67
 	
1.80
3.15
5.20
1.13
1.35
1.90
1.5
1.5
2.10
3.75
1.66
1.23
 	 1:0(1:0)  
 	19/09
21:00	 Creteil
Clermont Foot	
-0.25
+0.25
1.67
2.12
 
 	
2.25
1.87
 	
1.87
 	
1.95
3.25
4.25
1.20
1.35
1.80
1.5
1.5
2.00
3.30
1.75
1.30
 	 2:2(0:1)  
 	19/09
21:00	 Gazelec Ajaccio
Dijon FCO	
0
0
1.90
1.80
  	
2.25
2.10
 	
1.67
 	
2.85
2.95
2.65
1.42
1.38
1.37
1.5
1.5
2.85
2.75
1.37
1.40
 	 2:0(2:0)  
 	19/09
21:00	 Laval
Angers SCO	
-0.25
+0.25
2.00
1.72
 
 	
2.25
2.10
 	
1.66
 	
2.40
2.95
3.20
1.30
1.37
1.52
1.5
1.5
2.65
2.85
1.42
1.37
 	 3:2(1:1)  
 	19/09
21:00	 Chateauroux
Nancy	
+0.25
-0.25
1.72
2.00
 
 	
2.25
2.00
 	
1.72
 	
3.15
2.95
2.45
1.50
1.37
1.33
1.5
1.5
3.05
2.55
1.33
1.45
 	 2:5(0:2)  
 	19/09
21:00	 Niort
Valenciennes FC	
-0.75
+0.75
2.05
1.75
 
 	
2.25
1.80
 	
1.95
 	
1.80
3.50
4.50
1.20
1.30
2.00
1.5
1.0
1.95
2.35
1.80
1.55
 	 3:0(1:0)  
 	19/09
21:00	 Sochaux-Montbeliard
Nimes	
-0.25
+0.25
1.65
2.11
 
 	
2.25
1.95
 	
1.76
 	
1.90
3.10
4.60
1.17
1.35
1.80
1.5
1.5
2.15
3.75
1.63
1.23
 	 2:0(1:0)  
 	19/09
21:00	 Tours
Orleans	
-0.25
+0.25
1.80
1.90
 
 	
2.25
1.95
 	
1.76
 	
2.10
3.00
3.90
1.23
1.35
1.67
1.5
1.5
2.30
3.55
1.55
1.25
 	 4:3(3:2)  
 	20/09
15:00	 Le Havre
Troyes	
0
0
1.90
1.80
  	
2.25
1.90
 	
1.80
 	
2.80
3.00
2.65
1.42
1.35
1.40
1.5
1.5
2.75
2.65
1.40
1.42
 	 3:2(1:1)  
	22/09
21:30	 Valenciennes FC
Clermont Foot	
-0.25
+0.25
2.00
1.75
 
 	
2.25
1.80
 	
1.95
 	
2.35
3.30
3.00
1.37
1.32
1.57
1.5
1.0
2.30
1.80
1.57
1.95
 	 2:1(0:0)  
 	23/09
21:55	 AC Ajaccio
Le Havre	
-0.25
+0.25
2.00
1.72
 
 	
2.25
2.00
 	
1.72
 	
2.40
3.05
3.10
1.33
1.37
1.50
1.5
1.5
2.65
3.20
1.42
1.30
 	 0:1(0:1)  
 	23/09
21:55	 Angers SCO
Auxerre	
-0.25
+0.25
1.70
2.05
 
 	
2.25
2.00
 	
1.72
 	
2.05
3.00
4.05
1.22
1.36
1.72
1.5
1.5
2.30
3.80
1.55
1.22
 	 0:0(0:0)  
 	23/09
21:55	 AC Arles-Avignon
Laval	
-0.25
+0.25
1.95
1.76
 
 	
2.25
2.00
 	
1.72
 	
2.30
3.00
3.35
1.30
1.37
1.57
1.5
1.5
2.50
3.10
1.47
1.32
 	 2:3(0:3)  
 	23/09
21:55	 Dijon FCO
Creteil	
-0.75
+0.75
1.95
1.76
 
 	
2.25
1.80
 	
1.90
 	
1.72
3.35
5.35
1.13
1.30
2.00
1.5
1.5
1.85
3.75
1.85
1.23
 	 2:1(1:0)  
 	23/09
21:55	 Nancy
Tours	
-0.75
+0.75
2.10
1.67
 
 	
2.25
1.85
 	
1.85
 	
1.85
3.25
4.55
1.16
1.32
1.85
1.5
1.5
1.95
3.75
1.76
1.23
 	 2:1(1:0)  
 	23/09
21:55	 Nimes
Chateauroux	
-0.75
+0.75
2.05
1.70
 
 	
2.25
1.90
 	
1.80
 	
1.80
3.25
4.95
1.15
1.32
1.90
1.5
1.5
1.95
4.05
1.76
1.20
 	 1:0(1:0)  
 	23/09
21:55	 Orleans
Gazelec Ajaccio	
-0.25
+0.25
1.70
2.03
 
 	
2.25
2.10
 	
1.66
 	
2.00
3.05
4.25
1.19
1.35
1.72
1.5
1.5
2.25
3.75
1.57
1.23
 	 0:1(0:0)  
 	23/09
21:55	 Sochaux-Montbeliard
Stade Brestois 29	
-0.25
+0.25
1.75
1.96
 
 	
2.25
2.00
 	
1.72
 	
2.10
3.15
3.70
1.24
1.35
1.67
1.5
1.5
2.30
3.55
1.55
1.25
 	 0:0(0:0)  
 	23/09
21:55	 Troyes
Niort	
-0.75
+0.75
2.10
1.67
 
 	
2.25
1.85
 	
1.85
 	
1.87
3.40
4.25
1.18
1.32
1.83
1.5
1.5
1.95
3.75
1.76
1.23
 	 4:1(1:0)  
	26/09
21:00	 Auxerre
AC Arles-Avignon	
-0.25
+0.25
1.72
2.00
 
 	
2.25
1.95
 	
1.76
 	
2.00
3.05
4.20
1.20
1.35
1.72
1.5
1.5
2.20
3.40
1.60
1.27
 	 2:1(1:1)  
 	26/09
21:00	 Creteil
AC Ajaccio	
-0.25
+0.25
1.65
2.11
 
 	
2.25
1.75
 	
1.96
 	
1.95
3.15
4.25
1.18
1.35
1.76
1.5
1.5
2.00
3.05
1.72
1.33
 	 3:2(1:0)  
 	26/09
21:00	 Gazelec Ajaccio
Nimes	
-0.25
+0.25
1.75
1.96
 
 	
2.25
1.95
 	
1.76
 	
2.05
3.15
3.85
1.22
1.35
1.70
1.5
1.5
2.20
3.40
1.60
1.27
 	 2:0(2:0)  
 	26/09
21:00	 Laval
Nancy	
-0.25
+0.25
1.93
1.87
 
 	
2.25
1.90
 	
1.90
 	
2.25
3.30
3.30
1.35
1.35
1.65
1.0
1.0
1.60
2.00
2.35
1.80
 	 1:1(1:1)  
 	26/09
21:00	 Le Havre
Dijon FCO	
-0.25
+0.25
2.05
1.70
 
 	
2.25
2.00
 	
1.72
 	
2.50
2.90
3.15
1.35
1.40
1.47
1.5
1.5
2.50
2.95
1.47
1.35
 	 1:0(1:0)  
 	26/09
21:00	 Chateauroux
Stade Brestois 29	
+0.25
-0.25
1.76
1.95
 
 	
2.25
2.20
 	
1.60
 	
3.55
2.85
2.30
1.55
1.40
1.27
1.5
1.5
3.20
2.55
1.30
1.45
 	 1:1(1:1)  
 	26/09
21:00	 Niort
Angers SCO	
-0.25
+0.25
1.70
2.03
 
 	
2.25
1.95
 	
1.76
 	
2.00
3.05
4.25
1.20
1.35
1.72
1.5
1.5
2.15
3.55
1.63
1.25
 	 2:1(0:1)  
 	26/09
21:00	 Tours
Sochaux-Montbeliard	
-0.25
+0.25
1.85
1.85
 
 	
2.25
1.80
 	
1.90
 	
2.15
3.05
3.65
1.26
1.35
1.65
1.5
1.5
2.20
3.20
1.60
1.30
 	 0:1(0:0)  
 	26/09
21:00	 Valenciennes FC
Orleans	
-0.25
+0.25
2.00
1.72
 
 	
2.25
2.10
 	
1.66
 	
2.45
2.75
3.40
1.27
1.42
1.50
1.5
1.5
2.60
3.05
1.44
1.33
 	 2:0(0:0)  
 	29/09
21:30	 Clermont Foot
Troyes	
+0.25
-0.25
1.70
2.05
 
 	
2.25
1.95
 	
1.76
 	
3.10
3.00
2.45
1.50
1.35
1.33
1.5
1.5
2.85
2.50
1.37
1.47
 	 1:0(1:0)  
 	03/10
21:00	 AC Ajaccio
Niort	
-0.25
+0.25
2.00
1.72
 
 	
2.25
1.95
 	
1.76
 	
2.45
2.95
3.15
1.32
1.37
1.50
1.5
1.5
2.55
3.10
1.45
1.32
 	 0:0(0:0)  
 	03/10
21:00	 Angers SCO
Creteil	
-0.25
+0.25
1.70
2.03
 
 	
2.25
1.80
 	
1.90
 	
2.05
3.20
3.75
1.23
1.33
1.70
1.5
1.5
2.10
3.40
1.67
1.27
 	 3:0(1:0)  
 	03/10
21:00	 AC Arles-Avignon
Chateauroux	
-0.75
+0.75
1.85
1.85
 
 	
2.25
1.95
 	
1.76
 	
1.67
3.25
6.35
1.10
1.35
2.10
1.5
1.5
1.95
4.55
1.76
1.16
 	 0:1(0:1)  
 	03/10
21:00	 Dijon FCO
Clermont Foot	
-0.75
+0.75
1.85
1.85
 
 	
2.25
1.80
 	
1.90
 	
1.67
3.35
6.00
1.10
1.30
2.10
1.5
1.5
1.85
3.85
1.85
1.22
 	 1:0(1:0)  
 	03/10
21:00	 Nancy
Gazelec Ajaccio	
-0.25
+0.25
1.63
2.15
 
 	
2.25
2.15
 	
1.63
 	
1.87
3.05
4.95
1.15
1.35
1.83
1.5
1.5
2.30
4.05
1.55
1.20
 	 1:0(1:0)  
 	03/10
21:00	 Nimes
Laval	
-0.25
+0.25
2.05
1.70
 
 	
2.25
1.90
 	
1.80
 	
2.50
2.95
3.10
1.32
1.38
1.47
1.5
1.5
2.50
2.85
1.47
1.37
 	 0:0(0:0)  
 	03/10
21:00	 Orleans
Le Havre	
-0.25
+0.25
2.00
1.72
 
 	
2.25
2.20
 	
1.60
 	
2.50
2.80
3.25
1.30
1.40
1.47
1.5
1.5
2.65
3.05
1.42
1.33
 	 2:2(0:1)  
 	03/10
21:00	 Sochaux-Montbeliard
Auxerre	
-0.25
+0.25
1.75
1.96
 
 	
2.25
2.00
 	
1.72
 	
2.10
3.00
3.90
1.23
1.35
1.67
1.5
1.5
2.30
3.55
1.55
1.25
 	 0:0(0:0)  
 	04/10
15:00	 Troyes
Valenciennes FC	
–1.0
+1.0
1.95
1.76
  	
2.5
1.95
1.76
1.55
3.65
6.85
1.08
1.25
2.35
1.5
1.5
1.70
4.75
2.03
1.15
 	 0:0(0:0)  
 	06/10
21:30	 Stade Brestois 29
Tours	
-0.25
+0.25
1.65
2.11
 
 	
2.25
2.10
 	
1.66
 	
1.95
3.00
4.55
1.16
1.33
1.76
1.5
1.5
2.20
4.05
1.60
1.20
 	 2:0(1:0)  
 	17/10
21:00	 Auxerre
Nancy	
-0.25
+0.25
1.95
1.76
 
 	
2.25
2.00
 	
1.72
 	
2.35
2.95
3.35
1.28
1.38
1.55
1.5
1.5
2.50
3.05
1.47
1.33
 	 2:2(1:1)  
 	17/10
21:00	 Clermont Foot
AC Ajaccio	
-0.25
+0.25
1.65
2.11
 
 	
2.25
1.85
 	
1.85
 	
1.90
3.15
4.55
1.17
1.33
1.80
1.5
1.5
2.10
3.40
1.66
1.27
 	 1:1(1:0)  
 	17/10
21:00	 Gazelec Ajaccio
AC Arles-Avignon	
-0.25
+0.25
1.70
2.03
 
 	
2.25
2.05
 	
1.70
 	
2.00
3.05
4.25
1.20
1.35
1.72
1.5
1.5
2.20
3.55
1.60
1.25
 	 3:1(3:1)  
 	17/10
21:00	 Laval
Stade Brestois 29	
-0.25
+0.25
2.00
1.72
 
 	
2.25
2.15
 	
1.65
 	
2.45
2.90
3.25
1.30
1.40
1.50
1.5
1.5
2.65
3.05
1.42
1.33
 	 2:2(0:0)  
 	17/10
21:00	 Le Havre
Angers SCO	
-0.25
+0.25
1.85
1.85
 
 	
2.25
2.00
 	
1.72
 	
2.20
2.95
3.70
1.25
1.37
1.60
1.5
1.5
2.40
3.55
1.50
1.25
 	 1:0(1:0)  
 	17/10
21:00	 Chateauroux
Sochaux-Montbeliard	
0
0
1.90
1.80
  	
2.25
2.00
 	
1.72
 	
3.05
2.85
2.60
1.44
1.40
1.33
1.5
1.5
2.95
2.75
1.35
1.40
 	 1:4(0:1)  
 	17/10
21:00	 Niort
Orleans	
-0.25
+0.25
1.65
2.11
 
 	
2.25
2.00
 	
1.72
 	
1.95
3.05
4.50
1.18
1.35
1.76
1.5
1.5
2.20
3.55
1.60
1.25
 	 1:1(0:0)  
 	17/10
21:00	 Tours
Nimes	
-0.25
+0.25
1.85
1.85
 
 	
2.25
1.90
 	
1.80
 	
2.20
2.90
3.80
1.23
1.38
1.60
1.5
1.5
2.30
3.55
1.55
1.25
 	 1:2(0:0)  
 	18/10
15:00	 Creteil
Troyes	
0
0
1.80
1.90
  	
2.25
1.75
 	
1.96
 	
2.65
3.00
2.85
1.37
1.35
1.42
1.5
1.5
2.55
2.75
1.45
1.40
 	 1:1(0:0)  
 	20/10
21:30	 Valenciennes FC
Dijon FCO	
0
0
2.00
1.72
  	
2.25
1.95
 	
1.76
 	
3.00
2.95
2.55
1.45
1.38
1.37
1.5
1.5
2.95
2.65
1.35
1.42
 	 0:3(0:1)  
 	24/10
21:00	 AC Ajaccio
Valenciennes FC	
-0.25
+0.25
1.70
2.03
 
 	
2.25
2.00
 	
1.72
 	
2.05
3.05
4.05
1.22
1.35
1.70
1.5
1.5
2.25
3.20
1.57
1.30
 	 2:1(1:1)  
 	24/10
21:00	 Angers SCO
Clermont Foot	
-0.25
+0.25
1.65
2.11
 
 	
2.25
1.95
 	
1.76
 	
1.90
3.20
4.45
1.17
1.33
1.80
1.5
1.5
2.10
3.40
1.66
1.27
 	 3:0(1:0)  
 	24/10
21:00	 AC Arles-Avignon
Niort	
-0.25
+0.25
2.05
1.70
 
 	
2.25
2.05
 	
1.70
 	
2.45
2.85
3.25
1.30
1.40
1.50
1.5
1.5
2.65
3.20
1.42
1.30
 	 1:0(0:0)  
 	24/10
21:00	 Stade Brestois 29
Gazelec Ajaccio	
-0.25
+0.25
1.65
2.11
 
 	
2.25
2.15
 	
1.65
 	
1.90
3.05
4.75
1.17
1.35
1.80
1.5
1.5
2.25
4.05
1.57
1.20
 	 3:0(0:0)  
 	24/10
21:00	 Chateauroux
Tours	
0
0
1.75
1.96
  	
2.5
2.00
1.72
2.65
2.77
3.05
1.33
1.45
1.42
1.5
1.5
2.55
2.75
1.45
1.40
 	 2:1(0:1)  
 	24/10
21:00	 Nimes
Auxerre	
-0.25
+0.25
1.90
1.80
 
 	
2.25
1.95
 	
1.76
 	
2.25
3.00
3.50
1.27
1.35
1.57
1.5
1.5
2.40
3.20
1.50
1.30
 	 0:1(0:1)  
 	24/10
21:00	 Orleans
Creteil	
-0.25
+0.25
1.80
1.90
 
 	
2.5
1.95
1.76
2.10
3.10
3.75
1.23
1.32
1.67
1.5
1.5
2.15
2.95
1.63
1.35
 	 1:1(0:0)  
 	24/10
21:00	 Sochaux-Montbeliard
Laval	
-0.25
+0.25
1.80
1.90
 
 	
2.25
2.00
 	
1.72
 	
2.15
3.00
3.75
1.23
1.35
1.65
1.5
1.5
2.40
3.20
1.50
1.30
 	 1:1(1:0)  
 	25/10
15:00	 Troyes
Dijon FCO	
-0.25
+0.25
1.80
1.90
 
 	
2.25
1.95
 	
1.76
 	
2.15
3.00
3.75
1.23
1.35
1.65
1.5
1.5
2.40
3.20
1.50
1.30
 	 1:0(0:0)  
 	27/10
21:30	 Nancy
Le Havre	
-0.25
+0.25
1.75
1.96
 
 	
2.25
2.10
 	
1.67
 	
2.05
3.05
4.00
1.22
1.35
1.70
1.5
1.5
2.30
3.85
1.55
1.22
 	 2:1(0:1)  
	31/10
21:00	 Auxerre
Stade Brestois 29	
-0.25
+0.25
2.05
1.70
 
 	
2.25
2.15
 	
1.65
 	
2.45
2.80
3.35
1.28
1.40
1.50
1.5
1.5
2.65
2.85
1.42
1.37
 	 0:3(0:1)  
 	31/10
21:00	 Clermont Foot
Nimes	
-0.25
+0.25
1.70
2.03
 
 	
2.25
1.95
 	
1.76
 	
2.00
3.05
4.20
1.20
1.35
1.72
1.5
1.5
2.05
3.55
1.70
1.25
 	 3:0(2:0)  
 	31/10
21:00	 Creteil
Sochaux-Montbeliard	
-0.25
+0.25
1.90
1.80
 
 	
2.25
2.00
 	
1.72
 	
2.25
3.00
3.50
1.27
1.35
1.60
1.5
1.5
2.40
3.20
1.50
1.30
 	 1:2(0:0)  
 	31/10
21:00	 Dijon FCO
AC Ajaccio	
-0.25
+0.25
1.62
2.00
 
 	
2.25
1.85
 	
1.90
 	
1.90
3.40
4.20
1.22
1.32
1.90
1.5
1.0
2.10
2.30
1.70
1.57
 	 3:0(0:0)  
 	31/10
21:00	 Gazelec Ajaccio
Chateauroux	
-0.75
+0.75
1.85
1.85
 
 	
2.25
2.00
 	
1.72
 	
1.65
3.40
5.90
1.11
1.30
2.15
1.5
1.5
1.90
4.75
1.80
1.15
 	 1:0(1:0)  
 	31/10
21:00	 Laval
Tours	
-0.75
+0.75
2.05
1.70
 
 	
2.25
1.85
 	
1.85
 	
1.80
3.35
4.75
1.15
1.30
1.90
1.5
1.5
1.90
3.75
1.80
1.23
 	 2:1(0:0)  
 	31/10
21:00	 Le Havre
AC Arles-Avignon	
-0.75
+0.75
2.00
1.72
 
 	
2.25
2.00
 	
1.72
 	
1.85
3.25
4.85
1.16
1.33
1.85
1.5
1.5
2.10
4.25
1.65
1.18
 	 2:0(0:0)  
 	31/10
21:00	 Troyes
Orleans	
-0.25
+0.25
1.62
2.25
 
 	
2.25
1.90
 	
1.85
 	
1.85
3.40
4.20
1.22
1.30
1.90
1.5
1.0
2.10
2.50
1.70
1.50
 	 1:0(1:0)  
 	01/11
15:00	 Niort
Nancy	
-0.25
+0.25
1.85
1.85
 
 	
2.25
2.00
 	
1.72
 	
2.15
2.95
3.85
1.23
1.37
1.65
1.5
1.5
2.40
3.55
1.50
1.25
 	 1:4(0:2)  
	07/11
21:00	 AC Ajaccio
Troyes	
0
0
1.90
1.80
  	
2.25
1.90
 	
1.80
 	
2.85
3.00
2.65
1.42
1.35
1.37
1.5
1.5
2.85
2.65
1.37
1.42
 	 2:1(0:1)  
 	07/11
21:00	 Angers SCO
Dijon FCO	
-0.25
+0.25
2.00
1.72
 
 	
2.25
2.00
 	
1.72
 	
2.45
2.95
3.15
1.32
1.37
1.50
1.5
1.5
2.55
3.05
1.45
1.33
 	 1:0(0:0)  
 	07/11
21:00	 AC Arles-Avignon
Valenciennes FC	
-0.25
+0.25
1.67
2.12
 
 	
2.25
1.90
 	
1.85
 	
1.95
3.10
4.15
1.20
1.33
1.80
1.5
1.0
2.20
2.35
1.63
1.55
 	 1:2(1:1)  
 	07/11
21:00	 Chateauroux
Laval	
0
0
1.85
1.95
  	
2.25
2.07
 	
1.75
 	
2.62
3.00
2.85
1.43
1.36
1.50
1.0
1.0
1.80
1.87
1.95
1.87
 	 1:1(0:1)  
 	07/11
21:00	 Nimes
Niort	
-0.25
+0.25
2.00
1.72
 
 	
2.25
1.90
 	
1.80
 	
2.40
2.95
3.20
1.30
1.37
1.52
1.5
1.5
2.50
2.95
1.47
1.35
 	 3:2(1:2)  
 	07/11
21:00	 Orleans
Clermont Foot	
-0.25
+0.25
1.70
2.05
 
 	
2.25
1.95
 	
1.76
 	
2.00
3.05
4.20
1.20
1.35
1.72
1.5
1.5
2.20
3.55
1.60
1.25
 	 2:1(2:0)  
 	07/11
21:00	 Sochaux-Montbeliard
Gazelec Ajaccio	
-0.25
+0.25
1.70
2.05
 
 	
2.25
2.20
 	
1.60
 	
2.00
2.80
4.80
1.15
1.40
1.72
1.5
1.5
2.30
4.05
1.55
1.20
 	 2:1(2:0)  
 	07/11
21:00	 Tours
Auxerre	
-0.25
+0.25
1.95
1.76
 
 	
2.25
1.85
 	
1.85
 	
2.35
3.00
3.25
1.30
1.35
1.55
1.5
1.5
2.40
3.05
1.50
1.33
 	 2:3(2:1)  
 	08/11
15:00	 Stade Brestois 29
Le Havre	
-0.25
+0.25
1.67
2.10
 
 	
2.25
2.00
 	
1.72
 	
1.97
3.00
4.45
1.18
1.35
1.75
1.5
1.5
2.15
3.75
1.63
1.23
 	 1:0(1:0)  
 	10/11
21:30	 Nancy
Creteil	
-0.25
+0.25
1.60
2.20
 
 	
2.5
1.95
1.76
1.85
3.30
4.55
1.17
1.30
1.85
1.5
1.5
1.85
3.20
1.85
1.30
 	 3:1(1:1)  
 	21/11
21:00	 AC Ajaccio
Angers SCO	
-0.25
+0.25
1.95
1.76
 
 	
2.25
2.00
 	
1.72
 	
2.30
2.90
3.55
1.27
1.37
1.57
1.5
1.5
2.50
3.10
1.47
1.32
 	 1:1(0:0)  
 	21/11
21:00	 Auxerre
Chateauroux	
-0.75
+0.75
2.00
1.72
 
 	
2.25
1.95
 	
1.76
 	
1.78
3.20
5.30
1.14
1.32
1.95
1.5
1.5
1.95
4.25
1.76
1.18
 	 3:1(2:0)  
 	21/11
21:00	 Clermont Foot
AC Arles-Avignon	
-0.25
+0.25
1.75
1.96
 
 	
2.25
1.95
 	
1.76
 	
2.05
3.05
4.05
1.21
1.35
1.70
1.5
1.5
2.25
3.10
1.57
1.32
 	 3:1(3:1)  
 	21/11
21:00	 Creteil
Nimes	
-0.75
+0.75
1.95
1.80
 
 	
2.5
1.87
1.87
1.75
3.70
4.50
1.20
1.27
2.05
1.5
1.0
1.85
2.20
1.90
1.62
 	 2:0(2:0)  
 	21/11
21:00	 Dijon FCO
Orleans	
-0.75
+0.75
1.80
1.90
 
 	
2.25
2.00
 	
1.72
 	
1.57
3.50
7.10
1.07
1.30
2.25
1.5
1.5
1.85
5.10
1.85
1.13
 	 2:1(1:0)  
 	21/11
21:00	 Gazelec Ajaccio
Laval	
-0.25
+0.25
1.75
1.96
 
 	
2.25
2.00
 	
1.72
 	
2.10
3.00
3.90
1.23
1.35
1.67
1.5
1.5
2.30
3.55
1.55
1.25
 	 1:0(0:0)  
 	21/11
21:00	 Niort
Tours	
-0.75
+0.75
1.95
1.76
 
 	
2.25
1.85
 	
1.85
 	
1.75
3.25
5.40
1.14
1.30
2.00
1.5
1.5
1.85
4.05
1.85
1.20
 	 1:1(0:1)  
 	21/11
21:00	 Valenciennes FC
Stade Brestois 29	
0
0
1.95
1.76
  	
2.25
2.00
 	
1.72
 	
2.90
2.90
2.65
1.42
1.40
1.37
1.5
1.5
2.95
2.85
1.35
1.37
 	 0:1(0:0)  
 	22/11
15:00	 Le Havre
Sochaux-Montbeliard	
-0.25
+0.25
1.85
1.85
 
 	
2.25
2.00
 	
1.72
 	
2.25
3.00
3.50
1.27
1.35
1.60
1.5
1.5
2.40
3.20
1.50
1.30
 	 1:1(1:1)  
 	24/11
21:30	 Troyes
Nancy	
-0.25
+0.25
1.75
1.96
 
 	
2.25
1.95
 	
1.76
 	
2.05
3.05
4.00
1.22
1.35
1.70
1.5
1.5
2.30
3.10
1.55
1.32
 	 1:0(0:0)  
	28/11
21:00	 AC Arles-Avignon
Dijon FCO	
+0.25
-0.25
1.72
2.00
 
 	
2.25
2.00
 	
1.72
 	
3.10
3.00
2.45
1.50
1.37
1.33
1.5
1.5
3.05
2.55
1.33
1.45
 	 0:2(0:1)  
 	28/11
21:00	 Stade Brestois 29
Creteil	
-0.75
+0.75
2.00
1.76
 
 	
2.25
1.92
 	
1.82
 	
1.83
3.28
4.34
1.18
1.29
1.87
1.5
1.0
2.05
2.70
1.70
1.42
 	 2:2(0:1)  
 	28/11
21:00	 Laval
Auxerre	
-0.25
+0.25
2.05
1.70
 
 	
2.25
1.95
 	
1.76
 	
2.45
2.90
3.20
1.30
1.38
1.50
1.5
1.5
2.55
2.75
1.45
1.40
 	 1:1(0:0)  
 	28/11
21:00	 Chateauroux
Niort	
+0.25
-0.25
1.72
2.00
 
 	
2.25
1.90
 	
1.80
 	
3.25
2.95
2.40
1.52
1.37
1.30
1.5
1.5
2.95
2.50
1.35
1.47
 	 0:1(0:1)  
 	28/11
21:00	 Nimes
Le Havre	
0
0
1.85
1.85
  	
2.25
2.10
 	
1.67
 	
2.80
2.85
2.80
1.40
1.40
1.40
1.5
1.5
3.05
2.95
1.33
1.35
 	 3:3(1:1)  
 	28/11
21:00	 Orleans
AC Ajaccio	
-0.25
+0.25
1.80
1.90
 
 	
2.25
2.00
 	
1.72
 	
2.15
2.95
3.85
1.22
1.37
1.65
1.5
1.5
2.35
3.55
1.52
1.25
 	 1:1(1:1)  
 	28/11
21:00	 Sochaux-Montbeliard
Clermont Foot	
-0.25
+0.25
1.68
2.13
 
 	
2.0
1.76
2.01
2.03
3.07
3.97
1.22
1.34
1.73
1.5
1.0
2.30
2.60
1.57
1.45
 	 1:0(0:0)  
 	28/11
21:00	 Tours
Gazelec Ajaccio	
-0.25
+0.25
2.05
1.70
 
 	
2.25
2.15
 	
1.63
 	
2.45
3.00
3.10
1.33
1.35
1.50
1.5
1.5
2.65
3.20
1.42
1.30
 	 2:1(1:0)  
 	29/11
15:00	 Angers SCO
Troyes	
0
0
1.75
1.96
  	
2.25
2.05
 	
1.70
 	
2.55
3.10
2.85
1.37
1.35
1.45
1.5
1.5
2.65
2.95
1.42
1.35
 	 0:3(0:1)  
 	01/12
21:30	 Nancy
Valenciennes FC	
-0.75
+0.75
1.85
1.85
 
 	
2.25
1.80
 	
1.90
 	
1.63
3.50
6.10
1.10
1.28
2.20
1.5
1.5
1.75
4.40
1.96
1.17
 	 0:1(0:0)  
 	12/12
21:00	 AC Ajaccio
Nancy	
0
0
1.75
1.96
  	
2.25
1.90
 	
1.80
 	
2.60
2.90
3.00
1.37
1.35
1.45
1.5
1.5
2.75
2.85
1.40
1.37
 	 2:0(2:0)  
 	12/12
21:00	 Clermont Foot
Tours	
-0.25
+0.25
1.67
2.10
 
 	
2.25
1.95
 	
1.76
 	
1.95
3.05
4.50
1.17
1.35
1.76
1.5
1.5
2.15
3.40
1.63
1.27
 	 2:2(1:1)  
 	12/12
21:00	 Creteil
AC Arles-Avignon	
-0.25
+0.25
1.60
2.20
 
 	
2.5
1.90
1.80
1.87
3.25
4.55
1.17
1.33
1.85
1.5
1.5
1.93
3.40
1.78
1.27
 	 2:0(0:0)  
 	12/12
21:00	 Gazelec Ajaccio
Auxerre	
-0.25
+0.25
2.00
1.72
 
 	
2.25
2.20
 	
1.60
 	
2.50
2.75
3.35
1.30
1.44
1.47
1.5
1.5
2.95
3.10
1.35
1.32
 	 1:1(0:0)  
 	12/12
21:00	 Le Havre
Laval	
-0.25
+0.25
1.65
2.11
 
 	
2.25
2.05
 	
1.70
 	
1.90
3.05
4.75
1.15
1.33
1.80
1.5
1.5
2.15
4.40
1.63
1.17
 	 0:1(0:0)  
 	12/12
21:00	 Niort
Sochaux-Montbeliard	
-0.25
+0.25
1.65
2.15
 
 	
2.25
1.87
 	
1.87
 	
1.90
3.25
4.20
1.20
1.31
1.83
1.5
1.0
2.00
2.20
1.75
1.63
 	 0:1(0:0)  
 	12/12
21:00	 Orleans
Angers SCO	
-0.25
+0.25
1.85
1.85
 
 	
2.25
2.15
 	
1.65
 	
2.20
2.80
3.95
1.22
1.40
1.60
1.5
1.5
2.40
3.55
1.50
1.25
 	 2:3(2:3)  
 	12/12
21:00	 Valenciennes FC
Chateauroux	
-0.75
+0.75
2.00
1.72
 
 	
2.25
1.80
 	
1.90
 	
1.75
3.30
5.25
1.13
1.30
1.96
1.5
1.5
1.95
4.05
1.76
1.20
 	 1:0(1:0)  
 	13/12
15:00	 Dijon FCO
Stade Brestois 29	
-0.25
+0.25
1.70
2.03
 
 	
2.25
2.15
 	
1.65
 	
2.05
2.95
4.20
1.20
1.37
1.70
1.5
1.5
2.30
4.05
1.55
1.20
 	 1:0(0:0)  
 	15/12
21:30	 Troyes
Nimes	
–1.0
+1.0
1.85
1.85
  	
2.25
1.80
 	
1.90
 	
1.50
3.65
8.10
1.07
1.25
2.45
1.5
1.5
1.70
4.55
2.03
1.16
 	 2:0(0:0)  
 	18/12
21:30	 Sochaux-Montbeliard
Angers SCO	
-0.25
+0.25
1.80
1.90
 
 	
2.25
2.00
 	
1.72
 	
2.10
3.00
3.95
1.22
1.37
1.68
1.5
1.5
2.40
3.40
1.50
1.27
 	 1:1(0:0)  
 	19/12
21:00	 Auxerre
Niort	
-0.25
+0.25
1.80
1.90
 
 	
2.25
1.85
 	
1.85
 	
2.10
3.10
3.75
1.23
1.32
1.68
1.5
1.5
2.20
3.10
1.60
1.32
 	 1:1(0:1)  
 	19/12
21:00	 Laval
Valenciennes FC	
-0.25
+0.25
1.85
1.85
 
 	
2.25
2.00
 	
1.72
 	
2.20
2.95
3.70
1.25
1.37
1.60
1.5
1.5
2.40
3.40
1.50
1.27
 	 3:1(1:1)  
 	19/12
21:00	 Chateauroux
Dijon FCO	
+0.25
-0.25
1.85
1.85
 
 	
2.25
1.90
 	
1.80
 	
3.55
3.05
2.20
1.60
1.35
1.26
1.5
1.5
3.20
2.25
1.30
1.57
 	 1:1(0:1)  
 	19/12
21:00	 Nancy
Clermont Foot	
-0.75
+0.75
1.90
1.80
 
 	
2.25
1.90
 	
1.80
 	
1.72
3.30
5.55
1.12
1.32
2.00
1.5
1.5
1.90
4.55
1.80
1.16
 	 1:2(1:2)  
 	19/12
21:00	 Nimes
Orleans	
0
0
1.80
1.90
  	
2.25
1.95
 	
1.76
 	
2.70
2.95
2.82
1.40
1.35
1.42
1.5
1.5
2.65
2.75
1.42
1.40
 	 0:1(0:0)  
 	19/12
21:00	 Tours
Le Havre	
-0.25
+0.25
2.00
1.72
 
 	
2.25
2.00
 	
1.72
 	
2.40
2.95
3.25
1.30
1.37
1.52
1.5
1.5
2.55
3.05
1.45
1.33
 	 3:2(2:1)  
 	20/12
15:00	 AC Arles-Avignon
Troyes	
+0.25
-0.25
1.80
1.90
 
 	
2.25
2.00
 	
1.72
 	
3.50
3.00
2.25
1.60
1.35
1.27
1.5
1.5
3.20
2.40
1.30
1.50
 	 0:4(0:0)  
 	20/12
15:00	 Stade Brestois 29
AC Ajaccio	
-0.75
+0.75
1.95
1.76
 
 	
2.25
1.95
 	
1.76
 	
1.72
3.30
5.55
1.13
1.30
2.00
1.5
1.5
1.95
4.05
1.76
1.20
 	 2:1(1:0)  
 	09/01
21:00	 AC Ajaccio
Nimes	
-0.75
+0.75
1.90
1.85
 
 	
2.25
1.90
 	
1.85
 	
1.70
3.30
5.80
1.12
1.30
2.05
1.5
1.0
1.85
2.65
1.85
1.42
 	 0:1(0:0)  
 	09/01
21:00	 Angers SCO
Nancy	
0
0
1.70
2.05
  	
2.25
1.90
 	
1.80
 	
2.55
2.95
3.00
1.35
1.37
1.47
1.5
1.5
2.65
2.95
1.42
1.35
 	 3:1(2:1)  
 	09/01
21:00	 Clermont Foot
Laval	
-0.25
+0.25
1.80
1.95
 
 	
2.25
2.00
 	
1.75
 	
2.15
3.00
3.80
1.25
1.35
1.65
1.5
1.0
2.25
2.10
1.57
1.67
 	 0:0(0:0)  
 	09/01
21:00	 Creteil
Auxerre	
0
0
1.75
2.00
  	
2.5
1.95
1.76
2.50
3.10
2.95
1.37
1.35
1.47
1.5
1.5
2.40
2.65
1.50
1.42
 	 2:2(2:1)  
 	09/01
21:00	 Dijon FCO
Tours	
–1.0
+1.0
1.95
1.76
  	
2.25
1.72
 	
2.00
 	
1.50
3.90
7.25
1.07
1.23
2.50
1.5
1.0
1.67
3.05
2.10
1.33
 	 0:3(0:1)  
 	09/01
21:00	 Le Havre
Chateauroux	
–1.0
+1.0
1.90
1.80
  	
2.25
1.85
 	
1.90
 	
1.52
3.75
7.25
1.07
1.25
2.40
1.5
1.0
1.80
3.55
1.90
1.25
 	 1:1(0:0)  
 	09/01
21:00	 Niort
Gazelec Ajaccio	
-0.25
+0.25
1.67
2.12
 
 	
2.25
1.90
 	
1.85
 	
1.95
3.05
4.50
1.18
1.33
1.80
1.5
1.0
2.10
2.25
1.67
1.57
 	 1:1(0:1)  
 	09/01
21:00	 Orleans
AC Arles-Avignon	
-0.75
+0.75
2.10
1.67
 
 	
2.25
1.95
 	
1.76
 	
1.87
3.05
5.00
1.15
1.37
1.87
1.5
1.0
2.05
2.55
1.70
1.45
 	 1:1(1:0)  
 	10/01
15:00	 Troyes
Stade Brestois 29	
-0.25
+0.25
1.70
2.05
 
 	
2.25
2.00
 	
1.75
 	
2.00
3.00
4.40
1.20
1.35
1.75
1.5
1.0
2.20
2.40
1.60
1.50
 	 1:0(1:0)  
 	12/01
21:30	 Valenciennes FC
Sochaux-Montbeliard	
-0.25
+0.25
2.05
1.75
 
 	
2.25
2.05
 	
1.70
 	
2.40
2.95
3.25
1.33
1.37
1.55
1.0
1.0
1.72
1.85
2.00
1.85
 	 1:2(1:2)  
 	16/01
21:00	 AC Arles-Avignon
Angers SCO	
0
0
1.80
1.90
  	
2.25
2.00
 	
1.75
 	
2.70
2.95
2.80
1.40
1.37
1.43
1.5
1.5
2.65
2.95
1.42
1.35
 	 1:3(0:0)  
 	16/01
21:00	 Auxerre
Clermont Foot	
-0.25
+0.25
1.65
2.11
 
 	
2.25
2.10
 	
1.67
 	
1.90
3.15
4.55
1.17
1.33
1.85
1.5
1.5
2.10
4.40
1.66
1.17
 	 1:1(0:1)  
 	16/01
21:00	 Stade Brestois 29
Niort	
-0.25
+0.25
1.65
2.11
 
 	
2.25
2.10
 	
1.66
 	
1.85
3.05
5.15
1.14
1.33
1.85
1.5
1.5
2.10
4.05
1.66
1.20
 	 0:0(0:0)  
 	16/01
21:00	 Gazelec Ajaccio
Le Havre	
-0.25
+0.25
1.80
1.95
 
 	
2.25
2.05
 	
1.70
 	
2.20
3.00
3.65
1.26
1.37
1.63
1.5
1.5
2.40
3.55
1.50
1.25
 	 1:0(0:0)  
 	16/01
21:00	 Laval
Dijon FCO	
0
0
1.80
1.90
  	
2.25
2.10
 	
1.67
 	
2.77
2.80
2.90
1.37
1.38
1.40
1.5
1.5
2.75
2.95
1.40
1.35
 	 1:0(0:0)  
 	16/01
21:00	 Chateauroux
Creteil	
0
0
1.85
1.85
  	
2.25
1.85
 	
1.85
 	
2.75
3.00
2.75
1.43
1.35
1.43
1.5
1.5
2.65
2.65
1.42
1.42
 	 2:2(1:1)  
 	16/01
21:00	 Nimes
Valenciennes FC	
-0.25
+0.25
1.95
1.76
 
 	
2.25
1.95
 	
1.76
 	
2.35
3.00
3.30
1.30
1.35
1.55
1.5
1.5
2.50
2.95
1.47
1.35
 	 2:0(0:0)  
 	16/01
21:00	 Tours
Troyes	
+0.25
-0.25
1.97
1.74
 
 	
2.5
1.90
1.80
3.90
3.15
2.05
1.70
1.37
1.23
1.5
1.5
2.95
2.10
1.35
1.66
 	 0:2(0:1)  
 	17/01
15:00	 Sochaux-Montbeliard
AC Ajaccio	
-0.25
+0.25
1.67
2.10
 
 	
2.25
2.00
 	
1.72
 	
1.95
3.15
4.30
1.20
1.37
1.80
1.5
1.0
2.15
2.35
1.63
1.52
 	 1:1(0:0)  
 	19/01
21:30	 Nancy
Orleans	
-0.75
+0.75
2.05
1.70
 
 	
2.25
1.95
 	
1.76
 	
1.80
3.25
5.00
1.15
1.32
1.90
1.5
1.5
2.00
4.25
1.72
1.18
 	 2:2(0:1)  
	23/01
21:00	 AC Ajaccio
Gazelec Ajaccio	
-0.25
+0.25
2.00
1.75
 
 	
2.25
2.15
 	
1.65
 	
2.40
2.90
3.35
1.30
1.35
1.52
1.5
1.5
2.65
3.20
1.42
1.30
 	 0:3(0:1)  
 	23/01
21:00	 AC Arles-Avignon
Nancy	
+0.25
-0.25
1.80
1.90
 
 	
2.25
1.90
 	
1.80
 	
3.50
3.00
2.25
1.60
1.35
1.27
1.5
1.5
3.20
2.50
1.30
1.47
 	 1:0(0:0)  
 	23/01
21:00	 Creteil
Laval	
-0.25
+0.25
1.85
1.90
 
 	
2.25
1.90
 	
1.80
 	
2.20
2.95
3.75
1.25
1.35
1.63
1.5
1.5
2.25
3.20
1.57
1.30
 	 1:0(0:0)  
 	23/01
21:00	 Dijon FCO
Nimes	
–1.0
+1.0
1.95
1.76
  	
2.25
1.90
 	
1.80
 	
1.57
3.60
6.75
1.08
1.28
2.30
1.5
1.0
1.95
3.05
1.76
1.33
 	 4:5(2:2)  
 	23/01
21:00	 Le Havre
Niort	
-0.25
+0.25
1.85
1.85
 
 	
2.25
2.10
 	
1.66
 	
2.15
3.00
3.75
1.25
1.35
1.63
1.5
1.5
2.40
3.40
1.50
1.27
 	 1:1(0:0)  
 	23/01
21:00	 Orleans
Auxerre	
0
0
1.70
2.03
  	
2.25
2.05
 	
1.70
 	
2.45
2.95
3.20
1.33
1.35
1.50
1.5
1.5
2.65
2.95
1.42
1.35
 	 0:0(0:0)  
 	24/01
15:00	 Clermont Foot
Chateauroux	
-0.75
+0.75
2.00
1.72
 
 	
2.25
1.95
 	
1.76
 	
1.77
3.20
5.40
1.13
1.32
1.95
1.5
1.5
1.95
4.05
1.76
1.20
 	 3:3(1:1)  
 	24/01
15:00	 Troyes
Sochaux-Montbeliard	
-0.75
+0.75
2.00
1.72
 
 	
2.25
1.95
 	
1.76
 	
1.77
3.20
5.40
1.13
1.32
1.95
1.5
1.5
1.95
4.05
1.76
1.20
 	 2:0(0:0)  
 	24/01
15:00	 Valenciennes FC
Tours	
-0.25
+0.25
1.75
2.00
 
 	
2.25
1.90
 	
1.80
 	
2.05
3.00
4.15
1.20
1.35
1.70
1.5
1.5
2.20
3.20
1.60
1.30
 	 1:2(0:2)  
 	26/01
21:30	 Angers SCO
Stade Brestois 29	
-0.25
+0.25
2.00
1.75
 
 	
2.25
2.15
 	
1.65
 	
2.40
2.90
3.35
1.30
1.35
1.52
1.5
1.5
2.65
2.95
1.42
1.35
 	 1:2(0:1)  
 	30/01
21:00	 Stade Brestois 29
Orleans	
-0.75
+0.75
1.95
1.80
 
 	
2.25
2.10
 	
1.67
 	
1.70
3.25
6.00
1.11
1.30
2.05
1.5
1.0
2.00
3.10
1.72
1.32
 	 1:1(1:0)  
 	30/01
21:00	 Gazelec Ajaccio
Clermont Foot	
-0.25
+0.25
1.65
2.15
 
 	
2.0
1.85
1.85
1.90
3.10
4.45
1.17
1.35
1.85
1.5
1.5
2.25
4.05
1.57
1.20
 	 1:1(1:0)  
 	30/01
21:00	 Laval
Troyes	
+0.25
-0.25
1.85
1.85
 
 	
2.25
2.05
 	
1.70
 	
3.80
2.90
2.20
1.63
1.35
1.23
1.5
1.5
3.55
2.40
1.25
1.50
 	 2:1(1:0)  
 	30/01
21:00	 Chateauroux
Angers SCO	
0
0
1.90
1.80
  	
2.25
1.80
 	
1.90
 	
2.90
3.00
2.60
1.45
1.35
1.40
1.5
1.5
2.75
2.55
1.40
1.45
 	 0:1(0:0)  
 	30/01
21:00	 Nimes
Nancy	
0
0
1.93
1.87
  	
2.0
1.80
2.00
2.80
3.10
2.70
1.47
1.37
1.45
1.0
1.0
1.90
1.85
1.85
1.90
 	 1:1(1:1)  
 	30/01
21:00	 Niort
Creteil	
-0.25
+0.25
1.67
2.10
 
 	
2.25
1.95
 	
1.76
 	
1.95
3.15
4.30
1.20
1.37
1.80
1.5
1.0
2.15
2.35
1.63
1.52
 	 1:3(0:1)  
 	30/01
21:00	 Sochaux-Montbeliard
AC Arles-Avignon	
-0.75
+0.75
1.95
1.80
 
 	
2.25
2.00
 	
1.72
 	
1.70
3.30
5.85
1.12
1.30
2.05
1.5
1.0
2.00
2.85
1.72
1.37
 	 1:0(1:0)  
 	30/01
21:00	 Tours
AC Ajaccio	
-0.25
+0.25
1.95
1.80
 
 	
2.25
1.80
 	
1.95
 	
2.35
3.15
3.20
1.33
1.35
1.57
1.5
1.5
2.30
2.95
1.57
1.37
 	 0:2(0:2)  
 	31/01
15:00	 Auxerre
Dijon FCO	
-0.25
+0.25
1.95
1.80
 
 	
2.25
2.00
 	
1.72
 	
2.35
2.95
3.35
1.30
1.35
1.55
1.5
1.5
2.55
3.20
1.45
1.30
 	 3:0(0:0)  
 	02/02
21:30	 Le Havre
Valenciennes FC	
-0.25
+0.25
1.70
2.05
 
 	
2.25
2.00
 	
1.72
 	
2.00
3.05
4.25
1.20
1.35
1.75
1.5
1.0
2.20
2.30
1.60
1.55
 	 3:1(2:0)  
 	06/02
21:00	 AC Ajaccio
Laval	
-0.25
+0.25
1.75
2.00
 
 	
2.0
1.85
1.90
2.15
2.87
4.00
1.22
1.40
1.65
1.0
1.0
1.65
2.55
2.15
1.47
 	 0:0(0:0)  
 	06/02
21:00	 Angers SCO
Tours	
-0.25
+0.25
1.65
2.15
 
 	
2.25
1.85
 	
1.85
 	
1.85
3.15
4.90
1.15
1.33
1.90
1.5
1.0
2.10
2.40
1.66
1.50
 	 2:0(0:0)  
 	06/02
21:00	 AC Arles-Avignon
Nimes	
0
0
1.83
1.97
  	
2.0
1.80
2.00
2.65
2.90
2.90
1.38
1.38
1.45
1.0
1.0
1.87
1.95
1.93
1.85
 	 0:1(0:0)  
 	06/02
21:00	 Clermont Foot
Niort	
-0.25
+0.25
2.05
1.70
 
 	
2.25
2.15
 	
1.65
 	
2.55
2.85
3.15
1.32
1.40
1.45
1.0
1.0
1.80
2.03
1.90
1.70
 	 1:1(1:1)  
 	06/02
21:00	 Creteil
Le Havre	
-0.25
+0.25
1.85
1.95
 
 	
2.25
1.80
 	
1.95
 	
2.20
2.95
3.70
1.26
1.38
1.64
1.5
1.0
2.15
1.90
1.65
1.85
 	 0:0(0:0)  
 	06/02
21:00	 Orleans
Chateauroux	
-0.75
+0.75
1.95
1.76
 
 	
2.25
2.15
 	
1.65
 	
1.75
3.10
5.90
1.13
1.35
1.96
1.5
1.0
2.10
3.05
1.65
1.35
 	 1:0(0:0)  
 	06/02
21:00	 Troyes
Gazelec Ajaccio	
-0.75
+0.75
1.90
1.80
 
 	
2.25
2.00
 	
1.72
 	
1.70
3.25
6.00
1.11
1.30
2.05
1.5
1.0
1.95
2.85
1.76
1.37
 	 1:1(0:1)  
 	06/02
21:00	 Valenciennes FC
Auxerre	
0
0
1.85
1.95
  	
2.0
1.80
1.95
2.70
2.95
2.80
1.45
1.36
1.48
1.0
1.0
1.95
2.00
1.85
1.75
 	 1:2(1:0)  
 	07/02
15:00	 Dijon FCO
Sochaux-Montbeliard	
-0.25
+0.25
1.80
1.90
 
 	
2.25
2.10
 	
1.66
 	
2.10
2.85
4.25
1.20
1.40
1.68
1.5
1.5
2.30
4.05
1.55
1.20
 	 1:0(0:0)  
 	09/02
21:00	 Nancy
Stade Brestois 29	
-0.25
+0.25
2.00
1.72
 
 	
2.25
2.20
 	
1.60
 	
2.40
2.85
3.40
1.27
1.40
1.52
1.5
1.5
2.65
3.05
1.42
1.33
 	 2:1(0:1)  
	13/02
21:00	 Auxerre
Troyes	
0
0
1.80
1.90
  	
2.25
2.05
 	
1.70
 	
2.75
2.87
2.85
1.37
1.37
1.40
1.5
1.5
2.75
2.85
1.40
1.37
 	 0:1(0:1)  
 	13/02
21:00	 Creteil
Valenciennes FC	
-0.25
+0.25
1.65
2.15
 
 	
2.25
1.80
 	
1.90
 	
1.90
3.15
4.55
1.18
1.32
1.85
1.5
1.0
2.00
2.30
1.72
1.55
 	 0:0(0:0)  
 	13/02
21:00	 Gazelec Ajaccio
Angers SCO	
-0.25
+0.25
1.80
1.90
 
 	
2.25
2.15
 	
1.65
 	
2.10
2.90
4.15
1.20
1.40
1.67
1.5
1.5
2.40
4.05
1.50
1.20
 	 1:0(0:0)  
 	13/02
21:00	 Laval
Orleans	
-0.25
+0.25
2.10
1.67
 
 	
2.25
2.15
 	
1.65
 	
2.55
2.85
3.15
1.32
1.40
1.45
1.0
1.0
1.80
1.98
1.90
1.72
 	 1:1(1:1)  
 	13/02
21:00	 Le Havre
Clermont Foot	
-0.25
+0.25
1.75
1.96
 
 	
2.25
2.00
 	
1.72
 	
2.05
3.00
4.15
1.20
1.37
1.70
1.5
1.0
2.25
2.35
1.57
1.52
 	 3:1(2:0)  
 	13/02
21:00	 Chateauroux
AC Ajaccio	
0
0
1.90
1.80
  	
2.25
2.00
 	
1.72
 	
2.80
2.95
2.72
1.42
1.37
1.40
1.5
1.5
2.85
2.75
1.37
1.40
 	 0:0(0:0)  
 	13/02
21:00	 Niort
Dijon FCO	
0
0
1.75
1.96
  	
2.25
2.05
 	
1.70
 	
2.65
2.80
3.05
1.33
1.40
1.42
1.5
1.5
2.65
2.95
1.42
1.35
 	 1:1(1:0)  
 	13/02
21:00	 Tours
AC Arles-Avignon	
-0.25
+0.25
1.72
2.00
 
 	
2.25
1.95
 	
1.76
 	
2.00
3.05
4.25
1.20
1.37
1.75
1.5
1.0
2.15
2.40
1.63
1.50
 	 2:2(1:2)  
 	14/02
15:00	 Sochaux-Montbeliard
Nancy	
-0.25
+0.25
2.00
1.72
 
 	
2.25
2.20
 	
1.60
 	
2.40
2.85
3.40
1.27
1.40
1.52
1.5
1.5
2.65
3.05
1.42
1.33
 	 0:2(0:2)  
 	16/02
21:30	 Stade Brestois 29
Nimes	
-0.75
+0.75
1.95
1.80
 
 	
2.25
2.10
 	
1.67
 	
1.70
3.30
5.85
1.12
1.30
2.05
1.5
1.0
2.00
3.05
1.72
1.33
 	 3:1(1:0)  
	20/02
21:00	 AC Ajaccio
Auxerre	
-0.25
+0.25
2.00
1.72
 
 	
2.25
2.20
 	
1.60
 	
2.40
2.85
3.40
1.27
1.40
1.52
1.5
1.5
2.65
3.05
1.42
1.33
 	 1:1(1:1)  
 	20/02
21:00	 Angers SCO
Laval	
-0.25
+0.25
1.67
2.10
 
 	
2.25
2.10
 	
1.66
 	
1.95
3.05
4.55
1.18
1.33
1.80
1.5
1.5
2.20
4.05
1.60
1.20
 	 2:0(1:0)  
 	20/02
21:00	 AC Arles-Avignon
Stade Brestois 29	
+0.25
-0.25
1.90
1.80
 
 	
2.25
2.20
 	
1.60
 	
3.90
2.90
2.17
1.65
1.37
1.24
1.5
1.5
3.75
2.40
1.23
1.50
 	 1:0(1:0)  
 	20/02
21:00	 Clermont Foot
Creteil	
-0.25
+0.25
1.85
1.90
 
 	
2.25
1.90
 	
1.80
 	
2.20
2.95
3.75
1.25
1.35
1.63
1.5
1.5
2.25
3.20
1.57
1.30
 	 1:0(0:0)  
 	20/02
21:00	 Dijon FCO
Gazelec Ajaccio	
-0.25
+0.25
1.70
2.03
 
 	
2.25
2.10
 	
1.66
 	
2.00
2.98
4.40
1.18
1.37
1.75
1.5
1.5
2.20
4.05
1.60
1.20
 	 1:1(1:1)  
 	20/02
21:00	 Nancy
Chateauroux	
–1.0
+1.0
1.75
1.96
  	
2.25
1.85
 	
1.85
 	
1.47
3.80
8.50
1.05
1.23
2.55
1.5
1.0
1.75
3.75
2.00
1.23
 	 6:0(4:0)  
 	20/02
21:00	 Orleans
Tours	
-0.25
+0.25
1.90
1.80
 
 	
2.25
1.95
 	
1.76
 	
2.25
3.00
3.50
1.27
1.37
1.60
1.5
1.0
2.25
2.25
1.57
1.57
 	 2:1(2:1)  
 	20/02
21:00	 Valenciennes FC
Niort	
0
0
1.75
1.96
  	
2.25
2.00
 	
1.80
 	
2.65
2.85
3.00
1.35
1.40
1.42
1.0
1.0
1.85
2.00
1.85
1.72
 	 1:3(0:2)  
 	21/02
15:00	 Troyes
Le Havre	
-0.75
+0.75
1.95
1.80
 
 	
2.25
2.10
 	
1.67
 	
1.70
3.30
5.85
1.12
1.30
2.05
1.5
1.0
2.00
3.05
1.72
1.33
 	 2:2(2:1)  
 	23/02
21:30	 Nimes
Sochaux-Montbeliard	
0
0
1.75
1.96
  	
2.25
2.15
 	
1.65
 	
2.65
2.85
3.00
1.35
1.40
1.42
1.0
1.0
1.85
2.00
1.85
1.72
 	 2:1(0:0)  
 	27/02
21:00	 Clermont Foot
Valenciennes FC	
-0.25
+0.25
1.67
2.10
 
 	
2.25
2.00
 	
1.72
 	
1.95
3.15
4.30
1.20
1.37
1.80
1.5
1.0
2.15
2.35
1.63
1.52
 	 0:0(0:0)  
 	27/02
21:00	 Creteil
Dijon FCO	
0
0
1.76
1.95
  	
2.25
2.00
 	
1.72
 	
2.60
2.90
3.00
1.37
1.40
1.45
1.5
1.5
2.65
2.95
1.42
1.35
 	 0:2(0:1)  
 	27/02
21:00	 Gazelec Ajaccio
Orleans	
-0.25
+0.25
1.67
2.10
 
 	
2.25
2.20
 	
1.60
 	
1.95
3.00
4.60
1.18
1.37
1.80
1.5
1.5
2.20
4.25
1.60
1.18
 	 3:2(1:0)  
 	27/02
21:00	 Laval
AC Arles-Avignon	
-0.25
+0.25
1.80
1.95
 
 	
2.25
1.95
 	
1.76
 	
2.15
2.95
3.90
1.23
1.35
1.65
1.5
1.5
2.30
3.40
1.55
1.27
 	 1:0(1:0)  
 	27/02
21:00	 Le Havre
AC Ajaccio	
-0.75
+0.75
2.00
1.72
 
 	
2.25
2.00
 	
1.72
 	
1.77
3.20
5.40
1.13
1.32
1.95
1.5
1.5
1.95
4.05
1.76
1.20
 	 2:1(0:1)  
 	27/02
21:00	 Chateauroux
Nimes	
-0.25
+0.25
2.10
1.67
 
 	
2.25
1.90
 	
1.80
 	
2.55
2.87
3.10
1.32
1.40
1.45
1.0
1.0
1.75
1.95
1.96
1.76
 	 2:1(2:0)  
 	27/02
21:00	 Niort
Troyes	
0
0
2.00
1.72
  	
2.25
1.95
 	
1.76
 	
3.05
3.00
2.50
1.47
1.37
1.35
1.5
1.5
2.95
2.65
1.35
1.42
 	 1:0(1:0)  
 	27/02
21:00	 Tours
Nancy	
+0.25
-0.25
1.85
1.90
 
 	
2.25
1.80
 	
1.90
 	
3.35
3.05
2.30
1.57
1.35
1.30
1.5
1.5
2.95
2.40
1.35
1.50
 	 1:1(0:0)  
 	28/02
15:00	 Stade Brestois 29
Sochaux-Montbeliard	
-0.25
+0.25
1.67
2.10
 
 	
2.25
2.20
 	
1.60
 	
1.95
2.95
4.75
1.16
1.37
1.80
1.5
1.5
2.20
4.25
1.60
1.18
 	 1:1(1:0)  
 	02/03
21:30	 Auxerre
Angers SCO	
-0.25
+0.25
1.80
1.90
 
 	
2.25
2.10
 	
1.67
 	
2.10
2.95
4.05
1.22
1.40
1.67
1.5
1.5
2.40
4.05
1.50
1.20
 	 0:1(0:0)  
	06/03
21:00	 AC Ajaccio
Creteil	
0
0
1.70
2.03
  	
2.25
2.00
 	
1.72
 	
2.45
2.95
3.20
1.33
1.35
1.50
1.5
1.5
2.65
2.95
1.42
1.35
 	 0:1(0:1)  
 	06/03
21:00	 Angers SCO
Niort	
0
0
1.75
2.10
  	
2.25
2.00
 	
1.72
 	
2.35
3.00
3.30
1.25
1.37
1.55
1.5
1.5
2.40
3.40
1.50
1.27
 	 0:0(0:0)  
 	06/03
21:00	 Nancy
Laval	
–1.0
+1.0
1.90
1.80
  	
2.25
1.85
 	
1.85
 	
1.55
3.50
7.55
1.08
1.28
2.30
1.5
1.0
1.80
3.10
1.90
1.32
 	 1:1(1:0)  
 	06/03
21:00	 Nimes
Gazelec Ajaccio	
0
0
1.80
1.90
  	
2.25
2.00
 	
1.72
 	
2.77
2.90
2.80
1.40
1.40
1.42
1.5
1.5
2.75
2.85
1.40
1.37
 	 2:0(2:0)  
 	06/03
21:00	 Orleans
Valenciennes FC	
-0.25
+0.25
1.75
1.96
 
 	
2.25
2.15
 	
1.65
 	
2.05
2.90
4.35
1.20
1.40
1.70
1.5
1.5
2.30
4.40
1.55
1.17
 	 0:1(0:1)  
 	06/03
21:00	 Sochaux-Montbeliard
Tours	
-0.75
+0.75
2.05
1.70
 
 	
2.25
1.85
 	
1.85
 	
1.80
3.05
5.55
1.13
1.35
1.90
1.5
1.0
2.10
2.85
1.67
1.37
 	 2:1(0:1)  
 	06/03
21:00	 Troyes
Clermont Foot	
–1.0
+1.0
1.95
1.76
  	
2.25
1.80
 	
1.90
 	
1.55
3.75
6.60
1.08
1.27
2.35
1.5
1.5
1.75
4.55
1.96
1.16
 	 2:0(1:0)  
 	07/03
15:00	 Dijon FCO
Le Havre	
-0.25
+0.25
1.65
2.11
 
 	
2.25
1.95
 	
1.76
 	
1.92
3.15
4.45
1.18
1.37
1.80
1.5
1.0
2.15
2.40
1.63
1.50
 	 1:1(1:1)  
 	09/03
21:00	 AC Arles-Avignon
Auxerre	
-0.25
+0.25
2.05
1.70
 
 	
2.25
2.20
 	
1.60
 	
2.55
2.95
3.05
1.35
1.40
1.45
1.0
1.0
1.85
2.00
1.85
1.72
 	 2:4(0:2)  
 	09/03
21:45	 Stade Brestois 29
Chateauroux	
–1.0
+1.0
1.80
1.95
  	
2.25
1.72
 	
2.00
 	
1.45
4.10
7.85
1.06
1.21
2.60
1.5
1.0
1.63
3.20
2.14
1.30
 	 3:0(2:0)  
 	13/03
21:00	 Clermont Foot
Dijon FCO	
0
0
2.00
1.72
  	
2.25
2.00
 	
1.72
 	
3.00
2.90
2.60
1.45
1.37
1.35
1.5
1.5
2.85
2.65
1.37
1.42
 	 2:5(1:3)  
 	13/03
21:00	 Creteil
Angers SCO	
-0.25
+0.25
2.05
1.70
 
 	
2.0
1.72
2.00
2.45
2.90
3.25
1.32
1.37
1.50
1.5
1.5
2.65
2.95
1.42
1.35
 	 0:1(0:1)  
 	13/03
21:00	 Gazelec Ajaccio
Nancy	
0
0
1.72
2.00
  	
2.0
1.95
1.76
2.65
2.80
3.05
1.33
1.40
1.42
1.0
1.0
1.90
2.10
1.80
1.67
 	 1:0(0:0)  
 	13/03
21:00	 Laval
Nimes	
-0.25
+0.25
1.85
1.85
 
 	
2.25
2.00
 	
1.72
 	
2.20
2.95
3.75
1.25
1.35
1.63
1.5
1.5
2.40
3.40
1.50
1.27
 	 0:1(0:0)  
 	13/03
20:59	 Le Havre
Orleans	
-0.25
+0.25
1.65
2.15
 
 	
2.0
1.85
1.85
1.90
3.00
4.90
1.15
1.37
1.85
1.5
1.5
2.30
4.55
1.55
1.16
 	 3:1(1:1)  
 	13/03
21:00	 Chateauroux
AC Arles-Avignon	
-0.25
+0.25
2.00
1.72
 
 	
2.25
2.00
 	
1.72
 	
2.40
2.87
3.35
1.30
1.37
1.50
1.5
1.5
2.50
3.40
1.47
1.27
 	 1:2(1:0)  
 	13/03
21:00	 Niort
AC Ajaccio	
-0.75
+0.75
2.00
1.72
 
 	
2.0
1.80
1.90
1.75
3.12
5.85
1.11
1.33
1.96
1.5
1.0
2.00
3.20
1.72
1.30
 	 1:0(1:0)  
 	13/03
21:00	 Tours
Stade Brestois 29	
+0.25
-0.25
1.70
2.05
 
 	
2.0
1.85
1.85
3.20
2.85
2.50
1.47
1.40
1.30
1.0
1.0
2.10
1.75
1.67
1.96
 	 1:1(1:0)  
 	14/03
15:00	 Auxerre
Sochaux-Montbeliard	
-0.25
+0.25
2.00
1.72
 
 	
2.0
1.90
1.80
2.45
2.80
3.40
1.28
1.40
1.50
1.0
1.0
1.75
2.10
1.96
1.67
 	 1:0(1:0)  
 	16/03
21:30	 Valenciennes FC
Troyes	
+0.25
-0.25
1.90
1.80
 
 	
2.25
1.95
 	
1.76
 	
3.85
2.95
2.15
1.65
1.35
1.23
1.5
1.5
3.40
2.30
1.27
1.55
 	 1:1(1:0)  
 	20/03
21:00	 AC Ajaccio
Clermont Foot	
-0.25
+0.25
1.85
1.85
 
 	
2.0
1.85
1.85
2.25
2.85
3.75
1.25
1.40
1.60
1.5
1.5
2.50
3.55
1.47
1.25
 	 1:2(0:1)  
 	20/03
21:00	 Angers SCO
Le Havre	
-0.25
+0.25
1.95
1.76
 
 	
2.0
1.75
1.96
2.35
2.85
3.50
1.27
1.40
1.55
1.5
1.5
2.65
3.05
1.42
1.33
 	 1:0(1:0)  
 	20/03
21:00	 AC Arles-Avignon
Gazelec Ajaccio	
0
0
2.10
1.67
  	
2.0
1.90
1.80
3.20
2.85
2.50
1.47
1.40
1.30
1.0
1.0
2.10
1.80
1.67
1.90
 	 0:0(0:0)  
 	20/03
21:00	 Dijon FCO
Valenciennes FC	
–1.0
+1.0
1.85
1.85
  	
2.25
1.80
 	
1.90
 	
1.50
3.80
7.50
1.07
1.23
2.45
1.5
1.0
1.65
3.75
2.11
1.23
 	 1:1(1:1)  
 	20/03
21:00	 Nimes
Tours	
-0.25
+0.25
2.00
1.72
 
 	
2.25
1.80
 	
1.90
 	
2.45
3.10
3.05
1.35
1.37
1.50
1.5
1.5
2.30
2.75
1.55
1.40
 	 3:2(1:1)  
 	20/03
21:00	 Orleans
Niort	
0
0
1.77
1.94
  	
2.0
1.90
1.80
2.70
2.85
2.95
1.35
1.40
1.45
1.0
1.0
1.90
2.00
1.80
1.72
 	 0:0(0:0)  
 	20/03
21:00	 Sochaux-Montbeliard
Chateauroux	
–1.0
+1.0
1.95
1.80
  	
2.25
1.92
 	
1.82
 	
1.57
4.00
6.00
1.13
1.26
2.47
1.5
1.0
1.85
3.80
1.90
1.25
 	 3:0(1:0)  
 	20/03
21:00	 Troyes
Creteil	
–1.0
+1.0
1.95
1.76
  	
2.5
1.95
1.76
1.55
3.70
6.85
1.08
1.27
2.35
1.5
1.5
1.70
5.10
2.03
1.13
 	 2:0(1:0)  
 	21/03
15:00	 Stade Brestois 29
Laval	
-0.75
+0.75
1.80
1.90
 
 	
2.0
1.90
1.80
1.60
3.30
7.45
1.08
1.32
2.25
1.5
1.0
2.00
3.85
1.72
1.22
 	 0:0(0:0)  
 	23/03
21:30	 Nancy
Auxerre	
-0.25
+0.25
1.70
2.05
 
 	
2.0
1.85
1.85
1.97
3.00
4.55
1.17
1.35
1.77
1.5
1.5
2.20
4.05
1.60
1.20
 	 2:1(1:0)  
 	03/04
21:00	 Auxerre
Nimes	
-0.75
+0.75
1.85
1.85
 
 	
2.25
1.85
 	
1.85
 	
1.67
3.50
5.60
1.12
1.28
2.12
1.5
1.0
1.85
2.65
1.85
1.42
 	 3:1(0:1)  
 	03/04
21:00	 Clermont Foot
Angers SCO	
0
0
1.77
1.95
  	
2.25
2.00
 	
1.72
 	
2.60
2.95
2.95
1.37
1.37
1.45
1.5
1.5
2.65
2.95
1.42
1.35
 	 2:0(0:0)  
 	03/04
21:00	 Creteil
Orleans	
-0.25
+0.25
1.90
1.80
 
 	
2.25
2.00
 	
1.72
 	
2.30
3.00
3.40
1.27
1.35
1.55
1.5
1.5
2.50
3.40
1.47
1.27
 	 1:0(1:0)  
 	03/04
21:00	 Laval
Sochaux-Montbeliard	
0
0
1.94
1.77
  	
2.0
1.85
1.85
2.80
3.00
2.70
1.42
1.37
1.40
1.0
1.0
2.00
1.90
1.72
1.80
 	 2:2(1:0)  
 	03/04
21:00	 Le Havre
Nancy	
0
0
1.90
1.80
  	
2.25
1.90
 	
1.80
 	
2.80
2.95
2.72
1.42
1.37
1.40
1.5
1.5
2.85
2.75
1.37
1.40
 	 0:1(0:1)  
 	03/04
21:00	 Niort
AC Arles-Avignon	
-0.75
+0.75
1.95
1.76
 
 	
2.0
1.80
1.90
1.72
3.30
5.60
1.13
1.30
2.05
1.5
1.0
2.00
3.05
1.72
1.33
 	 1:1(1:0)  
 	03/04
21:00	 Tours
Chateauroux	
-0.75
+0.75
1.90
1.85
 
 	
2.25
1.87
 	
1.87
 	
1.67
3.70
4.80
1.16
1.25
2.10
1.5
1.0
1.95
2.85
1.80
1.40
 	 1:0(0:0)  
 	03/04
21:00	 Valenciennes FC
AC Ajaccio	
-0.25
+0.25
1.85
1.85
 
 	
2.0
1.80
1.90
2.25
3.00
3.50
1.27
1.37
1.60
1.5
1.5
2.55
3.55
1.45
1.25
 	 1:1(1:0)  
 	04/04
15:00	 Dijon FCO
Troyes	
-0.25
+0.25
2.00
1.72
 
 	
2.25
1.95
 	
1.76
 	
2.40
3.00
3.20
1.30
1.35
1.52
1.5
1.5
2.50
2.95
1.47
1.35
 	 0:1(0:0)  
 	06/04
21:30	 Gazelec Ajaccio
Stade Brestois 29	
-0.25
+0.25
2.00
1.72
 
 	
2.0
2.10
1.66
2.45
2.85
3.30
1.30
1.40
1.50
1.5
1.5
2.95
3.75
1.35
1.23
 	 1:1(1:1)  
 	10/04
21:00	 AC Ajaccio
Dijon FCO	
0
0
2.03
1.70
  	
2.25
2.00
 	
1.72
 	
3.15
2.90
2.50
1.47
1.35
1.32
1.5
1.5
3.40
2.50
1.27
1.47
 	 1:0(0:0)  
 	10/04
21:00	 AC Arles-Avignon
Le Havre	
0
0
2.03
1.70
  	
2.25
2.00
 	
1.72
 	
3.15
2.85
2.55
1.45
1.40
1.32
1.0
1.0
1.85
1.72
1.85
2.00
 	 0:1(0:0)  
 	10/04
21:00	 Chateauroux
Gazelec Ajaccio	
+0.25
-0.25
1.96
1.75
 
 	
2.0
1.75
1.96
4.05
3.10
2.05
1.72
1.38
1.20
1.5
1.5
4.40
2.25
1.17
1.57
 	 0:2(0:0)  
 	10/04
21:00	 Nancy
Niort	
–1.0
+1.0
2.30
1.55
  	
2.25
1.85
 	
1.85
 	
1.75
3.25
5.50
1.12
1.33
1.98
1.5
1.0
2.00
2.65
1.72
1.42
 	 1:2(0:1)  
 	10/04
21:00	 Nimes
Clermont Foot	
0
0
1.75
1.96
  	
2.25
1.80
 	
1.90
 	
2.55
3.00
2.97
1.37
1.37
1.45
1.5
1.5
2.50
2.85
1.47
1.37
 	 0:1(0:0)  
 	10/04
21:00	 Orleans
Troyes	
0
0
2.00
1.75
  	
2.0
1.90
1.80
3.00
2.90
2.62
1.45
1.38
1.35
1.0
1.0
2.20
1.95
1.60
1.75
 	 0:1(0:0)  
 	10/04
21:00	 Sochaux-Montbeliard
Creteil	
-0.75
+0.75
2.10
1.70
 
 	
2.25
1.85
 	
1.85
 	
1.82
3.50
4.50
1.18
1.28
1.92
1.5
1.0
2.00
2.65
1.75
1.42
 	 2:1(0:1)  
 	10/04
21:00	 Tours
Laval	
-0.25
+0.25
1.70
2.03
 
 	
2.25
2.00
 	
1.72
 	
2.05
3.00
4.15
1.20
1.35
1.70
1.5
1.5
2.25
3.75
1.57
1.23
 	 1:1(0:0)  
 	11/04
15:00	 Stade Brestois 29
Auxerre	
-0.25
+0.25
1.67
2.10
 
 	
2.0
1.85
1.85
1.95
3.05
4.55
1.17
1.37
1.76
1.5
1.5
2.20
4.55
1.60
1.16
 	 0:1(0:0)  
 	13/04
21:30	 Angers SCO
Valenciennes FC	
-0.75
+0.75
2.00
1.72
 
 	
2.25
1.95
 	
1.76
 	
1.77
3.20
5.40
1.13
1.32
1.95
1.5
1.5
1.95
4.05
1.76
1.20
 	 0:0(0:0)
	17/04
21:00	 Auxerre
Tours	
-0.75
+0.75
1.95
1.75
 
 	
2.25
1.85
 	
1.85
 	
1.77
3.50
4.75
1.17
1.30
1.95
1.5
1.0
2.00
2.70
1.72
1.42
 	 2:3(1:2)  
 	17/04
21:00	 Clermont Foot
Orleans	
-0.25
+0.25
1.80
1.90
 
 	
2.0
1.85
1.85
2.15
2.95
3.85
1.23
1.40
1.65
1.5
1.5
2.40
4.05
1.50
1.20
 	 1:0(1:0)  
 	17/04
21:00	 Creteil
Nancy	
+0.25
-0.25
1.80
1.90
 
 	
2.25
2.00
 	
1.72
 	
3.45
2.95
2.30
1.55
1.37
1.28
1.5
1.5
3.40
2.50
1.27
1.47
 	 1:1(0:0)  
 	17/04
21:00	 Gazelec Ajaccio
Sochaux-Montbeliard	
-0.25
+0.25
1.75
2.00
 
 	
2.0
1.95
1.75
2.10
3.10
3.80
1.24
1.34
1.68
1.0
1.0
1.70
2.75
2.05
1.40
 	 3:0(2:0)  
 	17/04
21:00	 Laval
Chateauroux	
-0.75
+0.75
1.90
1.85
 
 	
2.25
1.95
 	
1.80
 	
1.70
3.40
5.50
1.13
1.30
2.05
1.5
1.0
1.95
3.10
1.75
1.32
 	 1:0(1:0)  
 	17/04
21:00	 Niort
Nimes	
-0.75
+0.75
1.80
1.90
 
 	
2.5
1.85
1.85
1.65
3.50
5.85
1.12
1.27
2.15
1.5
1.0
1.75
2.65
1.96
1.42
 	 3:2(0:0)  
 	17/04
21:00	 Troyes
AC Ajaccio	
–1.0
+1.0
1.90
1.80
  	
2.25
1.95
 	
1.76
 	
1.50
3.70
7.90
1.07
1.23
2.45
1.5
1.0
1.80
3.75
1.90
1.23
 	 2:0(1:0)  
 	17/04
21:00	 Valenciennes FC
AC Arles-Avignon	
-0.25
+0.25
1.85
1.85
 
 	
2.0
1.72
2.00
2.25
3.00
3.50
1.27
1.35
1.57
1.5
1.5
2.30
3.40
1.55
1.27
 	 3:0(0:0)  
 	18/04
15:00	 Dijon FCO
Angers SCO	
-0.25
+0.25
1.67
2.10
 
 	
2.25
2.00
 	
1.72
 	
1.95
3.15
4.30
1.20
1.37
1.80
1.5
1.0
2.15
2.35
1.63
1.52
 	 1:1(1:0)  
 	20/04
21:30	 Le Havre
Stade Brestois 29	
-0.25
+0.25
2.05
1.70
 
 	
2.0
1.85
1.85
2.55
2.85
3.15
1.32
1.40
1.45
1.0
1.0
1.80
1.95
1.90
1.76
 	 1:1(0:0)  
	24/04
21:00	 Angers SCO
AC Ajaccio	
-0.75
+0.75
1.95
1.76
 
 	
2.0
1.75
1.96
1.72
3.35
5.45
1.12
1.30
2.00
1.5
1.0
1.95
3.20
1.75
1.30
 	 1:0(1:0)  
 	24/04
21:00	 AC Arles-Avignon
Clermont Foot	
0
0
1.80
1.90
  	
2.0
1.75
1.96
2.72
2.90
2.85
1.38
1.38
1.42
1.5
1.5
2.75
2.85
1.40
1.37
 	 0:0(0:0)  
 	24/04
21:00	 Stade Brestois 29
Valenciennes FC	
–1.0
+1.0
1.80
1.90
  	
2.0
1.75
1.96
1.47
3.75
8.70
1.07
1.25
2.55
1.5
1.0
1.80
4.25
1.90
1.18
 	 1:0(1:0)  
 	24/04
21:00	 Laval
Gazelec Ajaccio	
+0.25
-0.25
1.85
1.90
 
 	
2.0
1.85
1.85
3.60
2.95
2.25
1.60
1.37
1.25
1.0
1.0
2.30
1.70
1.57
2.05
 	 0:2(0:1)  
 	24/04
21:00	 Chateauroux
Auxerre	
+0.25
-0.25
2.00
1.72
 
 	
2.25
1.85
 	
1.85
 	
4.25
3.05
2.00
1.72
1.37
1.18
1.5
1.5
3.85
2.20
1.22
1.60
 	 2:1(1:0)  
 	24/04
21:00	 Nancy
Troyes	
-0.25
+0.25
1.65
2.11
 
 	
2.25
1.95
 	
1.76
 	
1.95
3.00
4.60
1.16
1.37
1.76
1.5
1.5
2.10
3.85
1.66
1.22
 	 2:0(1:0)  
 	24/04
21:00	 Nimes
Creteil	
-0.25
+0.25
2.00
1.72
 
 	
2.5
2.00
1.72
2.45
3.05
3.07
1.33
1.32
1.50
1.5
1.5
2.35
2.65
1.52
1.42
 	 0:1(0:0)  
 	24/04
21:00	 Sochaux-Montbeliard
Le Havre	
-0.25
+0.25
1.70
2.10
 
 	
2.0
1.77
1.94
2.00
2.95
4.45
1.18
1.37
1.75
1.5
1.5
2.20
4.05
1.60
1.20
 	 0:1(0:0)  
 	24/04
21:00	 Tours
Niort	
-0.25
+0.25
1.95
1.76
 
 	
2.5
1.90
1.80
2.40
3.05
3.15
1.33
1.32
1.52
1.5
1.5
2.30
2.65
1.55
1.42
 	 1:0(1:0)  
 	25/04
15:00	 Orleans
Dijon FCO	
0
0
1.80
1.90
  	
2.0
1.80
1.90
2.65
2.90
2.95
1.35
1.40
1.42
1.0
1.0
1.85
1.90
1.85
1.80
 	 0:1(0:0)  
 	27/04
21:30	 Clermont Foot
Sochaux-Montbeliard	
-0.25
+0.25
1.90
1.90
 
 	
2.25
2.04
 	
1.75
 	
2.25
3.05
3.30
1.29
1.34
1.59
1.0
1.0
1.65
2.15
2.15
1.65
 	 0:0(0:0)  
 	28/04
21:30	 AC Ajaccio
Orleans	
-0.25
+0.25
1.85
1.85
 
 	
2.0
1.85
1.85
2.20
2.85
3.90
1.23
1.37
1.60
1.5
1.5
2.55
3.55
1.45
1.25
 	 2:3(2:0)  
 	28/04
21:30	 Auxerre
Laval	
-0.75
+0.75
1.90
1.80
 
 	
2.25
1.90
 	
1.80
 	
1.67
3.40
5.85
1.12
1.28
2.10
1.5
1.0
1.85
2.65
1.85
1.42
 	 1:1(1:1)  
 	28/04
21:30	 Creteil
Stade Brestois 29	
+0.25
-0.25
1.80
1.90
 
 	
2.25
1.95
 	
1.76
 	
3.35
2.95
2.35
1.55
1.35
1.28
1.5
1.5
3.40
2.50
1.27
1.47
 	 2:1(1:1)  
 	28/04
21:30	 Dijon FCO
AC Arles-Avignon	
-1.25
+1.25
2.00
1.72
 
 	
2.5
1.75
1.96
1.42
4.20
8.30
1.05
1.20
2.65
1.5
1.0
1.47
3.20
2.50
1.30
 	 1:0(0:0)  
 	28/04
21:30	 Gazelec Ajaccio
Tours	
-0.75
+0.75
1.95
1.76
 
 	
2.25
1.75
 	
1.96
 	
1.72
3.45
5.20
1.13
1.30
2.00
1.5
1.0
1.85
2.40
1.85
1.50
 	 1:1(1:0)  
 	28/04
21:30	 Le Havre
Nimes	
-0.75
+0.75
1.95
1.76
 
 	
2.25
1.75
 	
1.96
 	
1.72
3.45
5.20
1.13
1.30
2.00
1.5
1.0
1.85
2.40
1.85
1.50
 	 2:0(0:0)  
 	28/04
21:30	 Niort
Chateauroux	
–1.0
+1.0
1.95
1.76
  	
2.25
1.72
 	
2.00
 	
1.52
3.85
6.85
1.08
1.23
2.40
1.5
1.0
1.70
3.55
2.03
1.25
 	 3:0(0:0)  
 	28/04
21:30	 Troyes
Angers SCO	
-0.25
+0.25
1.67
2.10
 
 	
2.25
2.00
 	
1.72
 	
1.95
3.15
4.30
1.20
1.37
1.76
1.5
1.0
2.15
2.35
1.63
1.52
 	 2:1(0:1)  
 	28/04
21:30	 Valenciennes FC
Nancy	
+0.25
-0.25
1.95
1.76
 
 	
2.25
1.95
 	
1.76
 	
3.85
3.05
2.10
1.67
1.35
1.23
1.5
1.5
3.40
2.30
1.27
1.55
 	 1:1(1:0)  
 	01/05
21:00	 Angers SCO
Orleans	
-0.25
+0.25
1.65
2.11
 
 	
2.25
2.00
 	
1.72
 	
1.95
3.20
4.20
1.21
1.33
1.82
1.5
1.0
2.15
2.35
1.63
1.52
 	 2:1(1:1)  
 	01/05
21:00	 AC Arles-Avignon
Creteil	
0
0
1.95
1.76
  	
2.25
1.85
 	
1.85
 	
2.95
2.95
2.50
1.47
1.35
1.35
1.5
1.5
2.85
2.65
1.37
1.42
 	 2:0(2:0)  
 	01/05
21:00	 Auxerre
Gazelec Ajaccio	
0
0
1.80
1.90
  	
2.25
1.95
 	
1.76
 	
2.60
2.95
2.95
1.37
1.37
1.45
1.5
1.5
2.65
2.85
1.42
1.37
 	 0:0(0:0)  
 	01/05
21:00	 Laval
Le Havre	
0
0
1.90
1.80
  	
2.25
1.95
 	
1.76
 	
2.90
2.95
2.65
1.42
1.37
1.38
1.5
1.5
2.85
2.65
1.37
1.42
 	 1:1(0:0)  
 	01/05
21:00	 Chateauroux
Valenciennes FC	
0
0
2.00
1.75
  	
2.0
1.75
1.96
2.75
3.05
2.70
1.42
1.37
1.40
1.5
1.5
2.85
2.75
1.37
1.40
 	 3:0(1:0)  
 	01/05
21:00	 Nancy
AC Ajaccio	
–1.0
+1.0
1.95
1.76
  	
2.25
1.80
 	
1.90
 	
1.55
3.65
6.95
1.08
1.25
2.35
1.5
1.5
1.75
5.00
1.96
1.14
 	 2:0(1:0)  
 	01/05
21:00	 Sochaux-Montbeliard
Niort	
-0.25
+0.25
1.67
2.10
 
 	
2.25
1.80
 	
1.90
 	
1.90
3.20
4.50
1.19
1.34
1.87
1.5
1.0
2.10
2.40
1.66
1.50
 	 2:3(2:2)  
 	01/05
21:00	 Tours
Clermont Foot	
-0.25
+0.25
1.70
2.05
 
 	
2.25
1.80
 	
1.90
 	
2.05
3.20
3.80
1.23
1.33
1.70
1.5
1.5
2.10
3.05
1.67
1.33
 	 0:1(0:0)  
 	02/05
15:00	 Nimes
Troyes	
+0.25
-0.25
2.15
1.65
 
 	
2.25
1.75
 	
1.96
 	
4.15
3.25
1.95
1.80
1.33
1.20
1.0
1.5
2.20
2.00
1.60
1.72
 	 1:2(1:1)  
 	04/05
21:30	 Stade Brestois 29
Dijon FCO	
-0.25
+0.25
1.80
1.90
 
 	
2.25
1.95
 	
1.76
 	
2.15
3.20
3.50
1.27
1.33
1.65
1.5
1.5
2.30
3.40
1.55
1.27
 	 0:0(0:0)  
 	08/05
21:00	 AC Ajaccio
Stade Brestois 29	
0
0
1.94
1.77
  	
2.25
2.00
 	
1.72
 	
2.85
3.00
2.65
1.42
1.37
1.38
1.5
1.5
2.85
2.75
1.37
1.40
 	 2:1(2:0)  
 	08/05
21:00	 Dijon FCO
Chateauroux	
-1.75
+1.75
1.90
1.85
 
 	
2.75
1.80
 	
1.90
 	
1.25
5.60
12.00
1.02
1.13
3.82
2.5
1.0
2.15
4.80
1.65
1.16
 	 0:1(0:1)  
 	08/05
21:00	 Le Havre
Tours	
-0.25
+0.25
1.72
2.00
 
 	
2.5
1.85
1.85
1.95
3.45
3.85
1.22
1.28
1.76
1.5
1.0
2.00
2.00
1.72
1.72
 	 0:1(0:0)  
 	08/05
21:00	 Clermont Foot
Nancy	
+0.75
-0.75
1.65
2.10
 
 	
2.25
1.90
 	
1.80
 	
4.20
3.20
1.95
1.82
1.33
1.21
1.0
1.5
2.55
2.15
1.47
1.67
 	 0:1(0:0)  
 	08/05
21:00	 Niort
Auxerre	
-0.25
+0.25
1.65
2.15
 
 	
2.25
1.75
 	
1.96
 	
1.95
3.25
4.15
1.20
1.33
1.76
1.5
1.0
2.00
2.20
1.72
1.60
 	 1:1(0:0)  
 	08/05
21:00	 Orleans
Nimes	
-0.75
+0.75
1.75
2.00
 
 	
2.25
1.80
 	
1.90
 	
1.57
3.40
7.55
1.07
1.30
2.30
1.5
1.0
1.75
3.05
1.96
1.33
 	 1:1(0:0)  
 	08/05
21:00	 Troyes
AC Arles-Avignon	
-1.25
+1.25
1.85
1.85
 
 	
2.5
1.80
1.90
1.35
4.75
9.00
1.04
1.17
2.95
2.5
1.5
2.55
6.10
1.45
1.09
 	 4:0(3:0)  
 	08/05
21:00	 Valenciennes FC
Laval	
-0.25
+0.25
1.67
2.10
 
 	
2.25
2.00
 	
1.72
 	
1.95
3.00
4.60
1.17
1.38
1.80
1.5
1.0
2.15
2.35
1.63
1.52
 	 2:2(0:1)  
 	09/05
15:00	 Creteil
Gazelec Ajaccio	
+0.25
-0.25
1.80
1.90
 
 	
2.0
1.85
1.85
3.58
2.95
2.25
1.57
1.37
1.27
1.5
1.5
3.55
2.40
1.25
1.50
 	 1:1(1:1)  
 	11/05
21:30	 Angers SCO
Sochaux-Montbeliard	
-0.25
+0.25
1.65
2.15
 
 	
2.25
1.95
 	
1.76
 	
1.90
3.10
4.70
1.16
1.37
1.85
1.5
1.0
2.15
2.40
1.63
1.50
 	 0:0(0:0)  
 	15/05
21:30	 AC Arles-Avignon
Orleans	
+0.25
-0.25
2.05
1.70
 
 	
2.25
1.80
 	
1.90
 	
3.90
3.27
2.00
1.72
1.33
1.23
1.0
1.5
2.20
2.00
1.60
1.72
 	 4:1(2:1)  
 	15/05
21:30	 Auxerre
Creteil	
-0.25
+0.25
1.95
1.80
 
 	
2.5
1.85
1.85
2.25
3.20
3.30
1.30
1.33
1.60
1.5
1.5
2.15
2.75
1.63
1.40
 	 2:2(2:0)  
 	15/05
21:30	 Stade Brestois 29
Troyes	
-0.25
+0.25
2.00
1.72
 
 	
2.25
1.90
 	
1.80
 	
2.40
3.20
3.00
1.37
1.33
1.55
1.5
1.5
2.35
2.85
1.52
1.37
 	 2:1(1:0)  
 	15/05
21:30	 Gazelec Ajaccio
Niort	
–1.0
+1.0
1.90
1.80
  	
2.5
1.95
1.76
1.53
3.80
6.50
1.09
1.24
2.40
1.5
1.0
1.72
2.65
2.00
1.42
 	 3:2(2:0)  
 	15/05
21:30	 Laval
Clermont Foot	
-0.25
+0.25
1.95
1.76
 
 	
2.25
1.90
 	
1.80
 	
2.35
3.10
3.20
1.32
1.35
1.55
1.5
1.5
2.50
2.95
1.47
1.35
 	 3:1(0:1)  
 	15/05
21:30	 Chateauroux
Le Havre	
+0.25
-0.25
1.90
1.80
 
 	
2.25
1.80
 	
1.90
 	
3.40
3.20
2.20
1.63
1.33
1.27
1.5
1.5
3.10
2.20
1.32
1.60
 	 0:0(0:0)  
 	15/05
21:30	 Nancy
Angers SCO	
-0.75
+0.75
1.95
1.76
 
 	
2.25
1.85
 	
1.85
 	
1.72
3.42
5.30
1.13
1.30
2.00
1.5
1.0
2.00
2.55
1.72
1.45
 	 0:0(0:0)  
 	15/05
21:30	 Nimes
AC Ajaccio	
+0.25
-0.25
1.85
1.85
 
 	
2.25
1.75
 	
1.96
 	
3.45
3.25
2.15
1.65
1.33
1.27
1.0
1.5
1.95
2.10
1.76
1.67
 	 1:1(0:1)  
 	15/05
21:30	 Sochaux-Montbeliard
Valenciennes FC	
-0.25
+0.25
2.00
1.72
 
 	
2.25
1.90
 	
1.80
 	
2.40
2.87
3.35
1.30
1.37
1.50
1.5
1.5
2.50
3.05
1.47
1.33
 	 1:1(0:1)  
 	15/05
21:30	 Tours
Dijon FCO	
0
0
1.90
1.80
  	
2.5
1.95
1.76
2.75
3.10
2.65
1.42
1.37
1.40
1.5
1.5
2.55
2.50
1.45
1.47
 	 0:0(0:0)  
 	22/05
21:30	 AC Ajaccio
AC Arles-Avignon	
–1.0
+1.0
1.75
1.96
  	
2.5
1.95
1.76
1.42
4.25
8.10
1.06
1.22
2.65
1.5
1.0
1.60
3.10
2.20
1.32
 	 2:1(1:0)  
 	22/05
21:30	 Angers SCO
Nimes	
-1.25
+1.25
1.72
2.00
 
 	
2.5
1.80
1.90
1.30
4.95
11.00
1.02
1.17
3.20
2.5
1.5
2.50
6.10
1.47
1.09
 	 3:0(1:0)  
 	22/05
21:30	 Clermont Foot
Stade Brestois 29	
0
0
1.80
1.90
  	
2.25
1.85
 	
1.85
 	
2.60
3.15
2.77
1.40
1.35
1.45
1.5
1.5
2.50
2.65
1.47
1.42
 	 1:0(1:0)  
 	22/05
21:30	 Creteil
Tours	
-0.25
+0.25
1.80
1.90
 
 	
2.75
1.85
 	
1.85
 	
2.15
3.30
3.40
1.27
1.33
1.65
1.5
1.0
1.85
1.57
1.85
2.25
 	 1:4(1:1)  
 	22/05
21:30	 Dijon FCO
Nancy	
0
0
1.95
1.76
  	
2.25
1.80
 	
1.90
 	
2.75
3.25
2.55
1.45
1.35
1.40
1.5
1.5
2.65
2.50
1.42
1.47
 	 3:1(2:1)  
 	22/05
21:30	 Le Havre
Auxerre	
-0.25
+0.25
1.72
2.00
 
 	
2.5
1.85
1.85
2.00
3.40
3.75
1.22
1.30
1.72
1.5
1.5
1.95
2.75
1.76
1.40
 	 2:1(1:0)  
 	22/05
21:30	 Niort
Laval	
-0.75
+0.75
1.85
1.85
 
 	
2.5
1.72
2.00
1.70
3.65
5.00
1.15
1.27
2.03
1.5
1.0
1.75
2.10
1.96
1.66
 	 0:3(0:3)  
 	22/05
21:30	 Orleans
Sochaux-Montbeliard	
–1.0
+1.0
1.90
1.80
  	
2.5
1.95
1.76
1.55
4.00
6.00
1.10
1.23
2.30
1.5
1.0
1.65
2.75
2.11
1.40
 	 1:0(1:0)  
 	22/05
21:30	 Troyes
Chateauroux	
–1.5
+1.5
1.80
1.90
  	
3.0
1.85
1.85
1.27
5.40
11.00
1.02
1.15
3.50
2.5
1.5
2.20
5.10
1.60
1.13
 	 4:1(1:1)  
 	22/05
21:30	 Valenciennes FC
Gazelec Ajaccio	
-0.25
+0.25
1.67
2.10
 
 	
2.25
1.85
 	
1.85
 	
1.97
3.25
4.05
1.20
1.33
1.75
1.5
1.0
2.15
2.10
1.63
1.66
 	 2:1(0:1)  