123	07/05
21:45	 Manchester City
West Bromwich Albion	
-1.25
+1.25
1.75
1.97
 
 	
2.75
1.75
 	
1.95
 	
1.35
4.25
9.00
1.03
1.18
3.15
2.0
1.0
1.80
2.75
1.90
1.39
 	 1:0(1:0)  
124	07/05
21:45	 Wigan Athletic
Swansea City	
-0.75
+0.75
1.85
1.90
 
 	
2.5
1.80
1.90
1.65
3.65
5.00
1.13
1.25
2.15
1.5
1.0
1.72
2.40
2.00
1.50
 	 2:3(1:0)  
125	08/05
21:45	 Chelsea
Tottenham Hotspur	
-0.25
+0.25
1.60
2.25
 
 	
2.75
1.85
 	
1.85
 	
1.85
3.55
4.00
1.20
1.26
1.90
1.5
1.5
1.75
2.90
1.97
1.36
 	 2:2(2:1)  
127	16/04
21:45	 Arsenal London
Everton	
-0.75
+0.75
1.85
1.90
 
 	
3.0
1.95
1.77
1.65
3.80
4.85
1.14
1.23
2.15
1.5
1.0
1.62
1.95
2.18
1.77
 	 0:0(0:0)  
128	17/04
21:45	 Manchester City
Wigan Athletic	
-1.75
+1.75
1.87
1.87
 
 	
3.0
1.75
1.97
1.22
5.80
12.00
1.01
1.10
4.00
2.5
1.0
2.00
3.45
1.75
1.27
 	 1:0(0:0)  
129	17/04
21:45	 West Ham United
Manchester United	
+0.75
-0.75
1.85
1.85
 
 	
2.75
1.75
 	
1.95
 	
5.00
3.70
1.65
2.15
1.25
1.13
1.0
1.5
1.97
1.62
1.75
2.18
 	 2:2(1:1)  
130	17/04
22:00	 Fulham
Chelsea	
+0.75
-0.75
1.90
1.85
 
 	
2.75
1.95
 	
1.75
 	
4.90
3.75
1.65
2.15
1.24
1.14
1.0
1.5
2.20
1.70
1.60
2.05
 	 0:3(0:2)  
162	23/01
21:45	 Arsenal London
West Ham United	
-1.25
+1.25
1.90
1.80
 
 	
3.0
1.95
1.77
1.42
4.30
7.25
1.06
1.18
2.72
1.5
1.0
1.47
2.45
2.45
1.47
 	 5:1(1:1)  
159	16/01
21:45	 Chelsea
Southampton	
–2.0
+2.0
1.95
1.77
  	
3.0
1.72
2.02
1.20
6.00
13.00
1.01
1.09
4.35
2.5
1.0
1.90
3.60
1.80
1.25
 	 2:2(2:0)  
130	18/08
17:00	 Arsenal London
Sunderland	
-1.25
+1.25
1.90
1.85
 
 	
2.75
1.90
 	
1.80
 	
1.38
4.35
7.75
1.05
1.17
2.85
1.5
1.0
1.50
3.00
2.40
1.35
 	 0:0(0:0)  
131	18/08
17:00	 Fulham
Norwich City	
-0.75
+0.75
2.00
1.75
 
 	
2.5
1.85

1.85

1.75
3.45
4.50
1.16
1.27
1.97
1.5
1.0
1.85
2.20
1.85
1.60
 	 5:0(2:0)  
132	18/08
17:00	 Queens Park Rangers
Swansea City	
-0.75
+0.75
2.30
1.55
 
 	
2.25
1.80
 	
1.90
 	
1.95
3.35
3.75
1.23
1.30
1.77
1.5
1.0
2.10
2.20
1.68
1.60
 	 0:5(0:1)  
133	18/08
17:00	 Reading
Stoke City	
-0.25
+0.25
2.02
1.72
 
 	
2.25
1.90
 	
1.80
 	
2.40
3.30
2.80
1.38
1.30
1.50
1.5
1.5
2.55
2.80
1.45
1.38
 	 1:1(0:1)  
134	18/08
17:00	 West Bromwich Albion
Liverpool	
+0.75
-0.75
1.75
2.00
 
 	
2.5
1.85
1.85
4.50
3.45
1.75
1.97
1.27
1.16
1.0
1.5
2.20
1.85
1.60
1.85
 	 3:0(1:0)  
135	18/08
17:00	 West Ham United
Aston Villa	
-0.25
+0.25
1.75
2.00
 
 	
2.5
1.85
1.85
2.05
3.30
3.40
1.28
1.30
1.70
1.5
1.0
2.10
1.80
1.68
1.90
 	 1:0(1:0)  
136	18/08
19:30	 Newcastle United
Tottenham Hotspur	
0
0
1.85
1.85
  	
2.5
1.85
1.85
2.60
3.30
2.60
1.44
1.30
1.44
1.5
1.5
2.38
2.38
1.52
1.52
 	 2:1(0:0)  
137	19/08
15:30	 Wigan Athletic
Chelsea	
+1.0
–1.0
1.77
1.95
  	
2.5
1.90
1.80
6.00
3.75
1.55
2.35
1.24
1.09
1.0
1.5
2.80
1.72
1.38
2.05
 	 0:2(0:2)  
138	19/08
18:00	 Manchester City
Southampton	
-1.75
+1.75
1.75
2.00
 
 	
3.0
1.80
1.90
1.19
6.00
12.00
1.01
1.10
4.25
2.5
1.0
2.02
3.80
1.72
1.23
 	 3:2(1:0)  
139	20/08
22:00	 Everton
Manchester United	
+0.25
-0.25
2.25
1.60
 
 	
2.5
1.95
1.75
4.00
3.45
1.85
1.87
1.28
1.20
1.5
1.5
3.30
1.95
1.30
1.75
 	 1:0(0:0)  
129	25/08
14:45	 Swansea City
West Ham United	
0
0
1.47
2.50
  	
2.5
1.95
1.75
2.00
3.30
3.65
1.24
1.30
1.72
1.0
1.0
1.40
1.95
2.70
1.75
 	 3:0(2:0)  
130	25/08
17:00	 Aston Villa
Everton	
0
0
2.30
1.57
  	
2.25
1.85
 	
1.85
 	
3.10
3.35
2.20
1.60
1.30
1.33
1.5
1.5
2.95
2.40
1.35
1.50
 	 1:3(0:3)  
131	25/08
17:00	 Manchester United
Fulham	
–1.5
+1.5
1.82
1.92
  	
2.75
1.75
 	
1.95
 	
1.26
5.10
11.00
1.01
1.12
3.65
2.5
1.0
2.20
3.50
1.60
1.26
 	 3:2(3:1)  
132	25/08
17:00	 Norwich City
Queens Park Rangers	
-0.25
+0.25
1.95
1.80
 
 	
2.5
1.80
1.90
2.30
3.30
2.95
1.36
1.30
1.55
1.5
1.5
2.15
2.45
1.65
1.47
 	 1:1(1:1)  
133	25/08
17:00	 Southampton
Wigan Athletic	
-0.25
+0.25
1.80
1.95
 
 	
2.5
1.85
1.85
2.10
3.30
3.30
1.30
1.31
1.68
1.5
1.0
2.10
1.80
1.68
1.90
 	 0:2(0:0)  
135	25/08
17:00	 Tottenham Hotspur
West Bromwich Albion	
–1.0
+1.0
1.85
1.90
  	
2.75
1.75
 	
1.95
 	
1.50
3.85
6.50
1.07
1.23
2.50
1.5
1.0
1.55
2.25
2.30
1.57
 	 1:1(0:0)  
136	25/08
19:30	 Chelsea
Newcastle United	
-1.25
+1.25
1.90
1.80
 
 	
3.0
1.95
1.77
1.42
4.10
7.25
1.06
1.20
2.72
1.5
1.0
1.47
2.45
2.45
1.47
 	 2:0(2:0)  
137	26/08
15:30	 Stoke City
Arsenal London	
+0.25
-0.25
1.92
1.80
 
 	
2.25
1.80
 	
1.90
 	
3.30
3.35
2.10
1.68
1.30
1.31
1.0
1.5
1.95
2.25
1.75
1.57
 	 0:0(0:0)  
138	26/08
18:00	 Liverpool
Manchester City	
+0.25
-0.25
1.75
1.95
 
 	
2.5
1.90
1.80
2.90
3.30
2.30
1.55
1.30
1.36
1.5
1.5
2.60
2.20
1.44
1.60
 	 2:2(1:0)  
115	11/12
21:45	 Sunderland
Reading	
-0.75
+0.75
2.30
1.55
 
 	
2.25
1.80
 	
1.90
 	
1.95
3.40
3.75
1.23
1.28
1.77
1.5
1.0
2.10
2.20
1.68
1.60
 	 3:0(2:0)  
129	22/08
21:45	 Chelsea
Reading	
–1.5
+1.5
1.80
1.95
  	
2.75
1.75
 	
1.95
 	
1.25
5.20
11.00
1.01
1.12
3.70
2.5
1.0
2.20
3.50
1.60
1.26
 3:0(3:0)  
82	01/09
17:00	 West Ham United
Fulham	
0
0
1.72
2.02
  	
2.5
1.87
1.87
2.45
3.30
2.75
1.39
1.30
1.48
1.0
1.0
1.50
1.60
2.40
2.20
 	 3:0(3:0)  
82	01/09
17:00	 Swansea City
Sunderland	
0
0
1.47
2.50
  	
2.5
1.95
1.75
2.00
3.30
3.65
1.24
1.30
1.72
1.0
1.0
1.40
1.95
2.70
1.75
 	 2:2(1:2)  
83	01/09
17:00	 Tottenham Hotspur
Norwich City	
-1.25
+1.25
1.75
2.00
 
 	
2.75
1.75
 	
1.95
 	
1.35
4.25
9.00
1.03
1.18
3.15
2.0
1.0
1.80
2.75
1.90
1.39
 	 1:1(0:0)  
84	01/09
17:00	 West Bromwich Albion
Everton	
+0.25
-0.25
1.75
1.95
 
 	
2.5
1.90
1.80
2.90
3.30
2.30
1.55
1.30
1.36
1.5
1.5
2.60
2.20
1.44
1.60
 	 2:0(0:0)  
85	01/09
17:00	 Wigan Athletic
Stoke City	
-0.25
+0.25
1.75
2.00
 
 	
2.25
1.90
 	
1.80
 	
2.05
3.30
3.40
1.28
1.30
1.70
1.5
1.0
2.25
2.15
1.57
1.65
 	 2:2(1:1)  
86	01/09
19:30	 Manchester City
Queens Park Rangers	
–2.0
+2.0
1.85
1.85
  	
3.25
1.80
 	
1.90
 	
1.17
6.50
13.00
1.01
1.07
4.45
2.5
1.0
1.80
3.50
1.90
1.25
 	 3:1(1:0)  
87	02/09
15:30	 Liverpool
Arsenal London	
-0.25
+0.25
1.75
2.00
 
 	
2.5
1.85
1.85
2.05
3.30
3.40
1.28
1.30
1.70
1.5
1.0
2.10
1.80
1.68
1.90
 	 0:2(0:1)  
88	02/09
18:00	 Newcastle United
Aston Villa	
-0.75
+0.75
1.78
1.95
 
 	
2.5
1.80
1.90
1.60
3.60
5.60
1.11
1.25
2.25
1.5
1.0
1.72
2.40
2.02
1.50
 	 1:1(0:1)  
89	02/09
18:00	 Southampton
Manchester United	
+1.0
–1.0
1.90
1.85
  	
2.75
1.75
 	
1.95
 	
6.50
3.85
1.50
2.50
1.23
1.07
1.0
1.5
2.25
1.55
1.57
2.30
 	 2:3(1:1)  
161	15/09
14:45	 Norwich City
West Ham United	
-0.25
+0.25
2.00
1.75
 
 	
2.5
1.87
1.87
2.40
3.25
2.85
1.37
1.32
1.50
1.0
1.0
1.50
1.62
2.40
2.18
 	 0:0(0:0)  
162	15/09
17:00	 Arsenal London
Southampton	
–1.5
+1.5
1.85
1.90
  	
2.75
1.75
 	
1.95
 	
1.26
5.10
11.00
1.01
1.13
3.65
2.5
1.0
2.20
3.50
1.60
1.26
 	 6:1(4:1)  
163	15/09
17:00	 Aston Villa
Swansea City	
0
0
1.57
2.25
  	
2.5
1.95
1.75
2.20
3.30
3.05
1.33
1.31
1.60
1.5
1.5
2.20
2.75
1.60
1.39
 	 2:0(1:0)  
164	15/09
17:00	 Fulham
West Bromwich Albion	
0
0
1.47
2.50
  	
2.5
1.95
1.75
2.00
3.30
3.60
1.25
1.30
1.72
1.0
1.0
1.40
1.95
2.70
1.75
 	 3:0(2:0)  
165	15/09
17:00	 Manchester United
Wigan Athletic	
–1.5
+1.5
1.82
1.95
  	
2.75
1.75
 	
1.95
 	
1.26
5.10
11.00
1.01
1.12
3.65
2.5
1.0
2.20
3.50
1.60
1.26
 	 4:0(0:0)  
166	15/09
17:00	 Queens Park Rangers
Chelsea	
+0.25
-0.25
2.22
1.60
 
 	
2.5
1.80
1.90
4.10
3.40
1.85
1.85
1.28
1.20
1.5
1.5
3.00
1.85
1.34
1.85
 	 0:0(0:0)  
167	15/09
17:00	 Stoke City
Manchester City	
+0.75
-0.75
1.90
1.85
 
 	
2.5
1.95
1.75
5.20
3.50
1.65
2.20
1.26
1.12
1.0
1.5
2.66
1.80
1.42
1.90
 	 1:1(1:1)  
168	15/09
19:30	 Sunderland
Liverpool	
0
0
2.50
1.47
  	
2.5
1.95
1.75
3.60
3.30
2.00
1.72
1.32
1.25
1.0
1.0
1.95
1.40
1.75
2.70
 	 1:1(1:0)  
169	16/09
18:00	 Reading
Tottenham Hotspur	
0
0
2.50
1.47
  	
2.5
1.95
1.75
3.60
3.30
2.00
1.72
1.32
1.25
1.0
1.0
1.95
1.40
1.75
2.70
 	 1:3(0:1)  
170	17/09
22:00	 Everton
Newcastle United	
-0.75
+0.75
2.00
1.75
 
 	
2.25
1.80
 	
1.90
 	
1.75
3.40
4.55
1.15
1.28
2.00
1.5
1.0
1.95
2.45
1.75
1.47
 	 2:2(1:0)  
97	22/09
14:45	 Swansea City
Everton	
+0.25
-0.25
1.75
1.95
 
 	
2.5
1.90
1.80
2.90
3.30
2.30
1.55
1.30
1.36
1.5
1.5
2.60
2.20
1.44
1.60
 	 0:3(0:2)  
98	22/09
17:00	 Chelsea
Stoke City	
-1.25
+1.25
1.75
1.95
 
 	
2.75
1.95
 	
1.75
 	
1.35
4.25
8.85
1.04
1.18
3.05
1.5
1.0
1.50
3.40
2.40
1.28
 	 1:0(0:0)  
99	22/09
17:00	 Southampton
Aston Villa	
0
0
1.57
2.25
  	
2.5
1.85
1.85
2.20
3.30
3.10
1.32
1.31
1.62
1.5
1.5
2.15
2.60
1.65
1.44
 	 4:1(0:1)  
100	22/09
17:00	 West Bromwich Albion
Reading	
-0.75
+0.75
1.80
1.95
 
 	
2.75
1.85
 	
1.85
 	
1.62
3.65
5.00
1.13
1.25
2.22
1.5
1.0
1.66
2.10
2.12
1.68
 	 1:0(0:0)  
101	22/09
17:00	 West Ham United
Sunderland	
-0.75
+0.75
2.30
1.55
 
 	
2.25
1.80
 	
1.90
 	
1.92
3.35
3.75
1.23
1.30
1.80
1.5
1.0
2.10
2.20
1.68
1.60
 	 1:1(0:1)  
102	22/09
17:00	 Wigan Athletic
Fulham	
-0.25
+0.25
2.00
1.75
 
 	
2.5
1.87
1.87
2.40
3.25
2.85
1.37
1.32
1.50
1.0
1.0
1.50
1.62
2.40
2.18
 	 1:2(0:1)  
103	23/09
15:30	 Liverpool
Manchester United	
0
0
1.87
1.87
  	
2.5
1.85
1.85
2.60
3.30
2.60
1.44
1.30
1.44
1.5
1.5
2.38
2.38
1.52
1.52
 	 1:2(0:0)  
104	23/09
17:00	 Newcastle United
Norwich City	
-0.75
+0.75
2.00
1.75
 
 	
2.75
1.95
 	
1.75
 	
1.75
3.55
4.35
1.17
1.25
1.97
1.5
1.0
1.80
2.05
1.90
1.70
 	 1:0(1:0)  
105	23/09
18:00	 Manchester City
Arsenal London	
-0.75
+0.75
1.85
1.90
 
 	
2.75
1.85
 	
1.85
 	
1.65
3.55
5.00
1.13
1.25
2.20
1.5
1.0
1.66
2.10
2.12
1.68
 	 1:1(1:0)  
106	23/09
18:00	 Tottenham Hotspur
Queens Park Rangers	
-1.25
+1.25
1.95
1.75
 
 	
3.0
1.95
1.77
1.42
4.10
7.25
1.06
1.20
2.72
1.5
1.0
1.47
2.45
2.45
1.47
 	 2:1(0:1)  
154	29/09
14:45	 Arsenal London
Chelsea	
-0.25
+0.25
1.90
1.85
 
 	
2.5
1.80
1.90
2.25
3.35
3.05
1.34
1.30
1.58
1.5
1.5
2.15
2.45
1.65
1.47
 	 1:2(1:1)  
155	29/09
17:00	 Everton
Southampton	
-1.25
+1.25
1.80
1.90
 
 	
3.0
1.95
1.75
1.35
4.25
9.00
1.03
1.18
3.15
2.0
1.0
1.80
2.75
1.90
1.39
 	 3:1(3:1)  
156	29/09
17:00	 Fulham
Manchester City	
+0.75
-0.75
1.75
2.00
 
 	
2.75
1.95
 	
1.75
 	
4.45
3.60
1.75
1.97
1.25
1.17
1.0
1.5
2.05
1.80
1.70
1.90
 	 1:2(1:1)  
157	29/09
17:00	 Norwich City
Liverpool	
+0.75
-0.75
1.75
2.00
 
 	
2.75
1.95
 	
1.75
 	
4.40
3.60
1.75
2.00
1.25
1.17
1.0
1.5
2.05
1.80
1.70
1.90
 	 2:5(0:2)  
158	29/09
17:00	 Reading
Newcastle United	
0
0
1.80
1.90
  	
2.25
1.77
 	
1.95
 	
2.50
3.30
2.65
1.42
1.30
1.45
1.5
1.5
2.50
2.66
1.45
1.42
 	 2:2(0:0)  
159	29/09
17:00	 Stoke City
Swansea City	
-0.25
+0.25
1.60
2.25
 
 	
2.5
1.95
1.75
1.85
3.50
4.00
1.20
1.26
1.90
1.5
1.5
1.95
3.30
1.75
1.30
 	 2:0(2:0)  
160	29/09
17:00	 Sunderland
Wigan Athletic	
-0.25
+0.25
1.80
1.92
 
 	
2.25
1.80
 	
1.90
 	
2.10
3.35
3.35
1.30
1.30
1.68
1.5
1.0
2.25
1.95
1.57
1.75
 	 1:0(0:0)  
161	29/09
19:30	 Manchester United
Tottenham Hotspur	
–1.0
+1.0
1.85
1.90
  	
2.75
1.75
 	
1.95
 	
1.50
3.95
6.50
1.07
1.22
2.50
1.5
1.0
1.55
2.25
2.30
1.57
 	 2:3(0:2)  
162	30/09
18:00	 Aston Villa
West Bromwich Albion	
-0.25
+0.25
2.00
1.75
 
 	
2.5
1.87
1.87
2.40
3.25
2.85
1.37
1.32
1.50
1.0
1.0
1.50
1.62
2.40
2.18
 	 1:1(0:0)  
163	01/10
22:00	 Queens Park Rangers
West Ham United	
0
0
1.47
2.50
  	
2.5
1.95
1.75
2.00
3.30
3.65
1.24
1.32
1.72
1.0
1.0
1.40
1.95
2.70
1.75
 	 1:2(0:2)  
150	06/10
14:45	 Manchester City
Sunderland	
–1.5
+1.5
1.77
1.95
  	
2.75
1.75
 	
1.95
 	
1.26
5.20
11.00
1.01
1.13
3.65
2.5
1.0
2.20
3.50
1.60
1.26
 	 3:0(1:0)  
151	06/10
17:00	 Chelsea
Norwich City	
-1.75
+1.75
1.82
1.92
 
 	
3.0
1.75
1.97
1.22
5.80
12.50
1.01
1.10
4.00
2.5
1.0
2.00
3.45
1.75
1.27
 	 4:1(3:1)  
152	06/10
17:00	 Swansea City
Reading	
-0.25
+0.25
1.60
2.22
 
 	
2.5
1.80
1.90
1.85
3.40
4.10
1.20
1.28
1.85
1.5
1.5
1.85
3.00
1.85
1.34
 	 2:2(0:2)  
153	06/10
17:00	 West Bromwich Albion
Queens Park Rangers	
-0.75
+0.75
2.00
1.75
 
 	
2.75
1.95
 	
1.75
 	
1.75
3.55
4.35
1.17
1.25
1.97
1.5
1.0
1.80
2.05
1.90
1.70
 	 3:2(2:1)  
154	06/10
17:00	 Wigan Athletic
Everton	
+0.25
-0.25
2.15
1.65
 
 	
2.5
1.85
1.85
3.65
3.45
1.95
1.77
1.28
1.25
1.0
1.5
1.95
1.95
1.75
1.75
 	 2:2(2:1)  
155	06/10
19:30	 West Ham United
Arsenal London	
+0.25
-0.25
2.25
1.60
 
 	
2.75
1.85
 	
1.85
 	
4.00
3.55
1.85
1.90
1.26
1.20
1.5
1.5
2.90
1.75
1.36
1.97
 	 1:3(1:1)  
156	07/10
15:30	 Southampton
Fulham	
0
0
1.80
1.90
  	
2.75
1.90
 	
1.80
 	
2.55
3.30
2.60
1.44
1.30
1.45
1.5
1.5
2.20
2.25
1.60
1.57
 	 2:2(1:0)  
157	07/10
17:00	 Liverpool
Stoke City	
-1.25
+1.25
1.95
1.80
 
 	
2.5
1.82
1.88
1.42
4.20
7.65
1.05
1.19
2.75
1.5
1.0
1.60
3.30
2.20
1.30
 	 0:0(0:0)  
158	07/10
17:00	 Tottenham Hotspur
Aston Villa	
-1.25
+1.25
1.90
1.80
 
 	
3.0
1.95
1.77
1.42
4.15
7.35
1.06
1.19
2.72
1.5
1.0
1.47
2.45
2.45
1.47
 	 2:0(0:0)  
159	07/10
18:00	 Newcastle United
Manchester United	
+0.25
-0.25
2.25
1.60
 
 	
2.75
1.85
 	
1.85
 	
4.00
3.55
1.85
1.90
1.26
1.20
1.5
1.5
2.90
1.75
1.36
1.97
 	 0:3(0:2)  
187	20/10
14:45	 Tottenham Hotspur
Chelsea	
0
0
2.00
1.75
  	
2.5
1.87
1.87
2.75
3.35
2.45
1.48
1.30
1.39
1.0
1.0
1.60
1.50
2.20
2.40
 	 2:4(0:1)  
188	20/10
17:00	 Fulham
Aston Villa	
-0.75
+0.75
1.85
1.90
 
 	
2.5
1.80
1.90
1.65
3.70
5.00
1.13
1.25
2.20
1.5
1.0
1.72
2.40
2.00
1.50
 	 1:0(0:0)  
189	20/10
17:00	 Liverpool
Reading	
–1.5
+1.5
1.80
1.95
  	
3.0
1.85
1.85
1.26
5.20
10.50
1.02
1.12
3.60
2.5
1.0
2.15
3.35
1.65
1.29
 	 1:0(1:0)  
190	20/10
17:00	 Manchester United
Stoke City	
–1.5
+1.5
1.80
1.95
  	
2.75
1.75
 	
1.95
 	
1.26
5.20
11.00
1.01
1.13
3.60
2.5
1.0
2.20
3.50
1.60
1.26
 	 4:2(2:1)  
191	20/10
17:00	 Swansea City
Wigan Athletic	
-0.25
+0.25
1.75
2.00
 
 	
2.5
1.85
1.85
2.05
3.30
3.40
1.28
1.30
1.70
1.5
1.0
2.10
1.80
1.68
1.90
 	 2:1(0:0)  
192	20/10
17:00	 West Bromwich Albion
Manchester City	
+0.75
-0.75
1.85
1.85
 
 	
2.75
1.75
 	
1.95
 	
4.90
3.65
1.65
2.15
1.25
1.13
1.0
1.5
1.97
1.62
1.75
2.18
 	 1:2(0:0)  
193	20/10
17:00	 West Ham United
Southampton	
-0.75
+0.75
2.00
1.75
 
 	
2.75
1.80
 	
1.90
 	
1.75
3.50
4.35
1.17
1.26
2.00
1.5
1.0
1.70
1.85
2.05
1.85
 	 4:1(0:0)  
194	20/10
19:30	 Norwich City
Arsenal London	
+1.0
–1.0
1.90
1.85
  	
2.75
1.75
 	
1.95
 	
6.35
3.90
1.50
2.50
1.22
1.08
1.0
1.5
2.25
1.55
1.57
2.30
 	 1:0(1:0)  
195	21/10
15:30	 Sunderland
Newcastle United	
0
0
1.80
1.90
  	
2.25
1.77
 	
1.95
 	
2.50
3.30
2.70
1.41
1.30
1.45
1.5
1.5
2.50
2.66
1.45
1.42
 	 1:1(0:1)  
196	21/10
18:00	 Queens Park Rangers
Everton	
0
0
2.25
1.57
  	
2.5
1.85
1.85
3.10
3.30
2.20
1.62
1.30
1.32
1.5
1.5
2.60
2.15
1.44
1.65
 	 1:1(1:1)  
160	27/10
14:45	 Aston Villa
Norwich City	
-0.25
+0.25
1.60
2.22
 
 	
2.5
1.80
1.90
1.85
3.40
4.10
1.20
1.28
1.85
1.5
1.5
1.85
3.00
1.85
1.34
 	 1:1(1:0)  
161	27/10
17:00	 Arsenal London
Queens Park Rangers	
-1.25
+1.25
1.78
1.95
 
 	
3.0
1.87
1.87
1.38
4.55
7.85
1.05
1.16
2.90
1.5
1.0
1.42
2.50
2.68
1.47
 	 1:0(0:0)  
162	27/10
17:00	 Reading
Fulham	
+0.25
-0.25
1.80
1.95
 
 	
2.5
1.80
1.90
2.95
3.35
2.30
1.55
1.30
1.36
1.5
1.5
2.45
2.15
1.47
1.65
 	 3:3(1:0)  
163	27/10
17:00	 Stoke City
Sunderland	
-0.25
+0.25
1.65
2.15
 
 	
2.25
1.95
 	
1.75
 	
1.90
3.35
4.00
1.20
1.30
1.80
1.5
1.0
2.20
2.50
1.60
1.45
 	 0:0(0:0)  
164	27/10
17:00	 Wigan Athletic
West Ham United	
0
0
1.57
2.25
  	
2.5
1.85
1.85
2.20
3.30
3.10
1.32
1.30
1.62
1.5
1.5
2.15
2.60
1.65
1.44
 	 2:1(1:0)  
165	27/10
19:30	 Manchester City
Swansea City	
–2.0
+2.0
1.95
1.77
  	
3.0
1.72
2.02
1.20
6.00
13.00
1.01
1.09
4.35
2.5
1.0
1.90
3.60
1.80
1.25
 	 1:0(0:0)  
166	28/10
15:30	 Everton
Liverpool	
0
0
1.75
2.00
  	
2.5
1.87
1.87
2.45
3.35
2.75
1.39
1.30
1.48
1.0
1.0
1.50
1.60
2.40
2.20
 	 2:2(2:2)  
167	28/10
17:00	 Newcastle United
West Bromwich Albion	
-0.25
+0.25
1.65
2.15
 
 	
2.5
1.85
1.85
1.95
3.45
3.65
1.25
1.28
1.77
1.5
1.0
1.95
1.95
1.75
1.75
 	 2:1(1:0)  
168	28/10
17:00	 Southampton
Tottenham Hotspur	
+0.75
-0.75
1.75
2.00
 
 	
3.0
1.95
1.77
4.40
3.60
1.75
1.97
1.25
1.17
1.0
1.5
1.80
1.65
1.90
2.15
 	 1:2(0:2)  
169	28/10
18:00	 Chelsea
Manchester United	
-0.25
+0.25
2.05
1.70
 
 	
2.75
1.90
 	
1.80
 	
2.40
3.30
2.80
1.38
1.30
1.50
1.0
1.0
1.45
1.52
2.60
2.38
 	 2:3(1:2)  
208	03/11
14:45	 Manchester United
Arsenal London	
-0.75
+0.75
1.85
1.90
 
 	
3.0
1.90
1.82
1.65
3.80
4.85
1.14
1.23
2.15
1.5
1.0
1.62
1.95
2.18
1.77
 	 2:1(1:0)  
209	03/11
17:00	 Fulham
Everton	
0
0
1.85
1.85
  	
2.5
1.77
1.95
2.60
3.30
2.60
1.44
1.30
1.44
1.5
1.5
2.30
2.30
1.55
1.55
 	 2:2(1:0)  
210	03/11
17:00	 Norwich City
Stoke City	
0
0
1.75
1.95
  	
2.25
1.80
 	
1.90
 	
2.45
3.30
2.70
1.40
1.30
1.47
1.5
1.5
2.45
2.70
1.47
1.40
 	 1:0(1:0)  
211	03/11
17:00	 Sunderland
Aston Villa	
-0.25
+0.25
1.75
2.00
 
 	
2.25
1.90
 	
1.80
 	
2.02
3.35
3.50
1.26
1.30
1.75
1.5
1.0
2.25
2.15
1.57
1.65
 	 0:1(0:0)  
212	03/11
17:00	 Swansea City
Chelsea	
+0.75
-0.75
1.75
2.00
 
 	
2.75
1.80
 	
1.90
 	
4.50
3.55
1.75
2.00
1.25
1.16
1.0
1.5
1.85
1.70
1.85
2.05
 	 1:1(0:0)  
213	03/11
17:00	 Tottenham Hotspur
Wigan Athletic	
-1.25
+1.25
1.95
1.77
 
 	
2.75
1.95
 	
1.75
 	
1.42
4.20
7.60
1.05
1.20
2.72
1.5
1.0
1.55
2.95
2.30
1.35
 	 0:1(0:0)  
214	03/11
19:30	 West Ham United
Manchester City	
+0.75
-0.75
1.90
1.85
 
 	
2.75
1.90
 	
1.80
 	
4.90
3.75
1.65
2.15
1.24
1.14
1.0
1.5
2.20
1.70
1.60
2.05
 	 0:0(0:0)  
215	04/11
15:30	 Queens Park Rangers
Reading	
-0.75
+0.75
2.00
1.75
 
 	
2.75
1.95
 	
1.75
 	
1.75
3.60
4.40
1.17
1.25
2.00
1.5
1.0
1.80
2.05
1.90
1.70
 	 1:1(0:1)  
216	04/11
18:00	 Liverpool
Newcastle United	
–1.0
+1.0
1.95
1.80
  	
2.75
1.90
 	
1.80
 	
1.55
3.80
5.90
1.10
1.23
2.35
1.5
1.0
1.62
2.38
2.18
1.52
 	 1:1(0:1)  
217	05/11
22:00	 West Bromwich Albion
Southampton	
-0.75
+0.75
1.85
1.85
 
 	
2.75
1.75
 	
1.95
 	
1.65
3.70
4.90
1.13
1.25
2.15
1.5
1.0
1.62
1.97
2.18
1.75
 	 2:0(1:0)  
177	10/11
17:00	 Arsenal London
Fulham	
–1.0
+1.0
1.85
1.90
  	
2.75
1.75
 	
1.95
 	
1.50
3.95
6.50
1.07
1.22
2.50
1.5
1.0
1.55
2.25
2.30
1.57
 	 3:3(2:2)  
178	10/11
17:00	 Everton
Sunderland	
-1.25
+1.25
1.95
1.80
 
 	
2.5
1.82
1.88
1.42
4.20
7.65
1.05
1.19
2.75
1.5
1.0
1.60
3.30
2.20
1.30
 	 2:1(0:1)  
179	10/11
17:00	 Reading
Norwich City	
0
0
1.57
2.25
  	
2.75
1.85
 	
1.85
 	
2.20
3.40
3.05
1.33
1.28
1.60
1.5
1.5
2.02
2.40
1.72
1.50
 	 0:0(0:0)  
180	10/11
17:00	 Southampton
Swansea City	
-0.25
+0.25
2.05
1.70
 
 	
2.75
1.90
 	
1.80
 	
2.40
3.30
2.80
1.38
1.30
1.50
1.0
1.0
1.44
1.55
2.62
2.30
 	 1:1(0:0)  
181	10/11
17:00	 Stoke City
Queens Park Rangers	
-0.75
+0.75
2.30
1.55
 
 	
2.25
1.80
 	
1.90
 	
1.95
3.35
3.75
1.23
1.30
1.77
1.5
1.0
2.10
2.20
1.68
1.60
 	 1:0(0:0)  
182	10/11
17:00	 Wigan Athletic
West Bromwich Albion	
-0.25
+0.25
1.85
1.90
 
 	
2.75
1.90
 	
1.80
 	
2.15
3.35
3.25
1.31
1.30
1.65
1.5
1.5
1.95
2.50
1.75
1.45
 	 1:2(1:2)  
183	10/11
19:30	 Aston Villa
Manchester United	
+1.25
-1.25
1.80
1.90
 
 	
3.0
1.95
1.77
7.25
4.30
1.42
2.72
1.18
1.06
1.0
1.5
2.45
1.47
1.47
2.45
 	 2:3(1:0)  
184	11/11
15:30	 Manchester City
Tottenham Hotspur	
–1.0
+1.0
1.95
1.77
  	
2.75
1.80
 	
1.90
 	
1.55
3.85
5.90
1.10
1.22
2.30
1.5
1.0
1.60
2.20
2.20
1.60
 	 2:1(0:1)  
185	11/11
17:00	 Newcastle United
West Ham United	
-0.25
+0.25
1.65
2.15
 
 	
2.75
1.90
 	
1.80
 	
1.95
3.45
3.70
1.24
1.28
1.77
1.5
1.0
1.85
1.80
1.85
1.90
 	 0:1(0:1)  
186	11/11
18:00	 Chelsea
Liverpool	
-0.25
+0.25
1.60
2.25
 
 	
2.75
1.85
 	
1.85
 	
1.87
3.60
3.90
1.22
1.25
1.87
1.5
1.5
1.75
2.90
1.97
1.36
 	 1:1(1:0)  
176	17/11
14:45	 Arsenal London
Tottenham Hotspur	
-0.25
+0.25
1.75
2.00
 
 	
3.0
1.93
1.78
2.00
3.50
3.45
1.28
1.26
1.75
1.5
1.5
1.80
2.30
1.92
1.55
 	 5:2(3:1)  
177	17/11
17:00	 Liverpool
Wigan Athletic	
-1.25
+1.25
1.90
1.80
 
 	
3.0
1.95
1.77
1.42
4.25
7.25
1.06
1.18
2.72
1.5
1.0
1.47
2.45
2.45
1.47
 	 3:0(0:0)  
178	17/11
17:00	 Manchester City
Aston Villa	
-1.75
+1.75
1.77
1.95
 
 	
3.0
1.72
2.02
1.20
6.00
13.00
1.01
1.09
4.25
2.5
1.0
1.90
3.60
1.80
1.25
 	 5:0(1:0)  
179	17/11
17:00	 Newcastle United
Swansea City	
-0.25
+0.25
1.80
1.95
 
 	
2.5
1.85
1.85
2.10
3.30
3.30
1.30
1.31
1.68
1.5
1.0
2.10
1.80
1.68
1.90
 	 1:2(0:0)  
180	17/11
17:00	 Queens Park Rangers
Southampton	
-0.25
+0.25
1.60
2.25
 
 	
2.75
1.85
 	
1.85
 	
1.85
3.55
3.90
1.22
1.26
1.90
1.5
1.5
1.75
2.90
1.97
1.36
 	 1:3(0:2)  
181	17/11
17:00	 Reading
Everton	
+0.75
-0.75
1.75
2.00
 
 	
2.75
1.95
 	
1.75
 	
4.35
3.60
1.75
1.97
1.25
1.17
1.0
1.5
2.05
1.80
1.70
1.90
 	 2:1(0:1)  
182	17/11
17:00	 West Bromwich Albion
Chelsea	
+0.25
-0.25
2.00
1.75
 
 	
3.0
1.93
1.78
3.45
3.50
2.00
1.75
1.26
1.28
1.5
1.5
2.30
1.80
1.55
1.92
 	 2:1(1:1)  
183	17/11
19:30	 Norwich City
Manchester United	
+1.25
-1.25
1.75
1.97
 
 	
3.0
1.86
1.86
7.35
4.20
1.42
2.72
1.18
1.06
1.0
1.5
2.38
1.45
1.52
2.55
 	 1:0(0:0)  
184	18/11
18:00	 Fulham
Sunderland	
-0.75
+0.75
1.85
1.90
 
 	
2.5
1.80
1.90
1.65
3.65
5.00
1.13
1.25
2.15
1.5
1.0
1.72
2.40
2.00
1.50
 	 1:3(0:0)  
185	19/11
22:00	 West Ham United
Stoke City	
-0.75
+0.75
2.30
1.55
 
 	
2.25
1.80
 	
1.90
 	
1.95
3.35
3.75
1.23
1.30
1.75
1.5
1.0
2.10
2.20
1.68
1.60
 	 1:1(0:1)  
185	24/11
14:45	 Sunderland
West Bromwich Albion	
-0.25
+0.25
2.00
1.75
 
 	
2.5
1.95
1.77
2.40
3.30
2.85
1.37
1.30
1.50
1.0
1.0
1.56
1.70
2.26
2.05
 	 2:4(0:2)  
186	24/11
17:00	 Everton
Norwich City	
-1.25
+1.25
1.95
1.77
 
 	
2.75
1.90
 	
1.80
 	
1.42
4.25
7.50
1.05
1.18
2.72
1.5
1.0
1.55
2.85
2.30
1.37
 	 1:1(1:0)  
187	24/11
17:00	 Manchester United
Queens Park Rangers	
–2.0
+2.0
1.85
1.87
  	
3.25
1.80
 	
1.90
 	
1.17
6.70
13.50
1.01
1.07
4.45
2.5
1.0
1.80
3.50
1.90
1.25
 	 3:1(0:0)  
188	24/11
17:00	 Stoke City
Fulham	
-0.25
+0.25
1.80
1.92
 
 	
2.25
1.80
 	
1.90
 	
2.10
3.35
3.35
1.30
1.30
1.68
1.5
1.0
2.25
1.95
1.57
1.75
 	 1:0(1:0)  
189	24/11
17:00	 Wigan Athletic
Reading	
-0.25
+0.25
1.60
2.22
 
 	
2.5
1.80
1.90
1.85
3.45
4.10
1.20
1.27
1.85
1.5
1.5
1.85
3.00
1.85
1.34
 	 3:2(0:1)  
190	24/11
19:30	 Aston Villa
Arsenal London	
+0.75
-0.75
1.75
2.00
 
 	
2.75
1.95
 	
1.75
 	
4.35
3.55
1.75
1.97
1.25
1.17
1.0
1.5
2.05
1.80
1.70
1.90
 	 0:0(0:0)  
191	25/11
15:30	 Swansea City
Liverpool	
+0.25
-0.25
1.95
1.77
 
 	
2.75
1.90
 	
1.80
 	
3.45
3.35
2.05
1.70
1.30
1.28
1.5
1.5
2.50
1.95
1.45
1.75
 	 0:0(0:0)  
192	25/11
17:00	 Southampton
Newcastle United	
-0.25
+0.25
1.85
1.90
 
 	
2.75
1.90
 	
1.80
 	
2.10
3.40
3.30
1.30
1.28
1.68
1.5
1.5
1.95
2.50
1.75
1.45
 	 2:0(1:0)  
193	25/11
18:00	 Chelsea
Manchester City	
0
0
1.77
1.95
  	
2.75
1.80
 	
1.90
 	
2.45
3.35
2.70
1.40
1.30
1.48
1.0
1.0
1.42
1.45
2.68
2.55
 	 0:0(0:0)  
194	25/11
18:00	 Tottenham Hotspur
West Ham United	
-0.75
+0.75
1.85
1.90
 
 	
2.75
1.95
 	
1.75
 	
1.65
3.75
5.00
1.13
1.24
2.15
1.5
1.0
1.70
2.20
2.05
1.60
 	 3:1(1:0)  
89	27/11
21:45	 Sunderland
Queens Park Rangers	
-0.25
+0.25
2.02
1.72
 
 	
2.25
1.85
 	
1.85
 	
2.40
3.30
2.80
1.38
1.32
1.50
1.5
1.5
2.55
2.80
1.45
1.38
 	 0:0(0:0)  
90	27/11
22:00	 Aston Villa
Reading	
-0.25
+0.25
1.60
2.22
 
 	
2.5
1.80
1.90
1.85
3.45
4.10
1.20
1.28
1.85
1.5
1.5
1.85
3.00
1.85
1.34
 	 1:0(0:0)  
91	28/11
21:45	 Chelsea
Fulham	
-1.25
+1.25
1.78
1.93
 
 	
3.0
1.87
1.87
1.38
4.55
7.85
1.05
1.16
2.90
1.5
1.0
1.42
2.50
2.68
1.47
 	 0:0(0:0)  
92	28/11
21:45	 Everton
Arsenal London	
0
0
1.75
1.97
  	
2.75
1.90
 	
1.82
 	
2.45
3.35
2.70
1.40
1.30
1.48
1.0
1.0
1.45
1.50
2.60
2.40
 	 1:1(1:1)  
93	28/11
21:45	 Southampton
Norwich City	
-0.25
+0.25
1.65
2.15
 
 	
2.75
1.90
 	
1.80
 	
1.95
3.45
3.70
1.24
1.27
1.77
1.5
1.0
1.85
1.80
1.85
1.90
 	 1:1(1:1)  
94	28/11
21:45	 Stoke City
Newcastle United	
-0.75
+0.75
2.30
1.55
 
 	
2.25
1.85
 	
1.85
 	
1.95
3.40
3.75
1.23
1.28
1.75
1.5
1.0
2.20
2.30
1.60
1.55
 	 2:1(0:0)  
95	28/11
21:45	 Swansea City
West Bromwich Albion	
-0.25
+0.25
1.95
1.80
 
 	
2.5
1.80
1.90
2.30
3.35
2.90
1.36
1.30
1.55
1.5
1.5
2.15
2.45
1.65
1.47
 	 3:1(3:1)  
96	28/11
21:45	 Tottenham Hotspur
Liverpool	
0
0
1.75
1.97
  	
2.75
1.90
 	
1.82
 	
2.45
3.35
2.70
1.40
1.30
1.48
1.0
1.0
1.45
1.50
2.60
2.40
 	 2:1(2:0)  
97	28/11
22:00	 Manchester United
West Ham United	
–2.0
+2.0
1.95
1.77
  	
3.0
1.68
2.08
1.20
6.00
13.00
1.01
1.09
4.35
2.5
1.0
1.90
3.45
1.80
1.27
 	 1:0(1:0)  
98	28/11
22:00	 Wigan Athletic
Manchester City	
+1.0
–1.0
1.90
1.85
  	
2.75
1.75
 	
1.95
 	
6.50
3.90
1.50
2.50
1.22
1.07
1.0
1.5
2.25
1.55
1.57
2.30
 	 0:2(0:0)  
195	01/12
14:45	 West Ham United
Chelsea	
+0.75
-0.75
1.75
2.00
 
 	
2.5
1.85
1.85
4.50
3.55
1.75
1.97
1.25
1.16
1.0
1.5
2.20
1.85
1.60
1.85
 	 3:1(0:1)  
196	01/12
17:00	 Arsenal London
Swansea City	
-1.25
+1.25
1.90
1.80
 
 	
3.0
1.95
1.77
1.42
4.25
7.25
1.06
1.18
2.72
1.5
1.0
1.47
2.45
2.45
1.47
 	 0:2(0:0)  
197	01/12
17:00	 Fulham
Tottenham Hotspur	
+0.25
-0.25
1.70
2.05
 
 	
2.75
1.95
 	
1.75
 	
2.85
3.30
2.40
1.50
1.30
1.38
1.0
1.0
1.55
1.45
2.30
2.55
 	 0:3(0:0)  
198	01/12
17:00	 Liverpool
Southampton	
-1.25
+1.25
1.75
1.97
 
 	
2.75
1.75
 	
1.95
 	
1.35
4.25
9.00
1.03
1.18
3.15
2.0
1.0
1.80
2.75
1.90
1.39
 	 1:0(1:0)  
199	01/12
17:00	 Manchester City
Everton	
–1.0
+1.0
1.85
1.90
  	
2.75
1.95
 	
1.75
 	
1.47
4.00
6.75
1.07
1.20
2.60
1.5
1.0
1.60
2.75
2.25
1.39
 	 1:1(1:1)  
200	01/12
17:00	 Queens Park Rangers
Aston Villa	
-0.75
+0.75
2.30
1.55
 
 	
2.25
1.80
 	
1.90
 	
1.95
3.35
3.80
1.23
1.30
1.80
1.5
1.0
2.10
2.20
1.68
1.60
 	 1:1(1:1)  
201	01/12
17:00	 West Bromwich Albion
Stoke City	
-0.25
+0.25
1.77
1.97
 
 	
2.25
1.85
 	
1.85
 	
2.10
3.30
3.30
1.30
1.30
1.68
1.5
1.5
2.20
3.10
1.60
1.32
 	 0:1(0:0)  
202	01/12
19:30	 Reading
Manchester United	
+1.25
-1.25
1.80
1.90
 
 	
3.0
1.95
1.77
7.25
4.30
1.42
2.72
1.18
1.06
1.0
1.5
2.45
1.47
1.47
2.45
 	 3:4(3:4)  
203	02/12
18:00	 Norwich City
Sunderland	
-0.25
+0.25
1.77
1.97
 
 	
2.25
1.85
 	
1.85
 	
2.10
3.30
3.35
1.30
1.30
1.68
1.5
1.5
2.20
3.10
1.60
1.32
 	 2:1(2:1)  
204	03/12
22:00	 Newcastle United
Wigan Athletic	
-0.25
+0.25
1.65
2.15
 
 	
2.5
1.85
1.85
1.95
3.45
3.65
1.25
1.28
1.80
1.5
1.0
1.95
1.95
1.75
1.75
 	 3:0(2:0)  
200	08/12
17:00	 Arsenal London
West Bromwich Albion	
–1.0
+1.0
1.85
1.90
  	
2.75
1.75
 	
1.95
 	
1.50
3.90
6.50
1.07
1.22
2.50
1.5
1.0
1.55
2.25
2.30
1.57
 	 2:0(1:0)  
201	08/12
17:00	 Aston Villa
Stoke City	
0
0
1.70
2.02
  	
2.0
1.75
1.97
2.45
3.30
2.80
1.37
1.35
1.48
1.0
1.0
1.75
1.95
1.95
1.75
 	 0:0(0:0)  
202	08/12
17:00	 Southampton
Reading	
-0.25
+0.25
1.62
2.20
 
 	
2.75
1.80
 	
1.90
 	
1.90
3.45
3.85
1.23
1.27
1.80
1.5
1.0
1.80
1.75
1.90
1.95
 	 1:0(0:0)  
203	08/12
17:00	 Sunderland
Chelsea	
+0.75
-0.75
1.95
1.80
 
 	
2.5
1.95
1.75
5.75
3.60
1.60
2.25
1.26
1.10
1.0
1.5
2.75
1.80
1.39
1.90
 	 1:3(0:2)  
204	08/12
17:00	 Swansea City
Norwich City	
-0.75
+0.75
1.85
1.90
 
 	
2.5
1.80
1.90
1.65
3.70
5.00
1.13
1.24
2.15
1.5
1.0
1.72
2.40
2.00
1.50
 	 3:4(0:3)  
205	08/12
17:00	 Wigan Athletic
Queens Park Rangers	
-0.25
+0.25
1.80
1.95
 
 	
2.5
1.85
1.85
2.10
3.30
3.30
1.30
1.31
1.68
1.5
1.0
2.10
1.80
1.68
1.90
 	 2:2(1:1)  
206	09/12
15:30	 Manchester City
Manchester United	
-0.25
+0.25
1.80
1.92
 
 	
2.75
1.95
 	
1.75
 	
2.10
3.35
3.35
1.30
1.30
1.68
1.5
1.5
2.02
2.50
1.72
1.45
 	 2:3(0:2)  
207	09/12
17:00	 Everton
Tottenham Hotspur	
-0.25
+0.25
1.75
2.00
 
 	
2.5
1.85
1.85
2.05
3.35
3.45
1.27
1.30
1.70
1.5
1.0
2.10
1.80
1.68
1.90
 	 2:1(0:0)  
208	09/12
18:00	 West Ham United
Liverpool	
+0.25
-0.25
1.72
2.02
 
 	
2.25
1.85
 	
1.85
 	
2.85
3.30
2.40
1.50
1.30
1.38
1.5
1.5
2.80
2.55
1.38
1.45
 	 2:3(2:1)  
209	10/12
22:00	 Fulham
Newcastle United	
-0.25
+0.25
1.60
2.22
 
 	
2.5
1.80
1.90
1.85
3.40
4.10
1.20
1.28
1.85
1.5
1.5
1.85
3.00
1.85
1.34
 	 2:1(1:0)  
168	15/12
14:45	 Newcastle United
Manchester City	
+0.75
-0.75
1.95
1.78
 
 	
2.5
1.77
1.95
5.55
3.70
1.60
2.20
1.24
1.11
1.0
1.5
2.40
1.72
1.50
2.02
 	 1:3(0:2)  
169	15/12
17:00	 Liverpool
Aston Villa	
–1.5
+1.5
1.90
1.85
  	
2.75
1.85
 	
1.85
 	
1.32
4.70
8.85
1.04
1.15
3.30
2.0
1.0
1.80
3.40
1.90
1.28
 	 1:3(0:2)  
170	15/12
17:00	 Manchester United
Sunderland	
–2.0
+2.0
1.95
1.77
  	
3.0
1.72
2.02
1.20
6.00
13.00
1.01
1.09
4.35
2.5
1.0
1.80
3.60
1.92
1.25
 	 3:1(2:0)  
171	15/12
17:00	 Norwich City
Wigan Athletic	
-0.25
+0.25
1.95
1.80
 
 	
2.5
1.80
1.90
2.30
3.35
2.95
1.36
1.30
1.55
1.5
1.5
2.15
2.45
1.65
1.47
 	 2:1(1:0)  
172	15/12
17:00	 Queens Park Rangers
Fulham	
0
0
1.87
1.87
  	
2.5
1.85
1.85
2.60
3.30
2.60
1.44
1.30
1.44
1.5
1.5
2.38
2.38
1.52
1.52
 	 2:1(0:0)  
173	15/12
17:00	 Stoke City
Everton	
+0.25
-0.25
1.75
2.00
 
 	
2.25
2.02
 	
1.72
 	
2.80
3.30
2.40
1.50
1.32
1.37
1.0
1.0
1.95
1.75
1.75
1.95
 	 1:1(0:1)  
174	16/12
15:30	 Tottenham Hotspur
Swansea City	
-0.75
+0.75
1.85
1.85
 
 	
2.75
1.75
 	
1.95
 	
1.65
3.70
5.00
1.13
1.25
2.15
1.5
1.0
1.62
1.97
2.18
1.75
 	 1:0(0:0)  
175	16/12
18:00	 West Bromwich Albion
West Ham United	
-0.25
+0.25
1.65
2.20
 
 	
2.5
1.85
1.85
1.90
3.45
3.85
1.23
1.27
1.85
1.5
1.5
1.95
3.00
1.75
1.34
 	 0:0(0:0)  
176	17/12
22:00	 Reading
Arsenal London	
+0.75
-0.75
1.85
1.85
 
 	
2.75
1.75
 	
1.95
 	
5.00
3.70
1.65
2.20
1.24
1.13
1.0
1.5
1.97
1.62
1.75
2.18
 	 2:5(0:3)  
166	22/12
14:45	 Wigan Athletic
Arsenal London	
+0.75
-0.75
1.90
1.85
 
 	
3.0
1.95
1.77
4.95
3.85
1.62
2.20
1.23
1.13
1.0
1.5
1.97
1.60
1.75
2.25
 	 0:1(0:0)  
167	22/12
17:00	 Manchester City
Reading	
–2.5
+2.5
1.78
1.95
  	
3.5
1.80
1.90
1.08
9.50
22.00
1.01
1.03
6.60
2.5
1.0
1.55
5.50
2.30
1.11
 	 1:0(0:0)  
168	22/12
17:00	 Newcastle United
Queens Park Rangers	
-0.25
+0.25
1.72
2.05
 
 	
2.5
1.85
1.85
2.05
3.40
3.45
1.27
1.28
1.70
1.5
1.0
2.10
1.80
1.68
1.90
 	 1:0(0:0)  
169	22/12
17:00	 Southampton
Sunderland	
-0.25
+0.25
1.65
2.15
 
 	
2.5
1.85
1.85
1.95
3.45
3.65
1.25
1.28
1.77
1.5
1.0
1.95
1.95
1.75
1.75
 	 0:1(0:1)  
170	22/12
17:00	 Tottenham Hotspur
Stoke City	
–1.0
+1.0
1.90
1.85
  	
2.25
1.85
 	
1.85
 	
1.52
3.80
6.50
1.07
1.23
2.42
1.5
1.0
1.80
3.50
1.92
1.26
 	 0:0(0:0)  
171	22/12
17:00	 West Bromwich Albion
Norwich City	
-0.25
+0.25
1.65
2.15
 
 	
2.5
1.85
1.85
1.97
3.45
3.60
1.25
1.28
1.77
1.5
1.0
1.95
1.95
1.75
1.75
 	 2:1(1:1)  
172	22/12
17:00	 West Ham United
Everton	
0
0
1.93
1.77
  	
2.25
1.77
 	
1.95
 	
2.70
3.30
2.50
1.45
1.30
1.40
1.5
1.5
2.66
2.50
1.42
1.45
 	 1:2(1:0)  
173	22/12
19:30	 Liverpool
Fulham	
-1.25
+1.25
1.90
1.80
 
 	
3.0
1.95
1.77
1.42
4.20
7.50
1.06
1.18
2.72
1.5
1.0
1.47
2.45
2.45
1.47
 	 4:0(2:0)  
174	23/12
15:30	 Swansea City
Manchester United	
+0.75
-0.75
1.95
1.80
 
 	
3.0
1.95
1.77
4.90
3.80
1.65
2.15
1.23
1.14
1.0
1.5
1.95
1.62
1.77
2.18
 	 1:1(1:1)  
175	23/12
18:00	 Chelsea
Aston Villa	
–1.5
+1.5
1.87
1.87
  	
3.0
1.85
1.85
1.27
5.20
10.60
1.02
1.12
3.55
2.5
1.0
2.15
3.35
1.65
1.29
 	 8:0(3:0)  
112	26/12
17:00	 Everton
Wigan Athletic	
–1.0
+1.0
1.95
1.77
  	
2.75
1.90
 	
1.80
 	
1.55
3.75
5.80
1.10
1.24
2.30
1.5
1.0
1.62
2.38
2.18
1.52
 	 2:1(0:0)  
113	26/12
17:00	 Fulham
Southampton	
-0.25
+0.25
1.60
2.25
 
 	
2.75
1.95
 	
1.75
 	
1.85
3.50
4.00
1.20
1.26
1.85
1.5
1.5
1.85
2.90
1.85
1.36
 	 1:1(1:0)  
114	26/12
17:00	 Manchester United
Newcastle United	
-1.75
+1.75
1.85
1.90
 
 	
3.0
1.75
1.97
1.22
5.85
12.50
1.01
1.10
4.00
2.5
1.0
1.95
3.45
1.77
1.27
 	 4:3(1:2)  
115	26/12
17:00	 Norwich City
Chelsea	
+1.0
–1.0
1.77
1.95
  	
2.75
1.80
 	
1.90
 	
5.90
3.85
1.55
2.30
1.22
1.10
1.0
1.5
2.20
1.60
1.60
2.20
 	 0:1(0:1)  
116	26/12
17:00	 Queens Park Rangers
West Bromwich Albion	
0
0
1.57
2.25
  	
2.5
1.85
1.85
2.20
3.35
3.10
1.32
1.30
1.62
1.5
1.5
2.15
2.60
1.65
1.44
 	 1:2(0:1)  
117	26/12
17:00	 Reading
Swansea City	
+0.25
-0.25
1.70
2.05
 
 	
2.75
1.95
 	
1.75
 	
2.80
3.35
2.40
1.50
1.30
1.38
1.0
1.0
1.55
1.45
2.30
2.55
 	 0:0(0:0)  
118	26/12
17:00	 Sunderland
Manchester City	
+1.0
–1.0
1.90
1.85
  	
2.5
1.85
1.85
6.50
4.00
1.50
2.50
1.20
1.07
1.0
1.5
2.90
1.65
1.36
2.15
 	 1:0(0:0)  
119	26/12
19:30	 Aston Villa
Tottenham Hotspur	
+0.25
-0.25
2.25
1.60
 
 	
2.75
1.95
 	
1.75
 	
4.00
3.50
1.85
1.85
1.26
1.20
1.5
1.5
2.90
1.85
1.36
1.85
 	 0:4(0:0)  
120	26/12
21:45	 Stoke City
Liverpool	
+0.25
-0.25
2.00
1.75
 
 	
2.25
1.90
 	
1.80
 	
3.40
3.40
2.05
1.70
1.28
1.28
1.0
1.5
2.15
2.25
1.65
1.57
 	 3:1(2:1)  
141	29/12
14:45	 Sunderland
Tottenham Hotspur	
+0.25
-0.25
1.95
1.80
 
 	
2.25
1.80
 	
1.90
 	
3.30
3.35
2.10
1.68
1.30
1.30
1.0
1.5
1.95
2.25
1.75
1.57
 	 1:2(1:0)  
142	29/12
17:00	 Aston Villa
Wigan Athletic	
-0.25
+0.25
2.02
1.72
 
 	
2.25
1.85
 	
1.85
 	
2.40
3.30
2.80
1.38
1.30
1.50
1.5
1.5
2.55
2.80
1.45
1.38
 	 0:3(0:1)  
143	29/12
17:00	 Fulham
Swansea City	
0
0
1.57
2.25
  	
2.5
1.85
1.85
2.20
3.35
3.10
1.32
1.30
1.62
1.5
1.5
2.15
2.60
1.65
1.44
 	 1:2(0:1)  
144	29/12
17:00	 Manchester United
West Bromwich Albion	
-1.75
+1.75
1.98
1.75
 
 	
3.0
1.75
1.97
1.25
5.40
11.00
1.02
1.12
3.70
2.5
1.0
2.00
3.25
1.75
1.32
 	 2:0(1:0)  
145	29/12
17:00	 Norwich City
Manchester City	
+1.0
–1.0
1.85
1.90
  	
2.75
1.90
 	
1.80
 	
6.00
4.00
1.52
2.42
1.20
1.09
1.0
1.5
2.40
1.60
1.50
2.20
 	 3:4(1:2)  
146	29/12
17:00	 Reading
West Ham United	
0
0
1.95
1.77
  	
2.75
1.95
 	
1.75
 	
2.65
3.35
2.50
1.47
1.30
1.42
1.5
1.5
2.30
2.20
1.55
1.60
 	 1:0(1:0)  
147	29/12
17:00	 Stoke City
Southampton	
-0.25
+0.25
1.60
2.25
 
 	
2.25
1.85
 	
1.85
 	
1.85
3.45
4.10
1.20
1.27
1.85
1.5
1.5
2.10
3.75
1.68
1.23
 	 3:3(1:3)  
148	29/12
19:30	 Arsenal London
Newcastle United	
-1.25
+1.25
1.78
1.95
 
 	
3.0
1.87
1.87
1.38
4.55
7.85
1.05
1.16
2.90
1.5
1.0
1.42
2.50
2.68
1.47
 	 7:3(1:1)  
149	30/12
15:30	 Everton
Chelsea	
+0.25
-0.25
1.75
2.00
 
 	
2.75
1.95
 	
1.75
 	
2.90
3.35
2.35
1.52
1.30
1.36
1.5
1.5
2.45
2.15
1.47
1.65
 	 1:2(1:1)  
150	30/12
18:00	 Queens Park Rangers
Liverpool	
+0.75
-0.75
1.75
2.00
 
 	
2.5
1.85
1.85
4.50
3.55
1.75
1.97
1.25
1.17
1.0
1.5
2.20
1.85
1.60
1.85
 	 0:3(0:3)  
59	01/01
14:45	 West Bromwich Albion
Fulham	
-0.25
+0.25
1.65
2.15
 
 	
2.75
1.90
 	
1.80
 	
1.95
3.45
3.60
1.25
1.28
1.77
1.5
1.0
1.85
1.80
1.85
1.90
 	 1:2(0:1)  
60	01/01
17:00	 Manchester City
Stoke City	
–1.5
+1.5
1.92
1.82
  	
2.75
1.85
 	
1.85
 	
1.32
4.70
8.85
1.04
1.15
3.30
2.0
1.0
1.80
3.40
1.90
1.28
 	 3:0(1:0)  
61	01/01
17:00	 Swansea City
Aston Villa	
–1.0
+1.0
1.95
1.77
  	
2.75
1.90
 	
1.80
 	
1.55
3.75
5.90
1.10
1.24
2.30
1.5
1.0
1.62
2.38
2.18
1.52
 	 2:2(1:1)  
62	01/01
17:00	 Tottenham Hotspur
Reading	
–1.5
+1.5
1.85
1.90
  	
2.75
1.75
 	
1.95
 	
1.26
5.20
11.00
1.01
1.12
3.65
2.5
1.0
2.20
3.50
1.60
1.26
 	 3:1(1:1)  
63	01/01
17:00	 West Ham United
Norwich City	
-0.25
+0.25
1.65
2.15
 
 	
2.5
1.85
1.85
1.95
3.45
3.60
1.25
1.28
1.77
1.5
1.0
1.95
1.95
1.75
1.75
 	 2:1(2:0)  
64	01/01
17:00	 Wigan Athletic
Manchester United	
+0.75
-0.75
1.90
1.85
 
 	
2.75
1.85
 	
1.85
 	
5.00
3.65
1.65
2.20
1.25
1.13
1.0
1.5
2.10
1.66
1.68
2.12
 	 0:4(0:2)  
65	01/01
19:30	 Southampton
Arsenal London	
+0.75
-0.75
1.85
1.85
 
 	
2.75
1.75
 	
1.95
 	
4.90
3.75
1.65
2.15
1.24
1.13
1.0
1.5
1.97
1.62
1.75
2.18
 	 1:1(1:1)  
66	02/01
21:45	 Chelsea
Queens Park Rangers	
–2.0
+2.0
1.95
1.77
  	
3.0
1.72
2.02
1.20
6.00
13.00
1.01
1.09
4.35
2.5
1.0
1.90
3.60
1.80
1.25
 	 0:1(0:0)  
67	02/01
21:45	 Liverpool
Sunderland	
–1.5
+1.5
1.90
1.85
  	
2.75
1.85
 	
1.85
 	
1.32
4.70
8.85
1.04
1.15
3.30
2.0
1.0
1.80
3.40
1.90
1.28
 	 3:0(2:0)  
68	02/01
22:00	 Newcastle United
Everton	
+0.25
-0.25
1.80
1.95
 
 	
2.5
1.80
1.90
2.90
3.35
2.30
1.55
1.30
1.36
1.5
1.5
2.45
2.15
1.47
1.65
 	 1:2(1:1)  
255	12/01
14:45	 Queens Park Rangers
Tottenham Hotspur	
+0.75
-0.75
1.75
2.00
 
 	
2.75
1.95
 	
1.75
 	
4.40
3.65
1.75
1.97
1.25
1.17
1.0
1.5
2.05
1.80
1.70
1.90
 	 0:0(0:0)  
256	12/01
17:00	 Aston Villa
Southampton	
-0.25
+0.25
2.05
1.70
 
 	
2.75
1.95
 	
1.75
 	
2.40
3.30
2.80
1.38
1.30
1.50
1.0
1.0
1.45
1.55
2.55
2.30
 	 0:1(0:1)  
257	12/01
17:00	 Everton
Swansea City	
–1.0
+1.0
1.95
1.77
  	
2.75
1.80
 	
1.90
 	
1.55
3.85
5.90
1.10
1.22
2.30
1.5
1.0
1.60
2.20
2.20
1.60
 	 0:0(0:0)  
258	12/01
17:00	 Fulham
Wigan Athletic	
-0.25
+0.25
1.80
1.95
 
 	
2.5
1.85
1.85
2.10
3.30
3.30
1.30
1.31
1.68
1.5
1.0
2.10
1.80
1.68
1.90
 	 1:1(1:0)  
259	12/01
17:00	 Norwich City
Newcastle United	
-0.25
+0.25
1.75
2.00
 
 	
2.5
1.85
1.85
2.05
3.40
3.40
1.28
1.28
1.70
1.5
1.0
2.10
1.80
1.68
1.90
 	 0:0(0:0)  
260	12/01
17:00	 Reading
West Bromwich Albion	
0
0
1.97
1.75
  	
2.5
1.87
1.87
2.70
3.35
2.45
1.48
1.30
1.40
1.0
1.0
1.60
1.50
2.20
2.40
 	 3:2(0:1)  
261	12/01
17:00	 Stoke City
Chelsea	
+0.25
-0.25
2.25
1.60
 
 	
2.25
1.85
 	
1.85
 	
4.00
3.50
1.85
1.85
1.26
1.20
1.5
1.5
3.75
2.10
1.23
1.68
 	 0:4(0:1)  
262	12/01
17:00	 Sunderland
West Ham United	
0
0
1.77
1.95
  	
2.25
1.80
 	
1.90
 	
2.50
3.35
2.70
1.40
1.30
1.47
1.5
1.5
2.55
2.66
1.45
1.42
 	 3:0(1:0)  
263	13/01
15:30	 Manchester United
Liverpool	
-0.25
+0.25
1.60
2.22
 
 	
3.0
1.90
1.80
1.85
3.65
3.90
1.22
1.25
1.90
1.5
1.5
1.70
2.55
2.05
1.45
 	 2:1(1:0)  
264	13/01
18:00	 Arsenal London
Manchester City	
0
0
1.75
1.97
  	
2.75
1.86
 	
1.86
 	
2.45
3.35
2.75
1.39
1.30
1.48
1.0
1.0
1.42
1.48
2.68
2.45
 	 0:2(0:2)  
198	19/01
17:00	 Liverpool
Norwich City	
–1.5
+1.5
1.85
1.90
  	
3.0
1.85
1.85
1.26
5.30
10.50
1.02
1.12
3.60
2.5
1.0
2.15
3.35
1.65
1.29
 	 5:0(2:0)  
199	19/01
17:00	 Manchester City
Fulham	
-1.75
+1.75
1.85
1.90
 
 	
3.0
1.75
1.97
1.22
5.85
12.50
1.01
1.10
4.00
2.5
1.0
2.00
3.45
1.75
1.27
 	 2:0(1:0)  
200	19/01
17:00	 Newcastle United
Reading	
-0.75
+0.75
1.85
1.90
 
 	
2.75
1.95
 	
1.75
 	
1.65
3.65
5.10
1.13
1.25
2.20
1.5
1.0
1.70
2.25
2.05
1.57
 	 1:2(1:0)  
201	19/01
17:00	 Swansea City
Stoke City	
-0.25
+0.25
1.80
1.92
 
 	
2.25
1.80
 	
1.90
 	
2.10
3.35
3.35
1.30
1.30
1.68
1.5
1.0
2.25
1.95
1.57
1.75
 	 3:1(0:0)  
202	19/01
17:00	 West Ham United
Queens Park Rangers	
-0.25
+0.25
1.80
1.95
 
 	
2.5
1.85
1.85
2.10
3.30
3.30
1.30
1.31
1.68
1.5
1.0
2.10
1.80
1.68
1.90
 	 1:1(0:1)  
203	19/01
17:00	 Wigan Athletic
Sunderland	
-0.25
+0.25
1.80
1.92
 
 	
2.25
1.80
 	
1.90
 	
2.10
3.35
3.35
1.30
1.30
1.68
1.5
1.0
2.25
1.95
1.57
1.75
 	 2:3(1:3)  
204	19/01
19:30	 West Bromwich Albion
Aston Villa	
-0.75
+0.75
2.00
1.75
 
 	
2.75
1.95
 	
1.75
 	
1.75
3.55
4.35
1.17
1.25
1.97
1.5
1.0
1.80
2.05
1.90
1.70
 	 2:2(0:2)  
205	20/01
15:30	 Chelsea
Arsenal London	
-0.25
+0.25
1.60
2.25
 
 	
2.75
1.80
 	
1.90
 	
1.85
3.50
4.00
1.20
1.26
1.90
1.5
1.5
1.75
2.75
1.97
1.39
 	 2:1(2:0)  
206	20/01
18:00	 Tottenham Hotspur
Manchester United	
0
0
2.10
1.68
  	
2.75
1.85
 	
1.85
 	
2.80
3.40
2.35
1.52
1.28
1.39
1.5
1.5
2.30
2.10
1.55
1.68
 	 1:1(0:1)  
207	21/01
22:00	 Southampton
Everton	
+0.25
-0.25
2.15
1.65
 
 	
2.75
1.90
 	
1.80
 	
3.60
3.45
1.95
1.77
1.27
1.25
1.0
1.5
1.80
1.85
1.90
1.85
 	 0:0(0:0) 
122	29/01
21:45	 Aston Villa
Newcastle United	
0
0
1.85
1.85
  	
2.5
1.77
1.95
2.60
3.30
2.60
1.44
1.30
1.44
1.5
1.5
2.30
2.30
1.55
1.55
 	 1:2(0:2)  
123	29/01
21:45	 Queens Park Rangers
Manchester City	
+1.25
-1.25
1.80
1.90
 
 	
3.0
1.95
1.77
7.25
4.25
1.42
2.72
1.18
1.06
1.0
1.5
2.45
1.47
1.47
2.45
 	 0:0(0:0)  
124	29/01
21:45	 Sunderland
Swansea City	
-0.25
+0.25
2.00
1.75
 
 	
2.5
1.95
1.77
2.40
3.30
2.85
1.37
1.30
1.50
1.0
1.0
1.56
1.70
2.26
2.05
 	 0:0(0:0)  
125	29/01
21:45	 Stoke City
Wigan Athletic	
0
0
1.60
2.20
  	
2.25
1.90
 	
1.80
 	
2.20
3.35
3.05
1.33
1.30
1.60
1.5
1.5
2.40
3.10
1.50
1.32
 	 2:2(1:0)  
126	30/01
21:45	 Arsenal London
Liverpool	
-0.25
+0.25
1.95
1.80
 
 	
2.75
1.85
 	
1.85
 	
2.30
3.40
2.95
1.36
1.28
1.55
1.5
1.5
2.02
2.25
1.72
1.57
 	 2:2(0:1)  
127	30/01
21:45	 Norwich City
Tottenham Hotspur	
+0.75
-0.75
1.75
2.00
 
 	
2.75
1.95
 	
1.75
 	
4.45
3.60
1.75
1.97
1.25
1.17
1.0
1.5
2.05
1.80
1.70
1.90
 	 1:1(1:0)  
128	30/01
21:45	 Everton
West Bromwich Albion	
–1.0
+1.0
1.95
1.77
  	
2.75
1.90
 	
1.80
 	
1.55
3.85
5.85
1.10
1.22
2.30
1.5
1.0
1.62
2.38
2.18
1.52
 	 2:1(2:0)  
129	30/01
22:00	 Fulham
West Ham United	
-0.25
+0.25
1.80
1.95
 
 	
2.5
1.85
1.85
2.10
3.35
3.30
1.30
1.30
1.68
1.5
1.0
2.10
1.80
1.68
1.90
 	 3:1(1:0)  
130	30/01
22:00	 Manchester United
Southampton	
–2.0
+2.0
1.95
1.77
  	
3.5
1.95
1.77
1.20
6.20
12.50
1.01
1.09
4.20
2.5
1.0
1.80
2.75
1.90
1.39
 	 2:1(2:1)  
131	30/01
22:00	 Reading
Chelsea	
+1.25
-1.25
1.80
1.90
 
 	
3.0
1.95
1.77
7.35
4.30
1.42
2.72
1.18
1.06
1.0
1.5
2.45
1.47
1.47
2.45
 	 2:2(0:1)  
196	02/02
14:45	 Queens Park Rangers
Norwich City	
-0.25
+0.25
1.80
1.92
 
 	
2.25
1.80
 	
1.90
 	
2.10
3.35
3.35
1.30
1.30
1.68
1.5
1.0
2.25
1.95
1.57
1.75
 	 0:0(0:0)  
197	02/02
17:00	 Arsenal London
Stoke City	
-1.25
+1.25
1.80
1.95
 
 	
2.75
1.85
 	
1.85
 	
1.38
4.45
7.85
1.05
1.17
2.90
1.5
1.0
1.47
2.95
2.50
1.35
 	 1:0(0:0)  
198	02/02
17:00	 Everton
Aston Villa	
-1.25
+1.25
1.77
1.95
 
 	
2.75
1.80
 	
1.90
 	
1.38
4.45
7.85
1.05
1.17
2.90
1.5
1.0
1.45
2.95
2.60
1.35
 	 3:3(1:2)  
199	02/02
17:00	 Newcastle United
Chelsea	
+0.25
-0.25
2.20
1.65
 
 	
2.5
1.85
1.85
3.75
3.50
1.90
1.85
1.26
1.24
1.5
1.5
3.00
1.95
1.34
1.75
 	 3:2(1:0)  
200	02/02
17:00	 Reading
Sunderland	
-0.25
+0.25
2.00
1.75
 
 	
2.5
1.95
1.77
2.40
3.35
2.80
1.38
1.30
1.50
1.0
1.0
1.56
1.70
2.26
2.05
 	 2:1(1:1)  
201	02/02
17:00	 West Ham United
Swansea City	
-0.25
+0.25
1.95
1.80
 
 	
2.5
1.80
1.90
2.30
3.35
2.95
1.36
1.30
1.55
1.5
1.5
2.15
2.45
1.65
1.47
 	 1:0(0:0)  
202	02/02
17:00	 Wigan Athletic
Southampton	
0
0
1.57
2.25
  	
2.5
1.85
1.85
2.20
3.35
3.10
1.32
1.30
1.62
1.5
1.5
2.15
2.60
1.65
1.44
 	 2:2(1:0)  
203	02/02
19:30	 Fulham
Manchester United	
+1.0
–1.0
1.77
1.95
  	
2.75
1.80
 	
1.90
 	
5.90
3.85
1.55
2.30
1.22
1.10
1.0
1.5
2.20
1.60
1.60
2.20
 	 0:1(0:0)  
204	03/02
15:30	 West Bromwich Albion
Tottenham Hotspur	
+0.25
-0.25
1.95
1.80
 
 	
2.5
1.85
1.85
3.30
3.35
2.10
1.68
1.30
1.30
1.0
1.5
1.80
2.10
1.90
1.68
 	 0:1(0:0)  
205	03/02
18:00	 Manchester City
Liverpool	
-0.75
+0.75
2.00
1.75
 
 	
2.75
1.80
 	
1.90
 	
1.75
3.65
4.35
1.17
1.24
2.00
1.5
1.0
1.70
1.85
2.05
1.85
 	 2:2(1:1)  
192	09/02
14:45	 Tottenham Hotspur
Newcastle United	
-0.75
+0.75
1.78
1.95
 
 	
2.5
1.80
1.90
1.60
3.70
5.60
1.11
1.25
2.25
1.5
1.0
1.72
2.40
2.02
1.50
 	 2:1(1:1)  
193	09/02
17:00	 Chelsea
Wigan Athletic	
–1.5
+1.5
1.85
1.85
  	
3.0
1.75
1.95
1.30
5.25
8.75
1.04
1.13
3.35
2.0
1.0
1.62
2.70
2.18
1.40
 	 4:1(1:0)  
194	09/02
17:00	 Norwich City
Fulham	
0
0
1.57
2.25
  	
2.5
1.95
1.75
2.20
3.35
3.10
1.32
1.30
1.60
1.5
1.5
2.20
2.75
1.60
1.39
 	 0:0(0:0)  
195	09/02
17:00	 Stoke City
Reading	
-0.25
+0.25
1.60
2.25
 
 	
2.5
1.95
1.75
1.85
3.45
4.10
1.20
1.28
1.90
1.5
1.5
1.95
3.30
1.75
1.30
 	 2:1(0:0)  
196	09/02
17:00	 Sunderland
Arsenal London	
+0.25
-0.25
2.22
1.60
 
 	
2.5
1.80
1.90
4.10
3.50
1.85
1.85
1.26
1.20
1.5
1.5
3.00
1.85
1.34
1.85
 	 0:1(0:1)  
197	09/02
17:00	 Swansea City
Queens Park Rangers	
-0.75
+0.75
1.85
1.90
 
 	
2.5
1.95
1.75
1.65
3.60
5.20
1.12
1.25
2.17
1.5
1.0
1.80
2.66
1.90
1.42
 	 4:1(2:0)  
198	09/02
19:30	 Southampton
Manchester City	
+0.75
-0.75
1.90
1.80
 
 	
2.5
1.80
1.90
5.50
3.70
1.60
2.25
1.24
1.11
1.0
1.5
2.40
1.72
1.50
2.02
 	 3:1(2:1)  
199	10/02
15:30	 Aston Villa
West Ham United	
0
0
1.85
1.85
  	
2.5
1.85
1.85
2.60
3.30
2.60
1.44
1.30
1.44
1.5
1.5
2.38
2.38
1.52
1.52
 	 2:1(0:0)  
200	10/02
18:00	 Manchester United
Everton	
-0.75
+0.75
1.85
1.85
 
 	
2.75
1.75
 	
1.95
 	
1.65
3.75
4.90
1.13
1.24
2.15
1.5
1.0
1.62
1.97
2.18
1.75
 	 2:0(2:0)  
201	11/02
22:00	 Liverpool
West Bromwich Albion	
–1.5
+1.5
1.80
1.95
  	
2.75
1.75
 	
1.95
 	
1.27
5.20
11.00
1.01
1.12
3.60
2.5
1.0
2.20
3.50
1.60
1.26
 	 0:2(0:0)  
166	17/02
17:00	 Liverpool
Swansea City	
-1.25
+1.25
1.80
1.95
 
 	
2.75
1.85
 	
1.85
 	
1.38
4.45
7.85
1.05
1.17
2.90
1.5
1.0
1.47
2.95
2.50
1.35
 	 5:0(1:0)  
163	23/02
14:45	 Fulham
Stoke City	
-0.25
+0.25
1.77
1.97
 
 	
2.25
1.85
 	
1.85
 	
2.10
3.35
3.35
1.30
1.30
1.68
1.5
1.5
2.20
3.10
1.60
1.32
 	 1:0(1:0)  
164	23/02
17:00	 Arsenal London
Aston Villa	
-1.75
+1.75
1.95
1.78
 
 	
3.0
1.70
2.05
1.26
5.50
10.00
1.02
1.11
3.75
2.5
1.0
2.02
3.00
1.72
1.34
 	 2:1(1:0)  
165	23/02
17:00	 Norwich City
Everton	
0
0
2.27
1.57
  	
2.5
1.95
1.75
3.05
3.35
2.20
1.60
1.30
1.33
1.5
1.5
2.75
2.20
1.39
1.60
 	 2:1(0:1)  
166	23/02
17:00	 Queens Park Rangers
Manchester United	
+1.0
–1.0
1.78
1.95
  	
2.75
1.90
 	
1.80
 	
5.80
3.85
1.55
2.35
1.23
1.10
1.0
1.5
2.38
1.62
1.52
2.18
 	 0:2(0:1)  
167	23/02
17:00	 Reading
Wigan Athletic	
0
0
1.85
1.85
  	
2.5
1.77
1.95
2.60
3.30
2.60
1.44
1.30
1.44
1.5
1.5
2.30
2.30
1.55
1.55
 	 0:3(0:2)  
168	23/02
17:00	 West Bromwich Albion
Sunderland	
-0.25
+0.25
1.60
2.22
 
 	
2.5
1.80
1.90
1.85
3.45
4.10
1.20
1.28
1.85
1.5
1.5
1.85
3.00
1.85
1.34
 	 2:1(1:0)  
169	24/02
15:30	 Manchester City
Chelsea	
-0.25
+0.25
1.65
2.15
 
 	
2.75
1.85
 	
1.85
 	
1.90
3.55
3.90
1.22
1.26
1.85
1.5
1.5
1.75
2.90
1.97
1.36
 	 2:0(0:0)  
170	24/02
15:30	 Newcastle United
Southampton	
0
0
1.56
2.27
  	
2.5
1.85
1.85
2.20
3.35
3.10
1.33
1.30
1.62
1.5
1.5
2.15
2.60
1.65
1.44
 	 4:2(2:1)  
171	25/02
22:00	 West Ham United
Tottenham Hotspur	
+0.25
-0.25
1.95
1.80
 
 	
2.5
1.85
1.85
3.30
3.35
2.10
1.68
1.30
1.30
1.0
1.5
1.80
2.10
1.90
1.68
 	 2:3(1:1)
169	02/03
17:00	 Chelsea
West Bromwich Albion	
-1.25
+1.25
1.78
1.95
 
 	
3.0
1.87
1.87
1.38
4.55
7.85
1.05
1.16
2.90
1.5
1.0
1.42
2.50
2.68
1.47
 	 1:0(1:0)  
170	02/03
17:00	 Everton
Reading	
–1.5
+1.5
1.87
1.87
  	
3.0
1.85
1.85
1.26
5.20
10.50
1.02
1.12
3.60
2.5
1.0
2.15
3.35
1.65
1.29
 	 3:1(1:0)  
171	02/03
17:00	 Manchester United
Norwich City	
–1.5
+1.5
1.75
2.05
  	
3.0
1.77
1.95
1.26
5.30
11.00
1.01
1.13
3.75
2.5
1.0
2.10
3.30
1.68
1.30
 	 4:0(1:0)  
172	02/03
17:00	 Southampton
Queens Park Rangers	
-0.75
+0.75
1.85
1.90
 
 	
2.75
1.95
 	
1.75
 	
1.65
3.55
5.10
1.13
1.25
2.20
1.5
1.0
1.70
2.25
2.05
1.57
 	 1:2(1:1)  
173	02/03
17:00	 Stoke City
West Ham United	
-0.25
+0.25
2.02
1.72
 
 	
2.25
1.85
 	
1.85
 	
2.40
3.30
2.80
1.38
1.30
1.50
1.5
1.5
2.55
2.80
1.45
1.38
 	 0:1(0:1)  
174	02/03
17:00	 Sunderland
Fulham	
0
0
1.60
2.25
  	
2.25
1.85
 	
1.85
 	
2.25
3.30
3.05
1.33
1.30
1.57
1.5
1.5
2.40
2.95
1.50
1.35
 	 2:2(1:2)  
175	02/03
17:00	 Swansea City
Newcastle United	
-0.25
+0.25
1.67
2.12
 
 	
2.5
1.77
1.95
1.97
3.50
3.55
1.26
1.26
1.75
1.0
1.0
1.33
1.77
3.10
1.95
 	 1:0(0:0)  
176	02/03
19:30	 Wigan Athletic
Liverpool	
+0.75
-0.75
1.75
2.00
 
 	
2.75
1.95
 	
1.75
 	
4.35
3.60
1.75
1.97
1.25
1.17
1.0
1.5
2.05
1.80
1.70
1.90
 	 0:4(0:3)  
177	03/03
18:00	 Tottenham Hotspur
Arsenal London	
-0.25
+0.25
1.95
1.80
 
 	
2.75
1.85
 	
1.85
 	
2.30
3.40
2.95
1.36
1.28
1.55
1.5
1.5
2.02
2.25
1.72
1.57
 	 2:1(2:0)  
178	04/03
22:00	 Aston Villa
Manchester City	
+1.25
-1.25
1.80
1.90
 
 	
3.0
1.95
1.77
7.45
4.25
1.42
2.72
1.18
1.06
1.0
1.5
2.45
1.47
1.47
2.45
 	 0:1(0:1)  
181	09/03
17:00	 Norwich City
Southampton	
0
0
1.72
2.02
  	
2.5
1.87
1.87
2.45
3.30
2.75
1.39
1.30
1.48
1.0
1.0
1.50
1.60
2.40
2.20
 	 0:0(0:0)  
182	09/03
17:00	 Queens Park Rangers
Sunderland	
0
0
1.60
2.25
  	
2.25
1.85
 	
1.85
 	
2.25
3.30
3.05
1.33
1.30
1.57
1.5
1.5
2.40
2.95
1.50
1.35
 	 3:1(1:1)  
183	09/03
17:00	 Reading
Aston Villa	
0
0
1.85
1.85
  	
2.5
1.77
1.95
2.60
3.30
2.60
1.44
1.30
1.44
1.5
1.5
2.30
2.30
1.55
1.55
 	 1:2(1:2)  
184	09/03
17:00	 West Bromwich Albion
Swansea City	
-0.25
+0.25
1.95
1.80
 
 	
2.5
1.80
1.90
2.30
3.35
2.95
1.36
1.30
1.55
1.5
1.5
2.15
2.45
1.65
1.47
 	 2:1(1:1)  
185	10/03
17:00	 Newcastle United
Stoke City	
-0.75
+0.75
2.00
1.75
 
 	
2.25
1.80
 	
1.90
 	
1.75
3.50
4.55
1.15
1.26
2.00
1.5
1.0
1.95
2.45
1.75
1.47
 	 2:1(0:0)  
186	10/03
18:00	 Liverpool
Tottenham Hotspur	
-0.25
+0.25
1.60
2.25
 
 	
2.75
1.85
 	
1.85
 	
1.85
3.55
4.00
1.20
1.26
1.90
1.5
1.5
1.75
2.90
1.97
1.36
 	 3:2(1:1)  
157	16/03
14:45	 Everton
Manchester City	
+0.25
-0.25
2.00
1.75
 
 	
2.5
1.85
1.85
3.50
3.35
2.05
1.70
1.30
1.27
1.0
1.5
1.80
2.10
1.90
1.68
 	 2:0(1:0)  
158	16/03
17:00	 Aston Villa
Queens Park Rangers	
-0.25
+0.25
1.95
1.75
 
 	
2.5
1.90
1.80
2.30
3.30
2.90
1.36
1.30
1.55
1.5
1.5
2.20
2.60
1.60
1.44
 	 3:2(1:1)  
159	16/03
17:00	 Southampton
Liverpool	
+0.25
-0.25
2.15
1.65
 
 	
2.75
1.85
 	
1.85
 	
3.80
3.55
1.90
1.85
1.26
1.23
1.5
1.5
2.90
1.75
1.36
1.97
 	 3:1(2:1)  
160	16/03
17:00	 Stoke City
West Bromwich Albion	
0
0
1.85
1.85
  	
2.25
1.85
 	
1.85
 	
2.55
3.35
2.55
1.45
1.30
1.45
1.5
1.5
2.60
2.60
1.44
1.44
 	 0:0(0:0)  
161	16/03
17:00	 Swansea City
Arsenal London	
+0.25
-0.25
1.90
1.85
 
 	
2.75
1.85
 	
1.85
 	
3.10
3.40
2.20
1.60
1.28
1.32
1.5
1.5
2.40
2.02
1.50
1.72
 	 0:2(0:0)  
162	16/03
19:30	 Manchester United
Reading	
-2.25
+2.25
1.77
1.95
 
 	
3.5
1.80
1.90
1.13
7.75
17.00
1.01
1.05
5.50
2.5
1.0
1.60
3.60
2.22
1.25
 	 1:0(1:0)  
163	17/03
15:30	 Sunderland
Norwich City	
0
0
1.47
2.50
  	
2.5
1.95
1.75
2.00
3.30
3.65
1.24
1.30
1.72
1.0
1.0
1.40
1.95
2.70
1.75
 	 1:1(1:1)  
164	17/03
17:00	 Tottenham Hotspur
Fulham	
-1.25
+1.25
1.95
1.77
 
 	
3.0
1.95
1.77
1.44
4.10
7.25
1.06
1.20
2.70
1.5
1.0
1.47
2.45
2.45
1.47
 	 0:1(0:0)  
165	17/03
18:00	 Chelsea
West Ham United	
–1.5
+1.5
1.85
1.85
  	
3.0
1.75
1.95
1.32
5.00
8.50
1.04
1.13
3.25
2.0
1.0
1.62
2.70
2.18
1.40
 	 2:0(1:0)  
166	17/03
18:00	 Wigan Athletic
Newcastle United	
0
0
1.60
2.20
  	
2.5
1.85
1.85
2.20
3.35
3.10
1.32
1.30
1.62
1.5
1.5
2.15
2.60
1.65
1.44
 	 2:1(1:0)  
203	30/03
14:45	 Sunderland
Manchester United	
+0.75
-0.75
1.95
1.80
 
 	
2.5
1.95
1.75
5.75
3.65
1.60
2.25
1.25
1.10
1.0
1.5
2.75
1.80
1.39
1.90
 	 0:1(0:1)  
204	30/03
17:00	 Arsenal London
Reading	
–2.0
+2.0
1.95
1.77
  	
3.5
1.95
1.77
1.20
6.20
12.50
1.01
1.09
4.20
2.5
1.0
1.80
2.75
1.90
1.39
 	 4:1(1:0)  
205	30/03
17:00	 Manchester City
Newcastle United	
-1.75
+1.75
1.95
1.80
 
 	
3.0
1.80
1.90
1.25
5.40
11.00
1.02
1.12
3.75
2.5
1.0
2.05
3.25
1.70
1.32
 	 4:0(2:0)  
206	30/03
17:00	 Swansea City
Tottenham Hotspur	
+0.25
-0.25
1.80
1.95
 
 	
2.5
1.80
1.90
2.95
3.35
2.30
1.55
1.30
1.36
1.5
1.5
2.45
2.15
1.47
1.65
 	 1:2(0:2)  
207	30/03
17:00	 West Ham United
West Bromwich Albion	
-0.25
+0.25
1.75
2.00
 
 	
2.5
1.85
1.85
2.05
3.35
3.45
1.28
1.30
1.70
1.5
1.0
2.10
1.80
1.68
1.90
 	 3:1(2:0)  
208	30/03
17:00	 Wigan Athletic
Norwich City	
-0.25
+0.25
1.60
2.25
 
 	
2.5
1.80
1.90
1.85
3.45
4.10
1.20
1.27
1.85
1.5
1.5
1.85
3.00
1.85
1.34
 	 1:0(0:0)  
209	30/03
17:00	 Southampton
Chelsea	
+0.25
-0.25
1.80
1.95
 
 	
2.5
1.80
1.90
2.95
3.35
2.30
1.55
1.30
1.36
1.5
1.5
2.45
2.15
1.47
1.65
 	 2:1(2:1)  
210	30/03
19:30	 Everton
Stoke City	
-0.75
+0.75
1.85
1.90
 
 	
2.25
1.90
 	
1.80
 	
1.65
3.55
5.20
1.12
1.25
2.15
1.5
1.0
1.90
3.00
1.80
1.34
 	 1:0(1:0)  
211	31/03
15:30	 Aston Villa
Liverpool	
+0.75
-0.75
1.85
1.85
 
 	
2.75
1.75
 	
1.95
 	
5.00
3.70
1.65
2.15
1.25
1.13
1.0
1.5
1.97
1.62
1.75
2.18
 	 1:2(1:0)  
212	01/04
22:00	 Fulham
Queens Park Rangers	
-0.25
+0.25
1.65
2.15
 
 	
2.5
1.85
1.85
1.95
3.50
3.60
1.25
1.26
1.77
1.5
1.0
1.95
1.95
1.75
1.75
 	 3:2(3:1)  
176	06/04
14:45	 Reading
Southampton	
+0.25
-0.25
1.95
1.77
 
 	
2.75
1.90
 	
1.80
 	
3.40
3.35
2.05
1.70
1.30
1.29
1.5
1.5
2.50
1.95
1.45
1.75
 	 0:2(0:1)  
177	06/04
17:00	 Norwich City
Swansea City	
0
0
1.80
1.90
  	
2.25
1.77
 	
1.95
 	
2.50
3.35
2.65
1.42
1.30
1.45
1.5
1.5
2.50
2.66
1.45
1.42
 	 2:2(1:1)  
178	06/04
17:00	 Stoke City
Aston Villa	
-0.25
+0.25
1.75
2.00
 
 	
2.25
1.90
 	
1.80
 	
2.05
3.35
3.40
1.28
1.30
1.70
1.5
1.0
2.25
2.15
1.57
1.65
 	 1:3(0:1)  
179	06/04
17:00	 West Bromwich Albion
Arsenal London	
+0.75
-0.75
1.75
2.00
 
 	
2.75
1.95
 	
1.75
 	
4.50
3.55
1.75
1.97
1.25
1.16
1.0
1.5
2.05
1.80
1.70
1.90
 	 1:2(0:1)  
180	07/04
15:30	 Liverpool
West Ham United	
–1.5
+1.5
1.87
1.87
  	
3.0
1.85
1.85
1.27
5.25
10.50
1.02
1.12
3.60
2.5
1.0
2.15
3.35
1.65
1.29
 	 0:0(0:0)  
181	07/04
16:05	 Tottenham Hotspur
Everton	
-0.25
+0.25
1.80
1.95
 
 	
2.25
1.80
 	
1.90
 	
2.10
3.35
3.30
1.30
1.30
1.68
1.5
1.0
2.25
1.95
1.57
1.75
 	 2:2(1:1)  
182	07/04
17:00	 Chelsea
Sunderland	
–1.5
+1.5
1.87
1.87
  	
3.0
1.85
1.85
1.27
5.25
10.50
1.02
1.12
3.60
2.5
1.0
2.15
3.35
1.65
1.29
 	 2:1(0:1)  
183	07/04
17:00	 Newcastle United
Fulham	
-0.25
+0.25
1.65
2.15
 
 	
2.5
1.85
1.85
1.95
3.45
3.65
1.25
1.28
1.77
1.5
1.0
1.95
1.95
1.75
1.75
 	 1:0(0:0)  
184	07/04
18:10	 Queens Park Rangers
Wigan Athletic	
-0.25
+0.25
1.95
1.80
 
 	
2.5
1.80
1.90
2.30
3.35
2.95
1.36
1.30
1.55
1.5
1.5
2.15
2.45
1.65
1.47
 	 1:1(0:0)  
185	08/04
22:00	 Manchester United
Manchester City	
-0.25
+0.25
1.80
1.95
 
 	
2.75
1.90
 	
1.80
 	
2.10
3.35
3.30
1.30
1.30
1.68
1.5
1.5
1.95
2.50
1.75
1.45
 	 1:2(0:0)  
164	13/04
17:00	 Arsenal London
Norwich City	
-1.75
+1.75
1.95
1.77
 
 	
3.0
1.77
1.95
1.25
5.35
11.00
1.01
1.12
3.75
2.5
1.0
2.00
3.30
1.75
1.30
 	 3:1(0:0)  
165	13/04
17:00	 Aston Villa
Fulham	
0
0
1.60
2.20
  	
2.5
1.85
1.85
2.25
3.30
3.10
1.32
1.30
1.62
1.5
1.5
2.15
2.60
1.65
1.44
 	 1:1(0:0)  
166	13/04
17:00	 Everton
Queens Park Rangers	
-1.25
+1.25
1.95
1.77
 
 	
2.75
1.95
 	
1.75
 	
1.42
4.20
7.60
1.05
1.20
2.72
1.5
1.0
1.55
2.95
2.30
1.35
 	 2:0(1:0)  
167	13/04
17:00	 Reading
Liverpool	
+1.25
-1.25
1.92
1.80
 
 	
3.0
1.87
1.87
7.85
4.55
1.38
2.90
1.16
1.05
1.0
1.5
2.50
1.42
1.47
2.68
 	 0:0(0:0)  
168	13/04
17:00	 Southampton
West Ham United	
-0.75
+0.75
2.00
1.75
 
 	
2.75
1.95
 	
1.75
 	
1.75
3.60
4.45
1.17
1.25
1.97
1.5
1.0
1.80
2.05
1.90
1.70
 	 1:1(0:0)  
169	14/04
14:00	 Newcastle United
Sunderland	
-0.25
+0.25
1.60
2.22
 
 	
2.5
1.80
1.90
1.85
3.45
4.10
1.20
1.28
1.85
1.5
1.5
1.85
3.00
1.85
1.34
 	 0:3(0:1)  
170	14/04
16:05	 Stoke City
Manchester United	
+1.0
–1.0
1.80
1.95
  	
2.5
1.90
1.80
6.10
3.75
1.55
2.35
1.24
1.09
1.0
1.5
2.80
1.72
1.38
2.05
 	 0:2(0:1)  
210	20/04
17:00	 Fulham
Arsenal London	
+1.0
–1.0
1.77
1.95
  	
2.75
1.90
 	
1.80
 	
5.80
3.85
1.55
2.30
1.23
1.10
1.0
1.5
2.38
1.62
1.52
2.18
 	 0:1(0:1)  
211	20/04
17:00	 Norwich City
Reading	
-0.75
+0.75
2.00
1.75
 
 	
2.75
1.95
 	
1.75
 	
1.75
3.55
4.35
1.17
1.25
1.97
1.5
1.0
1.80
2.05
1.90
1.70
 	 2:1(0:0)  
212	20/04
17:00	 Queens Park Rangers
Stoke City	
-0.25
+0.25
1.77
1.97
 
 	
2.25
1.85
 	
1.85
 	
2.10
3.35
3.35
1.30
1.30
1.68
1.5
1.5
2.20
3.10
1.60
1.32
 	 0:2(0:1)  
213	20/04
17:00	 Sunderland
Everton	
0
0
2.25
1.57
  	
2.5
1.95
1.75
3.10
3.35
2.20
1.60
1.30
1.33
1.5
1.5
2.75
2.20
1.39
1.60
 	 1:0(1:0)  
214	20/04
17:00	 Swansea City
Southampton	
-0.25
+0.25
1.95
1.80
 
 	
2.5
1.80
1.90
2.30
3.35
2.95
1.36
1.30
1.55
1.5
1.5
2.15
2.45
1.65
1.47
 	 0:0(0:0)  
215	20/04
17:00	 West Bromwich Albion
Newcastle United	
-0.25
+0.25
1.95
1.80
 
 	
2.5
1.80
1.90
2.30
3.35
2.95
1.36
1.30
1.55
1.5
1.5
2.15
2.45
1.65
1.47
 	 1:1(0:1)  
216	20/04
17:00	 West Ham United
Wigan Athletic	
-0.25
+0.25
1.95
1.80
 
 	
2.5
1.80
1.90
2.30
3.35
2.95
1.36
1.30
1.55
1.5
1.5
2.15
2.45
1.65
1.47
 	 2:0(1:0)  
217	21/04
15:30	 Tottenham Hotspur
Manchester City	
0
0
1.98
1.75
  	
2.5
1.87
1.87
2.75
3.35
2.45
1.48
1.30
1.39
1.0
1.0
1.60
1.50
2.20
2.40
 	 3:1(0:1)  
218	21/04
18:00	 Liverpool
Chelsea	
-0.25
+0.25
1.85
1.90
 
 	
2.75
1.85
 	
1.85
 	
2.20
3.40
3.15
1.32
1.28
1.60
1.5
1.5
2.02
2.40
1.72
1.50
 	 2:2(0:1)  
219	22/04
22:00	 Manchester United
Aston Villa	
-1.75
+1.75
1.85
1.85
 
 	
3.0
1.75
1.97
1.22
5.85
12.50
1.01
1.10
4.00
2.5
1.0
2.00
3.45
1.75
1.27
 	 3:0(3:0) 
167	27/04
14:45	 Manchester City
West Ham United	
-1.75
+1.75
1.85
1.90
 
 	
3.0
1.75
1.97
1.22
5.85
12.50
1.01
1.10
4.00
2.5
1.0
2.00
3.45
1.75
1.27
 	 2:1(1:0)  
168	27/04
17:00	 Everton
Fulham	
-1.25
+1.25
1.90
1.80
 
 	
3.0
1.95
1.77
1.42
4.25
7.40
1.06
1.18
2.72
1.5
1.0
1.47
2.45
2.45
1.47
 	 1:0(1:0)  
169	27/04
17:00	 Southampton
West Bromwich Albion	
-0.75
+0.75
1.85
1.90
 
 	
2.75
1.95
 	
1.75
 	
1.65
3.65
5.10
1.13
1.25
2.20
1.5
1.0
1.70
2.25
2.05
1.57
 	 0:3(0:1)  
170	27/04
17:00	 Stoke City
Norwich City	
-0.25
+0.25
1.75
1.98
 
 	
2.0
1.80
1.92
2.05
3.30
3.60
1.25
1.30
1.70
1.5
1.0
2.45
2.40
1.50
1.50
 	 1:0(0:0)  
171	27/04
17:00	 Wigan Athletic
Tottenham Hotspur	
+0.25
-0.25
1.95
1.77
 
 	
2.75
1.90
 	
1.80
 	
3.45
3.40
2.05
1.70
1.28
1.27
1.5
1.5
2.50
1.95
1.45
1.75
 	 2:2(1:1)  
172	27/04
19:30	 Newcastle United
Liverpool	
+0.25
-0.25
1.80
1.95
 
 	
2.5
1.80
1.90
2.95
3.35
2.30
1.55
1.30
1.36
1.5
1.5
2.45
2.15
1.47
1.65
 	 0:6(0:2)  
173	28/04
15:30	 Reading
Queens Park Rangers	
0
0
1.85
1.85
  	
2.5
1.77
1.95
2.60
3.30
2.60
1.44
1.30
1.44
1.5
1.5
2.30
2.30
1.55
1.55
 	 0:0(0:0)  
174	28/04
17:00	 Chelsea
Swansea City	
-1.25
+1.25
1.78
1.95
 
 	
3.0
1.87
1.87
1.38
4.55
7.85
1.05
1.16
2.90
1.5
1.0
1.42
2.50
2.68
1.47
 	 2:0(2:0)  
175	28/04
18:00	 Arsenal London
Manchester United	
-0.25
+0.25
1.85
1.90
 
 	
2.75
1.85
 	
1.85
 	
2.20
3.40
3.15
1.32
1.28
1.60
1.5
1.5
2.02
2.40
1.72
1.50
 	 1:1(1:1)  
176	29/04
22:00	 Aston Villa
Sunderland	
0
0
1.57
2.25
  	
2.5
1.95
1.75
2.20
3.35
3.15
1.32
1.30
1.60
1.5
1.5
2.20
2.75
1.60
1.39
 	 6:1(2:1)  
115	04/05
17:00	 Fulham
Reading	
-0.75
+0.75
1.85
1.90
 
 	
2.75
1.95
 	
1.75
 	
1.65
3.65
5.10
1.13
1.25
2.20
1.5
1.0
1.70
2.25
2.05
1.57
 	 2:4(0:1)  
116	04/05
17:00	 Norwich City
Aston Villa	
0
0
1.80
1.90
  	
2.25
1.77
 	
1.95
 	
2.50
3.35
2.65
1.42
1.30
1.45
1.5
1.5
2.50
2.66
1.45
1.42
 	 1:2(0:0)  
117	04/05
17:00	 Swansea City
Manchester City	
+0.75
-0.75
1.90
1.85
 
 	
2.75
1.95
 	
1.75
 	
5.20
3.60
1.65
2.20
1.25
1.13
1.0
1.5
2.25
1.70
1.57
2.05
 	 0:0(0:0)  
118	04/05
17:00	 Tottenham Hotspur
Southampton	
–1.0
+1.0
1.90
1.85
  	
2.75
1.90
 	
1.80
 	
1.53
4.00
5.80
1.10
1.20
2.38
1.5
1.0
1.62
2.38
2.18
1.52
 	 1:0(0:0)  
119	04/05
17:00	 West Bromwich Albion
Wigan Athletic	
-0.25
+0.25
1.85
1.90
 
 	
2.75
1.85
 	
1.85
 	
2.20
3.40
3.15
1.32
1.28
1.60
1.5
1.5
2.02
2.40
1.72
1.50
 	 2:3(1:1)  
120	04/05
17:00	 West Ham United
Newcastle United	
-0.25
+0.25
1.80
1.95
 
 	
2.75
1.90
 	
1.80
 	
2.10
3.40
3.30
1.30
1.28
1.68
1.5
1.5
1.95
2.50
1.75
1.45
 	 0:0(0:0)  
121	04/05
19:30	 Queens Park Rangers
Arsenal London	
+1.25
-1.25
1.95
1.80
 
 	
2.75
1.85
 	
1.85
 	
7.85
4.45
1.38
2.90
1.17
1.05
1.0
1.5
2.95
1.47
1.35
2.50
 	 0:1(0:1)  
122	05/05
15:30	 Liverpool
Everton	
-0.25
+0.25
1.60
2.25
 
 	
2.75
1.85
 	
1.85
 	
1.85
3.55
4.00
1.20
1.26
1.90
1.5
1.5
1.75
2.90
1.97
1.36
 	 0:0(0:0)  
123	05/05
18:00	 Manchester United
Chelsea	
-0.25
+0.25
1.85
1.90
 
 	
2.75
1.85
 	
1.85
 	
2.20
3.40
3.15
1.32
1.28
1.60
1.5
1.5
2.02
2.40
1.72
1.50
 	 0:1(0:0)  
124	06/05
22:00	 Sunderland
Stoke City	
-0.25
+0.25
1.75
2.00
 
 	
2.25
1.90
 	
1.80
 	
2.10
3.30
3.45
1.27
1.30
1.68
1.5
1.5
2.25
3.30
1.57
1.30
 	 1:1(0:1)  
170	11/05
14:45	 Aston Villa
Chelsea	
+0.75
-0.75
1.85
1.85
 
 	
2.75
1.75
 	
1.95
 	
4.90
3.75
1.65
2.15
1.24
1.13
1.0
1.5
1.97
1.62
1.75
2.18
 	 1:2(1:0)  
171	12/05
15:30	 Stoke City
Tottenham Hotspur	
+0.75
-0.75
1.60
2.22
 
 	
2.25
1.80
 	
1.90
 	
3.75
3.45
1.92
1.80
1.27
1.24
1.0
1.5
2.20
2.05
1.60
1.70
 	 1:2(1:1)  
172	12/05
17:00	 Everton
West Ham United	
–1.0
+1.0
1.85
1.90
  	
2.75
1.95
 	
1.75
 	
1.47
4.05
6.70
1.07
1.20
2.55
1.5
1.0
1.60
2.75
2.25
1.39
 	 2:0(1:0)  
173	12/05
17:00	 Fulham
Liverpool	
+0.25
-0.25
2.25
1.60
 
 	
2.75
1.85
 	
1.85
 	
4.00
3.55
1.85
1.90
1.26
1.20
1.5
1.5
2.90
1.75
1.36
1.97
 	 1:3(1:1)  
174	12/05
17:00	 Norwich City
West Bromwich Albion	
0
0
1.57
2.25
  	
2.5
1.85
1.85
2.20
3.35
3.10
1.32
1.30
1.62
1.5
1.5
2.15
2.60
1.65
1.44
 	 4:0(1:0)  
175	12/05
17:00	 Queens Park Rangers
Newcastle United	
+0.25
-0.25
1.80
1.95
 
 	
2.5
1.80
1.90
2.95
3.35
2.30
1.55
1.30
1.36
1.5
1.5
2.45
2.15
1.47
1.65
 	 1:2(1:2)  
176	12/05
17:00	 Sunderland
Southampton	
0
0
1.85
1.85
  	
2.25
1.85
 	
1.85
 	
2.60
3.30
2.60
1.44
1.30
1.44
1.5
1.5
2.60
2.60
1.44
1.44
 	 1:1(0:0)  
177	12/05
18:00	 Manchester United
Swansea City	
-1.75
+1.75
2.00
1.75
 
 	
3.0
1.70
2.05
1.26
5.50
10.00
1.02
1.11
3.75
2.5
1.0
2.02
3.00
1.72
1.34
 	 2:1(1:0)  
178	14/05
21:45	 Arsenal London
Wigan Athletic	
–1.5
+1.5
1.88
1.85
  	
3.25
1.87
 	
1.87
 	
1.32
5.10
8.60
1.04
1.13
3.15
2.0
1.0
1.52
2.50
2.38
1.47
 	 4:1(1:1)  
179	14/05
22:00	 Reading
Manchester City	
+1.25
-1.25
1.75
1.97
 
 	
3.0
1.86
1.86
7.35
4.25
1.42
2.72
1.18
1.06
1.0
1.5
2.38
1.45
1.52
2.55
 	 0:2(0:1) 
110	19/05
18:00	 Chelsea
Everton	
-0.75
+0.75
1.85
1.85
 
 	
2.75
1.75
 	
1.95
 	
1.65
3.80
4.90
1.13
1.23
2.15
1.5
1.0
1.62
1.97
2.18
1.75
 	 2:1(1:1)  
111	19/05
18:00	 Liverpool
Queens Park Rangers	
–2.0
+2.0
1.95
1.77
  	
3.5
1.95
1.77
1.20
6.20
12.50
1.01
1.09
4.20
2.5
1.0
1.80
2.90
1.90
1.36
 	 1:0(1:0)  
112	19/05
18:00	 Manchester City
Norwich City	
-1.75
+1.75
1.75
1.97
 
 	
3.5
1.95
1.77
1.20
6.20
12.50
1.01
1.09
4.20
2.5
1.0
1.80
2.90
1.90
1.36
 	 2:3(1:1)  
113	19/05
18:00	 Newcastle United
Arsenal London	
+1.0
–1.0
1.93
1.80
  	
3.0
1.75
1.95
6.20
4.30
1.47
2.60
1.18
1.09
1.0
2.0
2.10
1.75
1.66
1.95
 	 0:1(0:0)  
114	19/05
18:00	 Southampton
Stoke City	
-0.75
+0.75
1.85
1.90
 
 	
2.5
1.95
1.75
1.65
3.60
5.20
1.12
1.25
2.15
1.5
1.0
1.80
2.66
1.90
1.42
 	 1:1(0:0)  
115	19/05
18:00	 Swansea City
Fulham	
-0.75
+0.75
1.85
1.90
 
 	
2.75
1.85
 	
1.85
 	
1.65
3.65
5.20
1.13
1.25
2.20
1.5
1.0
1.66
2.10
2.12
1.68
 	 0:3(0:1)  
116	19/05
18:00	 Tottenham Hotspur
Sunderland	
-1.75
+1.75
1.80
1.95
 
 	
3.0
1.95
1.75
1.24
5.70
10.50
1.01
1.10
3.75
2.0
1.0
1.60
3.85
2.20
1.22
 	 1:0(0:0)  
117	19/05
18:00	 West Bromwich Albion
Manchester United	
+0.25
-0.25
2.22
1.60
 
 	
3.0
1.90
1.80
3.90
3.60
1.85
1.90
1.25
1.22
1.5
1.5
2.55
1.70
1.45
2.05
 	 5:5(1:3)  
118	19/05
18:00	 West Ham United
Reading	
-0.75
+0.75
1.80
1.95
 
 	
3.0
1.80
1.90
1.60
3.75
5.50
1.11
1.25
2.25
1.5
1.0
1.52
1.90
2.36
1.80
 	 4:2(2:0)  
119	19/05
18:00	 Wigan Athletic
Aston Villa	
-0.25
+0.25
1.62
2.20
 
 	
2.75
1.80
 	
1.90
 	
1.90
3.55
3.75
1.24
1.26
1.80
1.5
1.0
1.80
1.75
1.90
1.95
 	 2:2(2:1)  
