88	20/12
19:00	 Siena
Fiorentina	
0
0
1.75
2.00
  	
2.0
1.75
1.96
2.55
2.95
2.95
1.35
1.38
1.45
1.5
1.5
2.65
2.85
1.42
1.37
 	 0:0(0:0)  
89	20/12
21:45	 Cagliari
AC Milan	
+1.0
–1.0
1.80
1.95
  	
2.5
1.95
1.80
7.25
3.70
1.50
2.50
1.25
1.06
1.0
1.5
2.95
1.60
1.35
2.20
 	 0:2(0:1)  
90	21/12
19:00	 Udinese
Juventus	
+0.25
-0.25
1.87
1.87
 
 	
2.25
1.80
 	
1.95
 	
3.25
3.05
2.30
1.57
1.37
1.30
1.5
1.5
2.95
2.25
1.35
1.57
 	 0:0(0:0)  
91	21/12
21:45	 Atalanta
Cesena	
-0.25
+0.25
1.57
2.25
 
 	
2.0
1.72
2.00
1.85
3.10
4.75
1.15
1.35
1.90
1.5
1.0
2.07
2.30
1.67
1.55
 	 4:1(3:1)  
92	21/12
21:45	 Bologna
AS Roma	
+0.25
-0.25
1.95
1.80
 
 	
2.25
1.75
 	
2.00
 	
3.55
3.20
2.10
1.67
1.33
1.25
1.0
1.5
1.96
2.10
1.75
1.65
 	 0:2(0:2)  
93	21/12
21:45	 Internazionale Milan
Lecce	
–1.5
+1.5
1.90
1.80
  	
2.75
1.87
 	
1.87
 	
1.27
4.95
12.00
1.01
1.14
3.45
2.0
1.0
1.70
3.55
2.03
1.25
 	 4:1(1:1)  
94	21/12
21:45	 Lazio
Chievo	
–1.0
+1.0
1.87
1.87
  	
2.5
1.95
1.80
1.47
3.85
7.50
1.06
1.24
2.50
1.5
1.0
1.65
2.95
2.10
1.35
 	 0:0(0:0)  
95	21/12
21:45	 Napoli
Genoa	
–1.0
+1.0
1.90
1.85
  	
2.5
1.95
1.80
1.50
3.75
7.10
1.07
1.27
2.45
1.5
1.0
1.65
2.73
2.10
1.40
 	 6:1(4:1)  
96	21/12
21:45	 Novara
Palermo	
-0.25
+0.25
1.95
1.80
 
 	
2.25
1.95
 	
1.80
 	
2.35
3.00
3.20
1.30
1.37
1.55
1.5
1.5
2.30
2.85
1.55
1.37
 	 2:2(0:1)  
97	21/12
21:45	 Parma
Catania	
-0.25
+0.25
1.70
2.05
 
 	
2.25
1.95
 	
1.80
 	
2.00
3.20
3.85
1.22
1.32
1.75
1.5
1.0
2.20
2.25
1.60
1.57
 	 3:3(3:1)  
214	01/10
19:00	 AS Roma
Atalanta	
-0.75
+0.75
1.80
1.95
 
 	
2.5
1.80
1.90
1.60
3.70
5.70
1.11
1.25
2.25
1.5
1.5
1.67
3.40
2.07
1.27
 	 3:1(2:0)  
215	01/10
21:45	 Internazionale Milan
Napoli	
-0.25
+0.25
1.70
2.05
 
 	
2.25
1.75
 	
2.00
 	
2.00
3.10
4.05
1.20
1.33
1.75
1.5
1.0
1.96
1.90
1.75
1.80
 	 0:3(0:1)  
216	02/10
13:30	 Novara
Catania	
-0.25
+0.25
1.75
2.00
 
 	
2.25
1.85
 	
1.90
 	
2.05
3.15
3.75
1.23
1.35
1.70
1.5
1.5
2.20
3.05
1.60
1.33
 	 3:3(0:1)  
217	02/10
16:00	 Cesena
Chievo	
-0.25
+0.25
2.00
1.75
 
 	
2.25
2.05
 	
1.70
 	
2.40
3.05
3.05
1.33
1.35
1.52
1.5
1.5
2.55
2.95
1.45
1.35
 	 0:0(0:0)  
218	02/10
16:00	 Fiorentina
Lazio	
-0.25
+0.25
1.70
2.05
 
 	
2.25
1.87
 	
1.87
 	
2.05
3.10
3.85
1.22
1.35
1.70
1.5
1.0
2.10
2.00
1.65
1.72
 	 1:2(1:1)  
219	02/10
16:00	 Lecce
Cagliari	
0
0
1.85
1.85
  	
2.25
1.75
 	
2.00
 	
2.65
3.15
2.65
1.42
1.35
1.42
1.5
1.5
2.40
2.40
1.50
1.50
 	 0:2(0:2)  
220	02/10
16:00	 Palermo
Siena	
-0.25
+0.25
1.65
2.15
 
 	
2.5
1.87
1.87
1.90
3.25
4.25
1.18
1.33
1.85
1.5
1.0
1.80
1.95
1.90
1.76
 	 2:0(1:0)  
221	02/10
16:00	 Parma
Genoa	
-0.25
+0.25
2.05
1.70
 
 	
2.25
1.85
 	
1.90
 	
2.50
3.00
2.95
1.35
1.35
1.47
1.5
1.5
2.40
2.65
1.50
1.42
 	 3:1(2:0)  
222	02/10
16:00	 Udinese
Bologna	
-1.25
+1.25
1.95
1.80
 
 	
2.5
1.80
1.95
1.42
4.10
7.90
1.05
1.22
2.65
1.5
1.0
1.55
2.80
2.30
1.38
 	 2:0(1:0)  
223	02/10
21:45	 Juventus
AC Milan	
-0.25
+0.25
2.00
1.75
 
 	
2.25
1.80
 	
1.95
 	
2.45
3.10
2.95
1.35
1.33
1.50
1.5
1.5
2.40
2.85
1.50
1.37
 	 2:0(0:0) 
235	15/10
19:00	 Catania
Internazionale Milan	
+0.25
-0.25
1.75
2.00
 
 	
2.25
1.87
 	
1.87
 	
3.20
3.05
2.30
1.57
1.37
1.30
1.0
1.5
1.95
2.10
1.76
1.65
 	 2:1(0:1)  
236	15/10
21:45	 AC Milan
Palermo	
-1.25
+1.25
1.90
1.85
 
 	
2.75
1.95
 	
1.80
 	
1.40
4.35
7.85
1.06
1.20
2.80
1.5
1.0
1.50
2.85
2.40
1.37
 	 3:0(1:0)  
237	15/10
21:45	 Napoli
Parma	
–1.0
+1.0
1.80
1.95
  	
2.5
1.90
1.85
1.47
3.85
7.50
1.06
1.24
2.55
1.5
1.0
1.60
2.95
2.20
1.35
 	 1:2(0:0)  
238	16/10
13:30	 Cesena
Fiorentina	
+0.25
-0.25
1.87
1.87
 
 	
2.25
1.90
 	
1.85
 	
3.35
3.10
2.25
1.60
1.35
1.28
1.5
1.5
2.95
2.35
1.35
1.52
 	 0:0(0:0)  
239	16/10
16:00	 Atalanta
Udinese	
0
0
1.80
1.90
  	
2.5
1.95
1.80
2.60
3.10
2.75
1.40
1.35
1.45
1.5
1.5
2.50
2.55
1.47
1.45
 	 0:0(0:0)  
240	16/10
16:00	 Cagliari
Siena	
-0.25
+0.25
1.65
2.15
 
 	
2.25
1.85
 	
1.90
 	
1.90
3.20
4.35
1.18
1.33
1.85
1.5
1.0
2.10
2.20
1.67
1.60
 	 0:0(0:0)  
241	16/10
16:00	 Chievo
Juventus	
+0.25
-0.25
2.20
1.63
 
 	
2.25
1.87
 	
1.87
 	
4.25
3.10
1.95
1.80
1.35
1.18
1.0
1.5
2.15
2.05
1.63
1.70
 	 0:0(0:0)  
242	16/10
16:00	 Genoa
Lecce	
–1.0
+1.0
1.90
1.80
  	
2.5
1.75
2.00
1.50
3.85
6.85
1.07
1.25
2.45
1.5
1.0
1.63
2.40
2.15
1.50
 	 0:0(0:0)  
243	16/10
16:00	 Novara
Bologna	
-0.25
+0.25
1.55
2.30
 
 	
2.5
1.95
1.78
1.85
3.20
4.55
1.16
1.33
1.90
1.5
1.0
2.00
2.20
1.72
1.60
 	 0:2(0:1)  
244	16/10
21:45	 Lazio
AS Roma	
0
0
1.85
1.90
  	
2.5
1.95
1.80
2.65
3.10
2.70
1.41
1.35
1.42
1.5
1.5
2.50
2.55
1.47
1.45
 	 2:1(0:1) 
252	22/10
19:00	 Fiorentina
Catania	
-0.75
+0.75
1.87
1.87
 
 	
2.25
1.80
 	
1.95
 	
1.70
3.40
5.30
1.13
1.30
2.05
1.5
1.0
1.80
2.40
1.90
1.50
 	 2:2(1:1)  
253	22/10
21:45	 Juventus
Genoa	
–1.0
+1.0
1.80
1.95
  	
2.75
1.95
 	
1.80
 	
1.45
4.00
7.50
1.06
1.22
2.65
1.5
1.0
1.55
2.65
2.30
1.42
 	 2:2(1:1)  
254	23/10
13:30	 Lecce
AC Milan	
+1.25
-1.25
1.80
1.95
 
 	
2.5
1.87
1.87
7.85
3.90
1.45
2.60
1.23
1.05
1.0
1.5
2.95
1.55
1.35
2.30
 	 3:4(3:0)  
255	23/10
16:00	 Cagliari
Napoli	
0
0
1.87
1.87
  	
2.25
1.90
 	
1.85
 	
2.70
3.00
2.70
1.42
1.38
1.42
1.5
1.5
2.65
2.65
1.42
1.42
 	 0:0(0:0)  
256	23/10
16:00	 Internazionale Milan
Chievo	
–1.0
+1.0
1.87
1.87
  	
2.5
1.87
1.87
1.50
3.85
6.85
1.07
1.25
2.50
1.5
1.0
1.60
2.65
2.20
1.42
 	 1:0(1:0)  
257	23/10
16:00	 Parma
Atalanta	
-0.25
+0.25
1.80
1.95
 
 	
2.25
1.85
 	
1.90
 	
2.10
3.20
3.55
1.25
1.32
1.67
1.5
1.5
2.15
3.10
1.63
1.32
 	 1:2(0:0)  
258	23/10
16:00	 AS Roma
Palermo	
-0.75
+0.75
1.80
1.95
 
 	
2.5
1.85
1.90
1.63
3.50
5.85
1.11
1.27
2.20
1.5
1.0
1.65
2.10
2.10
1.65
 	 1:0(1:0)  
259	23/10
16:00	 Siena
Cesena	
-0.25
+0.25
1.60
2.25
 
 	
2.25
2.00
 	
1.75
 	
1.85
3.15
4.65
1.16
1.33
1.90
1.5
1.0
2.10
2.40
1.65
1.50
 	 2:0(1:0)  
260	23/10
16:00	 Udinese
Novara	
-1.25
+1.25
1.90
1.85
 
 	
2.75
1.90
 	
1.85
 	
1.37
4.50
8.30
1.05
1.20
2.95
1.5
1.0
1.45
2.85
2.55
1.37
 	 3:0(2:0)  
261	23/10
21:45	 Bologna
Lazio	
+0.25
-0.25
2.05
1.70
 
 	
2.25
1.85
 	
1.90
 	
3.85
3.10
2.05
1.70
1.35
1.22
1.0
1.5
2.00
2.10
1.72
1.65
 	 0:2(0:1)
112	25/10
21:45	 Juventus
Fiorentina	
-0.75
+0.75
1.80
1.95
 
 	
2.5
1.87
1.87
1.60
3.65
5.85
1.11
1.27
2.25
1.5
1.0
1.60
2.50
2.20
1.47
 	 2:1(1:0)  
113	26/10
21:45	 Atalanta
Internazionale Milan	
+0.25
-0.25
1.85
1.90
 
 	
2.25
1.75
 	
2.00
 	
3.25
3.20
2.20
1.65
1.33
1.30
1.0
1.5
1.96
2.10
1.75
1.65
 	 1:1(1:1)  
114	26/10
21:45	 Cesena
Cagliari	
0
0
1.90
1.85
  	
2.25
2.00
 	
1.75
 	
2.75
3.00
2.65
1.42
1.37
1.40
1.5
1.5
2.73
2.65
1.40
1.42
 	 1:1(1:1)  
115	26/10
21:45	 Chievo
Bologna	
-0.25
+0.25
1.57
2.25
 
 	
2.25
2.00
 	
1.75
 	
1.80
3.10
5.10
1.13
1.33
1.95
1.5
1.0
2.00
2.50
1.72
1.47
 	 0:1(0:0)  
116	26/10
21:45	 Genoa
AS Roma	
0
0
1.85
1.90
  	
2.5
1.87
1.87
2.60
3.10
2.75
1.40
1.38
1.45
1.5
1.5
2.35
2.40
1.52
1.50
 	 2:1(1:0)  
117	26/10
21:45	 Lazio
Catania	
-0.75
+0.75
1.87
1.87
 
 	
2.5
1.80
1.95
1.65
3.50
5.55
1.11
1.28
2.15
1.5
1.0
1.67
2.40
2.07
1.50
 	 1:1(1:0)  
118	26/10
21:45	 AC Milan
Parma	
–1.5
+1.5
1.95
1.80
  	
2.75
1.85
 	
1.90
 	
1.30
4.90
10.00
1.02
1.15
3.25
2.0
1.0
1.67
3.40
2.07
1.27
 	 4:1(2:0)  
119	26/10
21:45	 Napoli
Udinese	
-0.25
+0.25
1.67
2.10
 
 	
2.25
1.85
 	
1.90
 	
1.95
3.20
4.05
1.20
1.32
1.80
1.5
1.0
2.05
2.10
1.70
1.65
 	 2:0(2:0)  
120	26/10
21:45	 Novara
Siena	
-0.25
+0.25
1.95
1.80
 
 	
2.25
1.87
 	
1.87
 	
2.30
3.05
3.25
1.30
1.35
1.57
1.5
1.5
2.40
2.85
1.50
1.37
 	 1:1(0:1)  
121	27/10
21:45	 Palermo
Lecce	
–1.0
+1.0
1.87
1.87
  	
2.75
1.95
 	
1.80
 	
1.47
4.00
7.00
1.07
1.22
2.55
1.5
1.5
1.50
4.05
2.40
1.20
 	 2:0(1:0)
255	29/10
19:00	 Catania
Napoli	
0
0
2.00
1.75
  	
2.25
2.00
 	
1.75
 	
2.95
3.00
2.55
1.47
1.37
1.35
1.5
1.5
2.85
2.55
1.37
1.45
 	 2:1(1:1)  
256	29/10
19:00	 AS Roma
AC Milan	
+0.25
-0.25
1.75
2.00
 
 	
2.5
1.95
1.80
2.95
3.10
2.45
1.52
1.35
1.35
1.5
1.5
2.65
2.35
1.42
1.52
 	 2:3(1:2)  
257	29/10
21:45	 Internazionale Milan
Juventus	
0
0
1.75
2.00
  	
2.25
1.75
 	
2.00
 	
2.55
2.95
2.95
1.37
1.35
1.47
1.5
1.5
2.40
2.50
1.50
1.47
 	 1:2(1:2)  
258	30/10
13:30	 Siena
Chievo	
-0.25
+0.25
1.80
1.95
 
 	
2.0
1.80
1.90
2.10
2.95
3.85
1.22
1.37
1.67
1.5
1.0
2.30
2.15
1.55
1.63
 	 4:1(1:0)  
259	30/10
16:00	 Bologna
Atalanta	
0
0
1.87
1.87
  	
2.25
1.90
 	
1.85
 	
2.72
2.95
2.72
1.40
1.35
1.40
1.5
1.5
2.65
2.65
1.42
1.42
 	 3:1(1:1)  
260	30/10
16:00	 Fiorentina
Genoa	
-0.25
+0.25
1.65
2.15
 
 	
2.5
1.95
1.80
1.95
3.20
4.05
1.20
1.33
1.80
1.5
1.0
1.96
2.00
1.75
1.72
 	 1:0(1:0)  
261	30/10
16:00	 Lecce
Novara	
-0.25
+0.25
1.87
1.87
 
 	
2.5
1.95
1.80
2.20
3.10
3.40
1.28
1.33
1.63
1.5
1.5
2.10
2.75
1.65
1.40
 	 1:1(1:1)  
262	30/10
16:00	 Parma
Cesena	
-0.75
+0.75
2.00
1.75
 
 	
2.25
1.85
 	
1.90
 	
1.75
3.35
4.95
1.14
1.30
2.00
1.5
1.0
1.90
2.40
1.80
1.50
 	 2:0(1:0)  
263	30/10
16:00	 Udinese
Palermo	
-0.75
+0.75
1.90
1.85
 
 	
2.5
1.80
1.95
1.67
3.45
5.40
1.13
1.30
2.10
1.5
1.0
1.70
2.25
2.03
1.57
 	 1:0(1:0)  
264	30/10
21:45	 Cagliari
Lazio	
0
0
1.95
1.80
  	
2.25
1.87
 	
1.87
 	
2.80
3.00
2.60
1.45
1.37
1.38
1.5
1.5
2.55
2.50
1.45
1.47
 	 0:3(0:2) 
235	05/11
19:00	 Palermo
Bologna	
-0.75
+0.75
1.85
1.90
 
 	
2.5
1.80
1.90
1.65
3.50
5.55
1.11
1.27
2.15
1.5
1.0
1.72
2.25
2.00
1.57
 	 3:1(1:0)  
236	05/11
21:45	 Novara
AS Roma	
+0.25
-0.25
2.10
1.67
 
 	
2.5
1.95
1.80
4.05
3.20
1.95
1.80
1.32
1.20
1.0
1.5
2.10
1.90
1.65
1.80
 	 0:2(0:0)  
237	06/11
16:00	 Atalanta
Cagliari	
-0.25
+0.25
1.70
2.05
 
 	
2.25
1.87
 	
1.87
 	
2.05
3.10
3.85
1.22
1.35
1.70
1.5
1.0
2.10
2.00
1.65
1.72
 	 1:0(0:0)  
238	06/11
16:00	 Cesena
Lecce	
-0.25
+0.25
1.67
2.12
 
 	
2.25
1.95
 	
1.80
 	
1.95
3.10
4.25
1.18
1.35
1.80
1.5
1.0
2.15
2.10
1.63
1.65
 	 0:1(0:0)  
240	06/11
16:00	 Lazio
Parma	
–1.0
+1.0
1.95
1.80
  	
2.5
1.85
1.90
1.52
3.75
6.85
1.07
1.25
2.40
1.5
1.0
1.65
2.40
2.10
1.50
 	 1:0(0:0)  
241	06/11
16:00	 AC Milan
Catania	
-1.25
+1.25
1.80
1.95
 
 	
2.75
1.87
 	
1.87
 	
1.30
4.75
10.00
1.02
1.16
3.25
2.0
1.0
1.72
3.55
2.00
1.25
 	 4:0(2:0)  
242	06/11
16:00	 Udinese
Siena	
-0.75
+0.75
1.75
2.00
 
 	
2.5
1.90
1.80
1.55
3.80
6.10
1.09
1.25
2.30
1.5
1.0
1.72
2.40
2.00
1.50
 	 2:1(1:0) 
120	13/12
21:45	 Genoa
Internazionale Milan	
+0.25
-0.25
1.87
1.87
 
 	
2.25
1.85
 	
1.90
 	
3.40
3.10
2.20
1.65
1.37
1.27
1.5
1.5
2.95
2.25
1.35
1.57
 	 0:1(0:0) 
242	19/11
19:00	 Internazionale Milan
Cagliari	
–1.0
+1.0
1.87
1.87
  	
2.5
1.87
1.87
1.47
4.05
6.85
1.07
1.22
2.55
1.5
1.0
1.55
2.85
2.30
1.37
 	 2:1(0:0)  
243	19/11
21:45	 Fiorentina
AC Milan	
+0.25
-0.25
2.25
1.60
 
 	
2.25
1.75
 	
2.00
 	
4.25
3.25
1.95
1.85
1.32
1.18
1.0
1.5
2.03
1.90
1.70
1.80
 	 0:0(0:0)  
244	19/11
21:45	 Napoli
Lazio	
-0.25
+0.25
1.67
2.12
 
 	
2.25
1.90
 	
1.85
 	
2.00
3.15
3.95
1.21
1.33
1.75
1.5
1.0
2.10
2.07
1.65
1.67
 	 0:0(0:0)  
245	20/11
13:30	 Bologna
Cesena	
-0.25
+0.25
1.65
2.15
 
 	
2.25
2.00
 	
1.75
 	
1.90
3.15
4.35
1.18
1.33
1.85
1.5
1.0
2.10
2.40
1.65
1.50
 	 0:1(0:0)  
246	20/11
16:00	 Catania
Chievo	
-0.25
+0.25
1.57
2.30
 
 	
2.0
1.72
2.00
1.85
3.10
4.75
1.15
1.33
1.90
1.5
1.0
2.10
2.30
1.65
1.55
 	 1:2(0:1)  
247	20/11
16:00	 Genoa
Novara	
–1.0
+1.0
1.90
1.80
  	
2.5
1.80
1.95
1.50
3.85
6.85
1.07
1.25
2.45
1.5
1.0
1.52
2.40
2.35
1.50
 	 1:0(0:0)  
249	20/11
16:00	 Parma
Udinese	
+0.25
-0.25
1.75
2.00
 
 	
2.25
1.90
 	
1.85
 	
3.05
3.05
2.40
1.55
1.35
1.33
1.5
1.5
2.95
2.40
1.35
1.50
 	 2:0(0:0)  
250	20/11
16:00	 Siena
Atalanta	
-0.25
+0.25
1.77
1.97
 
 	
2.25
1.95
 	
1.80
 	
2.10
3.05
3.75
1.23
1.35
1.67
1.5
1.5
2.30
3.20
1.55
1.30
 	 2:2(1:1)  
251	20/11
21:45	 AS Roma
Lecce	
-1.25
+1.25
1.80
1.95
 
 	
2.75
1.87
 	
1.87
 	
1.30
4.90
10.00
1.03
1.15
3.25
2.0
1.0
1.80
3.10
1.90
1.32
 	 2:1(1:0)  
157	25/11
21:45	 Udinese
AS Roma	
-0.25
+0.25
1.95
1.80
 
 	
2.5
1.90
1.85
2.35
3.10
3.10
1.32
1.33
1.55
1.5
1.5
2.25
2.50
1.57
1.47
 	 2:0(0:0)  
158	26/11
19:00	 Lecce
Catania	
0
0
1.80
1.95
  	
2.25
1.85
 	
1.90
 	
2.60
3.00
2.80
1.40
1.37
1.45
1.5
1.5
2.50
2.55
1.47
1.45
 	 0:1(0:0)  
159	26/11
19:00	 Novara
Parma	
0
0
1.95
1.80
  	
2.25
1.85
 	
1.90
 	
2.80
3.00
2.60
1.45
1.37
1.40
1.5
1.5
2.55
2.50
1.45
1.47
 	 2:1(0:1)  
160	26/11
21:45	 Atalanta
Napoli	
0
0
1.87
1.87
  	
2.25
1.95
 	
1.80
 	
2.72
2.95
2.72
1.40
1.38
1.40
1.5
1.5
2.55
2.55
1.45
1.45
 	 1:1(0:0)  
161	26/11
21:45	 Lazio
Juventus	
0
0
2.00
1.75
  	
2.25
1.80
 	
1.95
 	
2.85
3.05
2.55
1.45
1.37
1.37
1.5
1.5
2.55
2.40
1.45
1.50
 	 0:1(0:1)  
162	27/11
16:00	 Cagliari
Bologna	
-0.75
+0.75
2.05
1.70
 
 	
2.25
1.87
 	
1.87
 	
1.85
3.25
4.45
1.17
1.32
1.90
1.5
1.0
1.96
2.40
1.75
1.50
 	 1:1(0:0)  
163	27/11
16:00	 Cesena
Genoa	
0
0
1.90
1.80
  	
2.25
1.95
 	
1.80
 	
2.85
2.95
2.60
1.45
1.38
1.38
1.5
1.5
2.65
2.55
1.42
1.45
 	 2:0(0:0)  
164	27/11
16:00	 Palermo
Fiorentina	
-0.25
+0.25
1.90
1.85
 
 	
2.25
1.80
 	
1.95
 	
2.25
3.05
3.35
1.28
1.35
1.60
1.5
1.5
2.30
2.75
1.55
1.40
 	 2:0(1:0)  
165	27/11
16:00	 Siena
Internazionale Milan	
+0.25
-0.25
1.80
1.95
 
 	
2.25
1.85
 	
1.90
 	
3.15
3.10
2.30
1.57
1.35
1.32
1.5
1.5
2.85
2.25
1.37
1.57
 	 0:1(0:0)  
166	27/11
21:45	 AC Milan
Chievo	
–1.5
+1.5
2.00
1.75
  	
2.75
1.95
 	
1.80
 	
1.30
4.90
10.00
1.02
1.15
3.25
2.0
1.0
1.72
3.55
2.00
1.25
 	 4:0(4:0)
94	02/12
21:45	 Genoa
AC Milan	
+0.75
-0.75
1.80
1.95
 
 	
2.5
1.95
1.80
4.95
3.35
1.75
2.00
1.30
1.14
1.0
1.5
2.15
1.70
1.63
2.03
 	 0:2(0:0)  
95	03/12
21:45	 Internazionale Milan
Udinese	
-0.25
+0.25
1.67
2.10
 
 	
2.25
1.80
 	
1.95
 	
1.95
3.20
4.05
1.20
1.32
1.80
1.5
1.0
2.05
2.10
1.70
1.65
 	 0:1(0:0)  
96	03/12
21:45	 Napoli
Lecce	
-1.25
+1.25
1.85
1.90
 
 	
2.5
1.85
1.90
1.32
4.55
10.50
1.03
1.17
3.10
2.0
1.0
1.95
3.40
1.76
1.27
 	 4:2(3:0)  
97	04/12
13:30	 Catania
Cagliari	
-0.25
+0.25
1.70
2.03
 
 	
2.25
1.95
 	
1.80
 	
2.00
3.05
4.10
1.20
1.35
1.75
1.5
1.0
2.15
2.10
1.63
1.65
 	 0:1(0:0)  
98	04/12
16:00	 Bologna
Siena	
-0.25
+0.25
2.00
1.75
 
 	
2.0
1.75
1.96
2.45
2.95
3.10
1.33
1.37
1.50
1.5
1.5
2.65
2.95
1.42
1.35
 	 1:0(1:0)  
99	04/12
16:00	 Chievo
Atalanta	
-0.25
+0.25
1.90
1.85
 
 	
2.0
1.75
1.96
2.25
3.00
3.40
1.28
1.38
1.60
1.5
1.5
2.35
2.95
1.52
1.35
 	 0:0(0:0)  
100	04/12
16:00	 Fiorentina
AS Roma	
-0.25
+0.25
1.95
1.80
 
 	
2.25
1.90
 	
1.85
 	
2.35
3.05
3.15
1.32
1.37
1.55
1.5
1.5
2.30
2.75
1.55
1.40
 	 3:0(2:0)  
101	04/12
16:00	 Juventus
Cesena	
-1.75
+1.75
2.00
1.75
 
 	
2.75
1.90
 	
1.85
 	
1.22
5.45
14.50
1.01
1.12
3.85
2.5
1.5
2.15
6.00
1.63
1.09
 	 2:0(0:0)  
102	04/12
21:45	 Parma
Palermo	
-0.25
+0.25
1.75
2.00
 
 	
2.25
1.75
 	
2.00
 	
2.10
3.10
3.65
1.25
1.35
1.70
1.5
1.0
2.10
1.96
1.65
1.75
 	 0:0(0:0)  
103	05/12
21:45	 Lazio
Novara	
-1.25
+1.25
1.90
1.85
 
 	
2.5
1.80
1.95
1.35
4.40
9.50
1.03
1.18
3.00
1.5
1.5
1.50
5.10
2.40
1.13
 	 3:0(2:0) 
238	10/12
19:00	 Lecce
Lazio	
+0.25
-0.25
2.15
1.65
 
 	
2.25
1.87
 	
1.87
 	
4.25
3.10
1.95
1.80
1.32
1.18
1.0
1.5
2.50
1.95
1.47
1.76
 	 2:3(1:1)  
239	10/12
19:00	 Siena
Genoa	
-0.25
+0.25
1.80
1.95
 
 	
2.25
2.00
 	
1.75
 	
2.15
3.05
3.60
1.25
1.35
1.65
1.5
1.5
2.35
2.95
1.52
1.35
 	 0:2(0:0)  
240	10/12
21:45	 Internazionale Milan
Fiorentina	
-0.75
+0.75
1.95
1.80
 
 	
2.25
1.80
 	
1.95
 	
1.72
3.40
5.10
1.13
1.30
2.03
1.5
1.5
1.80
3.40
1.90
1.27
 	 2:0(1:0)  
241	10/12
21:45	 Palermo
Cesena	
-0.75
+0.75
1.75
2.00
 
 	
2.5
2.00
1.75
1.57
3.55
6.45
1.08
1.28
2.30
1.5
1.0
1.72
2.73
2.00
1.40
 	 0:1(0:0)  
242	11/12
16:00	 Cagliari
Parma	
-0.25
+0.25
1.75
2.00
 
 	
2.25
1.95
 	
1.80
 	
2.10
3.05
3.75
1.23
1.35
1.67
1.5
1.5
2.25
3.10
1.57
1.32
 	 0:0(0:0)  
243	11/12
16:00	 Atalanta
Catania	
-0.25
+0.25
1.67
2.12
 
 	
2.25
1.95
 	
1.80
 	
1.95
3.10
4.20
1.20
1.35
1.80
1.5
1.0
2.15
2.10
1.63
1.65
 	 1:1(0:1)  
244	11/12
16:00	 Bologna
AC Milan	
+1.25
-1.25
1.70
2.05
 
 	
2.5
2.00
1.75
8.50
4.00
1.42
2.70
1.21
1.04
1.0
1.5
2.95
1.60
1.35
2.20
 	 2:2(1:1)  
245	11/12
16:00	 Udinese
Chievo	
–1.0
+1.0
1.75
1.96
  	
2.25
1.87
 	
1.87
 	
1.42
4.00
8.50
1.05
1.23
2.65
1.5
1.5
1.67
5.30
2.07
1.12
 	 2:1(0:0)  
246	11/12
21:45	 Novara
Napoli	
+0.25
-0.25
2.25
1.57
 
 	
2.25
1.85
 	
1.90
 	
4.25
3.20
1.90
1.85
1.32
1.18
1.0
1.5
2.25
1.95
1.57
1.76
 	 1:1(0:0)  
247	12/12
21:45	 AS Roma
Juventus	
+0.25
-0.25
2.20
1.63
 
 	
2.5
1.95
1.80
4.05
3.20
1.95
1.80
1.33
1.20
1.0
1.5
2.00
1.95
1.72
1.76
 	 1:1(1:0)  
209	17/12
19:00	 Chievo
Cagliari	
-0.25
+0.25
1.87
1.87
 
 	
2.0
1.95
1.76
2.25
2.80
3.75
1.23
1.39
1.60
1.5
1.0
2.50
2.10
1.47
1.65
 	 2:0(1:0)  
210	17/12
21:45	 Fiorentina
Atalanta	
-0.75
+0.75
2.05
1.70
 
 	
2.25
1.90
 	
1.85
 	
1.83
3.15
4.75
1.15
1.32
1.92
1.5
1.0
1.96
2.30
1.75
1.55
 	 2:2(1:0)  
211	17/12
21:45	 AC Milan
Siena	
–1.5
+1.5
1.90
1.80
  	
2.75
1.85
 	
1.90
 	
1.25
5.30
12.00
1.01
1.13
3.60
2.0
1.0
1.60
3.85
2.20
1.22
 	 2:0(0:0)  
212	18/12
16:00	 Catania
Palermo	
-0.25
+0.25
1.75
2.00
 
 	
2.25
1.85
 	
1.90
 	
2.15
3.15
3.45
1.27
1.32
1.65
1.5
1.5
2.25
3.10
1.57
1.32
 	 2:0(1:0)  
213	18/12
16:00	 Cesena
Internazionale Milan	
+0.75
-0.75
1.75
2.00
 
 	
2.25
1.90
 	
1.85
 	
4.75
3.25
1.80
1.95
1.32
1.15
1.5
1.5
4.05
1.95
1.20
1.76
 	 0:1(0:0)  
214	18/12
16:00	 Genoa
Bologna	
-0.75
+0.75
2.15
1.65
 
 	
2.25
1.87
 	
1.87
 	
1.90
3.15
4.40
1.17
1.33
1.85
1.5
1.0
1.96
2.40
1.75
1.50
 	 2:1(1:0)  
215	18/12
16:00	 Juventus
Novara	
-1.75
+1.75
1.80
1.95
 
 	
2.75
1.75
 	
2.00
 	
1.17
6.45
15.50
 	
1.09
4.45
2.5
1.5
2.07
6.45
1.67
1.08
 	 2:0(1:0)  
216	18/12
16:00	 Parma
Lecce	
-0.75
+0.75
2.00
1.75
 
 	
2.25
1.85
 	
1.90
 	
1.75
3.35
4.95
1.14
1.30
2.00
1.5
1.0
1.90
2.40
1.80
1.50
 	 3:3(1:0)  
217	18/12
21:45	 Lazio
Udinese	
-0.25
+0.25
1.75
2.00
 
 	
2.25
1.85
 	
1.90
 	
2.15
3.15
3.45
1.27
1.32
1.65
1.5
1.5
2.25
3.10
1.57
1.32
 	 2:2(1:1)  
218	18/12
21:45	 Napoli
AS Roma	
-0.75
+0.75
2.00
1.75
 
 	
2.5
1.95
1.80
1.80
3.25
4.75
1.15
1.33
1.95
1.5
1.0
1.80
2.10
1.90
1.65
 	 1:3(0:1)  
191	07/01
19:00	 Siena
Lazio	
0
0
2.00
1.75
  	
2.25
2.00
 	
1.75
 	
2.95
2.95
2.55
1.47
1.37
1.35
1.5
1.5
3.05
2.50
1.33
1.47
 	 4:0(3:0)  
192	07/01
21:45	 Internazionale Milan
Parma	
–1.0
+1.0
1.80
1.90
  	
2.5
1.87
1.87
1.45
3.90
7.80
1.05
1.22
2.55
1.5
1.0
1.50
2.95
2.40
1.35
 	 5:0(3:0)  
193	08/01
13:30	 Udinese
Cesena	
-1.25
+1.25
2.00
1.75
 
 	
2.25
1.75
 	
2.00
 	
1.40
4.05
9.00
1.04
1.21
2.75
1.5
1.5
1.57
5.30
2.25
1.12
 	 4:1(1:1)  
194	08/01
16:00	 Atalanta
AC Milan	
+0.75
-0.75
1.87
1.87
 
 	
2.5
1.95
1.80
5.30
3.50
1.67
2.12
1.28
1.12
1.0
1.5
2.50
1.75
1.47
1.96
 	 0:2(0:1)  
195	08/01
16:00	 Bologna
Catania	
-0.25
+0.25
1.95
1.80
 
 	
2.25
1.95
 	
1.80
 	
2.30
3.05
3.20
1.30
1.37
1.57
1.5
1.5
2.40
2.95
1.50
1.35
 	 2:0(0:0)  
196	08/01
16:00	 Cagliari
Genoa	
-0.25
+0.25
1.75
2.00
 
 	
2.0
1.75
1.96
2.10
3.00
3.75
1.23
1.37
1.70
1.5
1.0
2.30
2.15
1.55
1.63
 	 3:0(1:0)  
197	08/01
16:00	 Lecce
Juventus	
+1.0
–1.0
1.95
1.80
  	
2.5
1.85
1.90
7.80
3.90
1.45
2.55
1.23
1.05
1.0
1.5
2.85
1.57
1.37
2.25
 	 0:1(0:1)  
198	08/01
16:00	 Novara
Fiorentina	
+0.25
-0.25
1.75
2.00
 
 	
2.25
1.95
 	
1.80
 	
3.10
2.95
2.45
1.52
1.38
1.32
1.5
1.5
2.95
2.50
1.35
1.47
 	 0:3(0:2)  
199	08/01
16:00	 AS Roma
Chievo	
-0.75
+0.75
1.75
2.00
 
 	
2.5
1.95
1.80
1.57
3.65
6.10
1.09
1.27
2.30
1.5
1.0
1.70
2.65
2.03
1.42
 	 2:0(1:0)  
200	08/01
21:45	 Palermo
Napoli	
+0.25
-0.25
1.85
1.90
 
 	
2.5
1.95
1.80
3.20
3.05
2.30
1.57
1.33
1.30
1.5
1.5
2.75
2.20
1.40
1.60
 	 1:3(0:1) 
133	15/01
13:30	 Lazio
Atalanta	
-0.75
+0.75
1.95
1.80
 
 	
2.25
1.80
 	
1.95
 	
1.72
3.25
5.45
1.13
1.30
2.05
1.5
1.0
1.85
2.40
1.85
1.50
 	 2:0(1:0)  
134	15/01
16:00	 Cesena
Novara	
-0.25
+0.25
1.67
2.12
 
 	
2.25
1.95
 	
1.80
 	
1.95
3.10
4.20
1.19
1.35
1.80
1.5
1.0
2.15
2.30
1.63
1.55
 	 3:1(3:0)  
135	15/01
16:00	 Chievo
Palermo	
-0.25
+0.25
1.80
1.95
 
 	
2.0
1.75
1.96
2.10
3.00
3.80
1.23
1.37
1.67
1.5
1.0
2.30
2.15
1.55
1.63
 	 1:0(0:0)  
136	15/01
16:00	 Fiorentina
Lecce	
–1.0
+1.0
1.90
1.80
  	
2.5
1.90
1.80
1.47
4.05
6.85
1.07
1.22
2.50
1.5
1.0
1.57
2.85
2.25
1.37
 	 0:1(0:0)  
137	15/01
16:00	 Genoa
Udinese	
+0.25
-0.25
1.75
2.00
 
 	
2.5
1.90
1.85
3.00
3.10
2.40
1.55
1.35
1.35
1.0
1.5
1.72
2.25
2.00
1.57
 	 3:2(0:1)  
138	15/01
16:00	 Juventus
Cagliari	
–1.5
+1.5
1.90
1.80
  	
2.5
1.80
1.95
1.28
4.85
11.50
1.02
1.15
3.40
2.0
1.0
1.85
3.40
1.85
1.27
 	 1:1(1:0)  
139	15/01
16:00	 Parma
Siena	
-0.25
+0.25
1.75
2.00
 
 	
2.25
2.00
 	
1.75
 	
2.10
3.05
3.75
1.23
1.35
1.67
1.5
1.5
2.25
3.10
1.57
1.32
 	 3:1(1:0)  
140	15/01
21:45	 AC Milan
Internazionale Milan	
-0.25
+0.25
1.67
2.12
 
 	
2.5
2.00
1.75
2.00
3.10
4.05
1.21
1.35
1.80
1.5
1.5
2.00
2.95
1.72
1.35
 	 0:1(0:0)  
141	16/01
21:45	 Napoli
Bologna	
–1.5
+1.5
1.95
1.80
  	
2.5
1.75
1.96
1.30
4.75
10.50
1.02
1.16
3.30
2.0
1.0
1.72
3.55
2.00
1.25
 	 1:1(0:1) 
241	21/01
19:00	 AS Roma
Cesena	
-1.25
+1.25
1.95
1.80
 
 	
2.5
1.85
1.90
1.35
4.45
9.30
1.03
1.17
2.95
2.0
1.0
2.00
2.95
1.72
1.35
 	 5:1(3:0)  
242	21/01
21:45	 Atalanta
Juventus	
+0.75
-0.75
1.75
2.00
 
 	
2.25
1.87
 	
1.87
 	
5.30
3.25
1.75
2.00
1.32
1.13
1.5
1.5
4.25
1.80
1.18
1.90
 	 0:2(0:0)  
243	22/01
13:30	 Bologna
Parma	
-0.25
+0.25
2.00
1.75
 
 	
2.25
1.90
 	
1.85
 	
2.45
2.95
3.05
1.33
1.37
1.50
1.5
1.5
2.50
2.85
1.47
1.37
 	 0:0(0:0)  
244	22/01
16:00	 Cagliari
Fiorentina	
-0.25
+0.25
1.95
1.80
 
 	
2.0
1.75
1.96
2.35
2.95
3.25
1.30
1.38
1.55
1.5
1.5
2.50
3.05
1.47
1.33
 	 0:0(0:0)  
245	22/01
16:00	 Lecce
Chievo	
0
0
1.75
2.00
  	
2.25
1.90
 	
1.85
 	
2.55
2.95
2.95
1.35
1.37
1.45
1.5
1.5
2.55
2.85
1.45
1.37
 	 2:2(1:2)  
246	22/01
16:00	 Novara
AC Milan	
+1.25
-1.25
1.80
1.95
 
 	
2.5
1.80
1.95
8.00
4.25
1.40
2.75
1.20
1.05
1.0
1.5
3.10
1.52
1.32
2.35
 	 0:3(0:0)  
247	22/01
16:00	 Palermo
Genoa	
-0.25
+0.25
1.75
2.00
 
 	
2.5
1.95
1.80
2.05
3.15
3.75
1.23
1.33
1.70
1.5
1.0
2.00
1.85
1.72
1.85
 	 5:3(3:1)  
248	22/01
16:00	 Siena
Napoli	
+0.25
-0.25
2.00
1.75
 
 	
2.25
1.75
 	
2.00
 	
3.75
3.15
2.05
1.70
1.33
1.23
1.0
1.5
2.03
2.05
1.70
1.70
 	 1:1(0:0)  
249	22/01
16:00	 Udinese
Catania	
-0.75
+0.75
1.80
1.95
 
 	
2.5
1.95
1.80
1.63
3.50
5.80
1.11
1.28
2.20
1.5
1.0
1.75
2.85
1.96
1.37
 	 2:1(1:0)  
250	22/01
21:45	 Internazionale Milan
Lazio	
-0.75
+0.75
1.85
1.90
 
 	
2.25
1.75
 	
2.00
 	
1.65
3.50
5.55
1.11
1.28
2.15
1.5
1.0
1.75
2.55
1.96
1.45
 	 2:1(1:1)  
218	28/01
19:00	 Catania
Parma	
-0.25
+0.25
1.70
2.05
 
 	
2.25
1.85
 	
1.90
 	
1.95
3.10
4.20
1.20
1.35
1.80
1.5
1.5
2.10
3.10
1.65
1.32
 	 1:1(1:1)  
219	28/01
21:45	 Juventus
Udinese	
–1.0
+1.0
1.85
1.90
  	
2.5
1.90
1.80
1.50
3.85
6.85
1.07
1.25
2.45
1.5
1.0
1.63
2.73
2.14
1.40
 	 2:1(1:0)  
220	29/01
13:30	 Fiorentina
Siena	
-0.25
+0.25
1.67
2.10
 
 	
2.0
1.72
2.00
1.95
3.10
4.20
1.19
1.35
1.80
1.5
1.0
2.10
2.30
1.65
1.55
 	 2:1(1:0)  
221	29/01
16:00	 Cesena
Atalanta	
0
0
1.75
2.00
  	
2.25
2.00
 	
1.75
 	
2.55
3.00
2.90
1.38
1.37
1.45
1.5
1.5
2.55
2.73
1.45
1.40
 	 0:1(0:0)  
222	29/01
16:00	 Genoa
Napoli	
+0.25
-0.25
1.87
1.87
 
 	
2.5
1.80
1.95
3.35
3.15
2.20
1.63
1.33
1.28
1.5
1.5
2.65
2.10
1.42
1.65
 	 3:2(2:0)  
223	29/01
16:00	 Lecce
Internazionale Milan	
+0.75
-0.75
1.87
1.87
 
 	
2.5
1.85
1.90
5.35
3.55
1.65
2.15
1.27
1.12
1.0
1.5
2.30
1.65
1.55
2.10
 	 1:0(1:0)  
224	29/01
16:00	 Palermo
Novara	
–1.0
+1.0
1.85
1.85
  	
2.5
1.80
1.90
1.50
3.85
6.85
1.07
1.25
2.45
1.5
1.0
1.60
2.73
2.20
1.40
 	 2:0(1:0)  
225	29/01
16:00	 AS Roma
Bologna	
-1.25
+1.25
1.87
1.87
 
 	
2.5
1.85
1.90
1.35
4.50
9.10
1.03
1.17
2.95
2.0
1.0
1.95
3.40
1.76
1.27
 	 1:1(0:0)  
226	29/01
21:45	 AC Milan
Cagliari	
–1.5
+1.5
1.90
1.80
  	
2.5
1.80
1.90
1.28
4.85
11.50
1.02
1.15
3.40
2.0
1.0
1.85
3.40
1.85
1.27
 	 3:0(2:0)  
227	29/01
16:00	 Chievo
Lazio	
+0.25
-0.25
1.75
2.00
 
 	
2.25
2.00
 	
1.75
 	
3.05
3.05
2.40
1.52
1.35
1.33
1.5
1.5
3.05
2.55
1.33
1.45
 	 0:3(0:1)  
118	01/02
19:00	 Atalanta
Genoa	
-0.25
+0.25
1.95
1.80
 
 	
2.25
1.75
 	
2.00
 	
2.35
3.00
3.20
1.30
1.37
1.55
1.5
1.5
2.15
2.75
1.63
1.40
 	 cancelled  
120	01/02
21:45	 Cagliari
AS Roma	
0
0
1.95
1.80
  	
2.25
1.85
 	
1.90
 	
2.75
3.15
2.55
1.45
1.35
1.40
1.5
1.5
2.55
2.50
1.45
1.47
 	 4:2(2:2)  
121	01/02
21:45	 Internazionale Milan
Palermo	
-1.25
+1.25
1.75
2.00
 
 	
2.75
1.85
 	
1.90
 	
1.33
4.50
10.00
1.03
1.18
3.10
2.0
1.0
1.75
2.75
1.96
1.40
 	 4:4(1:1)  
122	01/02
21:45	 Lazio
AC Milan	
+0.25
-0.25
2.00
1.75
 
 	
2.25
1.90
 	
1.85
 	
3.75
3.15
2.05
1.70
1.35
1.25
1.0
1.5
1.96
2.00
1.75
1.72
 	 2:0(0:0)  
123	01/02
21:45	 Napoli
Cesena	
–1.5
+1.5
1.80
1.90
  	
2.75
1.95
 	
1.80
 	
1.25
5.00
13.50
1.02
1.15
3.60
2.0
1.0
1.75
3.40
1.96
1.27
 	 0:0(0:0)  
124	01/02
21:45	 Siena
Catania	
-0.25
+0.25
1.70
2.05
 
 	
2.25
2.00
 	
1.75
 	
2.05
3.05
3.85
1.22
1.35
1.70
1.5
1.5
2.25
3.10
1.57
1.32
 	 cancelled  
125	01/02
21:45	 Udinese
Lecce	
–1.0
+1.0
1.85
1.90
  	
2.75
1.95
 	
1.80
 	
1.45
4.00
7.50
1.07
1.22
2.55
1.5
1.5
1.50
4.25
2.40
1.18
 	 2:1(2:1)  
126	02/02
21:45	 Novara
Chievo	
0
0
1.75
2.00
  	
2.25
1.95
 	
1.80
 	
2.55
3.05
2.85
1.38
1.38
1.45
1.5
1.5
2.55
2.65
1.45
1.42
 	 1:2(0:1)
136	05/02
13:30	 Genoa
Lazio	
0
0
1.95
1.80
  	
2.5
1.90
1.80
2.85
3.05
2.55
1.45
1.37
1.37
1.5
1.5
2.55
2.40
1.45
1.50
 	 3:2(2:0)  
137	05/02
16:00	 Chievo
Parma	
-0.25
+0.25
2.00
1.75
 
 	
2.0
1.90
1.80
2.40
2.80
3.35
1.29
1.40
1.52
1.5
1.5
2.50
3.10
1.47
1.32
 	 1:2(0:0)  
138	05/02
16:00	 Fiorentina
Udinese	
-0.25
+0.25
1.87
1.87
 
 	
2.0
1.75
1.96
2.20
3.00
3.55
1.25
1.37
1.63
1.5
1.5
2.30
2.75
1.55
1.40
 	 3:2(1:1)  
139	05/02
16:00	 Juventus
Siena	
–1.5
+1.5
1.85
1.85
  	
2.5
1.80
1.90
1.25
5.10
13.00
1.02
1.14
3.55
2.0
1.0
1.70
3.40
2.03
1.27
 	 0:0(0:0)  
140	05/02
16:00	 Lecce
Bologna	
-0.25
+0.25
1.75
2.00
 
 	
2.25
1.87
 	
1.87
 	
2.15
3.05
3.55
1.25
1.32
1.65
1.5
1.5
2.30
3.40
1.55
1.27
 	 0:0(0:0)  
141	05/02
16:00	 AC Milan
Napoli	
-0.75
+0.75
1.80
1.95
 
 	
2.5
1.85
1.85
1.65
3.55
5.50
1.12
1.27
2.15
1.5
1.0
1.75
2.25
1.96
1.57
 	 0:0(0:0)  
142	05/02
16:00	 Novara
Cagliari	
0
0
1.87
1.87
  	
2.25
1.95
 	
1.80
 	
2.72
2.95
2.72
1.40
1.35
1.40
1.5
1.5
2.65
2.65
1.42
1.42
 	 0:0(0:0)  
143	05/02
16:00	 Palermo
Atalanta	
-0.75
+0.75
2.15
1.65
 
 	
2.25
1.75
 	
2.00
 	
1.90
3.15
4.40
1.18
1.32
1.85
1.5
1.0
1.90
2.00
1.80
1.72
 	 2:1(1:0)  
144	05/02
16:00	 AS Roma
Internazionale Milan	
-0.25
+0.25
1.80
1.95
 
 	
2.5
1.90
1.85
2.15
3.10
3.55
1.25
1.35
1.65
1.5
1.0
2.03
2.03
1.70
1.70
 	 4:0(2:0) 
151	09/02
21:45	 Lazio
Cesena	
-1.25
+1.25
1.95
1.80
 
 	
2.5
1.80
1.95
1.40
4.25
8.30
1.05
1.20
2.75
1.5
1.0
1.47
2.95
2.50
1.35
 	 3:2(0:2)  
152	11/02
19:00	 Udinese
AC Milan	
0
0
1.80
1.95
  	
2.25
1.90
 	
1.85
 	
2.60
3.10
2.75
1.40
1.35
1.45
1.5
1.5
2.50
2.55
1.47
1.45
 	 1:2(1:0)  
153	11/02
21:45	 Cagliari
Palermo	
-0.25
+0.25
1.80
1.95
 
 	
2.25
1.80
 	
1.95
 	
2.15
3.15
3.45
1.27
1.32
1.65
1.5
1.5
2.25
3.10
1.57
1.32
 	 2:1(0:0)  
154	12/02
16:00	 Atalanta
Lecce	
-0.75
+0.75
2.00
1.75
 
 	
2.25
1.80
 	
1.95
 	
1.80
3.25
4.75
1.15
1.32
1.95
1.5
1.5
1.95
3.55
1.76
1.25
 	 0:0(0:0)  
155	12/02
16:00	 Catania
Genoa	
-0.25
+0.25
1.85
1.90
 
 	
2.5
1.90
1.85
2.20
3.05
3.45
1.28
1.37
1.60
1.5
1.0
2.10
1.85
1.65
1.85
 	 4:0(1:0)  
156	12/02
16:00	 Parma
Fiorentina	
-0.25
+0.25
1.95
1.80
 
 	
2.0
1.75
1.96
2.30
3.05
3.20
1.30
1.35
1.57
1.5
1.5
2.40
2.95
1.50
1.35
 	 cancelled  
157	12/02
16:00	 Internazionale Milan
Novara	
-1.75
+1.75
1.95
1.80
 
 	
2.75
1.75
 	
2.00
 	
1.22
5.50
14.50
1.01
1.12
3.85
2.5
1.5
2.10
6.45
1.65
1.08
 	 0:1(0:0)  
158	12/02
21:45	 Bologna
Juventus	
+0.75
-0.75
1.95
1.80
 
 	
2.25
1.90
 	
1.85
 	
6.45
3.40
1.60
2.25
1.30
1.09
1.5
1.5
5.10
1.80
1.13
1.90
 	 cancelled  
159	13/02
21:45	 Napoli
Chievo	
–1.0
+1.0
1.85
1.90
  	
2.5
1.90
1.80
1.47
3.85
7.50
1.07
1.22
2.50
1.5
1.0
1.63
2.85
2.15
1.37
 	 2:0(2:0)  
160	13/02
21:45	 Siena
AS Roma	
+0.25
-0.25
1.80
1.95
 
 	
2.25
1.85
 	
1.90
 	
3.20
3.10
2.30
1.57
1.35
1.32
1.5
1.5
2.85
2.25
1.37
1.57
 	 1:0(0:0)  
134	17/02
21:45	 Fiorentina
Napoli	
-0.25
+0.25
1.95
1.80
 
 	
2.25
1.95
 	
1.80
 	
2.35
3.10
3.10
1.32
1.35
1.55
1.5
1.5
2.40
2.95
1.50
1.35
 	 0:3(0:1)  
135	17/02
21:45	 Internazionale Milan
Bologna	
–1.0
+1.0
1.80
1.90
  	
2.5
1.80
1.90
1.45
3.95
7.80
1.05
1.23
2.55
1.5
1.0
1.50
2.95
2.40
1.35
 	 0:3(0:2)  
136	18/02
21:45	 Juventus
Catania	
–1.5
+1.5
1.90
1.80
  	
2.5
1.80
1.95
1.28
4.95
11.00
1.02
1.15
3.40
2.0
1.0
1.90
3.40
1.80
1.27
 	 3:1(1:1)  
137	19/02
13:30	 Lecce
Siena	
-0.25
+0.25
2.00
1.75
 
 	
2.25
1.95
 	
1.80
 	
2.40
3.05
3.05
1.33
1.35
1.52
1.5
1.5
2.50
2.95
1.47
1.35
 	 4:1(1:1)  
138	19/02
16:00	 Novara
Atalanta	
0
0
1.85
1.90
  	
2.25
1.90
 	
1.85
 	
2.65
2.95
2.80
1.40
1.35
1.42
1.5
1.5
2.65
2.65
1.42
1.42
 	 0:0(0:0)  
139	19/02
16:00	 Genoa
Chievo	
-0.25
+0.25
1.65
2.15
 
 	
2.5
1.90
1.85
1.90
3.25
4.20
1.19
1.33
1.85
1.5
1.0
1.80
2.00
1.90
1.72
 	 0:1(0:1)  
140	19/02
16:00	 Cesena
AC Milan	
+0.75
-0.75
2.00
1.75
 
 	
2.5
2.00
1.72
6.45
3.65
1.55
2.35
1.26
1.08
1.0
1.5
2.55
1.65
1.45
2.10
 	 1:3(0:2)  
141	19/02
16:00	 AS Roma
Parma	
–1.0
+1.0
1.90
1.80
  	
2.75
1.95
 	
1.80
 	
1.50
3.95
6.55
1.08
1.23
2.45
1.5
1.5
1.50
3.70
2.40
1.23
 	 1:0(1:0)  
142	19/02
21:45	 Udinese
Cagliari	
-0.25
+0.25
1.65
2.15
 
 	
2.25
1.80
 	
1.95
 	
1.90
3.15
4.40
1.17
1.33
1.85
1.5
1.0
2.00
2.20
1.72
1.60
 	 0:0(0:0)  
143	19/02
21:45	 Palermo
Lazio	
-0.25
+0.25
1.95
1.80
 
 	
2.5
1.87
1.87
2.35
3.10
3.10
1.33
1.35
1.55
1.5
1.5
2.20
2.40
1.60
1.50
 	 5:1(3:0)  
194	25/02
19:00	 Genoa
Parma	
-0.25
+0.25
1.95
1.80
 
 	
2.5
1.95
1.76
2.30
3.00
3.35
1.28
1.35
1.57
1.5
1.5
2.20
2.75
1.60
1.40
 	 2:2(0:1)  
195	25/02
21:45	 AC Milan
Juventus	
-0.25
+0.25
1.95
1.80
 
 	
2.25
1.90
 	
1.85
 	
2.30
3.05
3.20
1.30
1.35
1.57
1.5
1.5
2.15
2.85
1.63
1.37
 	 1:1(1:0)  
196	26/02
16:00	 Atalanta
AS Roma	
+0.25
-0.25
1.80
1.95
 
 	
2.25
1.85
 	
1.90
 	
3.25
3.10
2.30
1.57
1.35
1.30
1.5
1.5
2.85
2.35
1.37
1.52
 	 4:1(2:1)  
197	26/02
16:00	 Cagliari
Lecce	
-0.75
+0.75
2.00
1.75
 
 	
2.25
1.80
 	
1.95
 	
1.80
3.25
4.75
1.15
1.32
1.95
1.5
1.5
1.95
3.55
1.76
1.25
 	 1:2(0:1)  
198	26/02
16:00	 Catania
Novara	
–1.0
+1.0
1.95
1.76
  	
2.25
1.80
 	
1.95
 	
1.55
3.55
6.85
1.07
1.27
2.35
1.5
1.0
1.75
2.85
1.96
1.37
 	 3:1(1:0)  
199	26/02
16:00	 Chievo
Cesena	
-0.25
+0.25
1.65
2.15
 
 	
2.25
2.00
 	
1.75
 	
1.90
3.10
4.45
1.17
1.35
1.85
1.5
1.0
2.10
2.30
1.65
1.55
 	 1:0(0:0)  
200	26/02
16:00	 Siena
Palermo	
-0.25
+0.25
1.87
1.87
 
 	
2.25
1.80
 	
1.95
 	
2.25
2.95
3.45
1.28
1.37
1.60
1.5
1.5
2.30
2.85
1.55
1.37
 	 4:1(2:1)  
201	26/02
21:45	 Bologna
Udinese	
0
0
1.75
2.00
  	
2.25
1.90
 	
1.85
 	
2.50
3.00
2.95
1.35
1.35
1.47
1.5
1.5
2.55
2.75
1.45
1.40
 	 1:3(0:1)  
202	26/02
21:45	 Lazio
Fiorentina	
-0.25
+0.25
1.70
2.05
 
 	
2.25
1.90
 	
1.85
 	
2.05
3.00
3.85
1.22
1.37
1.70
1.5
1.0
2.10
2.10
1.65
1.65
 	 1:0(1:0)  
203	26/02
21:45	 Napoli
Internazionale Milan	
-0.25
+0.25
1.57
2.25
 
 	
2.25
1.75
 	
2.00
 	
1.87
3.25
4.35
1.18
1.33
1.87
1.5
1.5
1.90
3.20
1.80
1.30
 	 1:0(0:0)  
223	03/03
19:00	 Palermo
AC Milan	
+0.75
-0.75
1.85
1.90
 
 	
2.75
1.85
 	
1.90
 	
4.95
3.55
1.70
2.05
1.27
1.14
1.0
1.5
2.10
1.65
1.65
2.10
 	 0:4(0:3)  
224	03/03
21:45	 Juventus
Chievo	
–1.5
+1.5
1.85
1.85
  	
2.5
1.85
1.85
1.27
5.10
11.00
1.01
1.14
3.45
2.0
1.0
1.72
3.75
2.00
1.23
 	 1:1(1:0)  
225	04/03
13:30	 Parma
Napoli	
+0.25
-0.25
2.10
1.67
 
 	
2.25
1.87
 	
1.87
 	
4.00
3.10
2.00
1.75
1.35
1.22
1.0
1.5
2.10
2.10
1.65
1.65
 	 1:2(0:1)  
226	04/03
19:30	 Bologna
Novara	
-0.75
+0.75
1.90
1.85
 
 	
2.25
1.85
 	
1.90
 	
1.67
3.40
5.55
1.12
1.30
2.10
1.5
1.0
1.80
2.55
1.90
1.45
 	 1:0(0:0)  
227	04/03
16:00	 Fiorentina
Cesena	
–1.0
+1.0
1.80
1.95
  	
2.25
1.80
 	
1.95
 	
1.47
3.85
7.80
1.06
1.23
2.55
1.5
1.0
1.67
3.05
2.07
1.33
 	 2:0(0:0)  
228	04/03
16:00	 Lecce
Genoa	
-0.25
+0.25
1.75
2.00
 
 	
2.5
1.80
1.95
2.10
3.20
3.55
1.25
1.32
1.67
1.5
1.0
2.00
1.80
1.72
1.90
 	 2:2(0:1)  
229	04/03
16:00	 AS Roma
Lazio	
-0.25
+0.25
1.90
1.85
 
 	
2.5
1.90
1.85
2.20
3.20
3.25
1.30
1.32
1.63
1.5
1.5
2.10
2.65
1.65
1.42
 	 1:2(1:1)  
230	04/03
16:00	 Siena
Cagliari	
-0.25
+0.25
1.75
2.00
 
 	
2.25
2.00
 	
1.75
 	
2.10
3.00
3.85
1.23
1.37
1.70
1.5
1.0
2.25
2.20
1.57
1.60
 	 3:0(1:0)  
231	04/03
16:00	 Udinese
Atalanta	
-0.75
+0.75
1.87
1.87
 
 	
2.25
1.85
 	
1.90
 	
1.67
3.40
5.55
1.12
1.30
2.10
1.5
1.0
1.80
2.40
1.90
1.50
 	 0:0(0:0)  
232	04/03
21:45	 Internazionale Milan
Catania	
-0.75
+0.75
1.85
1.90
 
 	
2.5
1.80
1.95
1.65
3.50
5.50
1.12
1.28
2.15
1.5
1.0
1.72
2.55
2.00
1.45
 	 2:2(0:2)  
141	09/03
21:45	 Chievo
Internazionale Milan	
+0.25
-0.25
1.75
2.00
 
 	
2.0
1.70
2.03
3.00
3.05
2.45
1.55
1.35
1.35
1.5
1.5
2.95
2.50
1.35
1.47
 	 0:2(0:0)  
142	09/03
21:45	 Napoli
Cagliari	
–1.0
+1.0
1.85
1.90
  	
2.5
1.90
1.80
1.47
3.85
7.50
1.06
1.25
2.55
1.5
1.0
1.60
2.75
2.20
1.40
 	 6:3(3:1)  
143	10/03
21:45	 Palermo
AS Roma	
0
0
1.87
1.87
  	
2.75
1.87
 	
1.87
 	
2.65
3.15
2.65
1.42
1.32
1.42
1.5
1.5
2.15
2.15
1.63
1.63
 	 0:1(0:1)  
144	11/03
16:00	 Atalanta
Parma	
-0.25
+0.25
1.70
2.05
 
 	
2.25
1.90
 	
1.85
 	
2.05
3.10
3.85
1.22
1.35
1.70
1.5
1.0
2.10
2.10
1.65
1.65
 	 1:1(1:0)  
145	11/03
16:00	 Catania
Fiorentina	
-0.25
+0.25
1.75
2.00
 
 	
2.0
1.75
1.96
2.10
3.05
3.75
1.23
1.35
1.67
1.5
1.0
2.30
2.15
1.55
1.63
 	 1:0(0:0)  
146	11/03
16:00	 Cesena
Siena	
0
0
2.00
1.72
  	
2.0
1.75
1.96
2.90
3.00
2.55
1.45
1.37
1.37
1.5
1.5
2.73
2.65
1.40
1.42
 	 0:2(0:0)  
147	11/03
16:00	 Genoa
Juventus	
+0.75
-0.75
1.80
1.95
 
 	
2.75
1.95
 	
1.80
 	
4.45
3.40
1.80
1.95
1.30
1.17
1.0
1.5
2.10
1.72
1.65
2.00
 	 0:0(0:0)  
148	11/03
16:00	 AC Milan
Lecce	
-1.75
+1.75
1.87
1.87
 
 	
2.5
1.55
2.35
1.20
5.85
14.00
1.01
1.11
4.10
1.20
5.85
14.00
1.01
1.11
4.1 
 	 2:0(1:0)  
149	11/03
21:45	 Lazio
Bologna	
-0.75
+0.75
1.80
1.95
 
 	
2.25
1.80
 	
1.95
 	
1.60
3.60
5.85
1.11
1.27
2.25
1.5
1.0
1.75
2.85
1.96
1.37
 	 1:3(0:2)  
150	11/03
21:45	 Novara
Udinese	
+0.25
-0.25
2.20
1.63
 
 	
2.25
1.90
 	
1.85
 	
4.35
3.15
1.90
1.85
1.33
1.18
1.0
1.5
2.10
2.10
1.65
1.65
 	 1:0(1:0)  
197	17/03
19:00	 Parma
AC Milan	
+0.75
-0.75
1.80
1.95
 
 	
2.5
1.90
1.85
4.95
3.55
1.70
2.05
1.28
1.14
1.0
1.5
2.40
1.67
1.50
2.07
 	 0:2(0:1)  
198	17/03
21:45	 Fiorentina
Juventus	
+0.25
-0.25
2.15
1.65
 
 	
2.25
1.87
 	
1.87
 	
4.15
3.20
1.95
1.80
1.33
1.19
1.0
1.5
2.15
2.00
1.63
1.72
 	 0:5(0:2)  
199	18/03
13:30	 Cagliari
Cesena	
–1.0
+1.0
1.80
1.95
  	
2.25
1.75
 	
2.00
 	
1.47
3.85
7.80
1.06
1.23
2.50
1.5
1.0
1.67
3.05
2.07
1.33
 	 3:0(2:0)  
200	18/03
16:00	 Bologna
Chievo	
-0.25
+0.25
1.85
1.90
 
 	
2.0
1.75
1.96
2.20
2.80
3.80
1.23
1.39
1.63
1.5
1.0
2.30
2.15
1.55
1.63
 	 2:2(0:1)  
201	18/03
16:00	 Catania
Lazio	
0
0
1.75
2.00
  	
2.25
1.85
 	
1.90
 	
2.50
3.00
2.95
1.35
1.35
1.47
1.5
1.5
2.50
2.65
1.47
1.42
 	 1:0(0:0)  
202	18/03
16:00	 Internazionale Milan
Atalanta	
-0.75
+0.75
1.75
2.00
 
 	
2.5
1.87
1.87
1.57
3.70
6.10
1.09
1.25
2.30
1.5
1.0
1.67
2.50
2.07
1.47
 	 0:0(0:0)  
203	18/03
16:00	 Lecce
Palermo	
-0.25
+0.25
1.75
2.00
 
 	
2.5
1.80
1.95
2.05
3.25
3.65
1.25
1.32
1.70
1.5
1.5
1.90
2.75
1.80
1.40
 	 1:1(1:1)  
204	18/03
16:00	 Siena
Novara	
-0.75
+0.75
1.77
1.97
 
 	
2.25
1.80
 	
1.95
 	
1.57
3.55
6.45
1.08
1.30
2.30
1.5
1.5
1.80
4.55
1.90
1.16
 	 0:2(0:0)  
205	18/03
21:45	 Udinese
Napoli	
0
0
1.75
2.00
  	
2.25
1.90
 	
1.85
 	
2.55
3.05
2.85
1.38
1.35
1.45
1.5
1.5
2.65
2.75
1.42
1.40
 	 2:2(1:0)  
206	19/03
21:45	 AS Roma
Genoa	
–1.0
+1.0
1.80
1.95
  	
2.75
1.80
 	
1.95
 	
1.47
4.00
7.00
1.07
1.22
2.55
1.5
1.5
1.47
3.55
2.50
1.25
 	 1:0(1:0)  
231	24/03
19:00	 AC Milan
AS Roma	
-0.75
+0.75
1.80
1.95
 
 	
2.75
1.95
 	
1.80
 	
1.60
3.75
5.55
1.12
1.25
2.25
1.5
1.0
1.60
2.30
2.20
1.55
 	 2:1(0:1)  
232	24/03
21:45	 Palermo
Udinese	
-0.25
+0.25
2.05
1.70
 
 	
2.75
1.90
 	
1.85
 	
2.40
3.20
2.90
1.37
1.32
1.52
1.5
1.5
2.00
2.25
1.72
1.57
 	 1:1(1:0)  
233	25/03
13:30	 Atalanta
Bologna	
-0.25
+0.25
1.90
1.85
 
 	
2.0
1.80
1.90
2.30
2.70
3.75
1.23
1.42
1.55
1.5
1.0
2.40
2.15
1.50
1.63
 	 2:0(0:0)  
234	25/03
16:00	 Cesena
Parma	
+0.25
-0.25
2.15
1.65
 
 	
2.25
1.95
 	
1.80
 	
3.95
3.25
1.95
1.80
1.35
1.22
1.0
1.5
2.25
2.20
1.57
1.60
 	 2:2(0:1)  
235	25/03
16:00	 Chievo
Siena	
0
0
1.50
2.40
  	
2.0
1.80
1.90
2.45
2.45
3.85
1.22
1.50
1.50
1.5
1.5
2.65
3.05
1.42
1.33
 	 1:1(1:0)  
236	25/03
16:00	 Genoa
Fiorentina	
-0.25
+0.25
1.95
1.80
 
 	
2.25
1.80
 	
1.95
 	
2.35
2.85
3.40
1.28
1.39
1.55
1.5
1.5
2.30
2.95
1.55
1.35
 	 2:2(1:1)  
237	25/03
16:00	 Lazio
Cagliari	
-0.75
+0.75
2.00
1.75
 
 	
2.25
1.77
 	
1.97
 	
1.75
3.30
5.10
1.13
1.30
2.00
1.5
1.0
1.85
2.40
1.85
1.50
 	 1:0(0:0)  
238	25/03
16:00	 Napoli
Catania	
–1.0
+1.0
1.95
1.80
  	
2.5
1.80
1.95
1.52
3.85
6.45
1.07
1.25
2.40
1.5
1.0
1.65
2.40
2.10
1.50
 	 2:2(0:0)  
239	25/03
16:00	 Novara
Lecce	
-0.25
+0.25
1.95
1.80
 
 	
2.25
1.75
 	
2.00
 	
2.30
3.15
3.15
1.32
1.33
1.57
1.5
1.5
2.20
2.75
1.60
1.40
 	 0:0(0:0)  
240	25/03
21:45	 Juventus
Internazionale Milan	
-0.75
+0.75
1.75
2.00
 
 	
2.5
1.95
1.80
1.60
3.65
5.85
1.10
1.27
2.25
1.5
1.0
1.70
2.50
2.03
1.47
 	 2:0(0:0)  
212	31/03
19:00	 Catania
AC Milan	
+0.25
-0.25
2.05
1.70
 
 	
2.25
1.75
 	
2.00
 	
3.95
3.15
2.00
1.75
1.35
1.21
1.0
1.5
2.07
2.00
1.67
1.72
 	 1:1(0:1)  
213	31/03
21:45	 Parma
Lazio	
0
0
1.75
2.00
  	
2.25
2.05
 	
1.70
 	
2.55
3.05
2.85
1.38
1.35
1.45
1.5
1.5
2.65
2.75
1.42
1.40
 	 3:1(2:1)  
214	01/04
13:30	 AS Roma
Novara	
–1.5
+1.5
1.85
1.85
  	
2.75
1.87
 	
1.87
 	
1.28
5.10
10.50
1.02
1.14
3.45
2.0
1.0
1.72
3.55
2.00
1.25
 	 5:2(2:1)  
215	01/04
16:00	 Bologna
Palermo	
-0.25
+0.25
2.00
1.75
 
 	
2.25
1.80
 	
1.95
 	
2.45
2.50
3.75
1.23
1.47
1.50
1.5
1.5
2.50
2.75
1.47
1.40
 	 1:3(0:0)  
216	01/04
16:00	 Cagliari
Atalanta	
-0.25
+0.25
1.75
2.00
 
 	
2.0
1.75
1.96
2.25
2.50
4.25
1.18
1.47
1.57
1.5
1.5
2.40
3.55
1.50
1.25
 	 2:0(1:0)  
217	01/04
16:00	 Fiorentina
Chievo	
-0.75
+0.75
1.87
1.87
 
 	
2.25
1.95
 	
1.80
 	
1.67
3.30
5.85
1.11
1.30
2.12
1.5
1.0
1.90
2.55
1.80
1.45
 	 1:2(0:1)  
218	01/04
16:00	 Internazionale Milan
Genoa	
–1.0
+1.0
1.95
1.80
  	
2.75
1.90
 	
1.85
 	
1.52
3.95
6.15
1.09
1.23
2.40
1.5
1.0
1.50
2.40
2.40
1.50
 	 5:4(3:1)  
219	01/04
16:00	 Lecce
Cesena	
–1.0
+1.0
1.87
1.87
  	
2.5
1.80
1.95
1.50
3.85
6.85
1.07
1.25
2.45
1.5
1.0
1.57
2.40
2.25
1.50
 	 0:0(0:0)  
220	01/04
16:00	 Siena
Udinese	
0
0
1.80
1.90
  	
2.25
2.00
 	
1.75
 	
2.65
3.00
2.75
1.40
1.37
1.42
1.5
1.5
2.65
2.73
1.42
1.40
 	 1:0(0:0)  
221	01/04
21:45	 Juventus
Napoli	
-0.75
+0.75
2.05
1.70
 
 	
2.5
1.90
1.85
1.80
3.40
4.45
1.17
1.30
1.95
1.5
1.0
1.80
2.25
1.90
1.57
 	 3:0(0:0) 
226	07/04
16:00	 Atalanta
Siena	
-0.25
+0.25
1.87
1.87
 
 	
2.0
1.80
1.90
2.35
2.30
4.55
1.17
1.55
1.52
1.5
1.5
2.50
3.55
1.47
1.25
 	 1:2(1:1)  
227	07/04
16:00	 Cagliari
Internazionale Milan	
+0.25
-0.25
1.95
1.80
 
 	
2.5
1.87
1.87
3.60
3.15
2.10
1.67
1.33
1.25
1.0
1.5
1.85
2.00
1.85
1.72
 	 2:2(1:1)  
228	07/04
16:00	 Cesena
Bologna	
+0.25
-0.25
1.75
2.00
 
 	
2.25
2.05
 	
1.70
 	
3.05
3.05
2.40
1.52
1.35
1.33
1.5
1.5
2.95
2.55
1.35
1.45
 	 0:0(0:0)  
229	07/04
16:00	 Chievo
Catania	
0
0
1.70
2.05
  	
2.0
1.75
1.96
2.70
2.55
3.20
1.30
1.45
1.42
1.5
1.5
2.75
3.05
1.40
1.33
 	 3:2(2:1)  
230	07/04
16:00	 Lecce
AS Roma	
+0.25
-0.25
2.05
1.70
 
 	
2.75
2.00
 	
1.75
 	
3.65
3.35
2.00
1.75
1.32
1.25
1.5
1.5
2.95
1.90
1.35
1.80
 	 4:2(2:0)  
231	07/04
16:00	 AC Milan
Fiorentina	
–1.5
+1.5
1.80
1.90
  	
2.75
1.95
 	
1.80
 	
1.25
5.00
13.50
1.01
1.15
3.65
2.0
1.0
1.57
3.55
2.25
1.25
 	 1:2(1:0)  
232	07/04
16:00	 Novara
Genoa	
0
0
1.87
1.87
  	
2.5
1.85
1.90
2.65
3.15
2.65
1.42
1.33
1.42
1.5
1.5
2.35
2.35
1.52
1.52
 	 1:1(0:1)  
233	07/04
16:00	 Udinese
Parma	
-0.25
+0.25
1.67
2.10
 
 	
2.25
1.80
 	
1.95
 	
1.93
3.15
4.25
1.18
1.33
1.83
1.5
1.0
2.00
2.20
1.72
1.60
 	 3:1(1:0)  
234	07/04
19:30	 Palermo
Juventus	
+1.25
-1.25
1.95
1.80
 
 	
3.0
2.00
1.72
7.85
4.30
1.40
2.75
1.20
1.05
1.0
2.0
2.85
1.75
1.37
1.96
 	 0:2(0:0)  
235	07/04
22:00	 Lazio
Napoli	
+0.25
-0.25
1.75
2.00
 
 	
2.5
1.95
1.80
2.95
3.15
2.45
1.50
1.33
1.35
1.5
1.5
2.65
2.35
1.42
1.52
 	 3:1(1:1)
120	10/04
21:45	 Chievo
AC Milan	
+0.75
-0.75
1.95
1.80
 
 	
2.5
1.85
1.85
5.75
3.50
1.63
2.20
1.28
1.11
1.0
1.5
2.40
1.67
1.50
2.07
 	 0:1(0:1)  
121	11/04
21:45	 Catania
Lecce	
-0.25
+0.25
1.67
2.12
 
 	
2.5
1.85
1.90
2.00
3.20
3.85
1.22
1.33
1.75
1.5
1.0
1.85
1.90
1.85
1.80
 	 1:2(0:0)  
122	11/04
21:45	 Fiorentina
Palermo	
-0.75
+0.75
1.85
1.90
 
 	
2.75
1.90
 	
1.80
 	
1.65
3.60
5.30
1.12
1.27
2.15
1.5
1.5
1.67
3.40
2.07
1.27
 	 0:0(0:0)  
123	11/04
21:45	 Genoa
Cesena	
-1.25
+1.25
2.00
1.75
 
 	
2.75
1.85
 	
1.90
 	
1.45
4.05
7.25
1.06
1.22
2.60
1.5
1.0
1.50
2.65
2.40
1.42
 	 1:1(1:0)  
125	11/04
21:45	 Juventus
Lazio	
-1.25
+1.25
1.90
1.80
 
 	
2.75
1.87
 	
1.87
 	
1.40
4.15
8.50
1.05
1.22
2.75
2.0
1.0
1.95
2.75
1.76
1.40
 	 2:1(1:1)  
126	11/04
21:45	 Napoli
Atalanta	
-1.25
+1.25
1.87
1.87
 
 	
2.75
1.95
 	
1.76
 	
1.40
4.15
8.50
1.05
1.20
2.75
1.5
1.5
1.52
4.05
2.35
1.20
 	 1:3(1:1)  
128	11/04
21:45	 AS Roma
Udinese	
-0.25
+0.25
1.65
2.15
 
 	
2.75
2.00
 	
1.72
 	
1.90
3.20
4.25
1.19
1.33
1.80
1.5
1.0
1.80
1.80
1.90
1.90
 	 3:1(1:1)  
129	12/04
21:45	 Bologna
Cagliari	
0
0
1.67
2.12
  	
2.25
1.95
 	
1.80
 	
2.75
2.25
3.75
1.23
1.57
1.40
2.75
2.25
3.75
1.23
1.57
1.40 
 	 1:0(0:0)
86	24/04
19:30	 Atalanta
Chievo	
-0.25
+0.25
1.65
2.15
 
 	
2.25
1.95
 	
1.80
 	
1.90
2.95
4.85
1.15
1.35
1.85
1.5
1.0
2.10
2.30
1.65
1.55
 	 1:0(0:0)  
87	24/04
19:30	 Cagliari
Catania	
-0.25
+0.25
1.67
2.12
 
 	
2.5
1.95
1.80
1.95
3.35
3.85
1.22
1.30
1.80
1.5
1.0
1.95
2.10
1.76
1.65
 	 3:0(1:0)  
88	25/04
13:30	 Novara
Lazio	
+0.75
-0.75
1.90
1.85
 
 	
2.5
1.90
1.85
5.85
3.40
1.65
2.15
1.30
1.11
1.0
1.5
2.10
1.70
1.67
2.03
 	 2:1(1:1)  
89	25/04
16:00	 Lecce
Napoli	
+0.25
-0.25
1.85
1.90
 
 	
2.75
1.95
 	
1.80
 	
2.95
3.35
2.30
1.57
1.30
1.35
1.5
1.5
2.40
2.10
1.50
1.65
 	 0:2(0:1)  
90	25/04
16:00	 Palermo
Parma	
-0.25
+0.25
2.00
1.75
 
 	
2.75
1.90
 	
1.85
 	
2.40
2.70
3.55
1.25
1.42
1.52
1.5
1.5
1.95
2.35
1.76
1.52
 	 1:2(1:0)  
91	25/04
16:00	 AS Roma
Fiorentina	
-0.75
+0.75
1.80
1.90
 
 	
2.75
1.90
 	
1.85
 	
1.57
3.85
5.70
1.11
1.25
2.30
1.5
1.0
1.55
2.25
2.30
1.57
 	 1:2(0:1)  
92	25/04
16:00	 Siena
Bologna	
-0.25
+0.25
1.80
1.95
 
 	
2.25
1.95
 	
1.80
 	
2.25
2.45
4.55
1.17
1.50
1.57
1.5
1.5
2.35
3.05
1.52
1.33
 	 1:1(0:0)  
93	25/04
16:00	 Udinese
Internazionale Milan	
0
0
1.72
2.03
  	
2.5
1.87
1.87
2.45
3.20
2.85
1.37
1.33
1.50
1.5
1.5
2.25
2.40
1.57
1.50
 	 1:3(1:3)  
94	25/04
19:00	 Cesena
Juventus	
+1.75
-1.75
1.90
1.80
 
 	
3.0
1.85
1.85
13.50
5.55
1.22
3.85
1.12
1.01
1.5
2.5
5.55
1.90
1.11
1.80
 	 0:1(0:0)  
95	25/04
19:00	 AC Milan
Genoa	
-1.75
+1.75
1.75
1.96
 
 	
3.0
1.75
1.96
1.22
5.85
12.00
1.01
1.12
3.85
2.5
1.5
1.90
5.55
1.80
1.11
 	 1:0(0:0)  
217	21/04
19:00	 Chievo
Udinese	
0
0
1.75
2.00
  	
2.25
1.95
 	
1.80
 	
2.60
2.95
2.85
1.38
1.35
1.45
1.5
1.5
2.65
2.65
1.42
1.42
 	 0:0(0:0)  
218	21/04
19:00	 Parma
Cagliari	
-0.25
+0.25
1.75
2.00
 
 	
2.25
1.90
 	
1.85
 	
2.10
2.65
4.55
1.16
1.45
1.67
1.5
1.0
2.10
1.85
1.65
1.85
 	 3:0(1:0)  
219	21/04
21:45	 Napoli
Novara	
-1.75
+1.75
1.80
1.95
 
 	
3.0
1.80
1.90
1.20
6.25
12.50
1.02
1.11
4.05
2.5
1.5
1.95
5.55
1.76
1.11
 	 2:0(2:0)  
220	21/04
21:45	 Catania
Atalanta	
-0.25
+0.25
1.80
1.95
 
 	
2.25
1.87
 	
1.87
 	
2.15
2.60
4.45
1.17
1.45
1.65
1.5
1.5
2.20
3.10
1.60
1.32
 	 2:0(1:0)  
221	22/04
13:30	 Fiorentina
Internazionale Milan	
+0.25
-0.25
1.75
2.00
 
 	
2.5
1.85
1.90
3.05
3.15
2.35
1.55
1.35
1.33
1.5
1.5
2.50
2.20
1.47
1.60
 	 0:0(0:0)  
222	22/04
16:00	 Cesena
Palermo	
+0.25
-0.25
1.80
1.95
 
 	
2.5
1.80
1.95
3.25
3.10
2.25
1.60
1.35
1.30
1.5
1.5
2.55
2.00
1.45
1.72
 	 2:2(2:2)  
223	22/04
16:00	 Genoa
Siena	
-0.25
+0.25
1.75
2.00
 
 	
2.5
1.90
1.85
2.05
3.10
3.85
1.23
1.35
1.70
1.5
1.0
2.05
1.85
1.70
1.85
 	 1:4(0:3)  
224	22/04
16:00	 Lazio
Lecce	
-0.75
+0.75
1.80
1.95
 
 	
2.75
1.90
 	
1.85
 	
1.60
3.75
5.55
1.12
1.25
2.25
1.5
1.0
1.60
2.25
2.20
1.57
 	 1:1(0:0)  
225	22/04
16:00	 AC Milan
Bologna	
–2.0
+2.0
1.95
1.76
  	
3.0
1.85
1.85
1.17
6.45
16.00
1.01
1.10
4.45
2.5
1.5
1.95
6.00
1.76
1.09
 	 1:1(0:1)  
226	22/04
21:45	 Juventus
AS Roma	
-1.25
+1.25
2.00
1.75
 
 	
2.75
1.87
 	
1.87
 	
1.42
4.25
7.50
1.06
1.20
2.70
1.5
1.5
1.50
4.05
2.40
1.20
 	 4:0(3:0)  
214	28/04
19:00	 Cagliari
Chievo	
-0.25
+0.25
1.95
1.80
 
 	
2.25
1.95
 	
1.80
 	
2.35
2.65
3.75
1.23
1.42
1.55
1.5
1.5
2.30
3.20
1.55
1.30
 	 0:0(0:0)  
215	28/04
19:00	 Palermo
Catania	
-0.25
+0.25
1.95
1.80
 
 	
2.75
1.90
 	
1.85
 	
2.35
2.95
3.25
1.30
1.38
1.55
1.5
1.0
1.95
1.80
1.76
1.90
 	 1:1(0:1)  
216	28/04
21:45	 AS Roma
Napoli	
0
0
1.85
1.90
  	
2.75
1.85
 	
1.90
 	
2.60
3.20
2.70
1.42
1.32
1.45
1.5
1.5
2.20
2.20
1.60
1.60
 	 2:2(1:0)  
217	29/04
13:30	 Bologna
Genoa	
0
0
1.80
1.95
  	
2.25
1.80
 	
1.95
 	
2.70
2.85
2.85
1.37
1.38
1.42
1.5
1.5
2.50
2.55
1.47
1.45
 	 3:2(2:0)  
218	29/04
16:00	 Atalanta
Fiorentina	
0
0
1.65
2.15
  	
2.25
1.95
 	
1.80
 	
2.75
2.35
3.55
1.25
1.55
1.40
1.5
1.5
2.55
2.85
1.45
1.37
 	 2:0(1:0)  
219	29/04
16:00	 Internazionale Milan
Cesena	
-1.75
+1.75
1.75
2.00
 
 	
2.75
1.75
 	
2.00
 	
1.20
5.85
14.50
1.01
1.12
4.05
2.5
1.5
1.95
6.00
1.76
1.09
 	 2:1(0:0)  
220	29/04
16:00	 Lecce
Parma	
-0.25
+0.25
1.75
2.00
 
 	
2.5
1.80
1.90
2.00
3.40
3.60
1.25
1.30
1.75
1.5
1.0
1.85
1.80
1.85
1.90
 	 1:2(0:0)  
221	29/04
16:00	 Novara
Juventus	
+1.75
-1.75
1.76
1.95
 
 	
2.75
1.87
 	
1.87
 	
11.50
5.35
1.25
3.55
1.12
1.02
1.0
2.0
3.85
1.60
1.22
2.20
 	 0:4(0:2)  
222	29/04
16:00	 Siena
AC Milan	
+1.0
–1.0
1.80
1.95
  	
2.5
1.87
1.87
6.20
3.75
1.55
2.35
1.25
1.10
1.0
1.5
2.50
1.65
1.47
2.11
 	 1:4(0:2)  
223	29/04
21:45	 Udinese
Lazio	
-0.25
+0.25
1.80
1.95
 
 	
2.5
1.87
1.87
2.15
3.20
3.40
1.27
1.33
1.65
1.5
1.5
2.10
2.75
1.65
1.40
 	 2:0(0:0) 
89	01/05
19:00	 Chievo
AS Roma	
+0.25
-0.25
1.90
1.85
 
 	
2.5
1.87
1.87
3.40
3.30
2.10
1.70
1.33
1.27
1.0
1.5
1.75
1.90
1.96
1.80
 	 0:0(0:0)  
90	01/05
21:45	 Napoli
Palermo	
-1.75
+1.75
1.85
1.90
 
 	
3.25
1.87
 	
1.87
 	
1.25
5.70
10.50
1.02
1.13
3.55
2.0
1.5
1.55
4.90
2.30
1.14
 	 2:0(2:0)  
91	02/05
21:45	 Catania
Bologna	
-0.25
+0.25
1.63
2.15
 
 	
2.5
1.95
1.80
1.87
3.20
4.45
1.17
1.33
1.87
1.5
1.0
1.85
2.00
1.85
1.72
 	 0:1(0:0)  
92	02/05
21:45	 Cesena
Udinese	
+0.75
-0.75
1.87
1.87
 
 	
2.5
1.95
1.76
5.55
3.40
1.67
2.10
1.30
1.11
1.0
1.5
2.30
1.80
1.55
1.90
 	 0:1(0:1)  
93	02/05
21:45	 Fiorentina
Novara	
-1.25
+1.25
1.95
1.80
 
 	
2.75
2.00
 	
1.75
 	
1.40
4.25
8.00
1.05
1.20
2.75
1.5
1.5
1.45
4.40
2.55
1.17
 	 2:2(0:2)  
94	02/05
21:45	 Genoa
Cagliari	
-0.75
+0.75
1.95
1.80
 
 	
2.5
1.87
1.87
1.72
3.55
4.75
1.15
1.28
2.03
1.5
1.0
1.75
2.10
1.96
1.65
 	 2:1(1:1)  
95	02/05
21:45	 Juventus
Lecce	
–2.0
+2.0
1.85
1.85
  	
3.25
1.87
 	
1.87
 	
1.17
6.85
14.00
1.01
1.08
4.45
2.5
1.5
1.70
5.55
2.03
1.11
 	 1:1(1:0)  
96	02/05
21:45	 Lazio
Siena	
-0.75
+0.75
1.75
1.96
 
 	
2.5
1.80
1.90
1.57
3.75
5.85
1.10
1.25
2.30
1.5
1.0
1.65
2.50
2.10
1.47
 	 1:1(0:1)  
97	02/05
21:45	 AC Milan
Atalanta	
-1.75
+1.75
1.90
1.80
 
 	
3.0
1.80
1.90
1.22
5.85
12.00
1.01
1.12
3.85
2.5
1.5
1.90
5.55
1.76
1.11
 	 2:0(1:0)  
98	02/05
21:45	 Parma
Internazionale Milan	
+0.25
-0.25
2.15
1.65
 
 	
2.5
1.80
1.95
4.05
3.35
1.90
1.85
1.30
1.20
1.0
1.5
1.90
1.80
1.80
1.90
 	 3:1(0:1)  
150	05/05
19:00	 Lecce
Fiorentina	
-0.25
+0.25
2.00
1.75
 
 	
2.25
1.95
 	
1.80
 	
2.40
3.05
3.05
1.33
1.35
1.55
1.5
1.5
2.25
2.95
1.57
1.35
 	 0:1(0:1)  
151	05/05
21:45	 AS Roma
Catania	
-1.25
+1.25
1.87
1.87
 
 	
3.0
1.75
1.96
1.42
4.35
7.25
1.06
1.20
2.65
1.5
1.5
1.40
3.55
2.73
1.25
 	 2:2(0:0)  
152	06/05
13:30	 Siena
Parma	
-0.25
+0.25
1.95
1.80
 
 	
2.5
1.80
1.90
2.35
3.15
3.05
1.33
1.33
1.55
1.5
1.5
2.10
2.40
1.65
1.50
 	 0:2(0:0)  
153	06/05
16:00	 Novara
Cesena	
-0.25
+0.25
1.70
2.05
 
 	
2.5
1.90
1.80
2.00
3.25
3.75
1.23
1.33
1.75
1.5
1.0
1.85
1.90
1.85
1.80
 	 3:0(1:0)  
154	06/05
16:00	 Palermo
Chievo	
-0.25
+0.25
1.80
1.90
 
 	
2.75
1.90
 	
1.80
 	
2.15
3.20
3.40
1.27
1.32
1.65
1.5
1.0
1.90
1.75
1.80
1.96
 	 4:4(2:2)  
155	06/05
16:00	 Udinese
Genoa	
–1.0
+1.0
1.80
1.95
  	
2.75
1.95
 	
1.80
 	
1.47
4.00
7.00
1.07
1.22
2.55
1.5
1.5
1.50
4.05
2.40
1.20
 	 2:0(1:0)  
156	06/05
16:00	 Atalanta
Lazio	
-0.25
+0.25
1.97
1.77
 
 	
2.25
1.75
 	
2.00
 	
2.35
3.15
3.05
1.33
1.33
1.52
1.5
1.0
2.25
1.75
1.57
1.96
 	 0:2(0:1)  
157	06/05
16:00	 Bologna
Napoli	
+1.0
–1.0
1.85
1.90
  	
2.75
1.90
 	
1.80
 	
6.45
3.85
1.52
2.40
1.25
1.08
1.0
1.5
2.50
1.55
1.47
2.30
 	 2:0(1:0)  
158	06/05
21:45	 Cagliari
Juventus	
+1.75
-1.75
1.75
2.00
 
 	
2.75
1.80
 	
1.95
 	
12.00
5.25
1.25
3.55
1.14
1.02
1.0
2.5
3.55
2.15
1.25
1.63
 	 0:2(0:1)  
159	06/05
21:45	 Internazionale Milan
AC Milan	
+0.25
-0.25
2.10
1.67
 
 	
2.5
1.85
1.85
3.60
3.55
1.95
1.80
1.27
1.25
1.0
1.5
1.90
1.85
1.80
1.85
 	 4:2(1:1) 
125	13/05
16:00	 Juventus
Atalanta	
–1.5
+1.5
1.85
1.85
  	
3.0
1.70
2.03
1.30
4.95
10.00
1.03
1.15
3.25
2.5
1.0
1.95
2.95
1.76
1.35
 	 3:1(2:0)  
126	13/05
16:00	 AC Milan
Novara	
–2.0
+2.0
1.90
1.80
  	
3.5
1.70
2.05
1.23
5.55
12.50
1.01
1.12
3.85
2.5
1.0
1.65
3.40
2.11
1.27
 	 2:1(0:1)  
127	13/05
16:00	 Fiorentina
Cagliari	
-0.25
+0.25
1.75
1.96
 
 	
2.75
1.95
 	
1.76
 	
2.05
3.15
3.75
1.23
1.32
1.70
1.5
1.5
1.80
2.65
1.90
1.42
 	 0:0(0:0)  
128	13/05
19:00	 Cesena
AS Roma	
+1.0
–1.0
1.85
1.90
  	
3.0
1.85
1.85
5.85
3.80
1.57
2.30
1.25
1.11
1.5
1.5
3.05
1.50
1.33
2.40
 	 2:3(1:2)  
129	13/05
19:00	 Parma
Bologna	
-0.75
+0.75
1.85
1.90
 
 	
3.0
1.85
1.85
1.65
3.70
5.10
1.13
1.25
2.15
1.5
1.5
1.50
2.95
2.40
1.35
 	 1:0(1:0)  
130	13/05
21:45	 1Catania
Udinese	
0
0
2.50
1.47
  	
2.5
1.95
1.76
4.75
2.10
2.50
1.47
1.65
1.15
1.85
2.65
6.10
1.09
1.42
1.90
 	 0:2(0:1)  
131	13/05
21:45	 Chievo
Lecce	
-0.25
+0.25
1.90
1.80
 
 	
2.5
1.80
1.90
2.25
3.45
2.95
1.37
1.30
1.57
1.5
1.5
1.95
2.40
1.76
1.50
 	 1:0(0:0)  
132	13/05
21:45	 1Genoa
Palermo	
–1.0
+1.0
2.50
1.47
  	
2.75
1.85
 	
1.85
 	
1.85
2.65
6.10
1.09
1.42
1.90
1.85
2.65
6.10
1.09
1.42
1.90 
 	 2:0(0:0)  
133	13/05
21:45	 Lazio
Internazionale Milan	
-0.25
+0.25
2.00
1.75
 
 	
3.0
1.90
1.80
2.40
3.40
2.75
1.40
1.30
1.50
1.5
1.5
1.95
2.00
1.76
1.72
 	 3:1(0:1)  
134	13/05
21:45	 Napoli
Siena	
–1.5
+1.5
1.90
1.80
  	
3.0
1.80
1.90
1.30
5.00
9.50
1.03
1.15
3.25
2.5
1.5
2.10
4.25
1.66
1.18
 	 2:1(2:1)  
140	15/02
19:30	 Atalanta
Genoa	
-0.25
+0.25
1.70
2.05
 
 	
2.5
1.90
1.85
2.00
3.15
3.95
1.23
1.33
1.75
1.5
1.0
2.00
1.96
1.72
1.75
 	 1:0(0:0)  
141	15/02
19:30	 Parma
Juventus	
+0.75
-0.75
1.75
2.00
 
 	
2.25
1.87
 	
1.87
 	
4.75
3.45
1.75
2.00
1.32
1.15
1.5
1.5
3.85
1.85
1.22
1.85
 	 0:0(0:0)  
123	21/02
19:30	 Bologna
Fiorentina	
-0.25
+0.25
2.05
1.70
 
 	
2.0
1.80
1.90
2.50
2.95
3.00
1.37
1.37
1.47
1.5
1.5
2.75
2.95
1.40
1.35
 	 2:0(2:0)  
124	22/02
19:30	 Siena
Catania	
-0.25
+0.25
1.75
2.00
 
 	
2.25
2.00
 	
1.75
 	
2.05
3.05
3.85
1.22
1.35
1.70
1.5
1.5
2.30
3.10
1.55
1.32
 	 0:1(0:1) 
155	07/03
19:30	 Cesena
Catania	
0
0
2.00
1.75
  	
2.25
1.95
 	
1.80
 	
2.95
2.95
2.55
1.45
1.38
1.35
1.5
1.5
2.75
2.55
1.40
1.45
 	 0:0(0:0)  
156	07/03
19:30	 Bologna
Juventus	
+0.75
-0.75
1.85
1.90
 
 	
2.25
1.80
 	
1.95
 	
5.10
3.60
1.67
2.12
1.27
1.13
1.0
1.5
2.50
1.80
1.47
1.90
 	 1:1(1:0)  
157	07/03
19:30	 Parma
Fiorentina	
-0.25
+0.25
1.87
1.87
 
 	
2.0
1.75
1.96
2.25
2.95
3.45
1.27
1.38
1.60
1.5
1.5
2.35
3.10
1.52
1.32
 	 2:2(1:0)  
173	11/04
21:45	 Parma
Novara	
-1.25
+1.25
2.00
1.75
 
 	
2.5
1.80
1.95
1.47
3.95
7.20
1.07
1.23
2.55
1.5
1.0
1.55
2.50
2.30
1.47
 	 2:0(2:0)  
170	11/04
21:45	 Internazionale Milan
Siena	
-0.75
+0.75
1.75
2.00
 
 	
2.5
1.85
1.90
1.57
3.60
6.45
1.09
1.27
2.30
1.5
1.0
1.67
2.50
2.07
1.47
 	 2:1(1:1)  
130	13/05
21:45	 Catania
Udinese	
0
0
2.50
1.47
  	
2.5
1.95
1.76
4.75
2.10
2.50
1.47
1.65
1.15
 
 	 0:2(0:1)  
132	13/05
21:45	 Genoa
Palermo	
–1.0
+1.0
2.50
1.47
  	
2.75
1.85
 	
1.85
 	
1.85
2.65
6.10
1.09
1.42
1.90
 
 	 2:0(0:0) 