199	05/10
21:30	 Augsburg
Werder Bremen	
0
0
1.87
1.87
  	
2.5
1.78
 	
1.97
 	
2.60
3.35
2.60
1.46
1.30
1.46
1.5
1.5
2.40
2.20
1.53
1.62
 	 3:1(2:1)  
200	06/10
16:30	 Bayern Munich
Hoffenheim	
-2.25
+2.25
1.86
1.88
 
 	
3.5
1.92
 	
1.82
 	
1.14
7.50
17.00
1.01
1.07
5.40
2.5
1.5
1.69
6.25
2.09
1.10
 	 2:0(1:0)  
201	06/10
16:30	 Schalke 04
Wolfsburg	
-1.25
+1.25
1.80
1.95
 
 	
3.25
2.00
 	
1.76
 	
1.35
4.90
8.00
1.06
1.16
3.05
2.5
1.5
2.05
4.35
1.72
1.19
 	 3:0(1:0)  
202	06/10
16:30	 Freiburg
Nuremberg	
-0.25
+0.25
1.85
1.90
 
 	
2.5
1.85
 	
1.90
 	
2.15
3.30
3.32
1.29
1.30
1.65
1.5
1.5
2.10
2.80
1.68
1.40
 	 3:0(1:0)  
203	06/10
16:30	 Mainz 05
Fortuna Dusseldorf	
-0.75
+0.75
2.16
1.65
 
 	
2.25
1.77
 	
1.98
 	
1.87
3.45
4.10
1.22
1.28
1.87
1.5
1.5
2.05
3.60
1.72
1.26
 	 1:0(0:0)  
204	06/10
16:30	 SpVgg Greuther Furth
Hamburg	
0
0
1.87
1.87
  	
2.5
1.84
 	
1.90
 	
2.60
3.33
2.60
1.46
1.30
1.46
1.5
1.5
2.40
2.40
1.53
1.53
 	 0:1(0:1)  
205	07/10
16:30	 Borussia Monchengladbach
Eintracht Frankfurt	
-0.25
+0.25
1.96
1.79
 
 	
2.75
1.76
 	
2.00
 	
2.30
3.45
2.90
1.38
1.29
1.58
1.5
1.5
1.92
2.25
1.83
1.60
 	 2:0(2:0)  
206	07/10
18:30	 Stuttgart
Bayer 04 Leverkusen	
0
0
1.82
1.92
  	
3.0
1.90
 	
1.85
 	
2.50
3.45
2.65
1.44
1.30
1.50
1.5
1.5
1.95
2.00
1.80
1.75
 	 2:2(1:1)  
207	07/10
18:30	 Hannover 96
Borussia Dortmund	
+1.0
–1.0
1.70
2.08
  	
3.0
1.77
 	
1.98
 	
4.80
3.95
1.65
2.16
1.23
1.16
1.5
1.5
2.75
1.53
1.42
2.40
 	 1:1(0:1)  
202	19/10
21:30	 Hoffenheim
SpVgg Greuther Furth	
-0.75
+0.75
2.05
1.72
 
 	
2.5
1.95
 	
1.80
 	
1.80
3.60
4.25
1.20
1.27
1.95
1.5
1.5
1.87
3.33
1.87
1.30
 	 3:3(1:1)  
203	20/10
16:30	 Borussia Dortmund
Schalke 04	
-0.75
+0.75
1.99
1.76
 
 	
3.0
1.95
 	
1.80
 	
1.75
3.75
4.35
1.19
1.25
2.01
1.5
1.5
1.65
2.75
2.16
1.42
 	 1:2(0:1)  
204	20/10
16:30	 Bayer 04 Leverkusen
Mainz 05	
-0.75
+0.75
1.76
1.99
 
 	
2.75
1.93
 	
1.81
 	
1.60
4.00
5.30
1.14
1.23
2.25
1.5
1.5
1.65
3.70
2.16
1.25
 	 2:2(1:0)  
205	20/10
16:30	 Wolfsburg
Freiburg	
-0.25
+0.25
2.02
1.74
 
 	
2.75
1.98
 	
1.77
 	
2.35
3.35
2.90
1.38
1.30
1.56
1.5
1.5
2.16
2.45
1.65
1.51
 	 0:2(0:1)  
206	20/10
16:30	 Eintracht Frankfurt
Hannover 96	
-0.25
+0.25
1.84
1.90
 
 	
3.0
1.88
 	
1.86
 	
2.12
3.60
3.15
1.33
1.26
1.68
1.5
1.5
1.78
2.30
1.97
1.58
 	 3:1(2:1)  
207	20/10
16:30	 Fortuna Dusseldorf
Bayern Munich	
+1.5
–1.5
1.87
1.87
  	
2.75
1.86
 	
1.88
 	
10.00
5.00
1.32
3.25
1.15
1.04
1.5
1.5
5.00
1.44
1.15
2.65
 	 0:5(0:2)  
208	20/10
19:30	 Werder Bremen
Borussia Monchengladbach	
-0.25
+0.25
1.82
1.92
 
 	
2.75
1.90
 	
1.84
 	
2.15
3.42
3.20
1.32
1.29
1.65
1.5
1.5
1.97
2.60
1.78
1.46
 	 4:0(2:0)  
209	21/10
16:30	 Nuremberg
Augsburg	
-0.75
+0.75
2.16
1.65
 
 	
2.5
1.87
 	
1.87
 	
1.95
3.45
3.80
1.24
1.28
1.80
1.5
1.5
1.95
3.20
1.80
1.32
 	 0:0(0:0)  
210	21/10
18:30	 Hamburg
Stuttgart	
-0.25
+0.25
1.89
1.86
 
 	
3.0
1.95
 	
1.80
 	
2.20
3.33
3.20
1.32
1.30
1.62
1.5
1.5
1.87
2.40
1.87
1.53
 	 0:1(0:1)  
194	26/10
21:30	 Augsburg
Hamburg	
-0.25
+0.25
1.84
1.90
 
 	
2.5
1.98
1.78
2.20
3.35
3.20
1.32
1.30
1.62
1.5
1.5
2.16
2.80
1.65
1.40
 	 0:2(0:1)  
195	27/10
16:30	 Schalke 04
Nuremberg	
–1.5
+1.5
1.76
2.00
  	
3.0
1.82
1.93
1.27
5.20
11.20
1.02
1.14
3.55
1.5
1.5
1.34
5.00
3.10
1.15
 	 1:0(0:0)  
196	27/10
16:30	 Freiburg
Borussia Dortmund	
+1.0
–1.0
1.76
2.00
  	
2.75
1.76
 	
2.00
 	
5.00
4.20
1.60
2.30
1.19
1.16
1.5
1.5
3.40
1.58
1.29
2.30
 	 0:2(0:0)  
197	27/10
16:30	 Mainz 05
Hoffenheim	
-0.25
+0.25
1.73
2.03
 
 	
2.5
1.87
1.87
2.00
3.35
3.70
1.25
1.29
1.76
1.5
1.5
2.00
3.15
1.76
1.33
 	 3:0(1:0)  
198	27/10
16:30	 SpVgg Greuther Furth
Werder Bremen	
0
0
1.92
1.82
  	
2.75
1.95
 	
1.80
 	
2.65
3.40
2.52
1.50
1.29
1.44
1.5
1.5
2.30
2.20
1.58
1.62
 	 1:1(1:1)  
199	27/10
16:30	 Fortuna Dusseldorf
Wolfsburg	
-0.25
+0.25
2.00
1.76
 
 	
2.25
1.84
 	
1.90
 	
2.36
3.25
3.00
1.36
1.32
1.55
1.5
1.5
2.40
2.95
1.53
1.37
 	 1:4(0:0)  
200	28/10
16:30	 Stuttgart
Eintracht Frankfurt	
-0.25
+0.25
1.83
1.92
 
 	
3.0
1.87
1.87
2.12
3.45
3.25
1.32
1.28
1.68
1.5
1.5
1.78
2.30
1.97
1.58
 	 2:1(1:0)  
201	28/10
18:30	 Bayern Munich
Bayer 04 Leverkusen	
-1.75
+1.75
1.80
1.95
 
 	
3.25
1.87
 	
1.87
 	
1.22
6.20
12.00
1.03
1.11
4.20
2.5
1.0
1.84
3.15
1.90
1.33
 	 1:2(0:1)  
202	28/10
18:30	 Hannover 96
Borussia Monchengladbach	
-0.25
+0.25
1.67
2.12
 
 	
2.75
1.95
 	
1.80
 	
1.92
3.55
3.75
1.25
1.27
1.83
1.5
1.5
1.87
2.90
1.87
1.38
 	 2:3(0:0)  
134	02/11
21:30	 Eintracht Frankfurt
SpVgg Greuther Furth	
-0.75
+0.75
1.76
2.00
 
 	
2.75
1.87
 	
1.87
 	
1.55
4.00
6.00
1.11
1.23
2.36
1.5
1.5
1.55
3.80
2.36
1.24
 	 1:1(1:0)  
135	03/11
16:30	 Borussia Dortmund
Stuttgart	
-1.25
+1.25
1.77
1.98
 
 	
3.25
1.92
 	
1.83
 	
1.40
4.70
7.40
1.08
1.17
2.85
1.5
1.5
1.38
3.55
2.90
1.27
 	 0:0(0:0)  
136	03/11
16:30	 Borussia Monchengladbach
Freiburg	
-0.25
+0.25
1.92
1.82
 
 	
2.5
1.90
 	
1.84
 	
2.25
3.33
3.10
1.34
1.30
1.60
1.5
1.5
2.16
2.80
1.65
1.40
 	 1:1(0:0)  
137	03/11
16:30	 Hannover 96
Augsburg	
-0.75
+0.75
2.00
1.76
 
 	
2.5
1.83
 	
1.91
 	
1.76
3.60
4.50
1.18
1.26
2.00
1.5
1.5
1.80
3.55
1.95
1.27
 	 2:0(1:0)  
138	03/11
16:30	 Nuremberg
Wolfsburg	
0
0
1.87
1.87
  	
2.5
1.84
 	
1.90
 	
2.60
3.33
2.60
1.46
1.30
1.46
1.5
1.5
2.40
2.40
1.53
1.53
 	 1:0(0:0)  
140	03/11
19:30	 Hamburg
Bayern Munich	
+1.25
-1.25
1.93
1.82
 
 	
3.0
1.95
 	
1.80
 	
8.00
5.00
1.36
3.05
1.15
1.06
1.5
1.5
4.50
1.43
1.18
2.70
 	 0:3(0:1)  
141	04/11
16:30	 Bayer 04 Leverkusen
Fortuna Dusseldorf	
-1.25
+1.25
1.87
1.87
 
 	
2.75
1.82
 	
1.92
 	
1.40
4.50
7.80
1.07
1.18
2.80
1.5
1.5
1.47
4.50
2.57
1.18
 	 3:2(2:1)  
142	04/11
18:30	 Werder Bremen
Mainz 05	
-0.25
+0.25
1.73
2.03
 
 	
2.75
1.82
 	
1.93
 	
2.00
3.55
3.55
1.27
1.27
1.76
1.5
1.5
1.82
2.60
1.93
1.46
 	 2:1(1:0)  
200	09/11
21:30	 Mainz 05
Nuremberg	
-0.75
+0.75
2.01
1.75
 
 	
2.5
1.92
 	
1.82
 	
1.80
3.55
4.40
1.19
1.27
1.95
1.5
1.5
1.87
3.62
1.87
1.26
 	 2:1(2:1)  
201	10/11
16:30	 Bayern Munich
Eintracht Frankfurt	
-2.25
+2.25
1.90
1.84
 
 	
3.5
1.87
 	
1.87
 	
1.16
7.50
15.00
1.01
1.07
5.00
2.5
1.5
1.65
5.40
2.16
1.13
 	 2:0(1:0)  
202	10/11
16:30	 Schalke 04
Werder Bremen	
-1.25
+1.25
1.97
1.78
 
 	
3.25
1.92
 	
1.82
 	
1.45
4.50
6.50
1.11
1.18
2.63
1.5
1.5
1.40
3.33
2.82
1.30
 	 2:1(0:1)  
203	10/11
16:30	 Freiburg
Hamburg	
-0.75
+0.75
2.05
1.72
 
 	
2.5
1.78
 	
1.97
 	
1.83
3.70
4.00
1.22
1.24
1.92
1.5
1.5
1.80
3.15
1.95
1.33
 	 0:0(0:0)  
205	10/11
16:30	 Fortuna Dusseldorf
Hoffenheim	
+0.25
-0.25
1.74
2.02
 
 	
2.5
1.87
 	
1.87
 	
2.90
3.40
2.35
1.55
1.29
1.38
1.5
1.5
2.60
2.20
1.46
1.62
 	 1:1(1:1)  
206	11/11
16:30	 Wolfsburg
Bayer 04 Leverkusen	
+0.25
-0.25
1.86
1.89
 
 	
3.0
1.98
 	
1.77
 	
3.20
3.33
2.20
1.62
1.30
1.32
1.5
1.5
2.40
1.87
1.52
1.87
 	 3:1(3:0)  
207	11/11
18:30	 Stuttgart
Hannover 96	
-0.25
+0.25
1.72
2.05
 
 	
3.0
1.97
 	
1.78
 	
1.97
3.65
3.50
1.27
1.26
1.80
1.5
1.5
1.78
2.50
1.97
1.49
 	 2:4(2:0)  
208	11/11
18:30	 SpVgg Greuther Furth
Borussia Monchengladbach	
0
0
1.80
1.95
  	
2.25
1.82
 	
1.93
 	
2.55
3.20
2.75
1.43
1.33
1.48
1.5
1.5
2.60
2.70
1.46
1.43
 	 2:4(2:1)  
288	17/11
16:30	 Borussia Dortmund
SpVgg Greuther Furth	
–2.0
+2.0
1.80
1.95
  	
3.25
1.84
 	
1.90
 	
1.16
7.20
15.00
1.01
1.08
4.85
2.5
1.5
1.76
5.65
1.99
1.12
 	 3:1(3:1)  
289	17/11
16:30	 Borussia Monchengladbach
Stuttgart	
-0.25
+0.25
1.98
1.77
 
 	
2.5
1.84
 	
1.90
 	
2.30
3.40
2.95
1.37
1.29
1.58
1.5
1.5
2.18
2.60
1.64
1.46
 	 1:2(1:1)  
290	17/11
16:30	 Hannover 96
Freiburg	
-0.25
+0.25
1.77
1.98
 
 	
2.75
1.92
 	
1.83
 	
2.05
3.40
3.47
1.28
1.29
1.72
1.5
1.5
1.90
2.70
1.84
1.43
 	 1:2(1:1)  
291	17/11
16:30	 Nuremberg
Bayern Munich	
+1.5
–1.5
1.90
1.84
  	
2.75
1.83
 	
1.92
 	
11.00
5.50
1.27
3.60
1.13
1.03
1.5
1.5
5.65
1.36
1.12
3.00
 	 1:1(0:1)  
292	17/11
16:30	 Hamburg
Mainz 05	
-0.25
+0.25
1.95
1.80
 
 	
2.5
1.87
 	
1.87
 	
2.30
3.35
3.00
1.36
1.30
1.58
1.5
1.5
2.20
2.60
1.62
1.46
 	 1:0(0:0)  
293	17/11
16:30	 Eintracht Frankfurt
Augsburg	
-0.75
+0.75
2.03
1.73
 
 	
2.75
1.95
 	
1.80
 	
1.80
3.60
4.25
1.20
1.26
1.95
1.5
1.5
1.80
3.15
1.95
1.33
 	 4:2(2:1)  
294	17/11
19:30	 Bayer 04 Leverkusen
Schalke 04	
0
0
1.92
1.82
  	
2.75
1.82
 	
1.93
 	
2.65
3.50
2.50
1.50
1.28
1.45
1.5
1.5
2.20
2.11
1.62
1.68
 	 2:0(1:0)  
295	18/11
16:30	 Werder Bremen
Fortuna Dusseldorf	
–1.0
+1.0
1.80
1.95
  	
3.0
1.93
 	
1.82
 	
1.48
4.35
6.25
1.11
1.20
2.55
1.5
1.5
1.48
3.62
2.55
1.26
 	 2:1(0:1)  
296	18/11
18:30	 Hoffenheim
Wolfsburg	
-0.25
+0.25
1.98
1.77
 
 	
2.75
1.87
 	
1.87
 	
2.30
3.40
2.95
1.37
1.29
1.57
1.5
1.5
2.03
2.40
1.74
1.53
 	 1:3(0:2)  
172	23/11
21:30	 Fortuna Dusseldorf
Hamburg	
+0.25
-0.25
1.70
2.10
 
 	
2.25
1.76
 	
2.00
 	
2.90
3.35
2.40
1.53
1.30
1.39
1.5
1.5
2.80
2.25
1.40
1.60
 	 2:0(1:0)  
173	24/11
16:30	 Bayern Munich
Hannover 96	
-2.25
+2.25
1.87
1.87
 
 	
3.5
1.79
 	
1.96
 	
1.16
7.50
15.00
1.01
1.07
5.00
2.5
1.5
1.65
4.82
2.16
1.16
 	 5:0(3:0)  
174	24/11
16:30	 Schalke 04
Eintracht Frankfurt	
–1.0
+1.0
1.80
1.95
  	
3.25
1.90
 	
1.85
 	
1.50
4.25
6.00
1.11
1.20
2.46
1.5
1.5
1.40
3.20
2.80
1.32
 	 1:1(1:1)  
175	24/11
16:30	 Wolfsburg
Werder Bremen	
-0.25
+0.25
1.82
1.92
 
 	
3.0
1.95
 	
1.80
 	
2.20
3.70
2.95
1.37
1.25
1.63
1.5
1.5
1.92
2.25
1.83
1.60
 	 1:1(0:1)  
176	24/11
16:30	 Mainz 05
Borussia Dortmund	
+0.75
-0.75
1.95
1.80
 
 	
2.75
1.92
 	
1.83
 	
5.00
3.85
1.65
2.15
1.24
1.16
1.5
1.5
3.60
1.67
1.25
2.13
 	 1:2(1:2)  
177	24/11
16:30	 SpVgg Greuther Furth
Nuremberg	
0
0
1.73
2.03
  	
2.25
1.80
 	
1.95
 	
2.40
3.35
2.82
1.40
1.30
1.53
1.5
1.5
2.45
2.82
1.50
1.40
 	 0:0(0:0)  
178	25/11
16:30	 Freiburg
Stuttgart	
-0.25
+0.25
1.94
1.80
 
 	
2.75
1.87
 	
1.87
 	
2.25
3.40
3.05
1.35
1.29
1.60
1.5
1.5
2.00
2.46
1.76
1.50
 	 3:0(1:0)  
179	25/11
18:30	 Hoffenheim
Bayer 04 Leverkusen	
+0.25
-0.25
1.86
1.89
 
 	
3.0
1.95
 	
1.80
 	
3.20
3.33
2.20
1.62
1.30
1.32
1.5
1.5
2.40
1.87
1.52
1.87
 	 1:2(0:2)  
180	25/11
18:30	 Augsburg
Borussia Monchengladbach	
-0.25
+0.25
2.00
1.76
 
 	
2.25
1.84
 	
1.90
 	
2.35
3.25
3.00
1.36
1.32
1.56
1.5
1.5
2.40
2.95
1.53
1.37
 	 1:1(1:0)  
122	27/11
21:00	 Borussia Dortmund
Fortuna Dusseldorf	
-2.25
+2.25
1.82
1.92
 
 	
3.5
1.90
 	
1.84
 	
1.11
8.50
21.00
 	
1.05
6.20
1.5
1.5
1.20
7.40
4.25
1.07
 	 1:1(1:0)  
123	27/11
21:00	 Hannover 96
SpVgg Greuther Furth	
-0.75
+0.75
2.09
1.69
 
 	
2.5
1.88
 	
1.86
 	
1.85
3.45
4.25
1.22
1.29
1.90
1.5
1.5
1.90
3.33
1.84
1.30
 	 2:0(1:0)  
124	27/11
21:00	 Hamburg
Schalke 04	
+0.25
-0.25
2.18
1.64
 
 	
2.5
1.80
 	
1.95
 	
4.00
3.55
1.87
1.87
1.27
1.22
1.5
1.5
3.10
1.88
1.34
1.86
 	 3:1(0:0)  
125	27/11
21:00	 Eintracht Frankfurt
Mainz 05	
-0.25
+0.25
1.77
1.98
 
 	
2.75
1.92
 	
1.82
 	
2.05
3.40
3.50
1.28
1.29
1.72
1.5
1.5
1.90
2.70
1.84
1.43
 	 1:3(0:2)  
126	28/11
21:00	 Borussia Monchengladbach
Wolfsburg	
-0.25
+0.25
1.98
1.77
 
 	
2.5
1.84
 	
1.90
 	
2.30
3.40
2.95
1.37
1.29
1.58
1.5
1.5
2.18
2.60
1.64
1.46
 	 2:0(2:0)  
127	28/11
21:00	 Stuttgart
Augsburg	
-0.75
+0.75
1.80
1.95
 
 	
2.75
1.87
 	
1.87
 	
1.65
3.90
5.00
1.16
1.24
2.20
1.5
1.5
1.65
3.33
2.16
1.30
 	 2:1(1:1)  
128	28/11
21:00	 Werder Bremen
Bayer 04 Leverkusen	
0
0
1.82
1.92
  	
2.75
1.77
 	
1.98
 	
2.50
3.55
2.60
1.46
1.27
1.48
1.5
1.5
2.00
2.19
1.76
1.63
 	 1:4(0:1)  
129	28/11
21:00	 Freiburg
Bayern Munich	
+1.25
-1.25
1.92
1.82
 
 	
3.0
1.90
 	
1.84
 	
8.50
4.70
1.36
3.00
1.17
1.06
1.5
1.5
4.50
1.38
1.18
2.90
 	 0:2(0:1)  
130	28/11
21:45	 Nuremberg
Hoffenheim	
-0.25
+0.25
1.98
1.77
 
 	
2.5
2.00
 	
1.76
 	
2.30
3.35
3.00
1.36
1.30
1.58
1.5
1.5
2.25
2.80
1.60
1.40
 	 4:2(2:1)  
197	30/11
21:30	 Fortuna Dusseldorf
Eintracht Frankfurt	
+0.25
-0.25
1.76
2.00
 
 	
2.5
1.79
 	
1.96
 	
3.00
3.40
2.30
1.60
1.29
1.37
1.5
1.5
2.45
2.18
1.51
1.64
 	 4:0(2:0)  
198	01/12
16:30	 Schalke 04
Borussia Monchengladbach	
-1.25
+1.25
1.93
1.82
 
 	
2.75
1.82
 	
1.93
 	
1.45
4.35
6.75
1.09
1.19
2.63
1.5
1.5
1.50
4.00
2.49
1.22
 	 1:1(0:0)  
199	01/12
16:30	 Bayer 04 Leverkusen
Nuremberg	
-1.25
+1.25
2.00
1.76
 
 	
2.75
1.82
 	
1.93
 	
1.47
4.25
6.50
1.09
1.22
2.50
1.5
1.5
1.53
4.00
2.40
1.22
 	 1:0(1:0)  
200	01/12
16:30	 Mainz 05
Hannover 96	
-0.25
+0.25
1.73
2.04
 
 	
2.5
1.78
 	
1.97
 	
2.00
3.50
3.60
1.27
1.28
1.76
1.5
1.5
1.95
2.90
1.80
1.38
 	 2:1(1:1)  
201	01/12
16:30	 Augsburg
Freiburg	
0
0
1.82
1.93
  	
2.25
1.80
 	
1.95
 	
2.60
3.30
2.65
1.45
1.31
1.47
1.5
1.5
2.40
2.60
1.53
1.46
 	 1:1(1:1)  
202	01/12
16:30	 SpVgg Greuther Furth
Stuttgart	
+0.25
-0.25
1.77
1.98
 
 	
2.5
1.84
 	
1.90
 	
3.00
3.40
2.30
1.58
1.29
1.37
1.5
1.5
2.60
2.18
1.46
1.64
 	 0:1(0:1)  
203	01/12
19:30	 Bayern Munich
Borussia Dortmund	
-0.75
+0.75
1.87
1.87
 
 	
3.0
1.97
 	
1.78
 	
1.70
3.90
4.60
1.17
1.24
2.08
1.5
1.5
1.62
3.10
2.20
1.34
 	 1:1(0:0)  
204	02/12
16:30	 Hoffenheim
Werder Bremen	
0
0
1.85
1.95
  	
3.0
1.90
 	
1.85
 	
2.50
3.50
2.65
1.47
1.30
1.52
1.5
1.5
1.95
2.00
1.80
1.75
 	 1:4(0:2)  
205	02/12
18:30	 Wolfsburg
Hamburg	
-0.25
+0.25
1.64
2.18
 
 	
2.5
1.80
 	
1.95
 	
1.90
3.45
3.95
1.22
1.28
1.84
1.5
1.5
1.88
3.10
1.86
1.34
 	 1:1(0:1)  
190	07/12
21:30	 Hamburg
Hoffenheim	
-0.25
+0.25
1.73
2.04
 
 	
2.75
1.95
 	
1.80
 	
2.00
3.50
3.60
1.27
1.28
1.80
1.5
1.5
1.87
2.75
1.87
1.42
 	 2:0(1:0)  
191	08/12
16:30	 Borussia Dortmund
Wolfsburg	
-1.75
+1.75
1.90
1.84
 
 	
3.25
1.87
 	
1.87
 	
1.25
5.95
10.50
1.03
1.11
3.75
2.5
1.5
2.05
4.25
1.72
1.20
 	 2:3(1:2)  
192	08/12
16:30	 Stuttgart
Schalke 04	
+0.25
-0.25
1.77
1.98
 
 	
2.75
1.87
 	
1.87
 	
2.95
3.40
2.30
1.57
1.29
1.37
1.5
1.5
2.40
2.03
1.53
1.74
 	 3:1(2:1)  
193	08/12
16:30	 Nuremberg
Fortuna Dusseldorf	
-0.25
+0.25
1.62
2.21
 
 	
2.25
1.90
 	
1.84
 	
1.87
3.55
4.05
1.22
1.27
1.87
1.5
1.5
2.12
3.80
1.67
1.24
 	 2:0(1:0)  
194	08/12
16:30	 Freiburg
SpVgg Greuther Furth	
-0.75
+0.75
1.87
1.87
 
 	
2.5
1.99
 	
1.76
 	
1.68
3.70
5.00
1.16
1.25
2.12
1.5
1.5
1.89
4.00
1.85
1.22
 	 1:0(1:0)  
195	08/12
16:30	 Augsburg
Bayern Munich	
+1.75
-1.75
1.76
1.99
 
 	
3.0
1.99
 	
1.76
 	
12.00
5.70
1.25
3.80
1.12
1.02
1.5
1.5
6.25
1.32
1.10
3.20
 	 0:2(0:1)  
196	08/12
19:30	 Eintracht Frankfurt
Werder Bremen	
0
0
1.74
2.02
  	
3.0
1.80
 	
1.95
 	
2.40
3.45
2.80
1.42
1.28
1.53
1.5
1.5
1.88
2.00
1.86
1.76
 	 4:1(0:0)  
197	09/12
16:30	 Borussia Monchengladbach
Mainz 05	
0
0
1.75
2.01
  	
2.5
1.97
 	
1.78
 	
2.40
3.40
2.82
1.41
1.29
1.53
1.5
1.5
2.40
2.57
1.53
1.47
 	 2:0(0:0)  
198	09/12
18:30	 Hannover 96
Bayer 04 Leverkusen	
+0.25
-0.25
1.73
2.03
 
 	
2.75
1.80
 	
1.95
 	
2.82
3.40
2.40
1.53
1.29
1.40
1.5
1.5
2.20
2.00
1.62
1.75
 	 3:2(1:1)  
152	14/12
21:30	 Bayern Munich
Borussia Monchengladbach	
–2.0
+2.0
1.72
2.05
  	
3.5
1.96
 	
1.79
 	
1.16
7.20
16.00
1.01
1.07
4.85
2.5
1.5
1.76
5.20
1.99
1.14
 	 1:1(0:1)  
153	15/12
16:30	 Bayer 04 Leverkusen
Hamburg	
–1.0
+1.0
2.00
1.76
  	
2.75
1.77
 	
1.98
 	
1.60
4.20
5.00
1.16
1.19
2.30
1.5
1.5
1.58
3.40
2.30
1.29
 	 3:0(2:0)  
154	15/12
16:30	 Wolfsburg
Eintracht Frankfurt	
-0.25
+0.25
1.78
1.97
 
 	
2.75
1.80
 	
1.95
 	
2.08
3.50
3.35
1.30
1.28
1.70
1.5
1.5
1.90
2.40
1.85
1.53
 	 0:2(0:2)  
155	15/12
16:30	 Mainz 05
Stuttgart	
-0.25
+0.25
1.93
1.82
 
 	
2.5
1.78
 	
1.97
 	
2.25
3.30
3.10
1.34
1.30
1.60
1.5
1.5
2.15
2.45
1.65
1.50
 	 3:1(0:0)  
156	15/12
16:30	 SpVgg Greuther Furth
Augsburg	
-0.25
+0.25
2.00
1.76
 
 	
2.25
1.97
 	
1.78
 	
2.35
3.15
3.10
1.35
1.33
1.56
1.5
1.5
2.60
3.00
1.46
1.36
 	 1:1(0:1)  
157	15/12
16:30	 Fortuna Dusseldorf
Hannover 96	
0
0
2.00
1.76
  	
2.25
1.80
 	
1.95
 	
2.82
3.33
2.45
1.51
1.30
1.40
1.5
1.5
2.75
2.45
1.42
1.52
 	 2:1(1:0)  
158	15/12
19:30	 Schalke 04
Freiburg	
-0.75
+0.75
1.80
1.95
 
 	
2.75
1.97
 	
1.78
 	
1.62
3.90
5.25
1.14
1.23
2.21
1.5
1.5
1.69
3.80
2.09
1.24
 	 1:3(1:2)  
159	16/12
16:30	 Hoffenheim
Borussia Dortmund	
+1.25
-1.25
1.78
1.97
 
 	
3.0
1.94
 	
1.80
 	
6.80
4.40
1.45
2.65
1.19
1.09
1.5
1.5
3.80
1.48
1.24
2.50
 	 1:3(1:1)  
160	16/12
18:30	 Werder Bremen
Nuremberg	
-0.25
+0.25
1.60
2.25
 
 	
2.75
1.87
 	
1.87
 	
1.85
3.62
4.00
1.22
1.26
1.90
1.5
1.5
1.76
2.95
2.00
1.37
 	 1:1(0:0)  
251	18/01
21:30	 Schalke 04
Hannover 96	
-0.75
+0.75
1.76
2.00
 
 	
2.75
1.76
 	
2.00
 	
1.60
4.00
5.30
1.14
1.24
2.30
1.5
1.5
1.62
3.10
2.21
1.34
 	 5:4(1:0)  
252	19/01
16:30	 Bayer 04 Leverkusen
Eintracht Frankfurt	
-0.75
+0.75
1.78
1.97
 
 	
3.0
1.82
 	
1.92
 	
1.65
4.00
4.70
1.17
1.22
2.16
1.5
1.5
1.55
2.75
2.36
1.42
 	 3:1(2:0)  
253	19/01
16:30	 Hoffenheim
Borussia Monchengladbach	
-0.25
+0.25
2.02
1.74
 
 	
2.5
1.87
 	
1.87
 	
2.36
3.33
2.95
1.37
1.30
1.55
1.5
1.5
2.20
2.60
1.62
1.46
 	 0:0(0:0)  
254	19/01
16:30	 Wolfsburg
Stuttgart	
-0.25
+0.25
1.80
1.95
 
 	
2.75
1.95
 	
1.80
 	
2.08
3.45
3.35
1.30
1.28
1.70
1.5
1.5
1.93
2.70
1.82
1.43
 	 2:0(0:0)  
255	19/01
16:30	 Mainz 05
Freiburg	
-0.25
+0.25
1.80
1.95
 
 	
2.25
1.80
 	
1.95
 	
2.10
3.35
3.40
1.29
1.30
1.70
1.5
1.5
2.25
3.10
1.60
1.34
 	 0:0(0:0)  
256	19/01
16:30	 Bayern Munich
SpVgg Greuther Furth	
–2.5
+2.5
1.80
1.95
  	
3.5
1.82
 	
1.93
 	
1.10
9.00
21.00
 	
1.05
6.50
2.5
1.5
1.53
8.55
2.40
1.05
 	 2:0(1:0)  
257	19/01
19:30	 Werder Bremen
Borussia Dortmund	
+0.75
-0.75
1.97
1.78
 
 	
3.0
1.82
 	
1.92
 	
4.70
4.00
1.65
2.16
1.22
1.17
1.5
1.5
2.75
1.55
1.42
2.36
 	 0:5(0:2)  
258	20/01
16:30	 Nuremberg
Hamburg	
-0.25
+0.25
2.00
1.76
 
 	
2.25
1.76
 	
1.99
 	
2.33
3.33
3.00
1.36
1.30
1.56
1.5
1.5
2.40
2.75
1.53
1.42
 	 1:1(0:0)  
259	20/01
18:30	 Fortuna Dusseldorf
Augsburg	
0
0
1.64
2.18
  	
2.25
1.84
 	
1.90
 	
2.30
3.25
3.05
1.35
1.31
1.58
1.5
1.5
2.40
3.00
1.53
1.36
 	 2:3(0:2)  
234	25/01
21:30	 Borussia Dortmund
Nuremberg	
-1.75
+1.75
1.80
1.95
 
 	
3.25
1.90
 	
1.84
 	
1.18
6.60
15.00
1.01
1.09
4.60
2.5
1.5
1.82
6.25
1.93
1.10
 	 3:0(2:0)  
235	26/01
16:30	 SpVgg Greuther Furth
Mainz 05	
+0.25
-0.25
1.76
2.00
 
 	
2.25
1.87
 	
1.87
 	
3.05
3.20
2.35
1.55
1.32
1.35
1.5
1.5
3.00
2.45
1.36
1.51
 	 0:3(0:0)  
236	26/01
16:30	 Borussia Monchengladbach
Fortuna Dusseldorf	
-0.75
+0.75
1.80
1.95
 
 	
2.5
1.97
 	
1.78
 	
1.60
3.75
5.60
1.12
1.25
2.25
1.5
1.5
1.80
4.55
1.95
1.18
 	 2:1(2:0)  
237	26/01
16:30	 Augsburg
Schalke 04	
+0.25
-0.25
2.03
1.73
 
 	
2.5
1.87
 	
1.87
 	
3.70
3.40
2.00
1.76
1.29
1.25
1.5
1.5
3.15
2.00
1.33
1.76
 	 0:0(0:0)  
238	26/01
16:30	 Hannover 96
Wolfsburg	
-0.25
+0.25
1.87
1.87
 
 	
2.75
1.87
 	
1.87
 	
2.20
3.40
3.15
1.33
1.29
1.63
1.5
1.5
1.95
2.50
1.80
1.49
 	 2:1(2:0)  
239	26/01
16:30	 Eintracht Frankfurt
Hoffenheim	
-0.25
+0.25
1.70
2.08
 
 	
2.75
1.87
 	
1.87
 	
1.95
3.50
3.75
1.25
1.28
1.80
1.5
1.5
1.87
2.70
1.87
1.43
 	 2:1(1:0)  
240	26/01
19:30	 Freiburg
Bayer 04 Leverkusen	
0
0
1.87
1.87
  	
2.5
1.84
 	
1.90
 	
2.60
3.33
2.60
1.46
1.30
1.46
1.5
1.5
2.40
2.40
1.53
1.53
 	 0:0(0:0)  
241	27/01
16:30	 Hamburg
Werder Bremen	
0
0
1.78
1.97
  	
2.75
1.82
 	
1.93
 	
2.45
3.40
2.75
1.42
1.30
1.52
1.5
1.5
2.10
2.20
1.68
1.62
 	 3:2(1:1)  
242	27/01
18:30	 Stuttgart
Bayern Munich	
+1.25
-1.25
1.90
1.84
 
 	
3.0
1.80
 	
1.95
 	
8.00
4.50
1.40
2.85
1.18
1.06
1.5
1.5
4.00
1.36
1.22
3.00
 	 0:2(0:0)  
236	01/02
21:30	 Werder Bremen
Hannover 96	
-0.75
+0.75
2.00
1.75
 
 	
3.0
1.82
1.93
1.78
4.00
4.00
1.23
1.23
1.97
1.5
1.5
1.62
2.60
2.20
1.46
 	 2:0(0:0)  
237	02/02
16:30	 Wolfsburg
Augsburg	
-0.25
+0.25
1.60
2.25
 
 	
2.5
1.92
1.83
1.85
3.40
4.35
1.19
1.30
1.90
1.5
1.0
1.95
2.16
1.80
1.65
 	 1:1(1:1)  
238	02/02
16:30	 Schalke 04
SpVgg Greuther Furth	
-1.25
+1.25
1.76
2.00
 
 	
2.75
1.86
 	
1.88
 	
1.32
5.00
9.00
1.04
1.15
3.25
2.5
1.5
2.35
5.20
1.55
1.14
 	 1:2(0:0)  
240	02/02
16:30	 Fortuna Dusseldorf
Stuttgart	
+0.25
-0.25
1.84
1.90
 
 	
2.5
1.90
1.84
3.25
3.30
2.20
1.62
1.30
1.32
1.5
1.5
2.80
2.16
1.40
1.65
 	 3:1(2:0)  
241	02/02
16:30	 Hoffenheim
Freiburg	
0
0
1.82
1.92
  	
2.5
1.95
1.80
2.60
3.15
2.72
1.42
1.33
1.46
1.5
1.5
2.45
2.50
1.52
1.49
 	 2:1(2:1)  
242	02/02
19:30	 Hamburg
Eintracht Frankfurt	
-0.25
+0.25
1.90
1.84
 
 	
2.75
1.90
 	
1.84
 	
2.20
3.40
3.15
1.33
1.29
1.65
1.5
1.5
1.90
2.57
1.84
1.47
 	 0:2(0:2)  
243	03/02
16:30	 Nuremberg
Borussia Monchengladbach	
-0.25
+0.25
2.05
1.72
 
 	
2.25
1.90
 	
1.84
 	
2.45
3.20
2.90
1.40
1.33
1.53
1.5
1.5
2.51
2.82
1.49
1.40
 	 2:1(2:0)  
244	03/02
18:30	 Bayer 04 Leverkusen
Borussia Dortmund	
+0.25
-0.25
1.95
1.80
 
 	
2.75
1.84
 	
1.90
 	
3.35
3.50
2.08
1.70
1.28
1.30
1.5
1.5
2.55
1.90
1.47
1.85
 	 2:3(0:2)  
303	09/02
16:30	 Hannover 96
Hoffenheim	
-0.25
+0.25
1.93
1.82
 
 	
2.5
1.78
1.97
2.25
3.35
3.10
1.34
1.30
1.60
1.5
1.5
2.15
2.45
1.65
1.50
 	 1:0(1:0)  
304	09/02
16:30	 Borussia Dortmund
Hamburg	
–1.5
+1.5
1.80
1.95
  	
3.25
1.96
 	
1.79
 	
1.26
5.50
11.00
1.03
1.13
3.60
2.5
1.5
2.05
4.65
1.72
1.17
 	 1:4(1:2)  
305	09/02
16:30	 Borussia Monchengladbach
Bayer 04 Leverkusen	
+0.25
-0.25
1.90
1.84
 
 	
2.5
1.85
1.89
3.32
3.35
2.15
1.65
1.30
1.30
1.5
1.5
2.75
2.05
1.42
1.72
 	 3:3(1:0)  
306	09/02
16:30	 SpVgg Greuther Furth
Wolfsburg	
+0.25
-0.25
1.72
2.05
 
 	
2.25
1.84
 	
1.90
 	
2.90
3.20
2.45
1.53
1.33
1.40
1.5
1.5
2.82
2.51
1.40
1.49
 	 0:1(0:1)  
307	09/02
16:30	 Stuttgart
Werder Bremen	
-0.25
+0.25
2.00
1.76
 
 	
3.0
1.80
1.95
2.30
3.60
2.85
1.40
1.26
1.58
1.5
1.5
1.83
2.09
1.92
1.69
 	 1:4(0:1)  
308	09/02
16:30	 Eintracht Frankfurt
Nuremberg	
-0.75
+0.75
2.00
1.76
 
 	
2.75
1.90
 	
1.84
 	
1.76
3.70
4.40
1.19
1.25
2.00
1.5
1.5
1.74
3.20
2.02
1.32
 	 0:0(0:0)  
309	09/02
19:30	 Bayern Munich
Schalke 04	
-1.75
+1.75
1.87
1.87
 
 	
3.25
2.00
 	
1.76
 	
1.20
6.50
12.50
1.02
1.09
4.25
1.5
1.5
1.25
5.40
3.70
1.13
 	 4:0(2:0)  
310	10/02
16:30	 Augsburg
Mainz 05	
0
0
1.82
1.92
  	
2.25
1.80
 	
1.95
 	
2.60
3.30
2.65
1.45
1.31
1.47
1.5
1.5
2.40
2.60
1.53
1.46
 	 1:1(0:1)  
311	10/02
18:30	 Freiburg
Fortuna Dusseldorf	
-0.75
+0.75
1.78
1.97
 
 	
2.5
2.00
1.76
1.60
3.85
5.60
1.13
1.24
2.30
1.5
1.5
1.82
4.25
1.92
1.20
 	 1:0(0:0)  
185	15/02
21:30	 Wolfsburg
Bayern Munich	
+1.25
-1.25
1.84
1.90
 
 	
2.75
1.84
 	
1.90
 	
8.00
4.70
1.38
2.90
1.17
1.06
1.5
1.5
4.50
1.47
1.18
2.57
 	 0:2(0:1)  
186	16/02
16:30	 Werder Bremen
Freiburg	
-0.25
+0.25
1.73
2.03
 
 	
2.75
1.87
 	
1.87
 	
2.00
3.55
3.55
1.27
1.27
1.76
1.5
1.5
1.82
2.60
1.93
1.46
 	 2:3(1:1)  
187	16/02
16:30	 Bayer 04 Leverkusen
Augsburg	
-1.25
+1.25
2.00
1.75
 
 	
2.75
1.90
 	
1.84
 	
1.45
4.35
7.00
1.08
1.20
2.70
2.0
1.0
2.00
2.75
1.75
1.42
 	 2:1(1:0)  
188	16/02
16:30	 Fortuna Dusseldorf
SpVgg Greuther Furth	
-0.25
+0.25
1.95
1.80
 
 	
2.25
1.92
 	
1.82
 	
2.30
3.20
3.15
1.33
1.32
1.58
1.5
1.5
2.50
3.10
1.48
1.33
 	 1:0(1:0)  
189	16/02
16:30	 Mainz 05
Schalke 04	
-0.25
+0.25
1.84
1.90
 
 	
2.5
1.85
1.89
2.15
3.35
3.32
1.30
1.30
1.65
1.5
1.5
2.05
2.75
1.72
1.42
 	 2:2(1:1)  
190	16/02
16:30	 Hamburg
Borussia Monchengladbach	
-0.75
+0.75
2.14
1.66
 
 	
2.5
1.87
1.87
1.93
3.45
3.85
1.24
1.28
1.82
1.5
1.5
1.95
3.20
1.80
1.32
 	 1:0(1:0)  
191	16/02
19:30	 Borussia Dortmund
Eintracht Frankfurt	
-1.25
+1.25
1.77
1.98
 
 	
3.25
1.82
 	
1.92
 	
1.40
4.82
7.00
1.08
1.16
2.85
1.5
1.5
1.36
3.55
3.00
1.27
 	 3:0(2:0)  
192	17/02
16:30	 Nuremberg
Hannover 96	
-0.25
+0.25
1.73
2.03
 
 	
2.5
1.87
1.87
2.00
3.40
3.70
1.25
1.29
1.76
1.5
1.5
2.00
3.15
1.76
1.33
 	 2:2(0:1)  
193	17/02
18:30	 Hoffenheim
Stuttgart	
-0.25
+0.25
1.82
1.92
 
 	
2.5
1.79
1.96
2.15
3.42
3.20
1.32
1.29
1.65
1.5
1.5
2.04
2.60
1.73
1.46
 	 0:1(0:1)  
189	22/02
21:30	 Freiburg
Eintracht Frankfurt	
-0.25
+0.25
1.72
2.05
 
 	
2.5
1.76
2.00
1.95
3.55
3.70
1.26
1.27
1.80
1.5
1.5
1.95
2.82
1.80
1.40
 	 0:0(0:0)  
190	23/02
16:30	 Bayern Munich
Werder Bremen	
–2.0
+2.0
1.84
1.90
  	
3.5
1.97
1.78
1.17
7.20
14.00
1.01
1.08
4.75
2.5
1.5
1.76
5.40
2.00
1.13
 	 6:1(2:0)  
191	23/02
16:30	 Stuttgart
Nuremberg	
-0.25
+0.25
1.78
1.97
 
 	
2.5
1.87
1.87
2.10
3.30
3.50
1.28
1.30
1.68
1.5
1.5
2.11
3.00
1.68
1.36
 	 1:1(0:0)  
192	23/02
16:30	 Augsburg
Hoffenheim	
-0.25
+0.25
1.84
1.90
 
 	
2.25
1.92
 	
1.82
 	
2.15
3.25
3.40
1.29
1.32
1.65
1.5
1.5
2.36
3.33
1.55
1.30
 	 2:1(1:0)  
193	23/02
16:30	 Hannover 96
Hamburg	
0
0
1.82
1.93
  	
2.5
1.78
1.97
2.53
3.33
2.70
1.43
1.30
1.49
1.5
1.5
2.25
2.40
1.60
1.53
 	 5:1(3:1)  
194	23/02
16:30	 Mainz 05
Wolfsburg	
-0.25
+0.25
1.72
2.05
 
 	
2.5
1.95
1.80
2.00
3.40
3.70
1.27
1.30
1.80
1.5
1.0
2.05
2.00
1.72
1.75
 	 1:1(1:1)  
195	23/02
19:30	 Schalke 04
Fortuna Dusseldorf	
-1.25
+1.25
2.04
1.73
 
 	
2.75
1.76
 	
2.00
 	
1.47
4.25
6.80
1.09
1.20
2.60
1.5
1.5
1.48
3.80
2.54
1.24
 	 2:1(1:0)  
196	24/02
16:30	 Borussia Monchengladbach
Borussia Dortmund	
+0.75
-0.75
2.00
1.76
 
 	
2.75
1.93
 	
1.82
 	
5.30
4.00
1.60
2.30
1.23
1.14
1.5
1.5
3.70
1.65
1.25
2.16
 	 1:1(0:1)  
197	24/02
18:30	 SpVgg Greuther Furth
Bayer 04 Leverkusen	
+0.75
-0.75
1.76
2.00
 
 	
2.75
1.90
 	
1.84
 	
4.40
3.70
1.76
2.00
1.25
1.19
1.5
1.5
3.20
1.74
1.32
2.02
 	 0:0(0:0)  
193	01/03
21:30	 Eintracht Frankfurt
Borussia Monchengladbach	
-0.25
+0.25
1.76
2.00
 
 	
2.5
1.84
 	
1.90
 	
2.05
3.35
3.60
1.26
1.30
1.72
1.5
1.5
2.00
3.05
1.76
1.35
 	 0:1(0:1)  
194	02/03
16:30	 Borussia Dortmund
Hannover 96	
-1.75
+1.75
1.92
1.82
 
 	
3.25
1.90
 	
1.84
 	
1.25
5.90
11.00
1.04
1.12
3.70
2.5
1.0
1.95
2.90
1.80
1.38
 	 3:1(2:1)  
195	02/03
16:30	 Nuremberg
Freiburg	
0
0
1.88
1.86
  	
2.25
1.88
 	
1.86
 	
2.70
3.25
2.60
1.47
1.31
1.43
1.5
1.5
2.70
2.60
1.43
1.46
 	 1:1(1:0)  
196	02/03
16:30	 Werder Bremen
Augsburg	
-0.75
+0.75
1.87
1.87
 
 	
3.0
1.97
 	
1.78
 	
1.69
3.90
4.60
1.18
1.24
2.09
1.5
1.5
1.62
3.10
2.21
1.34
 	 0:1(0:1)  
197	02/03
16:30	 Hamburg
SpVgg Greuther Furth	
-0.75
+0.75
1.82
1.92
 
 	
2.25
1.77
 	
1.98
 	
1.67
3.80
5.00
1.15
1.24
2.12
1.5
1.5
1.82
4.00
1.93
1.22
 	 1:1(1:1)  
198	02/03
16:30	 Wolfsburg
Schalke 04	
0
0
1.93
1.81
  	
2.5
1.78
 	
1.97
 	
2.70
3.30
2.53
1.49
1.30
1.43
1.5
1.5
2.40
2.25
1.53
1.60
 	 1:4(0:1)  
199	02/03
19:30	 Bayer 04 Leverkusen
Stuttgart	
–1.0
+1.0
1.84
1.90
  	
3.0
1.89
 	
1.85
 	
1.50
4.35
6.00
1.11
1.19
2.48
1.5
1.5
1.52
3.33
2.43
1.30
 	 2:1(0:1)  
200	03/03
16:30	 Hoffenheim
Bayern Munich	
+1.75
-1.75
1.76
2.00
 
 	
3.0
1.99
 	
1.76
 	
12.00
5.60
1.25
3.80
1.12
1.02
1.5
1.5
6.25
1.32
1.10
3.20
 	 0:1(0:1)  
201	03/03
18:30	 Fortuna Dusseldorf
Mainz 05	
+0.25
-0.25
1.72
2.05
 
 	
2.25
1.80
 	
1.95
 	
2.85
3.33
2.40
1.53
1.30
1.40
1.5
1.5
2.82
2.45
1.40
1.50
 	 1:1(1:1)  
209	08/03
21:30	 Augsburg
Nuremberg	
-0.25
+0.25
1.87
1.87
 
 	
2.0
1.76
 	
2.00
 	
2.20
3.15
3.40
1.29
1.33
1.65
1.5
1.5
2.40
3.55
1.53
1.27
 	 1:2(1:1)  
210	09/03
16:30	 Mainz 05
Bayer 04 Leverkusen	
0
0
2.00
1.76
  	
2.5
1.87
 	
1.87
 	
2.82
3.33
2.45
1.53
1.30
1.42
1.5
1.5
2.50
2.30
1.49
1.58
 	 1:0(0:0)  
211	09/03
16:30	 Freiburg
Wolfsburg	
-0.75
+0.75
1.95
1.80
 
 	
2.5
1.89
 	
1.85
 	
1.75
3.55
4.75
1.17
1.27
2.01
1.5
1.5
1.82
3.55
1.93
1.27
 	 2:5(1:3)  
212	09/03
16:30	 SpVgg Greuther Furth
Hoffenheim	
0
0
1.87
1.87
  	
2.25
1.88
 	
1.86
 	
2.65
3.20
2.65
1.44
1.32
1.44
1.5
1.5
2.60
2.60
1.46
1.46
 	 0:3(0:2)  
213	09/03
16:30	 Schalke 04
Borussia Dortmund	
+0.25
-0.25
2.03
1.73
 
 	
2.75
1.78
 	
1.97
 	
3.55
3.55
2.00
1.76
1.27
1.27
1.5
1.5
2.60
1.80
1.46
1.95
 	 2:1(2:0)  
214	09/03
16:30	 Bayern Munich
Fortuna Dusseldorf	
–2.5
+2.5
1.95
1.80
  	
3.5
1.95
 	
1.80
 	
1.11
9.00
21.00
 	
1.04
6.00
1.5
1.5
1.20
8.55
4.25
1.05
 	 3:2(1:1)  
215	09/03
19:30	 Borussia Monchengladbach
Werder Bremen	
-0.25
+0.25
1.87
1.87
 
 	
2.75
1.87
 	
1.87
 	
2.20
3.45
3.15
1.33
1.29
1.62
1.5
1.5
1.95
2.50
1.80
1.49
 	 1:1(0:0)  
216	10/03
16:30	 Hannover 96
Eintracht Frankfurt	
-0.25
+0.25
1.96
1.79
 
 	
3.0
1.97
 	
1.78
 	
2.27
3.50
2.95
1.37
1.28
1.59
1.5
1.5
1.92
2.25
1.83
1.60
 	 0:0(0:0)  
217	10/03
18:30	 Stuttgart
Hamburg	
-0.25
+0.25
1.93
1.82
 
 	
2.75
2.00
 	
1.76
 	
2.25
3.35
3.10
1.34
1.30
1.60
1.5
1.5
2.15
2.40
1.65
1.53
 	 0:1(0:0)  
180	15/03
21:30	 Wolfsburg
Fortuna Dusseldorf	
-0.25
+0.25
1.55
2.40
 
 	
2.5
1.90
 	
1.85
 	
1.80
3.50
4.50
1.20
1.30
2.00
1.5
1.0
1.87
2.15
1.87
1.65
 	 1:1(0:1)  
181	16/03
16:30	 Nuremberg
Schalke 04	
+0.25
-0.25
1.82
1.92
 
 	
2.5
1.82
 	
1.92
 	
3.10
3.35
2.25
1.60
1.30
1.34
1.5
1.5
2.45
2.15
1.50
1.65
 	 3:0(1:0)  
182	16/03
16:30	 Borussia Dortmund
Freiburg	
-1.25
+1.25
1.80
1.95
 
 	
3.25
2.00
 	
1.76
 	
1.35
5.00
8.00
1.06
1.15
3.05
2.5
1.5
2.16
4.25
1.65
1.20
 	 5:1(3:1)  
183	16/03
16:30	 Hoffenheim
Mainz 05	
0
0
1.78
1.97
  	
2.5
1.97
 	
1.78
 	
2.50
3.33
2.75
1.42
1.30
1.50
1.5
1.5
2.40
2.65
1.53
1.44
 	 0:0(0:0)  
184	16/03
16:30	 Hamburg
Augsburg	
-0.75
+0.75
2.18
1.64
 
 	
2.25
1.76
 	
2.00
 	
1.90
3.45
4.00
1.22
1.28
1.84
1.5
1.5
2.00
3.55
1.76
1.27
 	 0:1(0:1)  
185	16/03
16:30	 Werder Bremen
SpVgg Greuther Furth	
-1.25
+1.25
1.93
1.82
 
 	
2.75
1.82
 	
1.93
 	
1.45
4.35
6.80
1.09
1.19
2.63
1.5
1.5
1.50
4.00
2.49
1.22
 	 2:2(0:0)  
186	16/03
19:30	 Bayer 04 Leverkusen
Bayern Munich	
+0.75
-0.75
1.73
2.03
 
 	
2.75
1.92
 	
1.82
 	
4.00
3.70
1.83
1.92
1.26
1.22
1.5
1.5
3.15
1.87
1.33
1.87
 	 1:2(0:1)  
187	17/03
16:30	 Eintracht Frankfurt
Stuttgart	
-0.75
+0.75
2.14
1.66
 
 	
2.5
1.87
 	
1.87
 	
1.93
3.50
3.85
1.24
1.28
1.82
1.5
1.5
1.95
3.20
1.80
1.32
 	 1:2(1:0)  
188	17/03
18:30	 Borussia Monchengladbach
Hannover 96	
-0.25
+0.25
1.72
2.05
 
 	
2.5
1.90
 	
1.85
 	
2.00
3.33
3.80
1.25
1.30
1.80
1.5
1.0
2.05
1.95
1.75
1.80
 	 1:0(1:0)  
310	30/03
16:30	 Stuttgart
Borussia Dortmund	
+1.0
–1.0
1.60
2.25
  	
2.75
1.80
 	
1.95
 	
4.50
3.75
1.75
2.00
1.25
1.18
1.5
1.5
2.80
1.74
1.40
2.02
 	 1:2(0:1)  
311	30/03
16:30	 Freiburg
Borussia Monchengladbach	
-0.25
+0.25
1.73
2.03
 
 	
2.25
1.77
 	
1.98
 	
2.05
3.40
3.55
1.27
1.29
1.72
1.5
1.5
2.08
3.50
1.70
1.27
 	 2:0(0:0)  
312	30/03
16:30	 Fortuna Dusseldorf
Bayer 04 Leverkusen	
+0.75
-0.75
1.80
1.95
 
 	
2.75
1.90
 	
1.84
 	
4.50
3.80
1.73
2.03
1.24
1.18
1.5
1.5
3.20
1.74
1.32
2.02
 	 1:4(1:1)  
313	30/03
16:30	 Augsburg
Hannover 96	
-0.75
+0.75
2.14
1.66
 
 	
2.25
1.76
 	
2.00
 	
1.92
3.50
3.90
1.23
1.28
1.83
1.5
1.5
2.02
3.55
1.74
1.27
 	 0:2(0:0)  
314	30/03
16:30	 Mainz 05
Werder Bremen	
-0.25
+0.25
1.78
1.97
 
 	
2.75
1.82
 	
1.92
 	
2.10
3.40
3.40
1.29
1.29
1.68
1.5
1.5
1.90
2.40
1.85
1.53
 	 1:1(1:0)  
315	30/03
16:30	 Schalke 04
Hoffenheim	
-0.75
+0.75
1.76
2.00
 
 	
2.75
1.77
 	
1.98
 	
1.58
4.00
5.50
1.14
1.22
2.30
1.5
1.5
1.58
3.40
2.30
1.29
 	 3:0(0:0)  
316	30/03
19:30	 Bayern Munich
Hamburg	
-1.75
+1.75
1.80
1.95
 
 	
3.25
1.95
 	
1.80
 	
1.24
6.00
11.00
1.04
1.11
3.80
2.5
1.0
1.95
2.90
1.80
1.38
 	 9:2(5:0)  
317	31/03
16:30	 Wolfsburg
Nuremberg	
-0.25
+0.25
1.76
2.00
 
 	
2.5
1.98
1.77
2.05
3.40
3.55
1.27
1.29
1.72
1.5
1.5
2.10
3.00
1.68
1.36
 	 2:2(2:0)  
318	31/03
18:30	 SpVgg Greuther Furth
Eintracht Frankfurt	
+0.25
-0.25
1.80
1.95
 
 	
2.25
1.91
 	
1.83
 	
3.10
3.25
2.30
1.58
1.31
1.33
1.5
1.5
3.10
2.50
1.33
1.48
 	 2:3(1:1)  
220	05/04
21:30	 Hoffenheim
Fortuna Dusseldorf	
-0.25
+0.25
1.72
2.05
 
 	
2.25
1.87
 	
1.87
 	
1.90
3.40
4.00
1.22
1.30
1.84
1.5
1.5
2.11
3.20
1.68
1.32
 	 3:0(1:0)  
221	06/04
16:30	 Borussia Dortmund
Augsburg	
-1.25
+1.25
1.80
1.95
 
 	
3.0
1.80
1.95
1.35
5.00
8.00
1.06
1.15
3.05
2.5
1.5
2.20
4.35
1.62
1.19
 	 4:2(1:2)  
222	06/04
16:30	 Borussia Monchengladbach
SpVgg Greuther Furth	
-0.75
+0.75
1.87
1.87
 
 	
2.5
2.00
1.75
1.65
3.60
5.40
1.13
1.26
2.16
1.5
1.5
1.82
4.50
1.93
1.18
 	 1:0(0:0)  
223	06/04
16:30	 Eintracht Frankfurt
Bayern Munich	
+1.25
-1.25
1.87
1.87
 
 	
2.75
1.77
 	
1.98
 	
7.50
4.50
1.42
2.75
1.18
1.07
1.5
1.5
4.35
1.46
1.19
2.60
 	 0:1(0:0)  
224	06/04
16:30	 Werder Bremen
Schalke 04	
0
0
1.93
1.81
  	
3.0
1.77
1.98
2.65
3.45
2.50
1.49
1.28
1.44
1.5
1.5
1.95
1.92
1.80
1.83
 	 0:2(0:0)  
225	06/04
16:30	 Bayer 04 Leverkusen
Wolfsburg	
–1.0
+1.0
1.76
2.00
  	
2.75
1.76
 	
2.00
 	
1.47
4.50
6.25
1.10
1.18
2.57
1.5
1.5
1.52
3.75
2.43
1.25
 	 1:1(1:0)  
226	06/04
19:30	 Hamburg
Freiburg	
-0.25
+0.25
1.98
1.77
 
 	
2.5
1.84
1.90
2.30
3.40
2.95
1.37
1.29
1.58
1.5
1.5
2.18
2.60
1.64
1.46
 	 0:1(0:0)  
227	07/04
16:30	 Nuremberg
Mainz 05	
-0.25
+0.25
1.95
1.80
 
 	
2.25
1.92
 	
1.82
 	
2.30
3.25
3.10
1.33
1.32
1.58
1.5
1.5
2.50
3.10
1.48
1.33
 	 2:1(0:0)  
228	07/04
18:30	 Hannover 96
Stuttgart	
-0.25
+0.25
1.98
1.77
 
 	
2.75
1.87
 	
1.87
 	
2.30
3.40
3.00
1.36
1.29
1.57
1.5
1.5
2.03
2.40
1.74
1.53
 	 0:0(0:0)  
216	12/04
21:30	 Freiburg
Hannover 96	
-0.75
+0.75
1.87
1.87
 
 	
2.5
1.84
1.90
1.68
3.80
4.85
1.16
1.24
2.11
1.5
1.5
1.80
3.65
1.95
1.26
 	 3:1(2:1)  
217	13/04
16:30	 Bayern Munich
Nuremberg	
–2.0
+2.0
1.95
1.80
  	
3.25
1.90
 	
1.84
 	
1.17
6.95
15.00
1.01
1.08
4.70
2.5
1.5
1.82
6.25
1.93
1.10
 	 4:0(3:0)  
218	13/04
16:30	 Wolfsburg
Hoffenheim	
-0.25
+0.25
1.84
1.90
 
 	
2.5
1.85
1.89
2.15
3.35
3.32
1.30
1.30
1.65
1.5
1.5
2.05
2.75
1.72
1.42
 	 2:2(1:1)  
219	13/04
16:30	 Mainz 05
Hamburg	
-0.75
+0.75
2.16
1.65
 
 	
2.5
1.88
1.86
1.92
3.40
4.00
1.24
1.30
1.83
1.5
1.5
1.95
3.10
1.80
1.34
 	 1:2(0:0)  
220	13/04
16:30	 SpVgg Greuther Furth
Borussia Dortmund	
+1.25
-1.25
1.82
1.92
 
 	
2.75
1.80
 	
1.95
 	
6.80
4.50
1.44
2.66
1.18
1.09
1.5
1.5
4.00
1.47
1.22
2.57
 	 1:6(0:5)  
221	13/04
16:30	 Fortuna Dusseldorf
Werder Bremen	
0
0
2.03
1.73
  	
2.5
1.80
1.95
2.87
3.25
2.45
1.48
1.32
1.39
1.5
1.5
2.45
2.20
1.50
1.62
 	 2:2(1:1)  
222	13/04
19:30	 Schalke 04
Bayer 04 Leverkusen	
-0.25
+0.25
1.95
1.80
 
 	
2.75
1.83
 	
1.92
 	
2.25
3.50
3.00
1.37
1.27
1.60
1.5
1.5
2.00
2.36
1.76
1.55
 	 2:2(0:1)  
223	14/04
16:30	 Stuttgart
Borussia Monchengladbach	
0
0
1.58
2.30
  	
2.25
1.84
 	
1.89
 	
2.20
3.30
3.25
1.32
1.30
1.62
1.5
1.5
2.35
3.15
1.56
1.33
 	 2:0(2:0)  
224	14/04
18:30	 Augsburg
Eintracht Frankfurt	
-0.25
+0.25
2.02
1.74
 
 	
2.25
1.76
 	
2.00
 	
2.35
3.33
2.95
1.37
1.30
1.55
1.5
1.5
2.40
2.75
1.53
1.42
 	 2:0(1:0)  
217	19/04
21:30	 Borussia Monchengladbach
Augsburg	
-0.25
+0.25
2.05
1.72
 
 	
2.25
1.76
 	
2.00
 	
2.40
3.25
2.95
1.38
1.31
1.53
1.5
1.5
2.30
2.70
1.58
1.43
 	 1:0(1:0)  
218	20/04
16:30	 Bayer 04 Leverkusen
Hoffenheim	
–1.0
+1.0
1.76
2.00
  	
3.0
1.94
1.80
1.45
4.40
6.80
1.09
1.19
2.63
1.5
1.5
1.46
3.80
2.60
1.24
 	 5:0(2:0)  
219	20/04
16:30	 Borussia Dortmund
Mainz 05	
–1.0
+1.0
1.80
1.95
  	
3.0
1.94
1.80
1.47
4.40
6.40
1.10
1.19
2.55
1.5
1.5
1.48
3.80
2.55
1.24
 	 2:0(1:0)  
220	20/04
16:30	 Eintracht Frankfurt
Schalke 04	
+0.25
-0.25
1.95
1.80
 
 	
2.75
1.95
 	
1.80
 	
3.35
3.50
2.08
1.70
1.28
1.30
1.5
1.5
2.70
1.93
1.43
1.82
 	 1:0(1:0)  
221	20/04
16:30	 Hamburg
Fortuna Dusseldorf	
-0.75
+0.75
1.97
1.78
 
 	
2.5
1.83
1.91
1.76
3.60
4.50
1.18
1.26
2.00
1.5
1.5
1.80
3.55
1.95
1.27
 	 2:1(2:1)  
222	20/04
16:30	 Hannover 96
Bayern Munich	
+1.25
-1.25
1.87
1.87
 
 	
2.75
1.77
 	
1.98
 	
7.50
4.60
1.40
2.80
1.18
1.07
1.5
1.5
4.35
1.46
1.19
2.60
 	 1:6(0:3)  
223	20/04
19:30	 Werder Bremen
Wolfsburg	
-0.25
+0.25
1.78
1.97
 
 	
3.0
1.94
1.80
2.05
3.55
3.35
1.30
1.27
1.72
1.5
1.5
1.80
2.40
1.95
1.53
 	 0:3(0:2)  
224	21/04
16:30	 Stuttgart
Freiburg	
0
0
1.76
2.00
  	
2.5
1.87
1.87
2.45
3.30
2.82
1.42
1.30
1.53
1.5
1.5
2.30
2.50
1.58
1.49
 	 2:1(2:0)  
225	21/04
18:30	 Nuremberg
SpVgg Greuther Furth	
-0.75
+0.75
1.87
1.87
 
 	
2.5
2.00
1.75
1.65
3.60
5.40
1.13
1.26
2.16
1.5
1.5
1.82
4.50
1.93
1.18
 	 0:1(0:1)  
198	26/04
21:30	 SpVgg Greuther Furth
Hannover 96	
-0.25
+0.25
1.98
1.77
 
 	
2.75
1.87
 	
1.87
 	
2.25
3.40
3.05
1.35
1.29
1.60
1.5
1.5
2.03
2.40
1.74
1.53
 	 2:3(1:1)  
199	27/04
16:30	 Bayer 04 Leverkusen
Werder Bremen	
-1.25
+1.25
1.82
1.92
 
 	
3.25
1.84
 	
1.90
 	
1.37
5.00
7.40
1.07
1.15
2.95
2.5
1.0
2.00
2.00
1.75
1.75
 	 1:0(1:0)  
200	27/04
16:30	 Hoffenheim
Nuremberg	
-0.75
+0.75
2.16
1.65
 
 	
2.25
1.77
 	
1.98
 	
1.85
3.45
4.25
1.20
1.28
1.89
1.5
1.5
2.05
3.60
1.72
1.26
 	 2:1(2:0)  
201	27/04
16:30	 Bayern Munich
Freiburg	
-1.75
+1.75
1.80
1.95
 
 	
3.25
1.90
 	
1.84
 	
1.20
6.50
13.00
1.02
1.08
4.30
2.5
1.5
1.87
5.60
1.87
1.12
 	 1:0(1:0)  
203	27/04
16:30	 Augsburg
Stuttgart	
-0.25
+0.25
1.90
1.84
 
 	
2.5
1.90
1.84
2.20
3.33
3.25
1.32
1.30
1.62
1.5
1.5
2.16
2.80
1.65
1.40
 	 3:0(0:0)  
205	28/04
16:30	 Mainz 05
Eintracht Frankfurt	
-0.25
+0.25
1.72
2.05
 
 	
2.5
1.90
1.84
2.00
3.33
3.80
1.25
1.30
1.80
1.5
1.0
2.01
1.95
1.75
1.80
 	 0:0(0:0)  
206	28/04
18:30	 Schalke 04
Hamburg	
–1.0
+1.0
1.90
1.84
  	
3.0
1.89
1.85
1.55
4.15
5.50
1.13
1.21
2.36
1.5
1.5
1.52
3.33
2.43
1.30
 	 4:1(2:1)  
149	03/05
21:30	 Borussia Monchengladbach
Schalke 04	
+0.25
-0.25
1.95
1.80
 
 	
2.75
1.95
 	
1.80
 	
3.40
3.45
2.08
1.70
1.28
1.30
1.5
1.5
2.70
1.93
1.43
1.82
 	 0:1(0:0)  
150	04/05
16:30	 Nuremberg
Bayer 04 Leverkusen	
+1.0
–1.0
1.52
2.45
  	
2.75
1.80
 	
1.95
 	
4.00
3.75
1.83
1.92
1.25
1.23
1.5
1.5
2.80
1.74
1.40
2.02
 	 0:2(0:1)  
151	04/05
16:30	 Werder Bremen
Hoffenheim	
-0.25
+0.25
1.63
2.19
 
 	
3.0
1.80
1.95
1.90
3.70
3.70
1.26
1.25
1.84
1.5
1.5
1.65
2.36
2.16
1.55
 	 2:2(2:0)  
152	04/05
16:30	 Hannover 96
Mainz 05	
-0.25
+0.25
2.03
1.74
 
 	
2.5
1.79
1.96
2.36
3.40
2.85
1.40
1.29
1.55
1.5
1.5
2.18
2.45
1.64
1.51
 	 2:2(1:1)  
153	04/05
16:30	 Stuttgart
SpVgg Greuther Furth	
-0.75
+0.75
1.76
2.00
 
 	
2.75
1.92
 	
1.83
 	
1.60
4.00
5.30
1.14
1.23
2.30
1.5
1.5
1.65
3.70
2.16
1.25
 	 0:2(0:0)  
154	04/05
16:30	 Eintracht Frankfurt
Fortuna Dusseldorf	
-0.75
+0.75
2.00
1.76
 
 	
2.75
1.90
 	
1.84
 	
1.76
3.70
4.40
1.19
1.25
2.00
1.5
1.5
1.74
3.20
2.02
1.32
 	 3:1(1:0)  
155	04/05
19:30	 Borussia Dortmund
Bayern Munich	
0
0
2.01
1.75
  	
3.0
1.95
1.80
2.75
3.50
2.40
1.53
1.28
1.42
1.5
1.5
2.04
1.92
1.73
1.83
 	 1:1(1:1)  
156	05/05
16:30	 Freiburg
Augsburg	
-0.25
+0.25
1.72
2.05
 
 	
2.5
1.90
1.84
2.00
3.33
3.80
1.25
1.30
1.80
1.5
1.0
2.01
1.95
1.75
1.80
 	 2:0(1:0)  
157	05/05
18:30	 Hamburg
Wolfsburg	
-0.25
+0.25
1.89
1.86
 
 	
3.0
1.98
1.77
2.20
3.50
3.10
1.34
1.28
1.62
1.5
1.5
1.87
2.40
1.87
1.52
 	 1:1(1:0)  
206	11/05
16:30	 Bayer 04 Leverkusen
Hannover 96	
-1.75
+1.75
1.87
1.87
 
 	
3.5
1.78
1.97
1.25
6.00
10.00
1.03
1.11
3.70
2.5
1.0
1.85
2.40
1.90
1.53
 	 3:1(2:0)  
207	11/05
16:30	 Bayern Munich
Augsburg	
–2.0
+2.0
1.80
1.95
  	
3.5
1.82
1.92
1.16
7.50
15.00
1.01
1.07
5.00
2.5
1.5
1.65
5.00
2.16
1.15
 	 3:0(0:0)  
208	11/05
16:30	 Fortuna Dusseldorf
Nuremberg	
-0.75
+0.75
2.03
1.73
 
 	
2.5
1.84
1.90
1.83
3.65
4.00
1.22
1.26
1.92
1.5
1.5
1.87
3.33
1.87
1.30
 	 1:2(1:0)  
209	11/05
16:30	 SpVgg Greuther Furth
Freiburg	
+0.75
-0.75
1.73
2.03
 
 	
2.5
1.84
1.90
4.00
3.70
1.83
1.92
1.26
1.22
1.5
1.5
3.33
1.87
1.30
1.87
 	 1:2(1:0)  
210	11/05
16:30	 Hoffenheim
Hamburg	
0
0
1.37
2.95
  	
3.0
1.80
1.95
1.82
3.90
3.90
1.23
1.23
1.93
1.5
1.5
1.62
2.40
2.20
1.53
 	 1:4(0:2)  
211	11/05
16:30	 Mainz 05
Borussia Monchengladbach	
-0.25
+0.25
1.90
1.84
 
 	
2.5
1.90
1.84
2.20
3.35
3.20
1.32
1.30
1.62
1.5
1.5
2.16
2.80
1.65
1.40
 	 2:4(1:1)  
212	11/05
16:30	 Schalke 04
Stuttgart	
-1.25
+1.25
1.77
1.98
 
 	
3.25
1.92
 	
1.83
 	
1.39
4.70
7.50
1.08
1.17
2.85
1.5
1.5
1.38
3.55
2.90
1.27
 	 1:2(0:1)  
213	11/05
16:30	 Werder Bremen
Eintracht Frankfurt	
-0.25
+0.25
1.76
2.00
 
 	
3.0
1.98
1.77
2.00
3.70
3.40
1.29
1.25
1.76
1.5
1.5
1.76
2.25
2.00
1.60
 	 1:1(1:0)  
214	11/05
16:30	 Wolfsburg
Borussia Dortmund	
+0.75
-0.75
1.97
1.78
 
 	
3.25
1.95
 	
1.80
 	
4.75
4.00
1.65
2.16
1.22
1.17
1.5
1.5
2.70
1.51
1.43
2.45
 	 3:3(3:1)  
163	18/05
16:30	 Borussia Dortmund
Hoffenheim	
-1.25
+1.25
1.82
1.92
 
 	
3.5
1.82
1.92
1.40
5.00
6.60
1.09
1.15
2.82
1.5
1.5
1.30
2.70
3.33
1.43
 	 1:2(1:0)  
164	18/05
16:30	 Borussia Monchengladbach
Bayern Munich	
+1.25
-1.25
1.97
1.78
 
 	
3.0
1.95
1.80
8.55
4.70
1.35
3.05
1.17
1.05
1.5
1.5
4.00
1.38
1.22
2.90
 	 3:4(3:2)  
165	18/05
16:30	 Stuttgart
Mainz 05	
-0.25
+0.25
1.60
2.25
 
 	
3.0
2.00
1.76
1.85
3.70
3.90
1.23
1.25
1.90
1.5
1.5
1.80
2.60
1.95
1.46
 	 2:2(2:2)  
166	18/05
16:30	 Hannover 96
Fortuna Dusseldorf	
0
0
1.72
2.05
  	
3.0
1.95
1.80
2.35
3.70
2.70
1.43
1.25
1.55
1.5
1.5
1.88
2.00
1.86
1.76
 	 3:0(1:0)  
167	18/05
16:30	 Nuremberg
Werder Bremen	
-0.25
+0.25
2.00
1.76
 
 	
3.0
1.80
1.95
2.30
3.60
2.85
1.40
1.26
1.58
1.5
1.5
1.83
2.09
1.92
1.69
 	 3:2(0:1)  
168	18/05
16:30	 Freiburg
Schalke 04	
+0.25
-0.25
1.75
2.01
 
 	
2.75
1.80
 	
1.95
 	
2.82
3.50
2.35
1.55
1.28
1.40
1.5
1.5
2.20
1.95
1.62
1.80
 	 1:2(0:1)  
169	18/05
16:30	 Augsburg
SpVgg Greuther Furth	
-1.25
+1.25
1.92
1.82
 
 	
2.75
1.85
 	
1.89
 	
1.40
4.65
7.50
1.07
1.17
2.82
1.5
1.5
1.48
4.50
2.55
1.18
 	 3:1(1:0)  
170	18/05
16:30	 Hamburg
Bayer 04 Leverkusen	
+0.25
-0.25
1.72
2.05
 
 	
3.25
1.76
 	
2.00
 	
2.70
3.80
2.30
1.58
1.24
1.43
1.5
1.5
1.95
1.73
1.80
2.03
 	 0:1(0:0)  
171	18/05
16:30	 Eintracht Frankfurt
Wolfsburg	
-0.75
+0.75
2.21
1.62
 
 	
3.0
1.82
1.92
1.90
3.70
3.70
1.25
1.25
1.84
1.5
1.5
1.65
2.36
2.16
1.55
 	 2:2(1:2)  
248	27/04
19:30	 Fortuna Dusseldorf
Borussia Dortmund	
+0.75
-0.75
1.72
2.05
 
 	
2.75
1.92
 	
1.83
 	
4.00
3.65
1.85
1.90
1.26
1.22
1.5
1.5
3.15
1.87
1.33
1.87
 	 1:2(0:1) 
246	27/04
16:30	 Wolfsburg
Borussia Monchengladbach	
-0.25
+0.25
1.73
2.04
 
 	
2.5
1.78
1.97
2.00
3.50
3.60
1.27
1.28
1.76
1.5
1.5
1.95
2.90
1.80
1.38
 	 3:1(1:0)  