545	05/10
19:00	 Chievo
Atalanta	
-0.25
+0.25
2.00
1.75
 
 	
2.25
1.95
 	
1.80
 	
2.45
3.10
3.05
1.35
1.35
1.50
1.5
1.5
2.45
2.95
1.50
1.37
 	 0:1(0:1)  
546	05/10
21:45	 Internazionale Milan
AS Roma	
-0.25
+0.25
1.95
1.80
 
 	
2.75
1.87
 	
1.87
 	
2.25
3.40
3.10
1.37
1.30
1.65
1.5
1.0
1.95
1.50
1.80
2.50
 	 0:3(0:3)  
547	06/10
13:30	 Parma
Sassuolo	
-0.75
+0.75
1.75
2.00
 
 	
2.5
1.80
1.95
1.57
3.95
6.00
1.10
1.23
2.30
1.5
1.0
1.70
2.50
2.10
1.50
 	 3:1(1:1)  
548	06/10
16:00	 Bologna
Hellas Verona	
-0.25
+0.25
1.87
1.87
 
 	
2.25
1.80
 	
1.95
 	
2.25
3.05
3.45
1.28
1.35
1.60
1.5
1.5
2.15
3.20
1.65
1.32
 	 1:4(0:2)  
549	06/10
16:00	 Catania
Genoa	
-0.25
+0.25
1.80
1.95
 
 	
2.25
1.80
 	
1.95
 	
2.05
3.15
3.95
1.23
1.32
1.70
1.5
1.0
2.05
1.90
1.70
1.85
 	 1:1(0:0)  
550	06/10
16:00	 Napoli
Livorno	
-1.75
+1.75
1.90
1.85
 
 	
2.75
1.85
 	
1.90
 	
1.22
5.85
14.50
1.01
1.13
4.00
2.5
1.0
2.10
4.45
1.68
1.18
 	 4:0(2:0)  
551	06/10
16:00	 Sampdoria
Torino	
-0.25
+0.25
1.95
1.80
 
 	
2.25
1.95
 	
1.80
 	
2.35
3.10
3.20
1.32
1.35
1.55
1.5
1.5
2.45
2.95
1.50
1.37
 	 2:2(1:0)  
552	06/10
16:00	 Udinese
Cagliari	
-0.75
+0.75
2.00
1.75
 
 	
2.5
1.95
1.80
1.75
3.45
5.10
1.14
1.30
2.00
1.5
1.5
1.80
3.45
1.95
1.28
 	 2:0(1:0)  
553	06/10
21:45	 Lazio
Fiorentina	
-0.25
+0.25
1.95
1.80
 
 	
2.5
1.90
1.85
2.30
3.35
3.05
1.33
1.30
1.57
1.5
1.0
2.15
1.67
1.65
2.12
 	 0:0(0:0)  
554	06/10
21:45	 Juventus
AC Milan	
–1.0
+1.0
1.90
1.85
  	
2.75
1.90
 	
1.85
 	
1.52
4.10
6.45
1.09
1.22
2.45
1.5
1.0
1.55
2.40
2.35
1.53
 	 3:2(1:1)  
484	18/10
21:45	 AS Roma
Napoli	
-0.25
+0.25
1.75
2.05
 
 	
2.75
1.95
 	
1.80
 	
2.00
3.45
3.75
1.25
1.30
1.75
1.5
1.0
1.85
1.60
1.90
2.25
 	 2:0(1:0)  
485	19/10
19:00	 Cagliari
Catania	
-0.25
+0.25
1.67
2.12
 
 	
2.25
1.90
 	
1.85
 	
1.95
3.25
4.25
1.20
1.33
1.80
1.5
1.0
2.10
2.20
1.68
1.63
 	 2:1(1:1)  
486	19/10
21:45	 AC Milan
Udinese	
-0.75
+0.75
1.85
1.90
 
 	
2.5
1.75
1.96
1.65
3.70
5.55
1.12
1.25
2.20
1.5
1.0
1.67
2.40
2.12
1.52
 	 1:0(1:0)  
487	20/10
13:30	 Atalanta
Lazio	
0
0
1.90
1.85
  	
2.25
1.90
 	
1.85
 	
2.80
3.15
2.60
1.45
1.32
1.40
1.0
1.0
1.72
1.65
2.03
2.15
 	 2:1(1:0)  
488	20/10
16:00	 Fiorentina
Juventus	
+0.25
-0.25
1.95
1.80
 
 	
2.25
1.75
 	
2.00
 	
3.55
3.20
2.15
1.65
1.33
1.27
1.0
1.5
1.90
2.05
1.85
1.70
 	 4:2(0:2)  
489	20/10
16:00	 Genoa
Chievo	
-0.25
+0.25
1.67
2.12
 
 	
2.25
1.90
 	
1.85
 	
1.95
3.25
4.15
1.20
1.33
1.80
1.5
1.0
2.15
2.35
1.65
1.55
 	 2:1(1:0)  
490	20/10
16:00	 Hellas Verona
Parma	
-0.25
+0.25
2.00
1.75
 
 	
2.5
1.95
1.80
2.35
3.15
3.15
1.33
1.32
1.55
1.5
1.5
2.15
2.55
1.65
1.47
 	 3:2(1:2)  
491	20/10
16:00	 Livorno
Sampdoria	
-0.25
+0.25
1.95
1.80
 
 	
2.25
1.90
 	
1.85
 	
2.35
3.10
3.20
1.32
1.35
1.55
1.5
1.5
2.40
2.95
1.52
1.37
 	 1:2(0:1)  
492	20/10
16:00	 Sassuolo
Bologna	
-0.25
+0.25
2.00
1.75
 
 	
2.5
1.95
1.80
2.40
3.15
3.05
1.35
1.32
1.55
1.5
1.5
2.35
2.75
1.56
1.42
 	 2:1(2:1)  
493	20/10
21:45	 Torino
Internazionale Milan	
+0.25
-0.25
2.05
1.70
 
 	
2.5
1.95
1.80
3.75
3.30
2.05
1.75
1.30
1.25
1.0
1.5
2.00
2.00
1.75
1.75
 	 3:3(1:1)  
616	26/10
19:00	 Sampdoria
Atalanta	
-0.25
+0.25
1.95
1.80
 
 	
2.25
2.00
 	
1.75
 	
2.30
3.05
3.35
1.30
1.37
1.60
1.5
1.5
2.30
3.05
1.57
1.35
 	 1:0(0:0)  
617	26/10
21:45	 Internazionale Milan
Hellas Verona	
-1.25
+1.25
1.95
1.80
 
 	
3.0
1.80
1.95
1.43
4.50
7.25
1.07
1.20
2.75
2.0
1.0
1.70
2.30
2.05
1.57
 	 4:2(3:1)  
618	27/10
13:30	 Napoli
Torino	
-1.25
+1.25
1.75
2.00
 
 	
2.75
1.85
 	
1.90
 	
1.30
5.10
10.50
1.03
1.15
3.35
2.5
1.5
2.35
5.00
1.55
1.14
 	 2:0(2:0)  
619	27/10
16:00	 Bologna
Livorno	
-0.25
+0.25
1.65
2.15
 
 	
2.25
1.80
 	
1.95
 	
1.95
3.30
4.15
1.20
1.32
1.80
1.5
1.0
2.05
2.30
1.70
1.57
 	 1:0(1:0)  
620	27/10
16:00	 Catania
Sassuolo	
-0.25
+0.25
1.70
2.05
 
 	
2.5
1.90
1.85
2.05
3.30
3.75
1.25
1.30
1.75
1.5
1.0
1.95
2.00
1.80
1.75
 	 0:0(0:0)  
621	27/10
16:00	 Chievo
Fiorentina	
+0.25
-0.25
2.15
1.65
 
 	
2.25
1.80
 	
1.95
 	
4.15
3.30
1.95
1.80
1.32
1.20
1.0
1.5
2.30
2.00
1.57
1.75
 	 1:2(1:1)  
622	27/10
16:00	 Juventus
Genoa	
-1.75
+1.75
1.87
1.87
 
 	
3.0
1.90
1.85
1.20
6.50
15.00
1.01
1.11
4.40
2.5
1.0
1.95
4.00
1.80
1.22
 	 2:0(2:0)  
623	27/10
16:00	 Parma
AC Milan	
+0.25
-0.25
1.87
1.87
 
 	
2.5
1.85
1.90
3.35
3.40
2.15
1.65
1.32
1.30
1.0
1.5
1.75
1.90
2.00
1.85
 	 3:2(2:0)  
624	27/10
16:00	 Udinese
AS Roma	
+0.25
-0.25
1.85
1.90
 
 	
2.5
1.95
1.80
3.25
3.20
2.30
1.60
1.30
1.30
1.5
1.5
2.75
2.05
1.42
1.70
 	 0:1(0:0)  
625	27/10
21:45	 Lazio
Cagliari	
-0.75
+0.75
2.05
1.70
 
 	
2.25
1.75
 	
2.00
 	
1.80
3.40
4.75
1.16
1.30
1.95
1.5
1.5
1.90
3.75
1.85
1.25
 	 2:0(0:0)  
332	29/10
21:45	 Atalanta
Internazionale Milan	
+0.25
-0.25
2.12
1.67
 
 	
2.5
1.87
1.87
4.05
3.35
1.95
1.80
1.33
1.22
1.0
1.5
1.90
1.85
1.85
1.90
 	 1:1(1:1)  
333	30/10
21:45	 Cagliari
Bologna	
-0.75
+0.75
2.00
1.75
 
 	
2.25
1.80
 	
1.95
 	
1.80
3.30
5.10
1.14
1.32
1.95
1.5
1.5
1.95
3.75
1.80
1.25
 	 0:3(0:1)  
334	30/10
21:45	 Fiorentina
Napoli	
0
0
1.80
1.95
  	
2.5
1.80
1.95
2.55
3.30
2.75
1.45
1.30
1.47
1.5
1.5
2.30
2.40
1.57
1.53
 	 1:2(1:2)  
335	30/10
21:45	 Genoa
Parma	
-0.25
+0.25
2.00
1.75
 
 	
2.25
1.80
 	
1.95
 	
2.45
3.15
3.00
1.37
1.33
1.50
1.5
1.5
2.40
2.75
1.52
1.42
 	 1:0(0:0)  
336	30/10
21:45	 Hellas Verona
Sampdoria	
-0.25
+0.25
1.70
2.05
 
 	
2.5
2.00
1.75
2.00
3.40
3.75
1.25
1.32
1.75
1.5
1.0
2.05
2.00
1.72
1.75
 	 2:0(0:0)  
337	30/10
21:45	 Juventus
Catania	
–2.0
+2.0
1.75
2.00
  	
3.0
1.80
1.95
1.16
7.00
18.00
1.01
1.09
4.75
2.5
1.0
1.80
5.00
1.95
1.15
 	 4:0(2:0)  
338	30/10
21:45	 Livorno
Torino	
0
0
1.90
1.85
  	
2.25
1.95
 	
1.80
 	
2.80
3.15
2.60
1.45
1.32
1.40
1.0
1.0
1.72
1.65
2.03
2.15
 	 3:3(2:2)  
339	30/10
21:45	 AC Milan
Lazio	
-0.75
+0.75
1.90
1.85
 
 	
2.5
1.90
1.85
1.70
3.75
4.90
1.15
1.27
2.05
1.5
1.0
1.80
2.35
1.95
1.55
 	 1:1(0:0)  
340	30/10
21:45	 Sassuolo
Udinese	
+0.25
-0.25
1.80
1.95
 
 	
2.5
1.95
1.80
3.15
3.15
2.35
1.55
1.32
1.33
1.5
1.5
2.75
2.25
1.42
1.60
 	 1:2(1:1)  
341	31/10
21:45	 AS Roma
Chievo	
-1.75
+1.75
2.00
1.75
 
 	
2.75
1.87
 	
1.87
 	
1.22
5.85
14.00
1.01
1.13
4.00
2.5
1.0
2.10
4.45
1.68
1.18
 	 1:0(0:0)  
638	02/11
19:00	 Parma
Juventus	
+0.75
-0.75
1.95
1.85
 
 	
2.5
1.80
1.95
5.25
3.65
1.70
2.10
1.28
1.13
1.0
1.5
2.15
1.63
1.65
2.20
 	 0:1(0:0)  
639	02/11
21:45	 AC Milan
Fiorentina	
-0.25
+0.25
1.60
2.25
 
 	
2.5
1.85
1.90
1.85
3.50
4.40
1.19
1.30
1.90
1.5
1.0
1.80
1.85
1.95
1.90
 	 0:2(0:1)  
640	02/11
21:45	 Napoli
Catania	
–2.0
+2.0
1.95
1.80
  	
3.0
1.87
1.87
1.19
6.75
15.50
1.01
1.10
4.50
2.5
1.0
1.90
4.25
1.85
1.20
 	 2:1(2:1)  
641	03/11
13:30	 Livorno
Atalanta	
0
0
1.87
1.87
  	
2.25
1.95
 	
1.80
 	
2.70
3.15
2.70
1.43
1.35
1.43
1.5
1.5
2.65
2.65
1.44
1.44
 	 1:0(1:0)  
642	03/11
16:00	 Lazio
Genoa	
-0.75
+0.75
1.80
1.95
 
 	
2.5
1.95
1.80
1.55
3.90
6.25
1.10
1.23
2.35
1.5
1.0
1.60
3.05
2.25
1.35
 	 0:2(0:0)  
643	03/11
16:00	 Sampdoria
Sassuolo	
-0.25
+0.25
1.70
2.05
 
 	
2.25
1.75
 	
2.00
 	
2.00
3.35
3.85
1.23
1.33
1.75
1.5
1.0
2.00
2.10
1.75
1.68
 	 3:4(1:0)  
644	03/11
16:00	 Udinese
Internazionale Milan	
0
0
1.90
1.85
  	
2.5
1.95
1.80
2.75
3.30
2.55
1.47
1.33
1.40
1.5
1.5
2.55
2.30
1.47
1.57
 	 0:3(0:2)  
645	03/11
16:00	 Hellas Verona
Cagliari	
-0.25
+0.25
1.70
2.05
 
 	
2.5
1.95
1.80
2.00
3.35
3.85
1.24
1.32
1.75
1.5
1.0
2.00
2.00
1.75
1.75
 	 2:1(1:0)  
646	03/11
21:45	 Torino
AS Roma	
+0.75
-0.75
1.70
2.05
 
 	
2.5
1.87
1.87
4.25
3.40
1.90
1.90
1.33
1.20
1.0
1.5
2.00
1.85
1.75
1.90
 	 1:1(0:1)  
647	04/11
21:45	 Bologna
Chievo	
-0.25
+0.25
1.70
2.05
 
 	
2.25
1.80
 	
1.95
 	
2.05
3.30
3.75
1.25
1.33
1.70
1.5
1.0
2.05
2.20
1.70
1.63
 	 0:0(0:0)  
648	09/11
19:00	 Catania
Udinese	
0
0
2.00
1.75
  	
2.0
1.87
1.87
3.00
3.05
2.55
1.50
1.38
1.38
1.5
1.5
2.95
2.65
1.37
1.44
 	 1:0(1:0)  
649	09/11
21:45	 Internazionale Milan
Livorno	
–1.5
+1.5
1.87
1.87
  	
3.0
1.95
1.80
1.27
5.60
11.50
1.04
1.14
3.77
2.5
1.5
2.05
5.55
1.70
1.12
 	 2:0(1:0)  
650	10/11
13:30	 Genoa
Hellas Verona	
-0.25
+0.25
1.87
1.87
 
 	
2.5
1.87
1.87
2.15
3.40
3.40
1.30
1.32
1.67
1.5
1.0
2.00
1.80
1.75
1.95
 	 2:0(2:0)  
651	10/11
16:00	 Atalanta
Bologna	
-0.25
+0.25
1.70
2.05
 
 	
2.25
1.95
 	
1.80
 	
2.00
3.25
4.05
1.24
1.34
1.80
1.5
1.0
2.20
2.35
1.63
1.55
 	 2:1(0:0)  
652	10/11
16:00	 Cagliari
Torino	
-0.25
+0.25
1.80
1.95
 
 	
2.25
1.87
 	
1.87
 	
2.10
3.25
3.70
1.25
1.32
1.70
1.5
1.0
2.25
2.03
1.62
1.72
 	 2:1(1:0)  
653	10/11
16:00	 Chievo
AC Milan	
+0.25
-0.25
2.15
1.65
 
 	
2.25
1.75
 	
2.00
 	
4.40
3.40
1.90
1.90
1.30
1.20
1.0
1.5
2.15
1.90
1.65
1.85
 	 0:0(0:0)  
654	10/11
16:00	 Parma
Lazio	
-0.25
+0.25
1.95
1.80
 
 	
2.5
1.95
1.80
2.35
3.20
3.15
1.33
1.33
1.55
1.5
1.5
2.20
2.65
1.63
1.45
 	 1:1(0:0)  
655	10/11
16:00	 AS Roma
Sassuolo	
–1.5
+1.5
1.85
1.90
  	
2.75
1.80
 	
1.95
 	
1.23
5.75
14.00
1.01
1.13
4.00
2.5
1.0
2.05
4.25
1.70
1.20
 	 1:1(1:0)  
656	10/11
21:45	 Fiorentina
Sampdoria	
-1.25
+1.25
2.00
1.75
 
 	
2.75
2.00
 	
1.75
 	
1.40
4.60
7.60
1.07
1.18
2.80
2.0
1.0
1.95
3.70
1.80
1.25
 	 2:1(2:0)  
657	10/11
21:45	 Juventus
Napoli	
-0.75
+0.75
1.80
1.95
 
 	
2.5
1.80
1.95
1.65
3.80
5.30
1.14
1.24
2.15
1.5
1.0
1.70
2.00
2.05
1.75
 	 3:0(1:0)  
712	23/11
19:00	 Hellas Verona
Chievo	
-0.25
+0.25
1.80
2.00
 
 	
2.25
1.95
 	
1.85
 	
2.10
3.35
3.60
1.28
1.33
1.73
1.5
1.0
1.95
2.00
1.80
1.75
 	 0:1(0:0)  
713	23/11
21:45	 AC Milan
Genoa	
-1.25
+1.25
1.90
1.90
 
 	
2.5
1.90
1.85
1.37
4.55
10.00
1.05
1.21
3.10
1.5
1.0
1.45
3.20
2.65
1.32
 	 1:1(1:1)  
714	23/11
21:45	 Napoli
Parma	
–1.0
+1.0
1.87
1.87
  	
2.75
1.83
 	
1.97
 	
1.48
4.45
6.60
1.09
1.21
2.65
2.0
1.0
1.80
2.75
1.95
1.42
 	 0:1(0:0)  
715	24/11
16:00	 Livorno
Juventus	
+1.25
-1.25
1.95
1.80
 
 	
2.75
1.95
 	
1.80
 	
9.50
4.75
1.35
3.05
1.18
1.04
1.5
2.5
5.55
2.55
1.13
1.47
 	 0:2(0:0)  
716	24/11
16:00	 Sampdoria
Lazio	
+0.25
-0.25
1.85
1.90
 
 	
2.25
1.95
 	
1.80
 	
3.55
3.05
2.25
1.60
1.37
1.27
1.5
1.5
3.20
2.40
1.32
1.52
 	 1:1(0:0)  
717	24/11
16:00	 Sassuolo
Atalanta	
-0.25
+0.25
1.75
1.96
 
 	
2.25
1.80
 	
1.90
 	
2.10
3.20
3.75
1.25
1.33
1.70
1.5
1.0
2.05
1.95
1.70
1.80
 	 2:0(0:0)  
718	24/11
16:00	 Torino
Catania	
-0.75
+0.75
1.87
1.87
 
 	
2.25
1.87
 	
1.87
 	
1.67
3.55
5.55
1.12
1.28
2.12
1.5
1.0
1.87
2.65
1.87
1.45
 	 4:1(2:0)  
719	24/11
16:00	 Udinese
Fiorentina	
0
0
1.95
1.80
  	
2.25
1.75
 	
2.00
 	
2.80
3.20
2.60
1.47
1.35
1.42
1.5
1.5
2.65
2.45
1.44
1.50
 	 1:0(1:0)  
720	24/11
21:45	 Bologna
Internazionale Milan	
+0.25
-0.25
2.20
1.65
 
 	
2.5
1.90
1.85
4.25
3.40
1.90
1.90
1.33
1.20
1.0
1.5
2.00
1.85
1.75
1.90
 	 1:1(1:0)  
644	30/11
19:00	 Parma
Bologna	
-0.75
+0.75
1.80
2.00
 
 	
2.25
1.90
 	
1.90
 	
1.65
3.65
5.80
1.14
1.28
2.20
1.5
1.0
1.70
2.35
2.05
1.55
 	 1:1(1:1)  
645	30/11
21:45	 Genoa
Torino	
0
0
1.90
1.85
  	
2.25
1.85
 	
1.95
 	
2.80
3.15
2.65
1.48
1.36
1.44
1.5
1.5
2.65
2.55
1.44
1.47
 	 1:1(0:1)  
646	01/12
13:30	 Catania
AC Milan	
+0.75
-0.75
2.00
1.80
 
 	
2.5
1.95
1.80
5.55
3.75
1.65
2.25
1.27
1.15
1.0
1.5
2.45
1.70
1.50
2.05
 	 1:3(1:1)  
647	01/12
16:00	 Atalanta
AS Roma	
+0.75
-0.75
1.80
2.00
 
 	
2.5
1.95
1.80
4.55
3.60
1.80
2.00
1.29
1.18
1.5
1.5
3.55
1.85
1.27
1.90
 	 1:1(0:0)  
648	01/12
16:00	 Cagliari
Sassuolo	
-0.75
+0.75
2.00
1.75
 
 	
2.25
1.75
 	
2.00
 	
1.77
3.50
4.95
1.17
1.30
2.00
1.5
1.0
1.75
2.35
2.00
1.55
 	 2:2(0:2)  
649	01/12
16:00	 Chievo
Livorno	
-0.25
+0.25
1.80
2.00
 
 	
2.25
2.00
 	
1.80
 	
2.10
3.15
3.85
1.25
1.36
1.73
1.5
1.0
2.25
2.10
1.60
1.68
 	 3:0(1:0)  
650	01/12
16:00	 Internazionale Milan
Sampdoria	
-1.25
+1.25
1.90
1.90
 
 	
2.75
1.90
 	
1.90
 	
1.37
4.85
8.70
1.07
1.18
3.10
2.5
1.5
2.55
4.95
1.47
1.15
 	 1:1(1:0)  
651	01/12
19:30	 Juventus
Udinese	
–1.5
+1.5
1.85
1.90
  	
2.75
1.85
 	
1.90
 	
1.28
5.50
11.00
1.03
1.15
3.50
2.5
1.5
2.25
5.30
1.60
1.13
 	 1:0(0:0)  
652	02/12
20:00	 Fiorentina
Hellas Verona	
-1.25
+1.25
2.00
1.75
 
 	
2.75
1.85
 	
1.90
 	
1.43
4.45
7.80
1.07
1.21
2.80
2.0
1.0
1.87
2.75
1.87
1.42
 	 4:3(3:2)  
653	02/12
22:00	 Lazio
Napoli	
+0.25
-0.25
1.80
1.95
 
 	
2.5
1.90
1.85
3.10
3.25
2.35
1.55
1.32
1.33
1.0
1.5
1.75
2.20
2.00
1.65
 	 2:4(1:1)
510	06/12
21:45	 Bologna
Juventus	
+1.25
-1.25
1.80
2.00
 
 	
2.5
1.87
1.87
9.00
4.40
1.40
2.90
1.21
1.06
1.0
1.5
3.20
1.50
1.32
2.45
 	 0:2(0:1)  
511	07/12
19:00	 Livorno
AC Milan	
+0.75
-0.75
1.95
1.80
 
 	
2.5
1.90
1.85
6.10
3.75
1.60
2.30
1.27
1.11
1.0
1.5
2.55
1.70
1.47
2.05
 	 2:2(1:1)  
512	07/12
21:45	 Napoli
Udinese	
–1.0
+1.0
1.90
1.85
  	
2.5
1.80
1.95
1.50
4.05
7.00
1.08
1.23
2.50
2.0
1.0
2.12
2.65
1.67
1.45
 	 3:3(2:1)  
513	08/12
13:30	 AS Roma
Fiorentina	
-0.25
+0.25
1.63
2.20
 
 	
2.5
1.80
1.95
1.90
3.40
4.25
1.20
1.33
1.90
1.5
1.0
1.80
1.95
1.95
1.80
 	 2:1(1:1)  
514	08/12
16:00	 Cagliari
Genoa	
-0.25
+0.25
1.63
2.20
 
 	
2.25
1.95
 	
1.80
 	
1.87
3.35
4.55
1.18
1.33
1.87
1.5
1.0
2.10
2.30
1.67
1.57
 	 2:1(0:1)  
515	08/12
16:00	 Hellas Verona
Atalanta	
-0.25
+0.25
1.70
2.05
 
 	
2.25
1.85
 	
1.90
 	
2.00
3.25
4.05
1.22
1.33
1.75
1.5
1.0
2.05
2.30
1.70
1.57
 	 2:1(0:1)  
516	08/12
16:00	 Sampdoria
Catania	
-0.75
+0.75
1.95
1.80
 
 	
2.25
1.90
 	
1.85
 	
1.73
3.45
5.30
1.14
1.30
2.05
1.5
1.0
1.90
2.55
1.85
1.47
 	 2:0(0:0)  
517	08/12
16:00	 Sassuolo
Chievo	
-0.25
+0.25
1.80
1.95
 
 	
2.25
1.95
 	
1.80
 	
2.10
3.20
3.75
1.25
1.33
1.70
1.5
1.0
2.25
2.05
1.60
1.70
 	 0:1(0:0)  
518	08/12
16:00	 Torino
Lazio	
-0.25
+0.25
2.00
1.75
 
 	
2.25
1.87
 	
1.87
 	
2.45
3.15
3.05
1.37
1.36
1.52
1.5
1.5
2.45
2.85
1.50
1.40
 	 1:0(1:0)  
519	08/12
21:45	 Internazionale Milan
Parma	
-0.75
+0.75
1.80
1.95
 
 	
2.75
1.95
 	
1.80
 	
1.60
3.85
5.85
1.12
1.25
2.30
1.5
1.0
1.60
2.30
2.25
1.57
 	 3:3(1:2)  
643	14/12
21:45	 Catania
Hellas Verona	
-0.25
+0.25
2.05
1.77
 
 	
2.5
1.87
1.87
2.45
3.22
3.00
1.38
1.35
1.55
1.5
1.5
2.30
2.55
1.57
1.47
 	 0:0(0:0)  
644	15/12
16:00	 Chievo
Sampdoria	
-0.25
+0.25
1.87
1.87
 
 	
2.0
1.85
1.90
2.20
3.05
3.65
1.27
1.37
1.63
1.5
1.5
2.55
3.35
1.47
1.30
 	 0:1(0:1)  
645	15/12
16:00	 Fiorentina
Bologna	
-1.25
+1.25
1.90
1.85
 
 	
2.75
1.95
 	
1.80
 	
1.38
4.55
8.50
1.06
1.18
2.95
2.0
1.0
1.85
3.20
1.90
1.32
 	 3:0(2:0)  
646	15/12
16:00	 Genoa
Atalanta	
-0.25
+0.25
1.90
1.90
 
 	
2.25
1.95
 	
1.85
 	
2.25
3.10
3.50
1.30
1.37
1.63
1.5
1.0
2.25
2.10
1.60
1.67
 	 1:1(0:0)  
647	15/12
16:00	 Lazio
Livorno	
–1.0
+1.0
1.80
1.95
  	
2.5
1.87
1.87
1.47
4.15
7.25
1.08
1.22
2.60
1.5
1.0
1.55
3.20
2.35
1.32
 	 2:0(2:0)  
648	15/12
16:00	 Parma
Cagliari	
-0.75
+0.75
2.00
1.80
 
 	
2.5
1.95
1.80
1.77
3.55
4.85
1.18
1.30
2.05
1.5
1.0
1.87
2.25
1.87
1.60
 	 0:0(0:0)  
649	15/12
16:00	 Udinese
Torino	
-0.25
+0.25
1.65
2.15
 
 	
2.25
1.87
 	
1.87
 	
1.90
3.25
4.50
1.20
1.34
1.85
1.5
1.0
2.00
2.20
1.75
1.63
 	 0:2(0:0)  
650	15/12
19:30	 Juventus
Sassuolo	
–2.0
+2.0
1.80
1.95
  	
3.25
2.00
 	
1.75
 	
1.15
7.80
18.00
 	
1.08
5.10
3.5
1.0
3.20
5.10
1.32
1.14
 	 4:0(3:0)  
651	15/12
21:45	 Napoli
Internazionale Milan	
-0.25
+0.25
1.63
2.25
 
 	
2.75
1.90
 	
1.90
 	
1.87
3.55
4.25
1.20
1.30
1.93
1.5
1.0
1.70
1.85
2.05
1.90
 	 4:2(3:2)  
652	16/12
21:45	 AC Milan
AS Roma	
-0.25
+0.25
1.90
1.85
 
 	
2.5
1.90
1.85
2.25
3.40
3.15
1.35
1.31
1.60
1.5
1.0
2.10
1.75
1.68
2.00
 	 2:2(1:1)  
574	21/12
19:00	 Livorno
Udinese	
+0.25
-0.25
1.80
2.00
 
 	
2.0
1.77
1.97
3.20
3.10
2.40
1.57
1.37
1.35
1.5
1.5
3.05
2.45
1.35
1.50
 	 1:2(1:1)  
575	21/12
21:45	 Cagliari
Napoli	
+0.25
-0.25
2.20
1.67
 
 	
2.5
1.85
1.90
4.20
3.40
1.95
1.85
1.33
1.22
1.0
1.5
1.85
1.80
1.90
1.95
 	 1:1(1:1)  
576	22/12
13:30	 Bologna
Genoa	
-0.25
+0.25
1.70
2.05
 
 	
2.25
1.95
 	
1.80
 	
2.05
3.15
4.00
1.22
1.35
1.75
1.5
1.0
2.15
2.25
1.65
1.60
 	 1:0(0:0)  
577	22/12
16:00	 Atalanta
Juventus	
+1.25
-1.25
1.95
1.85
 
 	
2.5
1.90
1.85
9.10
4.60
1.38
3.00
1.20
1.05
1.0
1.5
3.20
1.50
1.32
2.45
 	 1:4(1:1)  
578	22/12
16:00	 AS Roma
Catania	
-1.75
+1.75
1.87
1.87
 
 	
3.0
1.95
1.80
1.20
6.30
15.00
1.01
1.11
4.30
2.5
1.0
2.05
4.25
1.70
1.20
 	 4:0(1:0)  
579	22/12
16:00	 Sampdoria
Parma	
0
0
1.75
2.00
  	
2.25
1.95
 	
1.80
 	
2.50
3.15
2.95
1.37
1.35
1.50
1.0
1.0
1.70
1.85
2.05
1.90
 	 1:1(1:0)  
580	22/12
16:00	 Sassuolo
Fiorentina	
+0.75
-0.75
1.75
2.00
 
 	
2.75
2.00
 	
1.75
 	
4.55
3.55
1.80
1.95
1.28
1.17
1.0
1.5
2.05
1.67
1.70
2.12
 	 0:1(0:0)  
581	22/12
16:00	 Torino
Chievo	
-0.75
+0.75
2.05
1.77
 
 	
2.25
2.00
 	
1.80
 	
1.77
3.40
5.10
1.16
1.30
2.03
1.5
1.0
1.90
2.55
1.85
1.47
 	 4:1(1:1)  
582	22/12
16:00	 Hellas Verona
Lazio	
+0.25
-0.25
1.75
2.00
 
 	
2.25
1.80
 	
1.95
 	
3.05
3.15
2.45
1.52
1.35
1.37
1.5
1.5
2.65
2.30
1.44
1.57
 	 4:1(2:1)  
583	22/12
21:45	 Internazionale Milan
AC Milan	
0
0
1.85
1.90
  	
2.75
1.95
 	
1.80
 	
2.60
3.40
2.65
1.45
1.30
1.47
1.5
1.5
2.20
2.25
1.63
1.60
 	 1:0(0:0)  
414	05/01
16:00	 Chievo
Cagliari	
0
0
1.75
2.00
  	
2.0
1.80
1.95
2.45
3.05
3.15
1.35
1.38
1.55
1.5
1.5
2.55
3.20
1.47
1.32
 	 0:0(0:0)  
415	05/01
19:00	 Fiorentina
Livorno	
–1.5
+1.5
1.95
1.80
  	
2.75
1.85
 	
1.95
 	
1.30
5.30
10.50
1.04
1.16
3.50
2.5
1.5
2.20
5.55
1.63
1.12
 	 1:0(0:0)  
416	05/01
21:45	 Juventus
AS Roma	
-0.75
+0.75
1.85
1.95
 
 	
2.75
1.90
 	
1.90
 	
1.67
3.85
5.15
1.15
1.27
2.20
1.5
1.0
1.57
2.05
2.30
1.70
 	 3:0(1:0)  
417	06/01
13:30	 Napoli
Sampdoria	
-1.25
+1.25
1.80
1.95
 
 	
2.75
1.85
 	
1.90
 	
1.33
4.90
9.50
1.03
1.17
3.20
2.5
1.5
2.35
4.95
1.55
1.15
 	 2:0(0:0)  
418	06/01
16:00	 Catania
Bologna	
-0.25
+0.25
1.70
2.07
 
 	
2.25
1.95
 	
1.80
 	
2.05
3.20
3.75
1.25
1.32
1.72
1.5
1.0
2.20
2.10
1.63
1.68
 	 2:0(1:0)  
419	06/01
16:00	 Genoa
Sassuolo	
-0.25
+0.25
1.85
1.95
 
 	
2.5
1.95
1.80
2.10
3.40
3.55
1.30
1.32
1.73
1.5
1.0
2.00
2.00
1.75
1.75
 	 2:0(2:0)  
420	06/01
16:00	 AC Milan
Atalanta	
-1.25
+1.25
1.90
1.85
 
 	
2.5
1.80
1.95
1.37
4.70
9.10
1.05
1.18
3.00
1.5
1.0
1.47
3.05
2.55
1.35
 	 3:0(1:0)  
421	06/01
16:00	 Parma
Torino	
-0.25
+0.25
1.70
2.05
 
 	
2.25
1.75
 	
2.00
 	
2.00
3.25
4.05
1.22
1.33
1.75
1.5
1.0
2.00
2.00
1.75
1.75
 	 3:1(2:1)  
422	06/01
16:00	 Udinese
Hellas Verona	
-0.75
+0.75
2.05
1.70
 
 	
2.5
1.95
1.80
1.85
3.40
4.55
1.17
1.30
1.90
1.5
1.0
1.87
2.15
1.87
1.65
 	 1:3(1:2)  
423	06/01
19:30	 Lazio
Internazionale Milan	
0
0
1.75
2.00
  	
2.5
1.85
1.90
2.50
3.35
2.85
1.43
1.33
1.50
1.5
1.5
2.20
2.20
1.63
1.63
 	 1:0(0:0)  
591	11/01
19:00	 Livorno
Parma	
+0.25
-0.25
1.90
1.90
 
 	
2.25
1.90
 	
1.90
 	
3.50
3.20
2.20
1.67
1.35
1.30
1.5
1.5
3.05
2.20
1.35
1.63
 	 0:3(0:1)  
592	11/01
21:45	 Bologna
Lazio	
+0.25
-0.25
1.90
1.90
 
 	
2.25
1.80
 	
2.00
 	
3.45
3.30
2.20
1.67
1.34
1.30
1.0
1.5
2.00
2.20
1.75
1.63
 	 0:0(0:0)  
593	12/01
13:30	 Torino
Fiorentina	
0
0
1.95
1.80
  	
2.5
2.00
1.75
2.90
3.20
2.55
1.50
1.36
1.40
1.5
1.5
2.55
2.30
1.47
1.57
 	 0:0(0:0)  
594	12/01
16:00	 Atalanta
Catania	
-0.75
+0.75
2.05
1.70
 
 	
2.25
1.85
 	
1.90
 	
1.85
3.35
4.55
1.17
1.30
1.90
1.5
1.0
1.95
2.40
1.80
1.52
 	 2:1(0:0)  
595	12/01
16:00	 Cagliari
Juventus	
+1.25
-1.25
1.85
1.95
 
 	
2.5
1.80
1.95
8.90
4.45
1.40
2.95
1.20
1.05
1.0
1.5
3.05
1.45
1.35
2.65
 	 1:4(1:1)  
596	12/01
16:00	 Hellas Verona
Napoli	
+0.25
-0.25
2.15
1.65
 
 	
2.75
1.85
 	
1.90
 	
3.95
3.50
1.92
1.83
1.30
1.23
1.0
1.5
1.75
1.72
2.00
2.03
 	 0:3(0:1)  
597	12/01
16:00	 AS Roma
Genoa	
–1.5
+1.5
1.80
1.95
  	
2.75
1.80
 	
1.95
 	
1.28
5.50
11.00
1.03
1.15
3.50
2.5
1.5
2.25
5.55
1.60
1.12
 	 4:0(3:0)  
598	12/01
21:45	 Sassuolo
AC Milan	
+1.0
–1.0
1.75
2.00
  	
2.75
2.00
 	
1.75
 	
5.95
3.85
1.60
2.30
1.25
1.12
1.0
1.5
2.35
1.60
1.55
2.25
 	 4:3(3:2)  
599	13/01
20:00	 Sampdoria
Udinese	
0
0
1.75
2.00
  	
2.25
1.95
 	
1.80
 	
2.50
3.00
3.10
1.35
1.38
1.50
1.0
1.0
1.70
1.85
2.05
1.90
 	 3:0(1:0)  
600	13/01
22:00	 Internazionale Milan
Chievo	
-1.25
+1.25
1.95
1.80
 
 	
2.75
1.95
 	
1.80
 	
1.40
4.35
8.50
1.06
1.20
2.85
1.5
1.0
1.45
2.85
2.65
1.40
 	 1:1(1:1)  
617	18/01
19:00	 AS Roma
Livorno	
–2.0
+2.0
1.87
1.87
  	
3.0
1.95
1.80
1.15
7.50
19.00
 	
1.08
5.10
2.5
1.0
1.80
4.25
1.95
1.20
 	 3:0(2:0)  
618	18/01
21:45	 Juventus
Sampdoria	
–2.0
+2.0
1.90
1.85
  	
3.0
1.95
1.80
1.15
7.50
19.00
 	
1.08
5.10
2.5
1.0
1.87
5.00
1.87
1.14
 	 4:2(3:1)  
619	19/01
13:30	 Udinese
Lazio	
0
0
1.80
1.95
  	
2.25
2.00
 	
1.80
 	
2.65
3.08
2.85
1.42
1.37
1.47
1.0
1.0
1.70
1.85
2.05
1.90
 	 2:3(1:0)  
620	19/01
16:00	 Atalanta
Cagliari	
-0.25
+0.25
2.00
1.80
 
 	
2.25
1.95
 	
1.85
 	
2.35
3.20
3.20
1.35
1.36
1.60
1.5
1.5
2.40
2.95
1.52
1.37
 	 1:0(0:0)  
621	19/01
16:00	 Bologna
Napoli	
+1.0
–1.0
1.75
2.00
  	
2.5
1.80
1.95
6.00
4.00
1.57
2.40
1.23
1.11
1.0
1.5
2.40
1.60
1.52
2.25
 	 2:2(1:0)  
622	19/01
16:00	 Catania
Fiorentina	
+0.75
-0.75
1.73
2.10
 
 	
2.5
2.00
1.75
4.55
3.40
1.85
1.95
1.32
1.18
1.5
1.5
3.55
1.90
1.27
1.85
 	 0:3(0:3)  
623	19/01
16:00	 Chievo
Parma	
+0.25
-0.25
1.75
2.05
 
 	
2.25
2.00
 	
1.80
 	
3.10
3.10
2.45
1.55
1.37
1.37
1.5
1.5
2.95
2.45
1.37
1.50
 	 1:2(1:1)  
624	19/01
16:00	 Genoa
Internazionale Milan	
+0.75
-0.75
1.76
1.95
 
 	
2.5
1.80
1.95
4.85
3.65
1.75
2.07
1.29
1.17
1.0
1.5
2.05
1.75
1.70
2.00
 	 1:0(0:0)  
625	19/01
16:00	 Sassuolo
Torino	
0
0
2.00
1.75
  	
2.5
1.95
1.80
2.90
3.25
2.50
1.50
1.34
1.40
1.5
1.5
2.65
2.45
1.44
1.50
 	 0:2(0:1)  
626	19/01
21:45	 AC Milan
Hellas Verona	
-1.25
+1.25
1.85
1.95
 
 	
3.0
1.95
1.80
1.38
4.75
8.50
1.06
1.19
2.95
2.5
1.0
2.35
2.55
1.55
1.47
 	 1:0(0:0)  
592	25/01
19:00	 Napoli
Chievo	
–1.5
+1.5
1.85
1.90
  	
2.75
1.95
 	
1.85
 	
1.25
5.55
13.50
1.01
1.14
3.80
2.0
1.0
1.65
4.50
2.15
1.18
 	 1:1(0:1)  
593	25/01
21:45	 Lazio
Juventus	
+0.75
-0.75
1.85
1.95
 
 	
2.5
1.90
1.85
5.50
3.55
1.70
2.17
1.30
1.15
1.0
1.5
2.25
1.70
1.60
2.05
 	 1:1(1:0)  
594	26/01
13:30	 Hellas Verona
AS Roma	
+0.75
-0.75
1.95
1.80
 
 	
2.75
1.90
 	
1.90
 	
6.10
3.80
1.60
2.30
1.27
1.12
1.0
1.5
2.10
1.55
1.68
2.35
 	 1:3(0:1)  
595	26/01
16:00	 Cagliari
AC Milan	
+0.25
-0.25
2.20
1.67
 
 	
2.5
1.90
1.82
4.15
3.35
1.95
1.85
1.33
1.22
1.0
1.5
2.00
1.87
1.75
1.87
 	 1:2(1:0)  
596	26/01
16:00	 Internazionale Milan
Catania	
–1.5
+1.5
1.87
1.87
  	
2.75
1.80
 	
2.00
 	
1.28
5.55
11.00
1.04
1.15
3.60
2.5
1.5
2.20
5.30
1.63
1.13
 	 0:0(0:0)  
597	26/01
16:00	 Livorno
Sassuolo	
-0.25
+0.25
1.95
1.80
 
 	
2.25
1.90
 	
1.85
 	
2.35
3.15
3.20
1.32
1.35
1.55
1.5
1.5
2.35
2.95
1.55
1.37
 	 3:1(3:1)  
598	26/01
16:00	 Parma
Udinese	
-0.25
+0.25
1.67
2.12
 
 	
2.25
1.75
 	
2.00
 	
1.93
3.30
4.25
1.20
1.33
1.85
1.5
1.0
2.00
2.05
1.75
1.70
 	 1:0(1:0)  
599	26/01
16:00	 Sampdoria
Bologna	
-0.75
+0.75
2.00
1.75
 
 	
2.25
1.90
 	
1.85
 	
1.77
3.45
5.00
1.15
1.30
1.97
1.5
1.0
1.95
2.65
1.80
1.45
 	 1:1(0:0)  
600	26/01
16:00	 Torino
Atalanta	
-0.75
+0.75
1.95
1.80
 
 	
2.25
1.75
 	
2.00
 	
1.72
3.50
5.30
1.13
1.30
2.05
1.5
1.0
1.80
2.55
1.95
1.47
 	 1:0(0:0)  
601	26/01
21:45	 Fiorentina
Genoa	
-1.25
+1.25
1.80
1.95
 
 	
2.75
1.95
 	
1.80
 	
1.34
4.70
10.00
1.03
1.18
3.15
2.5
1.5
2.55
5.30
1.47
1.14
 	 3:3(2:2)  
651	01/02
19:00	 Bologna
Udinese	
0
0
1.90
1.85
  	
2.25
1.95
 	
1.85
 	
2.75
3.15
2.70
1.47
1.36
1.45
1.0
1.0
1.72
1.65
2.03
2.15
 	 0:2(0:1)  
652	01/02
19:00	 Cagliari
Fiorentina	
+0.25
-0.25
1.85
1.95
 
 	
2.25
1.85
 	
1.95
 	
3.25
3.25
2.30
1.60
1.35
1.33
1.5
1.5
2.95
2.20
1.37
1.63
 	 1:0(1:0)  
653	01/02
21:45	 AC Milan
Torino	
–1.0
+1.0
1.97
1.77
  	
2.5
1.75
2.00
1.57
3.85
6.40
1.10
1.26
2.40
1.5
1.0
1.55
2.30
2.35
1.57
 	 1:1(0:1)  
654	02/02
16:00	 Atalanta
Napoli	
+0.75
-0.75
1.90
1.90
 
 	
2.5
1.80
1.95
5.20
3.70
1.70
2.15
1.28
1.15
1.0
1.5
2.20
1.65
1.63
2.15
 	 3:0(0:0)  
655	02/02
16:00	 Catania
Livorno	
-0.25
+0.25
1.65
2.15
 
 	
2.25
1.85
 	
1.90
 	
1.90
3.35
4.30
1.20
1.33
1.85
1.5
1.0
2.00
2.20
1.75
1.63
 	 3:3(0:0)  
656	02/02
16:00	 Chievo
Lazio	
+0.25
-0.25
1.80
1.95
 
 	
2.25
1.95
 	
1.80
 	
3.30
3.15
2.30
1.57
1.35
1.32
1.5
1.5
2.95
2.35
1.37
1.55
 	 0:2(0:1)  
657	02/02
16:00	 AS Roma
Parma	
-1.25
+1.25
1.87
1.87
 
 	
2.75
1.90
 	
1.85
 	
1.37
4.70
8.90
1.06
1.18
2.95
2.5
1.0
2.45
2.95
1.50
1.37
 	 cancelled  
658	02/02
16:00	 Sassuolo
Hellas Verona	
-0.25
+0.25
1.95
1.85
 
 	
2.5
1.80
1.95
2.35
3.20
3.20
1.35
1.36
1.60
1.5
1.5
2.00
2.40
1.75
1.52
 	 1:2(0:0)  
659	02/02
21:45	 Juventus
Internazionale Milan	
-1.25
+1.25
1.85
1.95
 
 	
2.75
1.85
 	
1.95
 	
1.38
4.70
8.70
1.06
1.19
3.05
2.5
1.0
2.40
2.45
1.52
1.50
 	 3:1(1:0)  
660	03/02
21:45	 Genoa
Sampdoria	
0
0
1.80
1.95
  	
2.25
1.90
 	
1.85
 	
2.55
3.15
2.85
1.40
1.37
1.47
1.0
1.0
1.70
1.80
2.05
1.95
 	 0:1(0:1)  
672	08/02
19:00	 Fiorentina
Atalanta	
–1.0
+1.0
1.95
1.80
  	
2.5
1.90
1.85
1.52
3.95
7.00
1.09
1.25
2.52
1.5
1.0
1.52
2.85
2.40
1.40
 	 2:0(1:0), pass 1  
673	08/02
19:00	 Udinese
Chievo	
-0.75
+0.75
2.05
1.77
 
 	
2.25
2.00
 	
1.80
 	
1.77
3.35
5.30
1.16
1.33
2.05
1.5
1.0
1.95
2.65
1.80
1.44
 	 3:0(0:0)  
674	08/02
21:45	 Napoli
AC Milan	
-0.25
+0.25
1.75
2.07
 
 	
2.75
1.90
 	
1.90
 	
2.05
3.50
3.60
1.27
1.31
1.77
1.5
1.0
1.80
1.85
1.95
1.90
 	 3:1(1:1)  
675	09/02
13:30	 Torino
Bologna	
–1.0
+1.0
1.95
1.80
  	
2.5
2.00
1.75
1.60
3.85
6.00
1.12
1.26
2.35
1.5
1.0
1.70
2.45
2.05
1.50
 	 1:2(1:2)  
676	09/02
16:00	 Hellas Verona
Juventus	
+1.5
–1.5
1.87
1.87
  	
3.0
1.87
1.87
9.50
4.70
1.37
3.10
1.20
1.05
1.0
2.5
2.85
2.15
1.40
1.65
 	 2:2(0:2)  
677	09/02
16:00	 Lazio
AS Roma	
+0.25
-0.25
2.15
1.70
 
 	
2.5
1.95
1.80
4.05
3.42
1.95
1.85
1.32
1.23
1.0
1.5
1.95
1.90
1.80
1.85
 	 0:0(0:0)  
678	09/02
16:00	 Livorno
Genoa	
-0.25
+0.25
1.95
1.80
 
 	
2.25
1.87
 	
1.87
 	
2.37
3.15
3.20
1.33
1.36
1.55
1.5
1.5
2.40
2.85
1.52
1.40
 	 0:1(0:1)  
679	09/02
16:00	 Parma
Catania	
–1.0
+1.0
1.87
1.87
  	
2.5
1.80
1.95
1.50
4.10
7.25
1.10
1.24
2.60
1.5
1.0
1.55
2.95
2.35
1.37
 	 0:0(0:0)  
680	09/02
16:00	 Sampdoria
Cagliari	
-0.25
+0.25
1.80
2.00
 
 	
2.0
1.77
1.97
2.10
3.20
3.80
1.27
1.35
1.73
1.5
1.0
2.15
2.05
1.65
1.70
 	 1:0(1:0)  
681	09/02
21:45	 Internazionale Milan
Sassuolo	
-1.25
+1.25
1.80
1.95
 
 	
2.75
1.85
 	
1.90
 	
1.33
4.90
10.00
1.03
1.17
3.20
2.5
1.5
2.35
4.95
1.55
1.15
 	 1:0(0:0)  
475	14/02
21:45	 AC Milan
Bologna	
-1.25
+1.25
1.80
2.00
 
 	
2.75
1.90
 	
1.90
 	
1.35
4.90
9.30
1.05
1.18
3.20
2.5
1.5
2.40
4.95
1.52
1.15
 	 1:0(0:0)  
476	15/02
21:45	 Fiorentina
Internazionale Milan	
-0.25
+0.25
1.80
1.95
 
 	
2.5
1.85
1.90
2.15
3.30
3.45
1.27
1.32
1.67
1.5
1.0
2.00
1.75
1.75
2.00
 	 1:2(0:1)  
477	16/02
13:30	 Catania
Lazio	
+0.25
-0.25
1.90
1.85
 
 	
2.25
1.90
 	
1.85
 	
3.60
3.20
2.15
1.67
1.36
1.27
1.0
1.5
2.05
2.20
1.70
1.63
 	 3:1(1:1)  
478	16/02
16:00	 Atalanta
Parma	
0
0
1.75
2.00
  	
2.25
1.95
 	
1.80
 	
2.50
3.15
2.95
1.37
1.35
1.50
1.0
1.0
1.70
1.85
2.05
1.90
 	 0:4(0:1)  
479	16/02
16:00	 Cagliari
Livorno	
-0.75
+0.75
1.95
1.80
 
 	
2.25
1.90
 	
1.85
 	
1.73
3.45
5.30
1.14
1.30
2.03
1.5
1.0
1.90
2.55
1.85
1.47
 	 1:2(0:1)  
480	16/02
16:00	 Genoa
Udinese	
0
0
1.90
1.85
  	
2.25
1.90
 	
1.85
 	
2.85
3.05
2.65
1.45
1.37
1.40
1.0
1.0
1.80
1.70
1.95
2.05
 	 3:3(1:2)  
481	16/02
16:00	 Juventus
Chievo	
-2.25
+2.25
2.00
1.75
 
 	
3.0
1.87
1.87
1.14
7.50
21.00
 	
1.08
5.30
2.5
1.5
1.80
8.50
1.95
1.05
 	 3:1(2:0)  
482	16/02
16:00	 Sassuolo
Napoli	
+1.0
–1.0
1.85
1.90
  	
2.75
1.90
 	
1.85
 	
6.50
4.05
1.53
2.45
1.22
1.09
1.0
1.5
2.35
1.50
1.55
2.45
 	 0:2(0:1)  
483	16/02
21:45	 AS Roma
Sampdoria	
-1.25
+1.25
1.80
1.95
 
 	
2.75
1.90
 	
1.85
 	
1.33
5.00
9.50
1.03
1.17
3.15
2.5
1.5
2.40
4.95
1.52
1.15
 	 3:0(1:0)  
484	17/02
21:45	 Hellas Verona
Torino	
0
0
1.80
1.95
  	
2.5
1.95
1.80
2.55
3.15
2.90
1.40
1.33
1.47
1.5
1.5
2.35
2.55
1.55
1.47
 	 1:3(1:0)  
569	22/02
21:45	 Bologna
AS Roma	
+1.0
–1.0
1.90
1.85
  	
2.5
1.87
1.87
7.25
4.30
1.47
2.70
1.22
1.09
1.0
1.5
3.05
1.45
1.35
2.65
 	 0:1(0:1)  
570	23/02
13:30	 Livorno
Hellas Verona	
-0.25
+0.25
1.95
1.80
 
 	
2.5
1.95
1.80
2.40
3.20
3.05
1.33
1.32
1.55
1.5
1.5
2.25
2.65
1.60
1.44
 	 2:3(0:3)  
571	23/02
16:00	 Chievo
Catania	
-0.25
+0.25
1.80
1.95
 
 	
2.0
1.80
1.95
2.10
3.10
3.90
1.24
1.33
1.70
1.5
1.0
2.25
2.05
1.60
1.70
 	 2:0(1:0)  
572	23/02
16:00	 Internazionale Milan
Cagliari	
-1.25
+1.25
1.90
1.85
 
 	
2.5
1.80
1.95
1.40
4.35
9.00
1.06
1.20
2.85
1.5
1.0
1.47
3.05
2.55
1.35
 	 1:1(0:1)  
573	23/02
16:00	 Sampdoria
AC Milan	
+0.25
-0.25
1.87
1.87
 
 	
2.25
1.90
 	
1.85
 	
3.45
3.25
2.20
1.65
1.33
1.28
1.0
1.5
2.05
2.20
1.70
1.63
 	 0:2(0:1)  
574	23/02
16:00	 Udinese
Atalanta	
-0.75
+0.75
1.95
1.80
 
 	
2.25
1.90
 	
1.85
 	
1.72
3.40
5.55
1.13
1.30
2.05
1.5
1.0
1.87
2.55
1.87
1.47
 	 1:1(0:1)  
575	23/02
19:30	 Juventus
Torino	
–1.5
+1.5
1.80
1.95
  	
3.0
1.95
1.80
1.23
6.00
13.00
1.01
1.12
3.90
2.5
1.0
2.05
3.75
1.70
1.25
 	 1:0(1:0)  
576	23/02
21:45	 Lazio
Sassuolo	
-1.25
+1.25
1.95
1.80
 
 	
2.5
1.80
1.95
1.40
4.25
9.00
1.05
1.21
2.85
1.5
1.0
1.50
3.05
2.45
1.35
 	 3:2(1:0)  
577	24/02
20:00	 Parma
Fiorentina	
-0.25
+0.25
2.00
1.75
 
 	
2.25
1.75
 	
2.00
 	
2.45
3.25
2.95
1.40
1.36
1.52
1.5
1.5
2.35
2.55
1.55
1.47
 	 2:2(1:1)  
578	24/02
22:00	 Napoli
Genoa	
-1.75
+1.75
2.00
1.75
 
 	
2.75
1.80
 	
1.95
 	
1.25
5.50
13.50
1.01
1.13
3.75
2.5
1.0
2.12
4.00
1.67
1.22
 	 1:1(1:0)  
589	01/03
21:45	 AS Roma
Internazionale Milan	
–1.0
+1.0
2.00
1.75
  	
2.75
2.00
 	
1.80
 	
1.60
3.85
6.00
1.13
1.26
2.35
1.5
1.0
1.60
2.25
2.25
1.60
 	 0:0(0:0)  
590	02/03
13:30	 Cagliari
Udinese	
-0.25
+0.25
2.05
1.70
 
 	
2.25
1.95
 	
1.80
 	
2.45
3.10
3.05
1.37
1.37
1.52
1.5
1.5
2.45
2.95
1.50
1.37
 	 3:0(1:0)  
591	02/03
16:00	 Atalanta
Chievo	
-0.25
+0.25
1.70
2.05
 
 	
2.25
2.00
 	
1.75
 	
2.05
3.15
3.95
1.23
1.35
1.70
1.5
1.0
2.20
2.35
1.62
1.55
 	 2:1(1:0)  
592	02/03
16:00	 Genoa
Catania	
-0.25
+0.25
1.70
2.05
 
 	
2.25
1.80
 	
1.95
 	
2.00
3.25
4.05
1.22
1.33
1.75
1.5
1.0
2.00
2.10
1.75
1.68
 	 2:0(1:0)  
593	02/03
16:00	 Hellas Verona
Bologna	
-0.25
+0.25
1.65
2.15
 
 	
2.5
1.90
1.85
1.95
3.40
4.05
1.22
1.33
1.85
1.5
1.0
1.80
1.95
1.95
1.80
 	 0:0(0:0)  
594	02/03
16:00	 Sassuolo
Parma	
+0.25
-0.25
1.87
1.87
 
 	
2.5
2.00
1.75
3.45
3.20
2.20
1.65
1.33
1.30
1.0
1.5
1.90
2.15
1.85
1.65
 	 0:1(0:1)  
595	02/03
16:00	 Torino
Sampdoria	
-0.25
+0.25
1.65
2.15
 
 	
2.25
1.90
 	
1.85
 	
1.87
3.25
4.75
1.18
1.34
1.90
1.5
1.0
2.20
2.35
1.63
1.55
 	 0:2(0:1)  
596	02/03
19:30	 Livorno
Napoli	
+1.0
–1.0
1.80
1.95
  	
2.75
1.90
 	
1.85
 	
6.50
4.05
1.53
2.45
1.22
1.09
1.0
1.5
2.35
1.50
1.55
2.45
 	 1:1(1:1)  
597	02/03
21:45	 Fiorentina
Lazio	
-0.25
+0.25
1.65
2.15
 
 	
2.25
1.75
 	
2.00
 	
1.95
3.35
4.00
1.23
1.33
1.80
1.5
1.0
2.00
2.05
1.75
1.70
 	 0:1(0:1)  
598	02/03
21:45	 AC Milan
Juventus	
+0.25
-0.25
2.05
1.75
 
 	
2.5
1.87
1.87
3.65
3.35
2.05
1.73
1.33
1.26
1.0
1.5
1.87
1.90
1.87
1.85
 	 0:2(0:1)  
632	08/03
19:00	 Udinese
AC Milan	
+0.25
-0.25
1.75
2.07
 
 	
2.5
1.95
1.80
2.90
3.35
2.45
1.55
1.33
1.40
1.0
1.5
1.70
2.25
2.05
1.60
 	 1:0(0:0)  
633	08/03
21:45	 Catania
Cagliari	
-0.25
+0.25
1.90
1.90
 
 	
2.25
1.95
 	
1.85
 	
2.25
3.15
3.45
1.30
1.36
1.65
1.5
1.5
2.40
3.20
1.52
1.32
 	 1:1(0:0)  
634	09/03
13:30	 Juventus
Fiorentina	
-1.25
+1.25
1.90
1.90
 
 	
2.75
1.87
 	
1.87
 	
1.37
4.75
9.00
1.05
1.19
3.05
2.5
1.0
2.40
2.65
1.52
1.44
 	 1:0(1:0)  
635	09/03
16:00	 Bologna
Sassuolo	
-0.25
+0.25
1.65
2.15
 
 	
2.25
1.85
 	
1.90
 	
1.90
3.35
4.35
1.20
1.33
1.85
1.5
1.0
2.00
2.20
1.75
1.63
 	 0:0(0:0)  
636	09/03
16:00	 Chievo
Genoa	
-0.25
+0.25
1.85
1.90
 
 	
2.0
1.75
2.00
2.20
3.15
3.57
1.30
1.36
1.67
1.5
1.0
2.25
2.10
1.60
1.67
 	 2:1(1:0)  
637	09/03
16:00	 Internazionale Milan
Torino	
-0.75
+0.75
1.80
1.95
 
 	
2.75
1.90
 	
1.90
 	
1.60
3.80
6.00
1.10
1.27
2.30
1.5
1.0
1.55
2.10
2.35
1.68
 	 1:0(1:0)  
638	09/03
16:00	 Lazio
Atalanta	
–1.0
+1.0
2.00
1.75
  	
2.25
1.80
 	
2.00
 	
1.57
3.85
6.45
1.11
1.26
2.40
1.5
1.5
1.70
4.25
2.05
1.20
 	 0:1(0:0)  
639	09/03
16:00	 Parma
Hellas Verona	
-0.75
+0.75
1.85
1.90
 
 	
2.5
1.80
1.95
1.72
3.65
5.10
1.15
1.28
2.05
1.5
1.0
1.70
2.05
2.05
1.70
 	 2:0(1:0)  
640	09/03
16:00	 Sampdoria
Livorno	
-0.75
+0.75
2.00
1.75
 
 	
2.25
1.95
 	
1.80
 	
1.75
3.40
5.30
1.14
1.30
2.00
1.5
1.0
1.95
2.65
1.80
1.44
 	 4:2(0:2)  
641	09/03
21:45	 Napoli
AS Roma	
-0.25
+0.25
2.00
1.75
 
 	
2.75
2.00
 	
1.80
 	
2.40
3.30
3.00
1.35
1.33
1.55
1.5
1.5
2.00
2.45
1.75
1.50
 	 1:0(0:0)  
612	15/03
21:45	 Hellas Verona
Internazionale Milan	
+0.25
-0.25
2.00
1.80
 
 	
2.5
1.87
1.87
3.55
3.40
2.10
1.73
1.32
1.28
1.0
1.5
1.80
1.95
1.95
1.80
 	 0:2(0:1)  
613	16/03
13:30	 Atalanta
Sampdoria	
-0.25
+0.25
1.90
1.85
 
 	
2.25
1.90
 	
1.85
 	
2.25
3.15
3.40
1.30
1.35
1.60
1.5
1.5
2.40
3.20
1.52
1.32
 	 3:0(2:0)  
614	16/03
16:00	 Cagliari
Lazio	
+0.25
-0.25
1.80
2.00
 
 	
2.0
1.75
2.00
3.10
3.10
2.45
1.55
1.37
1.37
1.5
1.5
3.05
2.55
1.35
1.47
 	 0:2(0:1)  
615	16/03
16:00	 Livorno
Bologna	
-0.25
+0.25
1.90
1.85
 
 	
2.25
1.95
 	
1.80
 	
2.25
3.20
3.35
1.30
1.35
1.60
1.5
1.5
2.40
3.20
1.52
1.32
 	 2:1(0:0)  
616	16/03
16:00	 AC Milan
Parma	
-0.25
+0.25
1.65
2.20
 
 	
2.5
1.87
1.87
1.87
3.45
4.45
1.20
1.32
1.93
1.5
1.0
1.85
2.15
1.90
1.65
 	 2:4(0:1)  
617	16/03
16:00	 Sassuolo
Catania	
-0.25
+0.25
1.90
1.85
 
 	
2.25
1.95
 	
1.80
 	
2.25
3.15
3.40
1.30
1.35
1.63
1.5
1.0
2.25
1.90
1.60
1.85
 	 3:1(0:1)  
618	16/03
21:45	 Fiorentina
Chievo	
–1.0
+1.0
1.87
1.87
  	
2.5
1.90
1.85
1.48
4.15
7.25
1.07
1.22
2.55
1.5
1.0
1.60
2.85
2.25
1.40
 	 3:1(2:0)  
619	16/03
21:45	 Genoa
Juventus	
+1.25
-1.25
1.80
1.95
 
 	
2.5
1.80
1.95
8.50
4.45
1.40
2.85
1.20
1.05
1.0
1.5
3.20
1.47
1.32
2.55
 	 0:1(0:0)  
620	17/03
20:00	 Torino
Napoli	
+0.25
-0.25
1.95
1.80
 
 	
2.5
1.85
1.90
3.55
3.35
2.10
1.70
1.32
1.27
1.0
1.5
1.80
2.00
1.95
1.75
 	 0:1(0:0)  
621	17/03
22:00	 AS Roma
Udinese	
-1.25
+1.25
1.87
1.87
 
 	
2.75
1.95
 	
1.80
 	
1.35
4.80
9.30
1.05
1.18
3.10
2.5
1.5
2.45
5.30
1.50
1.14
 	 3:2(2:0)  
609	22/03
19:00	 Torino
Livorno	
-0.75
+0.75
1.85
1.95
 
 	
2.5
2.00
1.75
1.65
3.65
5.85
1.13
1.29
2.25
1.5
1.5
1.70
4.25
2.05
1.20
 	 3:1(1:0)  
610	22/03
21:45	 Chievo
AS Roma	
+1.0
–1.0
1.80
1.95
  	
2.25
1.85
 	
1.95
 	
6.85
3.75
1.57
2.40
1.28
1.10
1.0
1.5
3.05
1.70
1.35
2.05
 	 0:2(0:2)  
611	23/03
13:30	 Parma
Genoa	
–1.0
+1.0
1.95
1.80
  	
2.5
1.95
1.80
1.57
3.85
6.50
1.11
1.26
2.40
1.5
1.5
1.67
4.25
2.12
1.20
 	 1:1(1:1)  
612	23/03
16:00	 Bologna
Cagliari	
-0.25
+0.25
1.95
1.80
 
 	
2.25
2.00
 	
1.75
 	
2.35
3.00
3.40
1.30
1.37
1.55
1.5
1.5
2.40
3.20
1.52
1.32
 	 1:0(0:0)  
613	23/03
16:00	 Internazionale Milan
Atalanta	
-1.25
+1.25
2.00
1.75
 
 	
2.5
1.90
1.85
1.45
4.20
8.00
1.06
1.23
2.70
1.5
1.0
1.55
3.20
2.35
1.32
 	 1:2(1:1)  
614	23/03
16:00	 Sampdoria
Hellas Verona	
-0.25
+0.25
1.70
2.05
 
 	
2.25
1.75
 	
2.00
 	
2.00
3.30
3.95
1.23
1.32
1.75
1.5
1.0
2.05
2.00
1.72
1.75
 	 5:0(3:0)  
615	23/03
16:00	 Udinese
Sassuolo	
–1.0
+1.0
1.95
1.80
  	
2.25
1.75
 	
2.00
 	
1.55
3.85
6.85
1.08
1.25
2.35
1.5
1.0
1.67
3.20
2.12
1.32
 	 1:0(1:0)  
616	23/03
19:30	 Napoli
Fiorentina	
-0.75
+0.75
2.00
1.75
 
 	
2.5
1.90
1.85
1.80
3.50
4.70
1.18
1.30
1.95
1.5
1.0
1.85
2.05
1.90
1.70
 	 0:1(0:0)  
617	23/03
21:45	 Catania
Juventus	
+1.25
-1.25
1.80
1.95
 
 	
2.5
1.87
1.87
8.70
4.50
1.40
2.90
1.21
1.06
1.0
1.5
3.55
1.50
1.27
2.45
 	 0:1(0:0)  
618	23/03
21:45	 Lazio
AC Milan	
0
0
1.77
1.97
  	
2.25
1.75
 	
2.00
 	
2.45
3.25
2.95
1.40
1.36
1.52
1.5
1.5
2.35
2.55
1.55
1.47
 	 1:1(0:1)  
383	25/03
21:45	 AS Roma
Torino	
-1.25
+1.25
1.90
1.90
 
 	
2.5
1.75
2.00
1.37
4.60
9.50
1.05
1.20
3.10
2.5
1.0
2.55
3.05
1.47
1.35
 	 2:1(1:0)  
384	26/03
21:45	 Atalanta
Livorno	
-0.75
+0.75
2.07
1.75
 
 	
2.5
2.00
1.75
1.78
3.50
4.90
1.18
1.31
2.03
1.5
1.0
1.80
2.35
1.95
1.55
 	 2:0(1:0)  
385	26/03
21:45	 Cagliari
Hellas Verona	
-0.25
+0.25
1.75
2.00
 
 	
2.25
1.80
 	
1.95
 	
2.05
3.30
3.75
1.25
1.33
1.70
1.5
1.0
2.00
2.10
1.75
1.68
 	 1:0(1:0)  
386	26/03
21:45	 Catania
Napoli	
+0.75
-0.75
1.90
1.90
 
 	
2.5
1.85
1.90
5.30
3.80
1.67
2.20
1.27
1.16
1.0
1.5
2.25
1.70
1.60
2.05
 	 2:4(0:4)  
387	26/03
21:45	 Chievo
Bologna	
-0.25
+0.25
1.70
2.15
 
 	
2.0
1.95
1.80
2.05
3.05
4.25
1.23
1.38
1.77
1.5
1.0
2.35
2.30
1.55
1.57
 	 3:0(1:0)  
388	26/03
21:45	 Fiorentina
AC Milan	
-0.25
+0.25
1.90
1.85
 
 	
2.5
2.00
1.75
2.25
3.25
3.30
1.30
1.33
1.60
1.5
1.0
2.20
1.80
1.63
1.95
 	 0:2(0:1)  
389	26/03
21:45	 Genoa
Lazio	
+0.25
-0.25
1.75
2.00
 
 	
2.25
2.00
 	
1.75
 	
3.10
3.15
2.40
1.55
1.35
1.35
1.5
1.5
2.95
2.45
1.37
1.50
 	 2:0(0:0)  
390	26/03
21:45	 Juventus
Parma	
-1.25
+1.25
1.90
1.90
 
 	
2.75
1.90
 	
1.90
 	
1.37
4.70
9.10
1.06
1.19
3.10
2.5
1.0
2.45
2.95
1.50
1.37
 	 2:1(2:0)  
391	26/03
21:45	 Sassuolo
Sampdoria	
0
0
1.85
1.90
  	
2.25
1.90
 	
1.85
 	
2.65
3.15
2.80
1.44
1.37
1.47
1.0
1.0
1.70
1.80
2.05
1.95
 	 1:2(1:1)  
392	27/03
21:45	 Internazionale Milan
Udinese	
-0.75
+0.75
1.80
1.95
 
 	
2.5
1.90
1.85
1.63
3.70
5.85
1.12
1.25
2.20
1.5
1.0
1.67
2.40
2.12
1.52
 	 0:0(0:0)  
612	29/03
19:00	 Bologna
Atalanta	
-0.25
+0.25
2.00
1.80
 
 	
2.0
1.75
2.00
2.37
3.10
3.25
1.34
1.37
1.57
1.5
1.5
2.55
3.05
1.47
1.35
 	 0:2(0:2)  
613	29/03
21:45	 AC Milan
Chievo	
-1.25
+1.25
1.95
1.85
 
 	
2.5
1.90
1.85
1.40
4.45
8.90
1.06
1.21
2.95
1.5
1.0
1.52
3.35
2.40
1.30
 	 3:0(2:0)  
614	30/03
13:30	 Sassuolo
AS Roma	
+1.0
–1.0
1.95
1.80
  	
2.5
1.80
1.95
7.30
4.25
1.47
2.67
1.22
1.08
1.0
1.5
2.95
1.55
1.37
2.35
 	 0:2(0:1)  
615	30/03
16:00	 Hellas Verona
Genoa	
-0.25
+0.25
1.85
1.95
 
 	
2.5
1.95
1.80
2.18
3.25
3.50
1.28
1.35
1.67
1.5
1.0
2.15
1.90
1.65
1.85
 	 3:0(1:0)  
616	30/03
16:00	 Lazio
Parma	
-0.25
+0.25
1.75
2.00
 
 	
2.25
1.87
 	
1.87
 	
2.10
3.25
3.70
1.25
1.33
1.70
1.5
1.0
2.20
2.05
1.63
1.70
 	 3:2(1:1)  
617	30/03
16:00	 Sampdoria
Fiorentina	
+0.25
-0.25
1.77
1.97
 
 	
2.25
1.85
 	
1.90
 	
3.10
3.15
2.40
1.52
1.36
1.35
1.5
1.5
2.85
2.35
1.40
1.55
 	 0:0(0:0)  
618	30/03
16:00	 Torino
Cagliari	
-0.75
+0.75
2.05
1.70
 
 	
2.25
1.90
 	
1.85
 	
1.85
3.35
4.65
1.17
1.30
1.90
1.5
1.0
1.95
2.45
1.80
1.50
 	 2:1(1:0)  
619	30/03
21:45	 Napoli
Juventus	
+0.25
-0.25
1.75
2.00
 
 	
2.5
1.90
1.85
2.85
3.30
2.50
1.50
1.34
1.40
1.5
1.5
2.55
2.30
1.47
1.57
 	 2:0(1:0)  
620	31/03
20:00	 Udinese
Catania	
-0.75
+0.75
1.95
1.80
 
 	
2.25
1.85
 	
1.90
 	
1.70
3.55
5.40
1.13
1.30
2.05
1.5
1.0
1.80
2.55
1.95
1.47
 	 1:0(0:0)  
621	31/03
22:00	 Livorno
Internazionale Milan	
+0.75
-0.75
1.67
2.12
 
 	
2.5
1.90
1.85
4.10
3.45
1.90
1.85
1.33
1.20
1.0
1.5
2.05
1.85
1.70
1.90
 	 2:2(0:2)  
594	05/04
19:00	 Chievo
Hellas Verona	
0
0
1.80
1.95
  	
2.25
2.00
 	
1.80
 	
2.60
3.05
2.95
1.40
1.38
1.50
1.5
1.5
2.55
2.85
1.47
1.40
 	 0:1(0:0)  
595	05/04
21:45	 Internazionale Milan
Bologna	
-1.25
+1.25
1.90
1.90
 
 	
2.5
1.87
1.87
1.33
4.70
11.50
1.04
1.19
3.30
1.5
1.0
1.45
3.55
2.65
1.27
 	 2:2(1:1)  
596	06/04
13:30	 Lazio
Sampdoria	
-0.75
+0.75
1.95
1.80
 
 	
2.25
1.85
 	
1.90
 	
1.72
3.45
5.40
1.13
1.30
2.05
1.5
1.0
1.80
2.55
1.95
1.47
 	 2:0(1:0)  
597	06/04
16:00	 Atalanta
Sassuolo	
-0.75
+0.75
2.00
1.75
 
 	
2.25
1.75
 	
2.00
 	
1.77
3.50
4.95
1.17
1.30
2.00
1.5
1.0
1.75
2.35
2.00
1.55
 	 0:2(0:1)  
598	06/04
16:00	 Cagliari
AS Roma	
+0.75
-0.75
2.00
1.80
 
 	
2.25
1.80
 	
2.00
 	
6.55
3.65
1.60
2.30
1.29
1.10
1.0
1.5
2.65
1.75
1.45
2.00
 	 1:3(0:1)  
599	06/04
16:00	 Catania
Torino	
0
0
1.77
1.97
  	
2.25
1.85
 	
1.90
 	
2.55
3.10
2.95
1.38
1.37
1.47
1.0
1.0
1.67
1.80
2.12
1.95
 	 1:2(1:0)  
600	06/04
16:00	 Fiorentina
Udinese	
-0.75
+0.75
1.87
1.87
 
 	
2.5
1.95
1.80
1.67
3.60
5.55
1.12
1.27
2.15
1.5
1.0
1.70
2.25
2.05
1.60
 	 2:1(1:0)  
601	06/04
21:45	 Parma
Napoli	
+0.25
-0.25
1.85
1.90
 
 	
2.5
1.90
1.85
3.15
3.30
2.30
1.60
1.32
1.35
1.0
1.5
1.80
2.15
1.95
1.65
 	 1:0(0:0)  
602	07/04
20:00	 Juventus
Livorno	
–2.0
+2.0
1.85
1.90
  	
3.0
1.87
1.87
1.15
7.25
21.00
 	
1.09
5.00
2.5
1.5
1.80
8.50
1.95
1.05
 	 2:0(2:0)  
603	07/04
22:00	 Genoa
AC Milan	
+0.25
-0.25
2.00
1.75
 
 	
2.5
1.95
1.80
3.75
3.35
2.05
1.70
1.30
1.25
1.0
1.5
2.00
2.00
1.75
1.75
 	 1:2(0:1) 
625	12/04
19:00	 Sassuolo
Cagliari	
-0.25
+0.25
2.00
1.80
 
 	
2.25
1.95
 	
1.85
 	
2.40
3.15
3.15
1.35
1.36
1.57
1.5
1.5
2.40
2.95
1.52
1.37
 	 1:1(1:0)  
626	12/04
21:45	 AS Roma
Atalanta	
–1.5
+1.5
1.95
1.80
  	
2.75
1.80
 	
2.00
 	
1.30
5.10
11.50
1.03
1.17
3.45
2.5
1.5
2.25
6.85
1.60
1.08
 	 3:1(2:0)  
627	13/04
13:30	 Bologna
Parma	
+0.25
-0.25
1.85
1.90
 
 	
2.25
1.90
 	
1.85
 	
3.25
3.20
2.30
1.57
1.33
1.30
1.5
1.5
3.05
2.30
1.35
1.57
 	 1:1(1:0)  
628	13/04
16:00	 Hellas Verona
Fiorentina	
+0.25
-0.25
1.85
1.90
 
 	
2.5
1.87
1.87
3.35
3.35
2.20
1.65
1.33
1.30
1.0
1.5
1.80
2.05
1.95
1.70
 	 3:5(1:2)  
629	13/04
16:00	 Livorno
Chievo	
0
0
1.77
1.97
  	
2.25
1.95
 	
1.85
 	
2.55
3.12
2.95
1.40
1.37
1.50
1.0
1.0
1.67
1.80
2.12
1.95
 	 2:4(2:3)  
630	13/04
16:00	 Napoli
Lazio	
-0.75
+0.75
1.80
1.95
 
 	
2.5
1.87
1.87
1.60
3.85
5.85
1.12
1.25
2.25
1.5
1.0
1.67
2.40
2.12
1.52
 	 4:2(1:1)  
631	13/04
16:00	 Sampdoria
Internazionale Milan	
+0.25
-0.25
1.85
1.90
 
 	
2.25
1.80
 	
1.95
 	
3.35
3.20
2.25
1.60
1.35
1.30
1.0
1.5
1.90
2.25
1.85
1.60
 	 0:4(0:1)  
632	13/04
16:00	 Torino
Genoa	
-0.75
+0.75
1.95
1.80
 
 	
2.5
2.00
1.75
1.72
3.45
5.55
1.14
1.31
2.10
1.5
1.0
1.75
2.35
2.00
1.55
 	 2:1(0:0)  
633	13/04
21:45	 AC Milan
Catania	
–1.5
+1.5
1.95
1.80
  	
2.75
1.90
 	
1.85
 	
1.30
5.10
10.50
1.03
1.17
3.30
2.5
1.5
2.45
5.30
1.50
1.14
 	 1:0(1:0)  
634	14/04
21:45	 Udinese
Juventus	
+1.0
–1.0
1.75
2.00
  	
2.5
1.95
1.80
6.30
3.85
1.57
2.30
1.25
1.10
1.5
1.5
4.25
1.70
1.20
2.05
 	 0:2(0:2)  
572	19/04
16:00	 Atalanta
Hellas Verona	
-0.25
+0.25
1.67
2.20
 
 	
2.75
1.95
 	
1.85
 	
1.93
3.35
4.25
1.20
1.33
1.87
1.5
1.0
1.80
1.85
1.95
1.90
 	 1:2(0:0)  
573	19/04
16:00	 Catania
Sampdoria	
-0.75
+0.75
2.15
1.70
 
 	
2.25
1.80
 	
2.00
 	
1.87
3.45
4.40
1.20
1.31
1.93
1.5
1.5
1.95
3.55
1.80
1.27
 	 2:1(1:0)  
574	19/04
16:00	 Chievo
Sassuolo	
-0.25
+0.25
1.67
2.20
 
 	
2.25
1.80
 	
2.00
 	
1.95
3.35
4.15
1.21
1.33
1.85
1.5
1.0
2.10
2.25
1.68
1.60
 	 0:1(0:1)  
575	19/04
16:00	 Genoa
Cagliari	
-0.25
+0.25
1.80
2.00
 
 	
2.25
1.95
 	
1.85
 	
2.15
3.15
3.75
1.25
1.37
1.70
1.5
1.0
2.20
2.10
1.63
1.67
 	 1:2(1:1)  
576	19/04
16:00	 Lazio
Torino	
-0.25
+0.25
1.70
2.15
 
 	
2.5
1.87
1.87
2.00
3.23
4.15
1.22
1.35
1.80
1.5
1.0
1.80
2.15
1.95
1.65
 	 3:3(1:0)  
577	19/04
16:00	 AC Milan
Livorno	
–1.5
+1.5
1.75
2.00
  	
3.0
1.87
1.87
1.25
5.90
12.00
1.01
1.13
3.75
2.5
1.0
2.05
4.00
1.70
1.22
 	 3:0(1:0)  
578	19/04
16:00	 Parma
Internazionale Milan	
0
0
1.77
1.97
  	
2.75
2.00
 	
1.80
 	
2.50
3.35
2.85
1.40
1.34
1.50
1.5
1.5
2.20
2.30
1.63
1.57
 	 0:2(0:0)  
579	19/04
16:00	 Udinese
Napoli	
+0.25
-0.25
1.90
1.90
 
 	
2.5
1.95
1.80
3.40
3.40
2.15
1.67
1.32
1.28
1.0
1.5
1.80
2.00
1.95
1.75
 	 1:1(0:1)  
580	19/04
19:30	 Juventus
Bologna	
–2.0
+2.0
1.95
1.80
  	
2.75
1.90
 	
1.85
 	
1.17
7.20
18.00
1.01
1.10
5.00
2.5
1.5
2.00
8.50
1.75
1.05
 	 1:0(0:0)  
581	19/04
22:00	 Fiorentina
AS Roma	
0
0
1.95
1.80
  	
2.5
1.80
1.95
2.75
3.30
2.50
1.47
1.30
1.40
1.5
1.5
2.20
2.20
1.60
1.60
 	 0:1(0:1)  
588	25/04
21:45	 AS Roma
AC Milan	
-0.75
+0.75
2.05
1.77
 
 	
2.75
1.90
 	
1.90
 	
1.80
3.65
4.55
1.18
1.27
2.00
1.5
1.0
1.67
1.87
2.12
1.87
 	 2:0(1:0)  
589	26/04
19:00	 Bologna
Fiorentina	
+0.25
-0.25
1.95
1.80
 
 	
2.25
1.87
 	
1.87
 	
3.55
3.25
2.15
1.65
1.33
1.27
1.0
1.5
2.10
2.00
1.68
1.75
 	 0:3(0:2)  
590	26/04
21:45	 Internazionale Milan
Napoli	
-0.25
+0.25
1.95
1.80
 
 	
2.75
1.95
 	
1.80
 	
2.30
3.35
3.10
1.33
1.33
1.57
1.5
1.5
2.00
2.35
1.75
1.55
 	 0:0(0:0)  
591	27/04
13:30	 Hellas Verona
Catania	
-0.25
+0.25
1.85
1.90
 
 	
2.75
1.80
 	
1.95
 	
2.15
3.40
3.40
1.28
1.30
1.65
1.5
1.0
1.80
1.57
1.95
2.30
 	 4:0(3:0)  
592	27/04
16:00	 Cagliari
Parma	
+0.25
-0.25
1.85
1.90
 
 	
2.25
1.80
 	
1.95
 	
3.30
3.15
2.30
1.57
1.35
1.30
1.5
1.5
2.95
2.30
1.37
1.57
 	 1:0(1:0)  
593	27/04
16:00	 Livorno
Lazio	
+0.25
-0.25
1.95
1.80
 
 	
2.75
1.87
 	
1.87
 	
3.50
3.40
2.10
1.70
1.30
1.28
1.0
1.5
1.70
1.90
2.05
1.85
 	 0:2(0:1)  
594	27/04
16:00	 Sampdoria
Chievo	
-0.25
+0.25
1.97
1.77
 
 	
2.25
1.90
 	
1.85
 	
2.40
3.15
3.10
1.35
1.36
1.55
1.5
1.5
2.40
2.85
1.52
1.40
 	 2:1(0:0)  
595	27/04
16:00	 Torino
Udinese	
-0.75
+0.75
2.12
1.67
 
 	
2.5
1.87
1.87
1.87
3.45
4.35
1.20
1.33
1.87
1.5
1.0
1.85
2.05
1.90
1.70
 	 2:0(1:0)  
596	27/04
21:45	 Atalanta
Genoa	
-0.25
+0.25
1.80
1.95
 
 	
2.5
1.95
1.80
2.10
3.25
3.70
1.25
1.35
1.70
1.5
1.0
2.05
2.00
1.70
1.75
 	 1:1(0:1)  
597	28/04
21:45	 Sassuolo
Juventus	
+1.25
-1.25
1.87
1.87
 
 	
2.75
1.95
 	
1.80
 	
9.00
4.90
1.35
3.05
1.17
1.04
1.5
2.5
6.00
2.55
1.10
1.47
 	 1:3(1:1) 
399	04/05
16:00	 Catania
AS Roma	
+1.0
–1.0
1.80
1.95
  	
3.0
1.90
1.85
5.30
4.45
1.57
2.35
1.21
1.14
1.0
2.5
2.20
2.35
1.63
1.55
 	 4:1(2:1)  
400	04/05
16:00	 Chievo
Torino	
+0.25
-0.25
1.85
1.95
 
 	
2.5
2.00
1.75
3.20
3.30
2.30
1.60
1.34
1.33
1.5
1.5
2.65
2.25
1.44
1.60
 	 0:1(0:0)  
401	04/05
16:00	 Genoa
Bologna	
0
0
1.85
1.90
  	
2.25
1.80
 	
2.00
 	
2.60
3.25
2.80
1.40
1.35
1.47
1.5
1.5
2.35
2.65
1.55
1.45
 	 0:0(0:0)  
402	04/05
16:00	 Parma
Sampdoria	
-1.25
+1.25
1.95
1.80
 
 	
2.75
1.90
 	
1.90
 	
1.42
4.45
8.30
1.07
1.21
2.80
1.5
1.0
1.45
2.25
2.65
1.60
 	 2:0(1:0)  
403	04/05
16:00	 Udinese
Livorno	
-0.75
+0.75
1.85
1.95
 
 	
2.75
1.95
 	
1.85
 	
1.65
3.95
5.20
1.14
1.25
2.20
1.5
1.0
1.60
1.95
2.25
1.80
 	 5:3(5:2)  
404	04/05
21:45	 AC Milan
Internazionale Milan	
-0.25
+0.25
2.00
1.80
 
 	
2.5
1.85
1.90
2.40
3.40
2.95
1.37
1.32
1.55
1.5
1.5
1.95
2.25
1.80
1.60
 	 1:0(0:0)  
405	05/05
20:00	 Lazio
Hellas Verona	
–1.0
+1.0
2.00
1.75
  	
3.0
1.87
1.87
1.60
4.20
5.30
1.13
1.25
2.30
1.5
1.0
1.50
2.00
2.45
1.75
 	 3:3(1:1)  
406	05/05
22:00	 Juventus
Atalanta	
-1.75
+1.75
1.90
1.90
 
 	
3.0
1.90
1.85
1.20
6.55
15.00
1.01
1.11
4.25
2.5
1.0
2.00
4.00
1.75
1.22
 	 1:0(0:0)  
407	06/05
20:00	 Fiorentina
Sassuolo	
–1.0
+1.0
1.90
1.85
  	
2.75
1.80
 	
1.95
 	
1.52
4.40
6.00
1.10
1.22
2.45
1.5
1.0
1.47
2.30
2.55
1.57
 	 3:4(0:3)  
408	06/05
22:00	 Napoli
Cagliari	
-1.25
+1.25
1.80
1.95
 
 	
2.75
1.75
 	
2.00
 	
1.33
5.00
9.50
1.04
1.17
3.20
2.5
1.5
2.35
4.95
1.55
1.15
 	 3:0(2:0)  
509	10/05
19:00	 Hellas Verona
Udinese	
-0.25
+0.25
1.67
2.20
 
 	
2.75
1.80
 	
2.00
 	
1.95
3.77
3.65
1.27
1.28
1.80
1.5
1.5
1.65
2.30
2.15
1.57
 	 2:2(1:0)  
510	10/05
21:45	 Internazionale Milan
Lazio	
-0.75
+0.75
1.80
1.95
 
 	
2.75
2.00
 	
1.80
 	
1.65
4.15
4.90
1.15
1.24
2.17
1.5
1.5
1.65
3.40
2.15
1.30
 	 4:1(3:1)  
511	11/05
13:30	 Atalanta
AC Milan	
+1.0
–1.0
1.90
1.85
  	
2.75
1.90
 	
1.85
 	
6.85
4.40
1.47
2.60
1.22
1.08
1.5
1.5
3.55
1.47
1.27
2.55
 	 2:1(0:0)  
512	11/05
16:00	 Bologna
Catania	
-0.25
+0.25
1.67
2.12
 
 	
2.5
1.87
1.87
1.95
3.45
4.05
1.20
1.30
1.80
1.5
1.5
1.95
3.05
1.80
1.35
 	 1:2(0:1)  
513	11/05
16:00	 Cagliari
Chievo	
+0.25
-0.25
2.10
1.70
 
 	
2.25
1.80
 	
1.95
 	
4.00
3.20
2.05
1.70
1.36
1.22
1.5
1.5
3.15
2.10
1.33
1.68
 	 0:1(0:0)  
514	11/05
16:00	 Livorno
Fiorentina	
+0.75
-0.75
1.90
1.90
 
 	
3.0
1.90
1.85
4.75
3.95
1.70
2.10
1.25
1.16
1.5
1.5
2.75
1.57
1.42
2.30
 	 0:1(0:0)  
515	11/05
16:00	 Sampdoria
Napoli	
+0.25
-0.25
2.05
1.70
 
 	
2.75
1.90
 	
1.85
 	
3.50
3.50
2.05
1.70
1.27
1.27
1.5
1.5
2.60
1.80
1.45
1.95
 	 2:5(1:3)  
516	11/05
16:00	 Sassuolo
Genoa	
–1.0
+1.0
1.85
1.90
  	
2.75
1.80
 	
2.00
 	
1.48
4.30
6.85
1.08
1.22
2.60
1.5
1.5
1.50
3.75
2.45
1.25
 	 4:2(1:1)  
517	11/05
16:00	 Torino
Parma	
-0.25
+0.25
1.87
1.87
 
 	
2.75
1.87
 	
1.87
 	
2.15
3.45
3.30
1.30
1.28
1.65
2.15
3.45
3.30
1.30
1.28
1.65 
 	 1:1(1:0)  
518	11/05
18:45	 AS Roma
Juventus	
-0.25
+0.25
1.95
1.85
 
 	
2.5
1.75
2.00
2.30
3.40
3.10
1.35
1.30
1.60
1.5
1.5
2.05
2.35
1.70
1.55
 	 0:1(0:0) 
425	17/05
21:45	 Udinese
Sampdoria	
-0.75
+0.75
2.15
1.67
 
 	
3.0
1.95
1.80
1.95
3.55
3.95
1.23
1.25
1.85
1.5
1.5
1.60
2.55
2.25
1.47
 	 3:3(2:1)  
426	18/05
16:00	 Catania
Atalanta	
-0.25
+0.25
1.80
1.95
 
 	
2.75
1.75
 	
2.00
 	
2.10
3.55
3.40
1.30
1.27
1.70
1.5
1.5
1.75
2.35
2.00
1.55
 	 2:1(0:0)  
427	18/05
16:00	 Genoa
AS Roma	
+0.75
-0.75
1.85
1.90
 
 	
3.0
1.95
1.80
4.85
3.85
1.70
2.05
1.25
1.16
1.5
1.5
2.75
1.57
1.42
2.30
 	 1:0(0:0)  
428	18/05
16:00	 Juventus
Cagliari	
-1.75
+1.75
1.87
1.87
 
 	
3.0
1.80
1.95
1.20
6.50
14.00
1.01
1.11
4.25
2.5
1.5
1.95
5.55
1.80
1.12
 	 3:0(3:0)  
429	18/05
21:45	 Chievo
Internazionale Milan	
+0.25
-0.25
2.25
1.60
 
 	
2.75
1.95
 	
1.80
 	
4.25
3.40
1.90
1.85
1.30
1.20
1.5
1.5
2.95
1.70
1.37
2.05
 	 2:1(0:1)  
430	18/05
21:45	 1Fiorentina
Torino	
+0.25
-0.25
2.15
1.65
 
 	
3.0
1.85
1.90
3.55
3.95
1.90
1.85
1.25
1.27
1.5
1.5
2.30
1.67
1.57
2.12
 	 2:2(0:0)  
431	18/05
21:45	 Lazio
Bologna	
–1.0
+1.0
1.87
1.87
  	
3.0
1.90
1.85
1.50
4.45
6.10
1.10
1.20
2.50
1.5
1.5
1.47
3.55
2.55
1.27
 	 1:0(0:0)  
432	18/05
21:45	 AC Milan
Sassuolo	
-1.75
+1.75
2.00
1.75
 
 	
3.25
1.75
 	
2.00
 	
1.27
6.00
10.00
1.03
1.13
3.50
2.5
1.5
1.87
4.00
1.87
1.22
 	 2:1(2:0)  
433	18/05
21:45	 Napoli
Hellas Verona	
–1.0
+1.0
1.87
1.87
  	
3.5
1.90
1.85
1.50
4.50
6.10
1.10
1.17
2.50
2.5
1.5
2.05
2.75
1.70
1.42
 	 5:1(3:0)  
434	18/05
21:45	 Parma
Livorno	
-1.75
+1.75
1.85
1.90
 
 	
3.25
1.90
 	
1.85
 	
1.20
6.85
13.00
1.01
1.11
4.25
2.5
1.5
1.80
5.00
1.95
1.14
 	 2:0(0:0)