376	05/11
17:00	 Kilmarnock
Inverness Caledonian Thistle	
0
0
1.45
2.55
  	
2.5
1.90
1.80
1.95
3.25
3.60
1.21
1.25
1.76
1.5
0.5
2.00
1.45
1.70
2.55
 	 3:6(1:1)  
377	05/11
17:00	 Saint Mirren
Hearts	
0
0
2.03
1.70
  	
2.25
2.00
 	
1.72
 	
2.80
3.15
2.35
1.47
1.27
1.34
1.5
1.5
2.75
2.40
1.40
1.50
 	 0:0(0:0)  
378	05/11
17:00	 Rangers
Dundee United	
–1.5
+1.5
1.85
1.85
2.75
1.75
 	
1.96
 	
1.22
5.50
10.20
1.01
1.08
3.70
 
 	 3:1(1:0)  
379	05/11
17:00	 Hibernian
Dunfermline Athletic	
-0.75
+0.75
1.90
1.80
 
 	
2.75
1.95
 	
1.76
 	
1.65
3.60
4.65
1.12
1.21
2.11
1.5
0.5
1.60
1.55
2.20
2.30
 	 0:1(0:1)  
380	06/11
14:00	 Motherwell
Celtic	
+1.0
–1.0
1.80
1.90
 	
2.5
1.80
1.90
6.10
3.90
1.47
2.55
1.18
1.06
 
 	 1:2(1:1) 
365	19/11
14:30	 Inverness Caledonian Thistle
Celtic	
+1.25
-1.25
1.75
1.96
 
 	
3.0
1.95
 	
1.76
 	
6.90
4.30
1.39
2.80
1.15
1.04
 
 	 0:2(0:0)  
366	19/11
17:00	 Dundee United
Hearts	
0
0
1.70
2.03
  	
2.25
1.80
 	
1.90
 	
2.40
3.10
2.80
1.34
1.28
1.45
1.5
1.5
2.30
2.55
1.55
1.45
 	 1:0(1:0)  
367	19/11
17:00	 Aberdeen
Motherwell	
0
0
1.75
1.96
  	
2.25
1.85
 	
1.85
 	
2.45
3.15
2.70
1.36
1.27
1.44
1.5
1.5
2.40
2.55
1.50
1.45
 	 1:2(1:1)  
368	19/11
17:00	 Hibernian
Kilmarnock	
0
0
1.70
2.03
  	
2.5
1.90
 	
1.80
 	
2.35
3.20
2.75
1.35
1.26
1.47
1.5
1.5
2.30
2.55
1.55
1.45
 	 1:1(0:1)  
369	19/11
17:00	 Rangers
Saint Johnstone	
–1.5
+1.5
2.03
1.70
2.75
1.95
 	
1.76
 	
1.26
4.80
10.10
1.01
1.12
3.40
 
 	 0:0(0:0)  
370	19/11
17:00	 Saint Mirren
Dunfermline Athletic	
-0.75
+0.75
1.85
1.85
 
 	
2.5
1.90
1.80
1.65
3.45
4.90
1.11
1.23
2.11
1.5
0.5
1.70
1.50
2.00
2.40
 	 2:1(2:0)  
337	26/11
17:00	 Motherwell
Dundee United	
0
0
1.55
2.30
  	
2.5
1.80
1.90
2.10
3.25
3.15
1.27
1.25
1.65
1.5
0.5
2.00
1.37
1.70
2.85
 	 0:0(0:0)  
338	26/11
17:00	 Saint Johnstone
Hibernian	
0
0
1.45
2.55
  	
2.25
1.90
 	
1.80
 	
2.00
3.20
3.50
1.22
1.26
1.68
1.5
0.5
2.10
1.45
1.65
2.55
 	 3:1(2:1)  
339	26/11
17:00	 Dunfermline Athletic
Aberdeen	
0
0
2.40
1.50
  	
2.5
1.90
1.80
3.35
3.20
2.05
1.68
1.26
1.24
1.5
1.5
2.90
2.10
1.35
1.65
 	 3:3(0:1)  
340	26/11
17:00	 Celtic
Saint Mirren	
–1.5
+1.5
1.90
1.80
2.75
1.80
 	
1.90
 	
1.23
5.20
10.90
1.01
1.10
3.65
 
 	 5:0(2:0)  
341	26/11
17:00	 Hearts
Inverness Caledonian Thistle	
–1.0
+1.0
2.55
1.45
  	
2.25
1.85
 	
1.85
 	
1.80
3.25
4.25
1.15
1.25
1.90
1.5
0.5
1.90
1.45
1.80
2.55
 	 2:1(0:0)  
342	27/11
14:45	 Kilmarnock
Rangers	
+1.0
–1.0
1.90
1.80
 	
2.5
1.75
1.96
6.70
4.00
1.43
2.65
1.17
1.05
 
 	 1:0(0:0)
305	03/12
17:00	 Kilmarnock
Aberdeen	
0
0
1.55
2.30
  	
2.5
1.95
1.76
2.10
3.25
3.15
1.27
1.25
1.65
1.5
1.5
2.15
2.90
1.63
1.35
 	 2:0(1:0)  
306	03/12
17:00	 Rangers
Dunfermline Athletic	
-2.25
+2.25
1.90
1.80
 
 	
3.0
1.72
2.00
1.11
7.00
19.00
1.01
1.04
5.10
 
 	 2:1(2:1)  
308	03/12
17:00	 Saint Mirren
Inverness Caledonian Thistle	
0
0
1.50
2.40
  	
2.5
2.03
1.70
2.05
3.25
3.30
1.25
1.25
1.68
 
 	 1:2(1:1)  
309	04/12
14:45	 Dundee United
Celtic	
+0.75
-0.75
1.95
1.76
 
 	
2.75
1.90
 	
1.80
 	
5.70
3.60
1.55
2.35
1.21
1.08
 
 	 0:1(0:1)  
352	10/12
14:30	 Hibernian
Rangers	
+1.25
-1.25
1.70
2.03
 
 	
2.5
1.85
 	
1.85
 	
7.30
4.10
1.39
2.80
1.16
1.03
 
 	 0:2(0:0)  
353	10/12
17:00	 Dunfermline Athletic
Kilmarnock	
0
0
2.30
1.55
  	
2.5
1.90
1.80
3.05
3.25
2.15
1.62
1.25
1.29
1.5
1.5
2.90
2.20
1.35
1.60
 	 cancelled  
354	10/12
17:00	 Aberdeen
Saint Mirren	
–1.0
+1.0
2.80
1.38
  	
2.25
1.90
 	
1.80
 	
1.95
3.20
3.65
1.20
1.26
1.76
1.5
0.5
2.10
1.40
1.65
2.70
 	 2:2(2:1)  
355	10/12
17:00	 Celtic
Hearts	
-1.25
+1.25
1.90
1.80
 
 	
2.5
1.85
1.85
1.29
4.70
8.80
1.01
1.12
3.25
 
 	 1:0(0:0)  
356	10/12
17:00	 Inverness Caledonian Thistle
Dundee United	
0
0
1.80
1.90
  	
2.5
1.95
 	
1.76
 	
2.50
3.20
2.60
1.39
1.26
1.42
1.5
1.5
2.55
2.40
1.45
1.50
 	 2:3(1:0)  
357	10/12
17:00	 Saint Johnstone
Motherwell	
0
0
1.72
2.00
  	
2.25
2.00
 	
1.72
 	
2.45
3.15
2.70
1.36
1.27
1.44
1.5
1.5
2.40
2.55
1.50
1.45
 	 0:3(0:2)  
317	17/12
14:30	 Aberdeen
Hibernian	
0
0
1.45
2.55
  	
2.25
1.80
 	
1.90
 	
2.00
3.25
3.45
1.23
1.25
1.72
1.5
0.5
2.10
1.40
1.65
2.70
 	 1:0(0:0)  
318	17/12
17:00	 Rangers
Inverness Caledonian Thistle	
-1.75
+1.75
1.95
1.76
 
 	
2.75
1.75
 	
1.96
 	
1.17
5.90
13.70
1.01
1.07
4.20
 
 	 2:1(0:0)  
319	17/12
17:00	 Kilmarnock
Dundee United	
0
0
1.75
1.96
  	
2.5
2.00
1.72
2.35
3.25
2.75
1.35
1.25
1.47
1.5
1.5
2.30
2.55
1.55
1.45
 	 1:1(0:0)  
320	17/12
17:00	 Hearts
Dunfermline Athletic	
–1.0
+1.0
1.75
1.96
  	
2.25
1.70
 	
2.03
 	
1.45
3.80
6.80
1.04
1.19
2.60
1.5
0.5
1.60
1.60
2.20
2.20
 	 4:0(2:0)  
321	17/12
17:00	 Motherwell
Saint Mirren	
–1.0
+1.0
2.55
1.45
  	
2.25
1.85
 	
1.85
 	
1.85
3.25
4.00
1.17
1.25
1.85
1.5
0.5
1.90
1.45
1.80
2.55
 	 1:1(0:0)  
322	18/12
17:00	 Saint Johnstone
Celtic	
+1.0
–1.0
1.90
1.80
 	
2.5
1.85
1.85
6.80
3.90
1.44
2.65
1.18
1.04
 
 	 0:2(0:0)
74	24/12
14:30	 Inverness Caledonian Thistle
Aberdeen	
0
0
1.75
1.96
  	
2.5
1.95
1.76
2.40
3.15
2.75
1.35
1.27
1.45
1.5
1.5
2.30
2.55
1.55
1.45
 	 2:1(0:0)  
75	24/12
14:45	 Saint Mirren
Rangers	
+1.25
-1.25
1.75
1.96
 
 	
2.5
1.90
1.80
7.50
4.20
1.37
2.85
1.15
1.03
0.5
2.0
1.70
1.85
2.00
1.85
 	 2:1(2:1)  
76	24/12
15:00	 Hearts
Motherwell	
0
0
1.55
2.30
  	
2.25
1.85
 	
1.85
 	
2.15
3.20
3.10
1.28
1.26
1.62
1.5
0.5
2.20
1.40
1.60
2.70
 	 2:0(2:0)  
77	24/12
15:30	 Dunfermline Athletic
Saint Johnstone	
0
0
2.10
1.65
  	
2.5
1.85
1.85
3.00
3.20
2.20
1.60
1.26
1.30
 
 	 0:3(0:1)  
78	24/12
15:30	 Celtic
Kilmarnock	
-1.75
+1.75
1.85
1.85
 
 	
3.0
1.90
1.80
1.17
5.90
13.60
1.01
1.07
4.20
2.0
0.5
1.50
2.00
2.40
1.70
 	 2:1(1:0)  
79	24/12
15:30	 Dundee United
Hibernian	
-0.75
+0.75
1.85
1.85
 
 	
2.25
1.75
 	
1.96
 	
1.65
3.30
5.25
1.09
1.25
2.11
 
 	 3:1(0:1)  
92	28/12
21:45	 Aberdeen
Hearts	
+0.25
-0.25
1.80
1.95
 
 	
2.0
1.75
2.00
3.20
3.10
2.30
1.60
1.35
1.32
1.0
1.0
1.95
1.75
1.80
2.00
 	 0:0(0:0)  
93	28/12
21:45	 Celtic
Rangers	
-0.25
+0.25
1.80
1.95
 
 	
2.25
1.87
 	
1.87
 	
2.10
3.20
3.70
1.27
1.35
1.72
1.5
1.0
2.20
2.15
1.62
1.67
 	 1:0(0:0)  
94	28/12
21:45	 Hibernian
Inverness Caledonian Thistle	
-0.25
+0.25
2.05
1.72
 
 	
2.5
1.95
1.80
2.40
3.30
2.85
1.40
1.30
1.53
1.5
1.0
2.30
1.72
1.58
2.05
 	 1:1(1:1)  
95	28/12
21:45	 Motherwell
Dunfermline Athletic	
-1.25
+1.25
1.95
1.80
 
 	
2.75
1.95
 	
1.80
 	
1.42
4.50
7.00
1.08
1.18
2.75
2.0
1.0
2.10
2.65
1.70
1.45
 	 cancelled  
96	28/12
21:45	 Saint Johnstone
Kilmarnock	
-0.25
+0.25
1.80
1.95
 
 	
2.25
1.90
 	
1.85
 	
2.10
3.20
3.50
1.28
1.32
1.70
1.0
1.0
1.70
1.90
2.10
1.85
 	 2:0(2:0)  
97	28/12
21:45	 Saint Mirren
Dundee United	
0
0
2.00
1.75
  	
2.25
1.85
 	
1.90
 	
2.80
3.25
2.50
1.50
1.32
1.42
1.0
1.0
1.72
1.62
2.05
2.20
 	 2:2(2:2) 
104	02/01
14:15	 Hibernian
Hearts	
+0.25
-0.25
1.85
1.85
 
 	
2.0
1.80
1.90
3.55
3.15
2.10
1.67
1.31
1.26
 	 1:3(0:0)  
105	02/01
16:00	 Inverness Caledonian Thistle
Saint Johnstone	
0
0
1.76
1.95
  	
2.25
1.76
 	
1.95
 	
2.50
3.10
2.75
1.40
1.32
1.47
 	 cancelled  
106	02/01
17:00	 Dundee United
Aberdeen	
-0.25
+0.25
1.75
1.95
 
 	
2.25
1.80
 	
1.90
 	
2.05
3.15
3.55
1.25
1.31
1.68
 	 1:2(1:0)  
107	02/01
17:00	 Dunfermline Athletic
Celtic	
+2.0
–2.0
1.75
1.95
  	
3.0
1.80
1.90
11.00
5.70
1.22
3.80
1.10
1.02
 	 0:3(0:2)  
108	02/01
17:00	 Kilmarnock
Saint Mirren	
-0.25
+0.25
1.90
1.80
 
 	
2.25
1.76
 	
1.95
 	
2.25
3.15
3.20
1.30
1.31
1.57
 	 2:1(1:1)  
109	02/01
17:00	 Rangers
Motherwell	
–1.0
+1.0
1.80
1.90
  	
2.5
1.85
1.85
1.45
4.10
6.40
1.08
1.19
2.55
 	 3:0(1:0)  
275	14/01
14:30	 Saint Johnstone
Rangers	
+0.75
-0.75
1.85
1.85
 
 	
2.25
1.75
 	
1.96
 	
5.50
3.50
1.58
2.30
1.22
1.08
 
 	 1:2(0:1)  
276	14/01
17:00	 Motherwell
Inverness Caledonian Thistle	
0
0
1.45
2.55
  	
2.5
1.90
1.80
1.95
3.25
3.60
1.21
1.25
1.76
1.5
0.5
2.00
1.40
1.70
2.70
 	 0:1(0:0)  
277	14/01
17:00	 Hearts
Saint Mirren	
–1.0
+1.0
2.30
1.55
  	
2.25
1.95
 	
1.76
 	
1.70
3.30
4.80
1.12
1.25
2.03
1.5
0.5
1.80
1.55
1.90
2.30
 	 5:2(2:2)  
278	14/01
17:00	 Dunfermline Athletic
Hibernian	
0
0
2.03
1.70
  	
2.5
1.85
1.85
2.85
3.20
2.30
1.49
1.26
1.33
1.5
1.5
2.70
2.30
1.40
1.55
 	 2:3(1:1)  
279	14/01
17:00	 Celtic
Dundee United	
–1.5
+1.5
1.90
1.80
3.0
1.95
 	
1.76
 	
1.22
5.30
11.00
1.01
1.09
3.70
 
 	 2:1(2:0)  
280	14/01
17:00	 Aberdeen
Kilmarnock	
0
0
1.50
2.40
  	
2.25
1.85
 	
1.85
 	
2.05
3.20
3.35
1.24
1.26
1.68
1.5
0.5
2.10
1.40
1.65
2.70
 	 0:0(0:0) 
307	21/01
14:30	 Saint Mirren
Celtic	
+1.0
–1.0
2.00
1.72
  	
2.5
1.90
1.80
7.50
4.20
1.37
2.85
1.15
1.03
 
 	 0:2(0:0)  
308	21/01
17:00	 Inverness Caledonian Thistle
Hearts	
0
0
2.10
1.65
  	
2.25
1.80
 	
1.90
 	
2.90
3.20
2.25
1.51
1.26
1.32
1.5
1.5
2.70
2.30
1.40
1.55
 	 1:0(0:0)  
309	21/01
17:00	 Kilmarnock
Dunfermline Athletic	
–1.0
+1.0
1.90
1.80
  	
2.75
1.85
 	
1.85
 	
1.49
3.90
5.80
1.07
1.18
2.50
 
 	 0:3(0:1)  
310	21/01
17:00	 Rangers
Aberdeen	
–1.5
+1.5
1.95
1.76
2.5
1.75
1.96
1.27
4.70
10.10
1.01
1.12
3.35
 
 	 1:1(0:0)  
311	21/01
17:00	 Hibernian
Saint Johnstone	
0
0
1.90
1.80
  	
2.25
1.85
 	
1.85
 	
2.60
3.20
2.50
1.42
1.26
1.39
1.5
1.5
2.55
2.50
1.45
1.47
 	 2:3(0:1)  
312	21/01
17:00	 Dundee United
Motherwell	
0
0
1.50
2.40
  	
2.5
1.90
1.80
2.05
3.25
3.30
1.25
1.25
1.68
1.5
0.5
2.00
1.40
1.70
2.70
 	 1:1(1:0)  
294	28/01
17:00	 Aberdeen
Dunfermline Athletic	
–1.0
+1.0
1.95
1.76
  	
2.75
1.90
 	
1.80
 	
1.52
3.80
5.60
1.08
1.19
2.45
 
 	 1:0(1:0)  
295	28/01
17:00	 Inverness Caledonian Thistle
Saint Mirren	
0
0
1.50
2.40
  	
2.5
1.95
1.76
2.10
3.20
3.20
1.26
1.26
1.65
1.5
1.5
2.00
2.70
1.70
1.40
 	 0:0(0:0)  
297	28/01
17:00	 Rangers
Hibernian	
–1.5
+1.5
1.72
2.00
2.75
1.90
 	
1.80
 	
1.21
5.50
11.00
1.01
1.08
3.80
 
 	 4:0(1:0) 
 281	11/02
14:00	 Dunfermline Athletic
Rangers	
+1.5
–1.5
1.85
1.85
2.75
1.90
 	
1.80
 	
9.80
4.80
1.27
3.35
1.12
1.01
 
 	 1:4(1:2)  
282	11/02
17:00	 Celtic
Inverness Caledonian Thistle	
-1.75
+1.75
1.95
1.76
 
 	
2.5
1.70
 	
2.03
 	
1.17
5.80
13.60
1.01
1.07
4.20
 
 	 1:0(1:0)  
283	11/02
17:00	 Hibernian
Aberdeen	
0
0
1.75
1.96
  	
2.25
1.80
 	
1.90
 	
2.45
3.15
2.70
1.36
1.27
1.44
1.5
1.5
2.40
2.55
1.50
1.45
 	 0:0(0:0)  
284	11/02
17:00	 Kilmarnock
Hearts	
0
0
1.95
1.76
  	
2.25
1.95
 	
1.76
 	
2.60
3.10
2.55
1.40
1.28
1.39
1.5
1.5
2.70
2.55
1.40
1.45
 	 1:1(0:0)  
285	11/02
17:00	 Saint Johnstone
Dundee United	
0
0
1.90
1.80
  	
2.5
2.00
1.72
2.60
3.20
2.50
1.42
1.26
1.39
1.5
1.5
2.55
2.40
1.45
1.50
 	 1:5(0:1)  
286	11/02
17:00	 Saint Mirren
Motherwell	
0
0
1.75
1.96
  	
2.25
1.90
 	
1.80
 	
2.50
3.10
2.65
1.37
1.28
1.42
1.5
1.5
2.40
2.55
1.50
1.45
 	 0:0(0:0)  
246	18/02
17:00	 Dunfermline Athletic
Inverness Caledonian Thistle	
0
0
2.55
1.45
  	
2.5
1.90
1.80
3.60
3.25
1.95
1.76
1.25
1.21
0.5
1.5
1.40
2.00
2.70
1.70
 	 1:1(1:0)  
247	18/02
17:00	 Dundee United
Saint Mirren	
-0.75
+0.75
1.95
1.76
 
 	
2.5
1.90
1.80
1.70
3.30
4.80
1.12
1.25
2.03
1.5
0.5
1.75
1.50
1.95
2.40
 	 0:0(0:0)  
248	18/02
17:00	 Rangers
Kilmarnock	
-1.25
+1.25
1.80
1.90
 
 	
2.75
1.90
 	
1.80
 	
1.30
4.60
8.70
1.01
1.13
3.20
 
 	 0:1(0:1)  
249	18/02
17:00	 Motherwell
Hearts	
0
0
1.72
2.00
  	
2.25
1.95
 	
1.76
 	
2.40
3.20
2.70
1.36
1.26
1.45
1.5
1.5
2.40
2.55
1.50
1.45
 	 3:0(2:0)  
250	19/02
14:45	 Aberdeen
Saint Johnstone	
0
0
1.55
2.30
  	
2.25
2.10
 	
1.66
 	
2.15
3.10
3.20
1.26
1.28
1.62
 
 	 0:0(0:0)  
251	19/02
17:00	 Hibernian
Celtic	
+1.5
–1.5
1.75
1.96
2.75
1.90
 	
1.80
 	
9.30
4.50
1.30
3.20
1.13
1.01
 
 	 0:5(0:2)  
255	25/02
14:00	 Saint Mirren
Aberdeen	
0
0
1.70
2.03
  	
2.0
1.70
 	
2.03
 	
2.35
3.10
2.85
1.33
1.28
1.47
1.5
1.5
2.30
2.55
1.55
1.45
 	 1:1(0:0)  
256	25/02
17:00	 Hearts
Dundee United	
0
0
1.75
1.96
  	
2.25
1.80
 	
1.90
 	
2.40
3.15
2.75
1.35
1.27
1.45
1.5
1.5
2.30
2.55
1.55
1.45
 	 0:2(0:1)  
257	25/02
17:00	 Saint Johnstone
Dunfermline Athletic	
-0.75
+0.75
1.75
1.96
 
 	
2.5
1.95
1.76
1.55
3.70
5.40
1.09
1.20
2.35
1.5
0.5
1.60
1.55
2.20
2.30
 	 3:1(2:0)  
258	25/02
17:00	 Kilmarnock
Hibernian	
0
0
1.70
2.03
  	
2.5
1.90
1.80
2.30
3.20
2.85
1.33
1.26
1.49
1.5
0.5
2.20
1.45
1.60
2.55
 	 1:3(0:1)  
259	25/02
17:00	 Celtic
Motherwell	
–1.5
+1.5
1.95
1.76
2.75
1.90
 	
1.80
 	
1.26
4.90
9.70
1.01
1.11
3.40
 
 	 1:0(0:0) 
317	03/03
14:00	 Aberdeen
Celtic	
+0.75
-0.75
2.03
1.70
 
 	
2.5
2.10
1.66
6.40
3.60
1.50
2.50
1.21
1.05
0.5
1.5
1.55
1.60
2.30
2.20
 	 1:1(1:1)  
318	03/03
17:00	 Dunfermline Athletic
Motherwell	
+0.75
-0.75
1.75
1.96
 
 	
2.25
1.75
 	
1.96
 	
4.60
3.40
1.70
2.03
1.23
1.13
0.5
1.5
1.45
1.80
2.55
1.90
 	 0:2(0:0)  
319	03/03
17:00	 Rangers
Hearts	
-0.75
+0.75
1.80
1.90
 
 	
2.5
1.90
1.80
1.60
3.55
5.20
1.10
1.21
2.20
1.5
0.5
1.65
1.55
2.10
2.30
 	 1:2(1:0)  
320	03/03
17:00	 Hibernian
Saint Mirren	
0
0
1.45
2.55
  	
2.25
1.85
 	
1.85
 	
2.05
3.25
3.30
1.25
1.25
1.68
1.5
0.5
2.10
1.40
1.65
2.70
 	 0:0(0:0)  
321	03/03
17:00	 Kilmarnock
Saint Johnstone	
0
0
1.90
1.80
  	
2.25
1.85
 	
1.85
 	
2.60
3.15
2.50
1.42
1.27
1.39
1.5
1.5
2.50
2.40
1.47
1.50
 	 0:0(0:0) 
288	17/03
14:45	 Dundee United
Rangers	
0
0
2.20
1.60
2.5
1.85
1.85
2.90
3.25
2.25
1.51
1.25
1.32
1.5
1.5
2.40
2.10
1.50
1.65
 	 2:1(1:0)  
290	17/03
17:00	 Saint Mirren
Saint Johnstone	
0
0
1.75
1.96
2.25
2.05
 	
1.68
 	
2.45
3.10
2.70
1.36
1.28
1.44
1.5
1.5
2.55
2.70
1.45
1.40
 	 0:3(0:1)  
291	18/03
14:00	 Hearts
Hibernian	
0
0
1.35
2.90
2.5
1.95
 	
1.76
 	
1.80
3.30
4.15
1.16
1.25
1.90
 
 	 2:0(1:0) 
333	24/03
17:00	 Kilmarnock
Motherwell	
0
0
2.40
1.50
2.25
1.85
 	
1.85
 	
3.15
3.25
2.10
1.65
1.25
1.27
1.5
1.5
2.80
2.20
1.38
1.60
 	 2:0(0:0)  
334	24/03
17:00	 Dunfermline Athletic
Saint Mirren	
0
0
2.30
1.55
2.5
2.03
1.70
3.05
3.25
2.15
1.62
1.25
1.29
1.5
1.5
2.90
2.20
1.35
1.60
 	 1:1(0:1)  
335	24/03
17:00	 Saint Johnstone
Hearts	
0
0
1.65
2.11
2.0
1.75
 	
1.96
 	
2.35
3.15
2.80
1.34
1.27
1.47
1.5
1.5
2.30
2.55
1.55
1.45
 	 2:1(1:1)  
336	24/03
17:00	 Hibernian
Dundee United	
0
0
2.40
1.50
2.5
1.85
1.85
3.30
3.25
2.05
1.68
1.25
1.25
0.5
1.5
1.37
2.10
2.85
1.65
 	 0:2(0:0)  
337	24/03
17:00	 Aberdeen
Inverness Caledonian Thistle	
0
0
1.50
2.40
2.25
1.90
 	
1.80
 	
2.10
3.15
3.30
1.25
1.27
1.65
1.5
1.5
2.20
2.90
1.60
1.35
 	 0:1(0:1)  
338	25/03
15:00	 Rangers
Celtic	
0
0
2.55
1.45
2.5
1.90
1.80
3.60
3.25
1.95
1.76
1.25
1.21
 
 	 3:2(1:0)  
315	31/03
14:00	 Motherwell
Rangers	
0
0
2.55
1.45
  	
2.5
1.90
1.80
3.60
3.25
1.95
1.76
1.25
1.21
1.5
1.5
2.90
1.85
1.35
1.85
 	 1:2(1:1)  
316	31/03
17:00	 Dundee United
Dunfermline Athletic	
–1.5
+1.5
1.90
1.80
2.5
1.70
2.03
1.33
4.25
8.90
1.01
1.15
3.05
 
 	 3:0(0:0)  
317	31/03
17:00	 Hearts
Aberdeen	
0
0
1.40
2.70
  	
2.0
1.75
 	
1.96
 	
1.95
3.20
3.65
1.20
1.26
1.76
1.5
0.5
2.00
1.40
1.70
2.70
 	 3:0(1:0)  
318	31/03
17:00	 Saint Mirren
Kilmarnock	
0
0
1.65
2.11
  	
2.25
2.03
 	
1.70
 	
2.35
3.15
2.80
1.34
1.27
1.47
1.5
1.5
2.40
2.70
1.50
1.40
 	 4:2(1:1)  
319	01/04
14:45	 Celtic
Saint Johnstone	
-1.25
+1.25
1.80
1.90
 
 	
2.5
1.80
1.90
1.33
4.20
9.10
1.01
1.15
3.05
 
 	 2:0(0:0)  
320	01/04
17:00	 Inverness Caledonian Thistle
Hibernian	
0
0
1.50
2.40
  	
2.5
1.95
1.76
2.05
3.20
3.35
1.24
1.26
1.68
 
 	 2:3(0:0)  
315	07/04
14:00	 Kilmarnock
Celtic	
+1.25
-1.25
1.80
1.90
 
 	
2.5
1.85
1.85
7.70
3.95
1.40
2.75
1.17
1.03
0.5
1.5
1.65
1.50
2.10
2.40
 	 0:6(0:4)  
316	07/04
17:00	 Dunfermline Athletic
Hearts	
+0.25
-0.25
2.40
1.50
 
 	
2.5
1.90
1.80
4.45
3.30
1.75
1.96
1.25
1.14
0.5
1.5
1.45
1.80
2.55
1.90
 	 1:2(0:0)  
317	07/04
17:00	 Saint Johnstone
Inverness Caledonian Thistle	
-0.25
+0.25
1.80
1.90
 
 	
2.25
1.80
 	
1.90
 	
2.05
3.25
3.30
1.25
1.25
1.68
1.5
0.5
2.10
1.45
1.65
2.55
 	 0:0(0:0)  
318	07/04
17:00	 Rangers
Saint Mirren	
-1.25
+1.25
1.85
1.85
 
 	
2.5
1.75
1.96
1.35
4.40
7.70
1.03
1.14
2.95
 
 	 3:1(2:0)  
319	07/04
17:00	 Aberdeen
Dundee United	
+0.25
-0.25
2.03
1.70
 
 	
2.25
1.90
 	
1.80
 	
3.45
3.25
2.00
1.72
1.25
1.23
1.5
1.5
2.70
2.10
1.40
1.65
 	 3:1(1:1)  
320	08/04
14:30	 Hibernian
Motherwell	
+0.25
-0.25
1.72
2.00
 
 	
2.25
1.75
 	
1.96
 	
2.80
3.25
2.30
1.49
1.25
1.34
1.5
1.5
2.55
2.30
1.45
1.55
 	 1:1(1:0)
309	21/04
14:30	 Saint Johnstone
Dundee United	
+0.25
-0.25
1.75
1.96
 
 	
2.5
1.95
1.76
2.85
3.20
2.30
1.49
1.26
1.33
1.5
1.5
2.40
2.20
1.50
1.60
 	 0:2(0:1)  
310	21/04
17:00	 Hearts
Rangers	
+0.25
-0.25
1.85
1.85
 
 	
2.25
2.00
 	
1.72
 	
3.10
3.20
2.15
1.62
1.26
1.28
1.5
1.5
2.70
2.10
1.40
1.65
 	 0:3(0:2)  
311	22/04
16:00	 Motherwell
Celtic	
+0.75
-0.75
1.90
1.80
 
 	
2.5
1.95
1.76
5.45
3.45
1.60
2.20
1.23
1.09
0.5
1.5
1.50
1.60
2.40
2.20
 	 0:3(0:0)  
312	21/04
17:00	 Inverness Caledonian Thistle
Aberdeen	
-0.25
+0.25
1.95
1.76
 
 	
2.25
1.80
 	
1.90
 	
2.30
3.20
2.85
1.33
1.26
1.49
1.5
1.5
2.35
2.40
1.52
1.50
 	 0:2(0:0)  
313	21/04
17:00	 Saint Mirren
Dunfermline Athletic	
-0.75
+0.75
1.85
1.85
 
 	
2.25
1.72
 	
2.00
 	
1.65
3.30
5.30
1.09
1.25
2.11
1.5
0.5
1.70
1.55
2.00
2.30
 	 4:4(2:1)  
314	22/04
17:00	 Hibernian
Kilmarnock	
-0.25
+0.25
1.90
1.80
 
 	
2.5
1.90
1.80
2.15
3.25
3.10
1.28
1.25
1.62
1.5
1.5
2.10
2.70
1.65
1.40
 	 0:1(0:1)  
284	28/04
14:30	 Dundee United
Hearts	
-0.25
+0.25
1.60
2.19
 
 	
2.25
1.75
 	
1.96
 	
1.90
3.25
3.80
1.19
1.25
1.80
1.5
0.5
1.95
1.40
1.75
2.70
 	 2:2(1:1)  
285	28/04
17:00	 Motherwell
Saint Johnstone	
-0.25
+0.25
1.80
1.90
 
 	
2.25
1.90
 	
1.80
 	
2.10
3.25
3.15
1.27
1.25
1.65
1.5
0.5
2.00
1.45
1.72
2.55
 	 5:1(2:0)  
286	29/04
14:45	 Celtic
Rangers	
-0.75
+0.75
1.90
1.80
 
 	
2.5
1.80
1.90
1.70
3.25
4.95
1.11
1.25
2.03
1.5
0.5
1.65
1.45
2.10
2.55
 	 3:0(2:0)  
287	28/04
17:00	 Dunfermline Athletic
Aberdeen	
+0.25
-0.25
1.90
1.80
 
 	
2.5
1.90
1.80
3.15
3.25
2.10
1.65
1.25
1.27
1.5
1.5
2.55
2.00
1.45
1.70
 	 3:0(0:0)  
288	28/04
17:00	 Kilmarnock
Inverness Caledonian Thistle	
-0.25
+0.25
2.00
1.72
 
 	
2.25
1.80
 	
1.90
 	
2.30
3.10
2.95
1.31
1.28
1.49
1.5
1.5
2.20
2.70
1.60
1.40
 	 4:3(1:2)  
289	29/04
17:15	 Saint Mirren
Hibernian	
-0.25
+0.25
1.95
1.76
 
 	
2.25
1.75
 	
1.96
 	
2.30
3.20
2.85
1.33
1.26
1.49
1.5
1.5
2.20
2.55
1.60
1.45
 	 1:0(0:0) 
690	01/05
21:45	 Hearts
Motherwell	
-0.25
+0.25
1.95
1.80
 
 	
2.25
1.87
 	
1.87
 	
2.30
3.20
3.20
1.35
1.35
1.60
1.0
1.0
1.60
1.95
2.25
1.85
 	 0:1(0:1)
187	02/05
21:45	 Rangers
Dundee United	
-0.75
+0.75
1.95
1.76
 
 	
2.5
1.90
1.80
1.70
3.45
4.50
1.13
1.23
2.03
1.5
0.5
1.60
1.50
2.20
2.40
 	 5:0(3:0)  
188	03/05
21:45	 Celtic
Saint Johnstone	
–1.5
+1.5
1.85
1.85
  	
2.5
1.75
1.96
1.27
4.55
10.90
1.01
1.13
3.35
 
 	 1:0(1:0)  
189	02/05
21:45	 Aberdeen
Hibernian	
-0.25
+0.25
2.00
1.72
 
 	
2.25
1.90
 	
1.80
 	
2.30
3.20
2.85
1.33
1.26
1.49
1.5
1.5
2.20
2.55
1.60
1.45
 	 1:2(0:2)  
190	02/05
21:45	 Inverness Caledonian Thistle
Dunfermline Athletic	
–1.0
+1.0
2.40
1.50
  	
2.5
1.85
1.85
1.75
3.30
4.45
1.14
1.25
1.96
1.5
0.5
1.75
1.45
1.95
2.55
 	 0:0(0:0)  
191	02/05
21:45	 Kilmarnock
Saint Mirren	
0
0
1.72
2.00
  	
2.25
1.85
 	
1.85
 	
2.35
3.20
2.75
1.35
1.26
1.47
1.5
1.5
2.20
2.70
1.60
1.40
 	 0:2(0:2)
224	05/05
14:45	 Rangers
Motherwell	
–1.0
+1.0
1.90
1.80
  	
2.75
1.85
 	
1.85
 	
1.53
3.65
5.90
1.07
1.20
2.40
1.5
0.5
1.50
1.50
2.40
2.40
 	 0:0(0:0)  
225	06/05
14:45	 Dundee United
Celtic	
+0.25
-0.25
2.20
1.60
 
 	
2.5
1.75
1.96
3.90
3.30
1.85
1.85
1.25
1.18
1.5
1.5
2.70
1.75
1.40
1.95
 	 1:0(1:0)  
226	06/05
17:00	 Hearts
Saint Johnstone	
-0.25
+0.25
1.70
2.03
 
 	
2.25
1.85
 	
1.85
 	
2.00
3.20
3.50
1.22
1.26
1.72
1.5
0.5
2.00
1.45
1.70
2.55
 	 2:0(1:0)  
227	05/05
17:00	 Saint Mirren
Inverness Caledonian Thistle	
-0.25
+0.25
1.90
1.80
 
 	
2.25
1.75
 	
1.96
 	
2.20
3.25
2.95
1.31
1.25
1.60
1.5
1.5
2.10
2.55
1.65
1.45
 	 0:1(0:0)  
228	05/05
17:00	 Kilmarnock
Aberdeen	
0
0
1.70
2.03
  	
2.25
1.75
 	
1.96
 	
2.35
3.15
2.80
1.34
1.27
1.47
1.5
1.5
2.25
2.55
1.57
1.45
 	 1:1(0:1)  
181	13/05
14:30	 Celtic
Hearts	
-1.25
+1.25
1.75
1.96
 
 	
2.75
1.95
 	
1.76
 	
1.32
4.35
8.90
1.01
1.14
3.10
2.0
0.5
1.65
1.70
2.10
2.00
 	 5:0(3:0)  
182	13/05
14:30	 Motherwell
Dundee United	
0
0
1.75
1.96
  	
2.5
1.85
1.85
2.45
3.25
2.60
1.39
1.25
1.44
1.5
1.5
2.25
2.30
1.57
1.55
 	 0:2(0:1)  
183	13/05
14:30	 Saint Johnstone
Rangers	
+0.25
-0.25
2.30
1.55
 
 	
2.5
1.80
1.90
4.00
3.25
1.85
1.85
1.25
1.17
0.5
1.5
1.50
1.90
2.40
1.80
 	 0:4(0:1)  
184	12/05
17:00	 Aberdeen
Saint Mirren	
0
0
1.90
1.80
  	
2.25
1.80
 	
1.90
 	
2.60
3.25
2.45
1.44
1.25
1.39
1.5
1.5
2.55
2.40
1.45
1.50
 	 0:0(0:0)  
185	12/05
17:00	 Dunfermline Athletic
Kilmarnock	
+0.25
-0.25
1.85
1.85
 
 	
2.75
1.95
 	
1.76
 	
2.95
3.25
2.20
1.60
1.25
1.31
1.5
1.5
2.70
2.30
1.40
1.55
 	 1:2(1:0)  
186	12/05
17:00	 Inverness Caledonian Thistle
Hibernian	
-0.75
+0.75
1.85
1.85
 
 	
2.5
1.90
1.80
1.65
3.40
5.05
1.10
1.23
2.11
1.5
1.5
1.75
2.90
1.95
1.35
 	 2:0(0:0)  
184	23/11
21:45	 Celtic
Dunfermline Athletic	
-2.25
+2.25
1.80
1.90
 
 	
3.25
1.80
 	
1.90
 	
1.12
7.00
16.90
1.01
1.04
4.90
 	 2:1(2:0)  
125	13/12
21:45	 Saint Johnstone
Aberdeen F.C.	
0
0
1.65
2.11
2.25
2.10
 	
1.66
 	
2.30
2.95
3.10
1.28
1.31
1.49
1.5
1.5
2.20
2.90
1.60
1.35
 	 1:2(0:1)
127	24/01
21:45	 Motherwell
Dunfermline Athletic	
-0.75
+0.75
1.80
1.90
 
 	
2.5
1.70
2.03
1.57
3.70
5.20
1.10
1.20
2.35
1.5
0.5
1.65
1.55
2.11
2.30
 	 3:1(1:0)  
93	07/02
21:45	 Dunfermline Athletic
Kilmarnock	
0
0
2.40
1.50
2.5
1.90
1.80
3.30
3.25
2.05
1.68
1.25
1.25
0.5
1.5
1.40
2.10
2.70
1.66
 	 1:1(1:1)  
150	08/02
21:45	 Hearts
Celtic	
+0.75
-0.75
1.85
1.85
 
 	
2.25
1.90
 	
1.80
 	
5.00
3.40
1.65
2.11
1.23
1.10
0.5
1.5
1.55
1.70
2.30
2.00
 	 0:4(0:3)  
137	21/02
21:45	 Dundee United
Kilmarnock	
–1.0
+1.0
2.55
1.45
2.5
2.03
1.70
1.85
3.25
4.00
1.17
1.25
1.85
1.5
0.5
1.90
1.45
1.80
2.55
 	 4:0(0:0) 
133	22/02
21:45	 Motherwell
Hibernian	
–1.0
+1.0
2.30
1.55
  	
2.5
1.90
1.80
1.70
3.30
4.80
1.12
1.25
2.03
1.5
0.5
1.75
1.50
1.95
2.40
 	 4:3(0:1)  
134	22/02
21:45	 Celtic
Dunfermline Athletic	
–2.5
+2.5
2.00
1.72
3.5
1.90
 	
1.80
 	
1.09
7.80
18.90
 	
1.02
5.55
 
 	 2:0(1:0)
158	26/02
14:45	 Inverness CT
Rangers FC	
+1.0
–1.0
1.45
2.55
2.5
1.95
1.76
3.75
3.25
1.90
1.80
1.25
1.19
0.5
1.5
1.45
1.80
2.55
1.90
 	 1:4(1:3) 
304	10/03
17:00	 Inverness CT
Kilmarnock	
0
0
1.50
2.40
2.5
2.03
1.70
2.05
3.25
3.30
1.25
1.25
1.68
1.5
0.5
2.10
1.45
1.65
2.55
 	 1:1(0:1) 
148	28/03
21:45	 Inverness CT
Saint Johnstone	
0
0
1.72
2.05
2.25
1.95
 	
1.76
 	
2.45
3.20
2.70
1.40
1.30
1.50
1.5
1.5
2.50
2.55
1.47
1.45
 	 0:1(0:1)  
117	07/05
21:45	 Hibernian
Dunfermline Athletic	
–1.0
+1.0
2.40
1.50
  	
2.5
1.85
1.85
1.75
3.30
4.45
1.14
1.25
1.96
1.5
0.5
1.80
1.45
1.90
2.55
 	 4:0(3:0)  