220	21/01
19:00	 Racing Santander
Getafe	
0
0
1.85
1.95
  	
2.0
1.80
1.95
2.60
3.20
2.75
1.44
1.35
1.48
1.0
1.0
1.85
1.87
1.90
1.87
 	 1:2(1:1)  
221	21/01
19:00	 Espanyol
Granada	
-0.75
+0.75
1.90
1.85
 
 	
2.5
1.95
1.80
1.72
3.70
4.80
1.17
1.27
2.10
1.5
1.0
1.87
2.40
1.87
1.55
 	 3:0(2:0)  
222	21/01
21:00	 Real Sociedad
Atletico Madrid	
+0.25
-0.25
1.75
2.00
 
 	
2.25
1.80
 	
1.95
 	
3.00
3.30
2.35
1.57
1.32
1.37
1.0
1.0
1.85
1.58
1.95
2.30
 	 0:4(0:1)  
223	21/01
23:00	 Real Betis
Sevilla	
-0.25
+0.25
1.95
1.80
 
 	
2.5
1.90
1.85
2.30
3.30
3.10
1.36
1.32
1.60
1.5
1.0
2.30
1.75
1.60
2.05
 	 1:1(1:1) 
225	22/01
13:00	 Osasuna
Valencia	
+0.25
-0.25
1.87
1.87
 
 	
2.25
1.80
 	
1.95
 	
3.25
3.35
2.20
1.65
1.32
1.33
1.0
1.5
1.90
2.20
1.85
1.62
 	 1:1(0:0)  
226	22/01
17:00	 Rayo Vallecano
Mallorca	
-0.25
+0.25
1.75
2.00
 
 	
2.25
1.85
 	
1.90
 	
2.05
3.30
3.70
1.27
1.32
1.75
1.5
1.0
2.15
2.10
1.65
1.70
 	 0:1(0:0)  
228	22/01
20:45	 Levante
Real Zaragoza	
-0.75
+0.75
2.15
1.65
 
 	
2.25
1.80
 	
1.95
 	
1.90
3.50
4.00
1.23
1.30
1.90
1.5
1.0
2.05
2.20
1.72
1.62
 	 0:0(0:0)  
229	22/01
22:30	 Real Madrid
Athletic Bilbao	
–2.0
+2.0
1.90
1.85
  	
3.5
1.80
1.95
1.22
6.80
11.00
1.03
1.10
4.20
2.5
1.0
1.70
2.65
2.10
1.45
 	 4:1(1:1)  
230	23/01
22:00	 Villarreal
Sporting Gijon	
-0.75
+0.75
2.10
1.70
 
 	
2.25
1.80
 	
1.95
 	
1.85
3.50
4.30
1.22
1.30
1.95
1.5
1.0
2.00
2.30
1.75
1.60
 	 3:0(0:0)  
163	27/08
19:00	 Sporting Gijon
Real Sociedad	
-0.25
+0.25
1.65
2.15
 
 	
2.25
1.95
 	
1.80
 	
1.90
3.40
4.00
1.22
1.30
1.85
1.5
1.0
2.15
2.50
1.65
1.50
 	 1:2(0:1)  
164	27/08
21:00	 Valencia
Racing Santander	
–1.5
+1.5
1.95
1.80
  	
2.75
1.85
 	
1.90
 	
1.33
5.00
9.50
1.05
1.17
3.30
2.0
1.0
1.85
3.20
1.95
1.32
 	 4:3(1:2)  
165	27/08
23:00	 Granada
Real Betis	
0
0
1.87
1.87
  	
2.5
1.95
1.80
2.60
3.30
2.60
1.46
1.30
1.46
1.5
1.0
2.30
1.75
1.58
2.00
 	 0:1(0:0)  
166	28/08
13:00	 Atletico Madrid
Osasuna	
-0.75
+0.75
1.75
2.00
 
 	
2.5
1.80
1.95
1.60
3.75
5.50
1.13
1.25
2.25
1.5
1.0
1.67
2.55
2.15
1.48
 	 0:0(0:0)  
167	28/08
17:00	 Athletic Bilbao
Rayo Vallecano	
–1.0
+1.0
1.87
1.87
  	
2.5
1.80
1.95
1.50
4.00
6.50
1.10
1.22
2.50
1.5
1.0
1.65
2.75
2.15
1.42
 	 1:1(0:0)  
168	28/08
19:00	 Mallorca
Espanyol	
-0.25
+0.25
1.75
2.00
 
 	
2.25
1.80
 	
1.95
 	
2.05
3.30
3.60
1.27
1.32
1.72
1.5
1.0
2.15
2.05
1.65
1.72
 	 1:0(0:0)  
169	28/08
19:00	 Getafe
Levante	
-0.75
+0.75
2.05
1.72
 
 	
2.5
1.90
1.85
1.85
3.40
4.30
1.20
1.30
1.90
1.5
1.0
1.95
2.15
1.80
1.67
 	 1:1(0:0)  
170	28/08
21:00	 Real Zaragoza
Real Madrid	
+1.75
-1.75
1.85
1.90
 
 	
3.0
1.85
1.90
11.00
5.60
1.25
3.75
1.13
1.02
1.0
2.5
3.50
2.05
1.28
1.75
 	 0:6(0:2)  
171	28/08
23:00	 Sevilla
Malaga	
-0.25
+0.25
1.85
1.90
 
 	
2.75
1.90
 	
1.85
 	
2.15
3.35
3.40
1.32
1.33
1.70
1.5
1.0
1.95
1.67
1.80
2.15
 	 2:1(2:0)  
172	29/08
22:00	 Barcelona
Villarreal	
-1.75
+1.75
1.80
1.95
 
 	
3.25
1.80
 	
1.95
 	
1.25
6.00
11.00
1.03
1.12
3.90
2.5
1.0
1.85
2.90
1.90
1.38
 	 5:0(2:0)  
194	01/10
19:00	 Osasuna
Mallorca	
-0.75
+0.75
2.05
1.72
 
 	
2.25
1.80
 	
1.95
 	
1.80
3.50
4.20
1.20
1.27
1.95
1.5
1.0
2.05
2.65
1.75
1.45
 	 2:2(1:1)  
195	01/10
19:00	 Villarreal
Real Zaragoza	
-0.75
+0.75
1.80
1.95
 
 	
2.5
1.90
1.85
1.60
3.80
5.50
1.13
1.25
2.25
1.5
1.0
1.70
2.50
2.10
1.50
 	 2:2(1:2)  
196	01/10
19:00	 Racing Santander
Rayo Vallecano	
-0.25
+0.25
2.05
1.72
 
 	
2.25
1.87
 	
1.87
 	
2.40
3.15
2.90
1.38
1.32
1.53
1.5
1.0
2.40
1.90
1.53
1.85
 	 1:1(0:1)  
197	01/10
21:00	 Valencia
Granada	
–1.5
+1.5
1.85
1.90
  	
2.75
1.80
 	
1.95
 	
1.28
5.20
10.50
1.03
1.14
3.50
2.0
1.0
1.70
3.70
2.10
1.25
 	 1:0(1:0)  
198	01/10
23:00	 Malaga
Getafe	
–1.0
+1.0
2.00
1.75
  	
2.5
1.80
1.95
1.57
3.90
5.50
1.13
1.23
2.30
1.5
1.0
1.70
2.50
2.10
1.50
 	 3:2(0:0)  
199	02/10
13:00	 Real Sociedad
Athletic Bilbao	
0
0
1.75
2.00
  	
2.25
1.75
 	
2.00
 	
2.50
3.30
2.80
1.42
1.32
1.52
1.0
1.0
1.65
1.75
2.20
2.05
 	 1:2(0:1)  
200	02/10
17:00	 Real Betis
Levante	
-0.75
+0.75
1.95
1.80
 
 	
2.25
1.75
 	
2.00
 	
1.75
3.50
4.50
1.20
1.30
2.00
1.5
1.0
1.95
2.35
1.80
1.55
 	 0:1(0:1)  
201	02/10
19:00	 Atletico Madrid
Sevilla	
-0.25
+0.25
1.67
2.15
 
 	
2.75
1.87
 	
1.87
 	
1.90
3.60
4.00
1.25
1.30
1.90
1.5
1.0
1.80
1.85
1.95
1.95
 	 0:0(0:0)  
202	02/10
21:00	 Sporting Gijon
Barcelona	
+2.25
-2.25
1.87
1.87
 
 	
3.5
1.95
1.80
17.00
8.00
1.15
5.50
1.08
1.01
1.0
3.0
4.50
2.05
1.18
1.72
 	 0:1(0:1)  
203	02/10
23:00	 Espanyol
Real Madrid	
+1.75
-1.75
1.85
1.90
 
 	
3.25
1.90
 	
1.85
 	
10.00
5.90
1.27
3.75
1.13
1.05
1.0
2.5
2.90
1.95
1.38
1.80
 	 0:4(0:1)  
215	15/10
19:00	 Real Madrid
Real Betis	
-2.25
+2.25
1.87
1.87
 
 	
3.75
1.80
 	
1.95
 	
1.13
8.50
16.00
1.01
1.06
5.60
3.0
1.0
1.85
3.00
1.90
1.35
 	 4:1(0:0)  
216	15/10
19:00	 Mallorca
Valencia	
+0.25
-0.25
1.85
1.90
 
 	
2.5
1.95
1.80
3.15
3.40
2.20
1.65
1.30
1.34
1.0
1.5
1.85
2.20
1.90
1.62
 	 1:1(0:1)  
217	15/10
19:00	 Getafe
Villarreal	
-0.25
+0.25
1.95
1.85
 
 	
2.5
1.95
1.80
2.25
3.40
3.10
1.35
1.30
1.62
1.5
1.0
2.25
1.80
1.62
1.95
 	 0:0(0:0)  
218	15/10
21:00	 Barcelona
Racing Santander	
–3.0
+3.0
1.72
2.05
  	
4.0
1.95
1.80
1.05
12.00
28.00
 	
1.02
8.50
3.5
1.0
1.90
7.20
1.85
1.08
 	 3:0(2:0)  
219	15/10
23:00	 Granada
Atletico Madrid	
+0.25
-0.25
2.05
1.75
 
 	
2.5
1.87
1.87
3.60
3.50
2.00
1.80
1.30
1.28
1.0
1.5
1.95
2.05
1.80
1.75
 	 0:0(0:0)  
220	16/10
13:00	 Rayo Vallecano
Espanyol	
-0.25
+0.25
1.87
1.87
 
 	
2.25
1.90
 	
1.85
 	
2.20
3.20
3.30
1.30
1.32
1.62
1.5
1.0
2.35
2.05
1.55
1.72
 	 0:1(0:0)  
221	16/10
17:00	 Real Zaragoza
Real Sociedad	
-0.25
+0.25
1.80
1.95
 
 	
2.25
1.85
 	
1.90
 	
2.10
3.30
3.50
1.28
1.32
1.70
1.5
1.0
2.25
2.10
1.60
1.70
 	 2:0(1:0)  
222	16/10
19:00	 Levante
Malaga	
0
0
2.00
1.80
  	
2.25
1.80
 	
1.95
 	
2.80
3.30
2.50
1.52
1.32
1.42
1.0
1.0
1.75
1.65
2.00
2.15
 	 3:0(3:0)  
223	16/10
23:00	 Sevilla
Sporting Gijon	
–1.0
+1.0
1.80
1.95
  	
2.5
1.87
1.87
1.48
4.20
6.50
1.10
1.22
2.55
2.0
1.0
2.25
3.05
1.62
1.35
 	 2:1(1:0)  
224	17/10
22:00	 Athletic Bilbao
Osasuna	
-0.75
+0.75
1.95
1.80
 
 	
2.25
1.75
 	
2.00
 	
1.75
3.60
4.70
1.18
1.28
2.05
1.5
1.0
1.90
2.40
1.85
1.53
 	 3:1(3:0)  
232	22/10
19:00	 Sporting Gijon
Granada	
-0.75
+0.75
2.05
1.75
 
 	
2.25
1.95
 	
1.80
 	
1.80
3.40
4.70
1.18
1.30
2.00
1.5
1.0
2.05
2.60
1.72
1.46
 	 2:0(2:0)  
233	22/10
19:00	 Racing Santander
Espanyol	
0
0
1.75
2.00
  	
2.25
1.95
 	
1.80
 	
2.50
3.15
2.90
1.40
1.35
1.52
1.0
1.0
1.80
1.95
1.95
1.80
 	 0:1(0:0)  
234	22/10
21:00	 Malaga
Real Madrid	
+1.25
-1.25
1.90
1.85
 
 	
3.25
2.00
 	
1.75
 	
7.00
4.90
1.40
2.90
1.17
1.10
1.0
2.0
2.20
1.70
1.62
2.10
 	 0:4(0:4)  
235	22/10
23:00	 Barcelona
Sevilla	
–2.5
+2.5
1.80
1.95
  	
3.5
1.85
1.90
1.10
9.50
22.00
1.01
1.05
6.70
3.0
1.0
1.75
5.00
2.00
1.15
 	 0:0(0:0)  
236	23/10
13:00	 Real Betis
Rayo Vallecano	
-0.75
+0.75
1.90
1.85
 
 	
2.25
1.75
 	
2.00
 	
1.72
3.60
4.80
1.16
1.27
2.10
1.5
1.0
1.90
2.55
1.85
1.48
 	 0:2(0:0)  
237	23/10
17:00	 Real Sociedad
Getafe	
-0.25
+0.25
2.00
1.75
 
 	
2.25
1.85
 	
1.90
 	
2.35
3.30
3.00
1.37
1.32
1.57
1.0
1.0
1.62
1.87
2.25
1.87
 	 0:0(0:0)  
238	23/10
19:00	 Atletico Madrid
Mallorca	
-1.25
+1.25
1.95
1.85
 
 	
2.75
1.90
 	
1.85
 	
1.42
4.50
7.50
1.08
1.20
2.85
2.0
1.0
2.00
3.00
1.80
1.36
 	 1:1(1:1)  
239	23/10
19:00	 Osasuna
Real Zaragoza	
-0.25
+0.25
1.70
2.15
 
 	
2.25
1.85
 	
1.90
 	
1.95
3.30
4.00
1.23
1.32
1.85
1.5
1.0
2.15
2.25
1.70
1.60
 	 3:0(3:0)  
240	23/10
21:00	 Valencia
Athletic Bilbao	
-0.75
+0.75
1.80
2.00
 
 	
2.75
1.90
 	
1.85
 	
1.62
3.85
5.20
1.14
1.24
2.25
1.5
1.0
1.70
2.25
2.15
1.60
 	 1:1(0:0)  
241	23/10
23:00	 Villarreal
Levante	
-0.75
+0.75
2.00
1.75
 
 	
2.25
1.75
 	
2.00
 	
1.80
3.60
4.30
1.20
1.27
2.00
1.5
1.0
1.95
2.35
1.80
1.55
 	 0:3(0:2)  
110	25/10
21:00	 Granada
Barcelona	
+2.5
–2.5
1.80
1.95
  	
3.5
1.95
1.80
19.00
8.20
1.12
5.80
1.06
1.01
1.0
3.0
5.20
1.95
1.14
1.80
 	 0:1(0:1)  
111	25/10
23:00	 Sevilla
Racing Santander	
-1.25
+1.25
1.95
1.80
 
 	
2.5
1.80
1.95
1.42
4.50
7.00
1.08
1.18
2.75
2.0
1.0
2.05
3.20
1.72
1.32
 	 2:2(1:0)  
465	26/10
23:00	 Mallorca
Sporting Gijon	
-0.25
+0.25
1.72
2.05
 
 	
2.25
1.95
 	
1.80
 	
2.00
3.30
3.70
1.25
1.30
1.75
2.0
1.0
2.05
3.20
1.72
1.32 
 	 1:2(1:0)  
466	26/10
21:00	 Real Zaragoza
Valencia	
+0.25
-0.25
2.00
1.75
 
 	
2.5
1.90
1.85
3.50
3.40
2.05
1.72
1.30
1.28
2.0
1.0
2.05
3.20
1.72
1.32  
 	 0:1(0:0)  
467	26/10
21:00	 Getafe
Osasuna	
-0.25
+0.25
1.65
2.20
 
 	
2.25
1.87
 	
1.87
 	
1.90
3.40
4.00
1.22
1.30
1.85
2.0
1.0
2.05
3.20
1.72
1.32  
 	 2:2(0:1)  
468	26/10
21:00	 Levante
Real Sociedad	
-0.75
+0.75
1.95
1.80
 
 	
2.25
1.87
 	
1.87
 	
1.75
3.50
4.70
1.17
1.28
2.00
2.0
1.0
2.05
3.20
1.72
1.32  
 	 3:2(0:1)  
469	26/10
21:00	 Rayo Vallecano
Malaga	
+0.25
-0.25
1.75
2.05
 
 	
2.5
1.90
1.85
2.90
3.30
2.35
1.55
1.30
1.38
2.0
1.0
2.05
3.20
1.72
1.32  
 	 2:0(1:0)  
470	26/10
23:00	 Real Madrid
Villarreal	
–2.5
+2.5
1.85
1.90
  	
3.75
1.80
 	
1.95
 	
1.12
9.00
18.00
1.01
1.05
6.00
2.0
1.0
2.05
3.20
1.72
1.32  
 	 3:0(3:0)  
471	27/10
21:00	 Espanyol
Real Betis	
-0.25
+0.25
1.80
1.95
 
 	
2.25
1.75
 	
2.00
 	
2.10
3.30
3.40
1.30
1.30
1.70
2.0
1.0
2.05
3.20
1.72
1.32  
 	 1:0(0:0)  
472	27/10
23:00	 Athletic Bilbao
Atletico Madrid	
-0.25
+0.25
2.00
1.75
 
 	
2.5
1.80
1.95
2.30
3.40
2.90
1.38
1.30
1.58
2.0
1.0
2.05
3.20
1.72
1.32  
 	 3:0(0:0)  
234	29/10
19:00	 Valencia
Getafe	
–1.0
+1.0
1.90
1.85
  	
2.5
1.87
1.87
1.55
4.00
6.00
1.12
1.23
2.40
1.5
1.0
1.70
2.80
2.10
1.40
 	 3:1(2:1)  
235	29/10
19:00	 Villarreal
Rayo Vallecano	
-0.25
+0.25
1.70
2.10
 
 	
2.25
1.85
 	
1.90
 	
1.95
3.30
3.90
1.23
1.30
1.80
1.5
1.0
2.15
2.25
1.67
1.60
 	 2:0(1:0)  
236	29/10
21:00	 Barcelona
Mallorca	
–2.5
+2.5
1.85
1.90
  	
3.5
1.90
1.85
1.08
10.00
22.00
1.01
1.04
7.50
3.5
1.0
2.20
6.00
1.62
1.12
 	 5:0(3:0)  
237	29/10
23:00	 Real Sociedad
Real Madrid	
+1.75
-1.75
1.85
1.90
 
 	
3.25
1.90
 	
1.85
 	
12.00
5.90
1.23
4.00
1.12
1.02
1.0
2.5
3.05
2.00
1.35
1.80
 	 0:1(0:1)  
238	30/10
13:00	 Sporting Gijon
Athletic Bilbao	
0
0
1.85
1.95
  	
2.25
1.80
 	
1.95
 	
2.60
3.20
2.75
1.44
1.34
1.48
1.0
1.0
1.70
1.75
2.15
2.05
 	 1:1(0:0)  
239	30/10
17:00	 Osasuna
Levante	
-0.25
+0.25
1.90
1.85
 
 	
2.25
1.87
 	
1.87
 	
2.25
3.20
3.20
1.32
1.32
1.60
1.5
1.0
2.35
2.00
1.55
1.75
 	 2:0(2:0)  
240	30/10
19:00	 Racing Santander
Real Betis	
-0.25
+0.25
1.95
1.80
 
 	
2.25
1.85
 	
1.90
 	
2.30
3.30
3.10
1.36
1.32
1.60
1.0
1.0
1.60
1.95
2.25
1.85
 	 1:0(0:0)  
241	30/10
21:00	 Atletico Madrid
Real Zaragoza	
–1.5
+1.5
1.95
1.80
  	
2.75
1.80
 	
1.95
 	
1.35
5.00
8.50
1.06
1.16
3.15
2.0
1.0
1.80
3.20
2.00
1.32
 	 3:1(2:0)  
242	30/10
23:00	 Malaga
Espanyol	
-0.75
+0.75
1.85
1.90
 
 	
2.5
1.87
1.87
1.67
3.75
5.20
1.16
1.26
2.20
1.5
1.0
1.80
2.40
1.95
1.53
 	 2:1(1:1)  
243	31/10
22:00	 Sevilla
Granada	
-1.25
+1.25
1.90
1.85
 
 	
2.75
1.90
 	
1.85
 	
1.40
4.50
8.00
1.07
1.20
2.90
2.0
1.0
1.95
3.05
1.80
1.35
 	 1:2(1:0)  
221	19/11
19:00	 Villarreal
Real Betis	
-0.25
+0.25
1.75
2.00
 
 	
2.25
1.87
 	
1.87
 	
2.05
3.25
3.60
1.27
1.32
1.72
1.5
1.0
2.20
2.25
1.62
1.62
 	 1:0(1:0)  
222	19/11
21:00	 Barcelona
Real Zaragoza	
–3.0
+3.0
1.95
1.80
  	
3.75
1.87
 	
1.87
 	
1.06
11.00
30.00
1.01
1.02
8.10
3.5
1.0
2.05
7.50
1.75
1.07
 	 4:0(2:0)  
223	19/11
23:00	 Valencia
Real Madrid	
+0.75
-0.75
1.80
1.95
 
 	
2.75
1.87
 	
1.87
 	
4.70
3.60
1.75
2.05
1.28
1.18
1.0
2.0
1.95
2.15
1.80
1.65
 	 2:3(0:1)  
225	20/11
13:00	 Real Sociedad
Espanyol	
-0.25
+0.25
1.87
1.87
 
 	
2.25
1.95
 	
1.80
 	
2.20
3.20
3.30
1.30
1.32
1.62
1.0
1.0
1.62
2.10
2.25
1.70
 	 0:0(0:0)  
226	20/11
17:00	 Sporting Gijon
Getafe	
-0.25
+0.25
1.85
1.90
 
 	
2.25
1.90
 	
1.85
 	
2.15
3.25
3.40
1.30
1.32
1.67
1.5
1.0
2.35
2.10
1.57
1.70
 	 2:1(1:1)  
228	20/11
19:00	 Sevilla
Athletic Bilbao	
-0.25
+0.25
1.65
2.20
 
 	
2.5
1.90
1.85
1.90
3.50
4.10
1.23
1.30
1.90
1.5
1.0
1.95
2.05
1.80
1.72
 	 1:2(1:1)  
229	20/11
21:00	 Atletico Madrid
Levante	
–1.0
+1.0
1.95
1.80
  	
2.5
1.80
1.95
1.57
3.90
6.00
1.12
1.25
2.40
1.5
1.0
1.70
2.55
2.15
1.48
 	 3:2(0:0)  
230	20/11
23:00	 Granada
Mallorca	
-0.25
+0.25
1.85
1.90
 
 	
2.0
1.85
1.90
2.20
3.20
3.40
1.30
1.34
1.65
1.0
1.0
1.72
2.35
2.05
1.55
 	 cancelled  
231	21/11
22:00	 Racing Santander
Malaga	
+0.25
-0.25
1.80
2.00
 
 	
2.25
1.95
 	
1.80
 	
3.10
3.20
2.35
1.57
1.34
1.35
1.0
1.0
2.00
1.70
1.75
2.15
 	 1:3(0:0)  
196	26/11
19:00	 Rayo Vallecano
Valencia	
+0.25
-0.25
1.95
1.80
 
 	
2.25
1.87
 	
1.87
 	
3.50
3.40
2.10
1.72
1.32
1.30
1.0
1.5
2.15
2.25
1.67
1.60
 	 1:2(0:1)  
197	26/11
21:00	 Real Madrid
Atletico Madrid	
–2.0
+2.0
1.80
1.95
  	
3.5
1.80
1.95
1.18
7.50
15.00
1.02
1.10
5.00
3.0
1.0
1.90
2.90
1.85
1.38
 	 4:1(1:1)  
198	26/11
23:00	 Getafe
Barcelona	
+1.75
-1.75
2.00
1.75
 
 	
3.0
1.85
1.90
13.00
6.50
1.20
4.40
1.11
1.02
1.0
2.5
3.90
1.87
1.23
1.87
 	 1:0(0:0)  
200	27/11
13:00	 Real Betis
Real Sociedad	
-0.25
+0.25
1.60
2.30
 
 	
2.25
1.87
 	
1.87
 	
1.85
3.50
4.30
1.22
1.30
1.95
1.5
1.0
2.15
2.40
1.70
1.55
 	 2:3(0:0)  
201	27/11
17:00	 Levante
Sporting Gijon	
-0.75
+0.75
2.10
1.70
 
 	
2.25
1.87
 	
1.87
 	
1.85
3.40
4.30
1.20
1.30
1.90
1.5
1.0
2.10
2.40
1.70
1.53
 	 4:0(1:0)  
202	27/11
19:00	 Mallorca
Racing Santander	
-0.75
+0.75
2.10
1.70
 
 	
2.25
1.95
 	
1.80
 	
1.85
3.40
4.30
1.20
1.30
1.90
1.5
1.0
2.15
2.55
1.67
1.48
 	 2:1(1:0)  
203	27/11
19:00	 Espanyol
Osasuna	
-0.75
+0.75
2.10
1.70
 
 	
2.25
1.95
 	
1.80
 	
1.85
3.40
4.30
1.20
1.30
1.90
1.5
1.0
2.15
2.55
1.67
1.48
 	 1:2(0:1)  
204	27/11
20:45	 Athletic Bilbao
Granada	
-1.25
+1.25
1.90
1.85
 
 	
2.5
1.80
1.95
1.40
4.40
8.00
1.07
1.20
2.90
2.0
1.0
2.05
3.30
1.75
1.30
 	 0:1(0:1)  
205	27/11
22:30	 Real Zaragoza
Sevilla	
0
0
2.05
1.75
  	
2.25
1.87
 	
1.87
 	
2.90
3.20
2.50
1.52
1.34
1.40
1.0
1.0
1.85
1.70
1.90
2.10
 	 0:1(0:1)  
206	28/11
22:00	 Malaga
Villarreal	
-0.75
+0.75
1.90
1.85
 
 	
2.5
1.95
1.80
1.72
3.60
5.00
1.16
1.28
2.10
1.5
1.0
1.87
2.40
1.87
1.53
 	 2:1(2:1)  
180	03/12
19:00	 Sporting Gijon
Real Madrid	
+1.75
-1.75
1.80
1.95
 
 	
3.0
1.87
1.87
11.00
5.70
1.27
3.80
1.14
1.04
1.0
2.5
3.40
1.95
1.30
1.80
 	 0:3(0:1)  
181	03/12
19:00	 Racing Santander
Villarreal	
0
0
1.87
1.87
  	
2.0
1.75
2.00
2.65
3.20
2.65
1.45
1.33
1.45
1.0
1.0
1.87
1.75
1.87
2.00
 	 1:0(1:0)  
182	03/12
21:00	 Barcelona
Levante	
–3.0
+3.0
1.90
1.85
  	
3.5
1.75
2.00
1.06
12.00
30.00
 	
1.02
8.60
3.0
1.0
1.62
7.00
2.20
1.10
 	 5:0(3:0)  
183	03/12
23:00	 Valencia
Espanyol	
–1.0
+1.0
1.90
1.85
  	
2.5
1.87
1.87
1.53
3.90
6.50
1.10
1.25
2.50
1.5
1.0
1.70
2.80
2.10
1.40
 	 2:1(1:0)  
185	04/12
13:00	 Atletico Madrid
Rayo Vallecano	
–1.0
+1.0
1.90
1.85
  	
2.75
1.80
 	
1.95
 	
1.55
4.20
6.00
1.13
1.23
2.50
2.0
1.0
2.05
2.25
1.72
1.60
 	 3:1(1:0)  
186	04/12
17:00	 Real Sociedad
Malaga	
0
0
1.95
1.80
  	
2.25
1.87
 	
1.87
 	
2.80
3.20
2.55
1.50
1.33
1.42
1.0
1.0
1.80
1.72
1.95
2.05
 	 3:2(1:1)  
187	04/12
19:00	 Osasuna
Real Betis	
-0.25
+0.25
1.80
1.95
 
 	
2.25
1.87
 	
1.87
 	
2.15
3.30
3.50
1.30
1.33
1.70
1.5
1.0
2.30
2.10
1.60
1.70
 	 2:1(1:0)  
188	04/12
21:00	 Mallorca
Athletic Bilbao	
0
0
1.95
1.80
  	
2.25
1.80
 	
1.95
 	
2.80
3.20
2.55
1.50
1.33
1.42
1.0
1.0
1.75
1.67
2.00
2.15
 	 1:1(1:1)  
189	04/12
22:30	 Granada
Real Zaragoza	
-0.25
+0.25
1.72
2.05
 
 	
2.0
1.75
2.00
2.00
3.20
3.90
1.23
1.32
1.75
1.0
1.0
1.62
2.35
2.20
1.55
 	 1:0(1:0)  
190	05/12
22:00	 Sevilla
Getafe	
-0.75
+0.75
1.80
1.95
 
 	
2.5
1.80
1.95
1.65
3.75
5.50
1.15
1.27
2.25
1.5
1.0
1.75
2.35
2.05
1.57
 	 3:0(1:0)  
211	10/12
19:00	 Levante
Sevilla	
+0.25
-0.25
1.72
2.05
 
 	
2.25
1.85
 	
1.90
 	
2.95
3.20
2.45
1.53
1.34
1.40
1.0
1.0
1.85
1.70
1.95
2.15
 	 1:0(0:0)  
212	10/12
21:00	 Real Betis
Valencia	
+0.25
-0.25
1.72
2.05
 
 	
2.5
1.90
1.85
2.90
3.30
2.45
1.55
1.33
1.42
1.0
1.0
1.72
1.53
2.05
2.40
 	 2:1(0:0)  
213	10/12
23:00	 Real Madrid
Barcelona	
0
0
1.80
2.00
  	
2.75
1.90
 	
1.85
 	
2.50
3.35
2.80
1.45
1.33
1.55
1.5
1.5
2.15
2.30
1.70
1.60
 	 1:3(1:1)  
215	11/12
13:00	 Rayo Vallecano
Sporting Gijon	
-0.25
+0.25
1.75
2.00
 
 	
2.25
1.90
 	
1.85
 	
2.05
3.30
3.60
1.27
1.32
1.72
1.5
1.0
2.25
2.20
1.60
1.65
 	 1:3(0:2)  
216	11/12
17:00	 Getafe
Granada	
-0.75
+0.75
1.90
1.85
 
 	
2.25
1.87
 	
1.87
 	
1.72
3.55
5.00
1.16
1.28
2.10
1.5
1.0
2.00
2.75
1.80
1.42
 	 1:0(0:0)  
217	11/12
17:00	 Villarreal
Real Sociedad	
-0.75
+0.75
1.90
1.85
 
 	
2.25
1.85
 	
1.90
 	
1.72
3.60
4.90
1.16
1.27
2.10
1.5
1.0
1.95
2.65
1.80
1.45
 	 1:1(0:0)  
218	11/12
19:00	 Real Zaragoza
Mallorca	
-0.25
+0.25
1.80
2.00
 
 	
2.25
1.95
 	
1.80
 	
2.10
3.20
3.60
1.27
1.33
1.70
1.0
1.0
1.57
2.25
2.35
1.62
 	 0:1(0:1)  
219	11/12
19:00	 Malaga
Osasuna	
–1.0
+1.0
1.90
1.85
  	
2.5
1.90
1.85
1.55
3.90
6.50
1.11
1.25
2.45
1.5
1.0
1.72
2.80
2.05
1.40
 	 1:1(0:1)  
220	11/12
20:45	 Athletic Bilbao
Racing Santander	
-1.25
+1.25
1.90
1.85
 
 	
2.5
1.85
1.90
1.40
4.50
8.00
1.07
1.20
2.90
2.0
1.0
2.05
3.50
1.72
1.28
 	 1:1(0:0)  
221	11/12
22:30	 Espanyol
Atletico Madrid	
0
0
1.95
1.80
  	
2.25
1.85
 	
1.90
 	
2.75
3.30
2.55
1.50
1.32
1.45
1.0
1.0
1.80
1.70
2.00
2.10
 	 4:2(3:1)  
142	29/11
22:00	 Barcelona
Rayo Vallecano	
–3.0
+3.0
1.95
1.80
  	
3.75
1.95
 	
1.80
 	
1.05
13.00
30.00
 	
1.02
9.20
3.5
1.0
2.05
8.00
1.72
1.08
 	 4:0(3:0)  
189	17/12
19:00	 Mallorca
Getafe	
-0.25
+0.25
1.70
2.15
 
 	
2.25
1.95
 	
1.80
 	
1.95
3.35
3.90
1.23
1.30
1.80
1.5
1.0
2.15
2.35
1.65
1.57
 	 1:2(1:2)  
190	17/12
19:00	 Sporting Gijon
Espanyol	
-0.25
+0.25
2.05
1.75
 
 	
2.25
2.00
 	
1.75
 	
2.40
3.10
3.10
1.35
1.35
1.55
1.0
1.0
1.70
2.10
2.10
1.70
 	 1:2(0:1)  
191	17/12
21:00	 Athletic Bilbao
Real Zaragoza	
-1.25
+1.25
1.90
1.85
 
 	
2.5
1.80
1.95
1.40
4.50
7.50
1.07
1.18
2.80
2.0
1.0
2.05
3.20
1.72
1.32
 	 2:1(1:1)  
192	17/12
23:00	 Sevilla
Real Madrid	
+1.0
–1.0
1.85
1.90
  	
3.0
1.95
1.80
6.20
4.10
1.53
2.55
1.23
1.11
1.0
2.0
2.25
1.95
1.62
1.80
 	 2:6(0:3)   
194	18/12
13:00	 Atletico Madrid
Real Betis	
–1.0
+1.0
1.87
1.87
  	
2.75
1.85
 	
1.90
 	
1.53
4.10
6.20
1.11
1.23
2.50
2.0
1.0
2.10
2.35
1.70
1.55
 	 0:2(0:0)  
195	18/12
17:00	 Granada
Levante	
0
0
1.75
2.00
  	
2.25
2.00
 	
1.75
 	
2.50
3.20
2.85
1.42
1.33
1.52
1.0
1.0
1.80
1.95
1.95
1.80
 	 2:1(2:0)  
196	18/12
19:00	 Osasuna
Villarreal	
-0.25
+0.25
1.85
1.90
 
 	
2.25
1.87
 	
1.87
 	
2.15
3.30
3.30
1.30
1.30
1.65
1.5
1.0
2.35
2.05
1.57
1.72
 	 2:1(0:0)  
197	18/12
20:45	 Racing Santander
Real Sociedad	
-0.25
+0.25
1.95
1.80
 
 	
2.25
1.95
 	
1.80
 	
2.30
3.20
3.10
1.35
1.32
1.58
1.0
1.0
1.62
2.15
2.25
1.67
 	 0:0(0:0)  
198	18/12
22:30	 Valencia
Malaga	
-0.75
+0.75
1.95
1.80
 
 	
2.75
1.95
 	
1.80
 	
1.75
3.60
4.70
1.18
1.28
2.05
1.5
1.0
2.25
2.35
1.60
1.55 
 	 2:0(1:0)  
171	07/01
19:00	 Racing Santander
Real Zaragoza	
-0.25
+0.25
1.80
1.95
 
 	
2.25
2.00
 	
1.75
 	
2.10
3.20
3.60
1.27
1.33
1.70
1.5
1.0
2.25
2.35
1.60
1.55
 	 1:0(1:0)  
172	07/01
19:00	 Levante
Mallorca	
-0.25
+0.25
1.90
1.90
 
 	
2.25
1.85
 	
1.90
 	
2.20
3.20
3.30
1.30
1.32
1.62
1.5
1.0
2.35
1.95
1.55
1.85
 	 0:0(0:0)  
173	07/01
19:00	 Real Sociedad
Osasuna	
-0.25
+0.25
1.72
2.05
 
 	
2.25
1.95
 	
1.80
 	
2.00
3.25
3.90
1.25
1.32
1.80
1.5
1.0
2.25
2.30
1.62
1.60
 	 0:0(0:0)  
174	07/01
21:00	 Real Madrid
Granada	
–3.0
+3.0
1.87
1.87
  	
4.0
1.85
1.90
1.07
11.00
22.00
1.01
1.02
7.50
3.5
1.0
1.87
5.50
1.87
1.13
 	 5:1(2:1)  
175	07/01
23:00	 Malaga
Atletico Madrid	
-0.25
+0.25
1.87
1.87
 
 	
2.5
1.80
1.95
2.20
3.40
3.10
1.35
1.30
1.62
1.5
1.0
2.10
1.70
1.70
2.10
 	 0:0(0:0)  
176	08/01
13:00	 Rayo Vallecano
Sevilla	
0
0
2.05
1.72
  	
2.25
1.85
 	
1.90
 	
2.90
3.20
2.45
1.53
1.33
1.40
1.0
1.0
1.85
1.65
1.90
2.15
 	 2:1(1:0)  
177	08/01
17:00	 Getafe
Athletic Bilbao	
-0.25
+0.25
2.05
1.72
 
 	
2.25
1.87
 	
1.87
 	
2.45
3.20
2.90
1.40
1.33
1.53
1.0
1.0
1.65
1.85
2.15
1.90
 	 0:0(0:0)  
178	08/01
19:00	 Villarreal
Valencia	
+0.25
-0.25
1.72
2.05
 
 	
2.5
1.95
1.80
2.85
3.35
2.40
1.55
1.30
1.40
1.0
1.0
1.72
1.57
2.05
2.35
 	 2:2(2:1)  
179	08/01
20:45	 Real Betis
Sporting Gijon	
-0.75
+0.75
2.10
1.70
 
 	
2.25
1.80
 	
1.95
 	
1.85
3.40
4.30
1.20
1.30
1.90
1.5
1.0
2.00
2.30
1.75
1.60
 	 2:0(1:0)  
180	08/01
22:30	 Espanyol
Barcelona	
+2.0
–2.0
1.80
1.95
  	
3.25
1.95
 	
1.80
 	
12.00
6.50
1.20
4.30
1.10
1.02
1.0
2.5
4.00
1.85
1.22
1.90
 	 1:1(0:1)  
199	14/01
19:00	 Real Zaragoza
Getafe	
0
0
1.95
1.80
  	
2.25
1.90
 	
1.85
 	
2.75
3.25
2.55
1.50
1.32
1.44
1.0
1.0
1.75
1.75
2.00
2.00
 	 1:1(1:0)  
200	14/01
19:00	 Granada
Rayo Vallecano	
-0.25
+0.25
1.95
1.80
 
 	
2.25
1.95
 	
1.80
 	
2.30
3.20
3.10
1.35
1.32
1.58
1.0
1.0
1.62
2.05
2.20
1.72
 	 1:2(0:1)  
201	14/01
19:00	 Sevilla
Espanyol	
-0.75
+0.75
1.87
1.87
 
 	
2.5
1.87
1.87
1.70
3.75
4.90
1.17
1.26
2.15
1.5
1.0
1.80
2.30
1.95
1.58
 	 0:0(0:0)  
202	14/01
21:00	 Mallorca
Real Madrid	
+1.5
–1.5
1.85
1.90
  	
3.0
1.85
1.90
9.50
5.30
1.30
3.40
1.14
1.04
1.0
2.5
2.75
2.15
1.42
1.65
 	 1:2(1:0)  
203	14/01
23:00	 Valencia
Real Sociedad	
–1.0
+1.0
1.80
1.95
  	
2.5
1.80
1.95
1.48
4.20
6.70
1.10
1.22
2.60
2.0
1.0
2.10
2.90
1.70
1.38
 	 0:1(0:0)  
205	15/01
17:00	 Osasuna
Racing Santander	
-0.75
+0.75
2.05
1.72
 
 	
2.25
1.95
 	
1.80
 	
1.80
3.40
4.50
1.18
1.30
1.95
1.5
1.0
2.10
2.55
1.70
1.48
 	 0:2(0:1)  
207	15/01
20:45	 Sporting Gijon
Malaga	
+0.25
-0.25
1.75
2.05
 
 	
2.25
1.85
 	
1.90
 	
2.90
3.30
2.40
1.55
1.32
1.40
1.0
1.0
1.85
1.62
1.90
2.20
 	 2:1(1:0)  
208	15/01
22:30	 Barcelona
Real Betis	
–3.0
+3.0
1.95
1.80
  	
4.0
1.95
1.80
1.06
12.00
25.00
1.01
1.03
8.20
3.5
1.0
1.95
5.50
1.80
1.13
 	 4:2(2:1)  
76	01/05
13:00	 Getafe
Racing Santander	
-1.25
+1.25
1.90
1.85
 
 	
2.75
1.85
 	
1.90
 	
1.40
4.60
7.50
1.07
1.18
2.90
2.0
1.0
1.85
2.75
1.90
1.42
 	 1:1(0:0)  
77	01/05
19:00	 Granada
Espanyol	
-0.25
+0.25
1.65
2.20
 
 	
2.5
1.87
1.87
1.90
3.60
3.90
1.25
1.28
1.90
1.5
1.0
1.95
2.00
1.85
1.75
 	 2:1(2:0)  
78	01/05
21:00	 Sporting Gijon
Villarreal	
0
0
1.75
2.00
  	
2.25
1.85
 	
1.90
 	
2.50
3.30
2.80
1.42
1.32
1.52
1.0
1.0
1.65
1.75
2.15
2.00
 	 2:3(1:2)  
79	02/05
19:00	 Atletico Madrid
Real Sociedad	
–1.5
+1.5
1.87
1.87
  	
3.0
1.85
1.90
1.32
5.00
9.50
1.04
1.16
3.30
2.0
1.0
1.62
2.80
2.25
1.40
 	 1:1(0:0)  
80	02/05
21:00	 Real Zaragoza
Levante	
-0.25
+0.25
1.90
1.85
 
 	
2.5
1.90
1.85
2.20
3.40
3.20
1.35
1.30
1.65
1.5
1.0
2.15
1.80
1.65
1.95
 	 1:0(1:0)  
81	02/05
21:00	 Mallorca
Rayo Vallecano	
-0.75
+0.75
2.10
1.70
 
 	
2.75
1.87
 	
1.87
 	
1.85
3.70
3.90
1.23
1.25
1.90
1.5
1.0
1.80
1.85
2.00
1.90
 	 1:0(0:0)  
82	02/05
21:00	 Sevilla
Real Betis	
-0.75
+0.75
1.80
1.95
 
 	
2.75
1.80
 	
1.95
 	
1.65
3.90
5.00
1.16
1.25
2.20
2.0
1.0
2.15
2.00
1.65
1.75
 	 1:2(1:1)  
83	02/05
21:00	 Barcelona
Malaga	
-2.25
+2.25
2.00
1.75
 
 	
3.75
1.85
 	
1.90
 	
1.20
7.00
12.00
1.02
1.10
4.50
3.0
1.0
1.95
2.50
1.85
1.50
 	 4:1(2:1)  
84	02/05
23:00	 Athletic Bilbao
Real Madrid	
+1.0
–1.0
1.95
1.80
  	
3.5
1.95
1.80
6.00
4.30
1.53
2.50
1.22
1.13
1.0
2.0
1.85
1.72
1.90
2.05
 	 0:3(0:2)  
85	02/05
23:00	 Valencia
Osasuna	
-1.25
+1.25
1.87
1.87
 
 	
2.75
1.80
 	
1.95
 	
1.40
4.50
8.00
1.07
1.20
2.90
2.0
1.0
1.85
2.75
1.90
1.42
 	 4:0(0:0)  
196	28/01
19:00	 Espanyol
Mallorca	
-0.25
+0.25
1.72
2.05
 
 	
2.25
1.95
 	
1.80
 	
2.00
3.30
3.80
1.25
1.32
1.80
1.5
1.0
2.20
2.40
1.65
1.53
 	 1:0(1:0)  
197	28/01
19:00	 Rayo Vallecano
Athletic Bilbao	
0
0
1.90
1.85
  	
2.25
1.80
 	
1.95
 	
2.65
3.30
2.60
1.47
1.32
1.45
1.0
1.0
1.72
1.62
2.05
2.25
 	 2:3(2:2)  
198	28/01
21:00	 Real Madrid
Real Zaragoza	
-3.25
+3.25
1.95
1.80
 
 	
4.0
1.80
1.95
1.05
13.00
28.00
1.01
1.02
9.00
3.5
1.0
1.75
5.50
2.00
1.13
 	 3:1(1:1)  
199	28/01
23:00	 Villarreal
Barcelona	
+1.75
-1.75
1.80
1.95
 
 	
3.0
1.85
1.90
11.00
5.80
1.25
3.80
1.12
1.03
1.0
2.5
3.20
2.05
1.32
1.75
 	 0:0(0:0)  
201	29/01
13:00	 Real Betis
Granada	
-0.75
+0.75
1.75
2.00
 
 	
2.25
1.80
 	
1.95
 	
1.60
3.75
5.80
1.12
1.25
2.30
1.5
1.0
1.80
2.80
1.95
1.40
 	 1:2(0:2)  
202	29/01
17:00	 Real Sociedad
Sporting Gijon	
-0.25
+0.25
1.72
2.05
 
 	
2.25
1.87
 	
1.87
 	
2.00
3.30
3.80
1.25
1.32
1.80
1.5
1.0
2.15
2.20
1.65
1.62
 	 5:1(2:0)  
203	29/01
17:00	 Levante
Getafe	
0
0
1.80
1.95
  	
2.25
1.87
 	
1.87
 	
2.55
3.20
2.80
1.42
1.33
1.50
1.0
1.0
1.70
1.80
2.10
1.95
 	 1:2(0:1)  
204	29/01
19:00	 Racing Santander
Valencia	
+0.25
-0.25
1.95
1.80
 
 	
2.25
1.85
 	
1.90
 	
3.50
3.30
2.10
1.70
1.32
1.28
1.0
1.5
2.05
2.20
1.72
1.62
 	 2:2(1:0)  
205	29/01
22:30	 Malaga
Sevilla	
-0.25
+0.25
1.85
1.90
 
 	
2.5
1.90
1.85
2.15
3.35
3.35
1.32
1.32
1.70
1.5
1.0
2.10
1.80
1.70
1.95
 	 2:1(2:1)  
206	30/01
22:00	 Osasuna
Atletico Madrid	
+0.25
-0.25
1.75
2.05
 
 	
2.25
1.80
 	
1.95
 	
3.00
3.30
2.40
1.57
1.33
1.40
1.0
1.5
1.80
2.35
1.95
1.55
 	 0:1(0:1)  
194	04/02
19:00	 Mallorca
Real Betis	
-0.25
+0.25
1.85
1.95
 
 	
2.25
1.90
 	
1.85
 	
2.15
3.25
3.50
1.30
1.33
1.70
1.5
1.0
2.30
2.10
1.58
1.70
 	 1:0(1:0)  
195	04/02
19:00	 Athletic Bilbao
Espanyol	
-0.75
+0.75
1.90
1.85
 
 	
2.25
1.85
 	
1.95
 	
1.72
3.60
5.00
1.16
1.28
2.10
1.5
1.0
1.90
2.56
1.85
1.45
 	 3:3(1:1)  
196	04/02
19:00	 Levante
Racing Santander	
-0.25
+0.25
1.75
2.00
 
 	
2.25
1.85
 	
1.90
 	
2.05
3.30
3.70
1.27
1.32
1.75
1.5
1.0
2.15
2.10
1.65
1.70
 	 1:1(1:0)  
197	04/02
21:00	 Getafe
Real Madrid	
+1.25
-1.25
1.95
1.80
 
 	
3.0
1.87
1.87
8.00
4.90
1.37
3.05
1.17
1.07
1.0
2.5
2.55
2.25
1.48
1.60
 	 0:1(0:1)  
198	04/02
23:00	 Barcelona
Real Sociedad	
-2.75
+2.75
1.87
1.87
 
 	
3.5
1.85
1.90
1.08
11.50
22.00
1.01
1.03
7.60
3.5
1.0
2.20
7.00
1.65
1.10
 	 2:1(1:0)  
200	05/02
13:00	 Sporting Gijon
Osasuna	
-0.25
+0.25
1.85
1.95
 
 	
2.25
1.90
 	
1.85
 	
2.15
3.30
3.40
1.30
1.32
1.67
1.5
1.0
2.30
2.10
1.58
1.70
 	 1:1(1:0)  
201	05/02
19:00	 Sevilla
Villarreal	
-0.75
+0.75
1.90
1.85
 
 	
2.5
1.95
1.80
1.72
3.65
4.90
1.17
1.27
2.10
1.5
1.0
1.85
2.40
1.90
1.53
 	 1:2(1:1)  
202	05/02
20:45	 Real Zaragoza
Rayo Vallecano	
-0.25
+0.25
1.95
1.80
 
 	
2.25
1.90
 	
1.85
 	
2.30
3.25
3.15
1.35
1.33
1.60
1.0
1.0
1.62
2.00
2.25
1.75
 	 1:2(1:0)  
203	05/02
22:30	 Atletico Madrid
Valencia	
-0.25
+0.25
1.72
2.05
 
 	
2.5
1.87
1.87
2.00
3.50
3.60
1.28
1.30
1.80
1.5
1.0
2.00
1.90
1.75
1.85
 	 0:0(0:0)  
847	06/02
22:00	 Granada
Malaga	
+0.25
-0.25
1.75
2.00
 
 	
2.25
1.85
 	
1.90
 	
3.10
3.25
2.35
1.60
1.35
1.36
1.0
1.0
1.87
1.62
1.87
2.25
 	 2:1(0:0)  
190	11/02
19:00	 Racing Santander
Atletico Madrid	
+0.25
-0.25
2.05
1.72
 
 	
2.25
1.80
 	
1.95
 	
3.80
3.40
2.00
1.80
1.32
1.26
1.0
1.5
2.10
2.10
1.70
1.70
 	 0:0(0:0)  
191	11/02
21:00	 Osasuna
Barcelona	
+1.75
-1.75
1.80
1.95
 
 	
2.75
1.90
 	
1.80
 	
12.00
5.30
1.25
3.70
1.14
1.02
1.0
2.0
4.30
1.65
1.20
2.15
 	 3:2(2:0)  
192	11/02
23:00	 Real Betis
Athletic Bilbao	
0
0
1.90
1.85
  	
2.5
1.90
1.85
2.65
3.40
2.55
1.50
1.30
1.47
1.0
1.0
1.62
1.58
2.25
2.30
 	 2:1(1:1)  
194	12/02
13:00	 Espanyol
Real Zaragoza	
-0.75
+0.75
1.80
2.00
 
 	
2.5
1.95
1.80
1.62
3.80
5.50
1.14
1.25
2.25
1.5
1.0
1.80
2.65
1.95
1.45
 	 0:2(0:0)  
195	12/02
17:00	 Malaga
Mallorca	
-0.75
+0.75
1.90
1.85
 
 	
2.5
1.95
1.80
1.72
3.60
4.90
1.16
1.27
2.10
1.5
1.0
1.85
2.40
1.90
1.53
 	 3:1(1:1)  
196	12/02
17:00	 Rayo Vallecano
Getafe	
0
0
1.80
1.95
  	
2.25
1.90
 	
1.85
 	
2.55
3.20
2.80
1.42
1.33
1.50
1.0
1.0
1.72
1.80
2.05
1.95
 	 2:0(1:0)  
198	12/02
20:45	 Villarreal
Granada	
-0.75
+0.75
1.80
2.00
 
 	
2.25
1.80
 	
1.95
 	
1.62
3.70
5.70
1.13
1.26
2.25
1.5
1.0
1.85
2.80
1.90
1.40
 	 3:1(1:0)  
199	12/02
22:30	 Real Madrid
Levante	
-2.75
+2.75
1.80
1.95
 
 	
3.75
1.80
 	
1.95
 	
1.06
11.50
28.00
1.01
1.03
8.20
3.5
1.0
2.00
5.50
1.75
1.13
 	 4:2(1:1)  
200	13/02
22:00	 Real Sociedad
Sevilla	
0
0
2.00
1.75
  	
2.25
1.90
 	
1.85
 	
2.85
3.20
2.50
1.52
1.33
1.40
1.0
1.0
1.85
1.70
1.90
2.10
 	 2:0(0:0)  
152	18/02
19:00	 Getafe
Espanyol	
-0.25
+0.25
1.72
2.05
 
 	
2.25
1.87
 	
1.87
 	
2.00
3.30
3.80
1.25
1.32
1.80
1.5
1.0
2.20
2.15
1.62
1.67
 	 1:1(0:0)  
153	18/02
21:00	 Real Madrid
Racing Santander	
-2.75
+2.75
1.95
1.80
 
 	
3.75
1.80
 	
1.95
 	
1.08
11.00
22.00
1.01
1.03
7.50
3.5
1.0
2.05
4.50
1.72
1.18
 	 4:0(2:0)  
154	18/02
23:00	 Sevilla
Osasuna	
–1.0
+1.0
1.95
1.80
  	
2.5
1.87
1.87
1.57
3.90
6.00
1.12
1.25
2.40
1.5
1.0
1.70
2.75
2.10
1.42
 	 2:0(1:0)  
156	19/02
13:00	 Granada
Real Sociedad	
-0.25
+0.25
1.90
1.85
 
 	
2.25
1.87
 	
1.87
 	
2.25
3.25
3.25
1.33
1.33
1.65
1.0
1.0
1.60
2.00
2.30
1.75
 	 4:1(1:1)  
157	19/02
17:00	 Athletic Bilbao
Malaga	
-0.25
+0.25
1.65
2.15
 
 	
2.5
1.85
1.90
1.90
3.60
3.90
1.25
1.28
1.90
1.5
1.0
1.90
1.95
1.85
1.80
 	 3:0(0:0)  
158	19/02
19:00	 Sporting Gijon
Atletico Madrid	
+0.25
-0.25
2.15
1.65
 
 	
2.5
1.95
1.80
4.00
3.50
1.90
1.90
1.30
1.23
1.0
1.5
2.10
2.00
1.70
1.75
 	 1:1(1:1)  
159	19/02
19:00	 Mallorca
Villarreal	
-0.25
+0.25
1.95
1.80
 
 	
2.25
1.90
 	
1.85
 	
2.30
3.20
3.20
1.35
1.35
1.60
1.0
1.0
1.62
1.95
2.25
1.80
 	 4:0(1:0)  
160	19/02
20:45	 Levante
Rayo Vallecano	
-0.25
+0.25
1.90
1.85
 
 	
2.25
1.80
 	
1.95
 	
2.25
3.30
3.20
1.35
1.32
1.62
1.5
1.0
2.30
1.87
1.60
1.87
 	 3:5(0:1)  
161	19/02
22:30	 Barcelona
Valencia	
-1.75
+1.75
1.87
1.87
 
 	
3.0
1.80
1.95
1.25
5.90
12.00
1.03
1.13
4.00
2.5
1.0
2.00
3.40
1.80
1.30
 	 5:1(2:1)  
162	20/02
22:00	 Real Zaragoza
Real Betis	
0
0
1.85
1.95
  	
2.25
1.87
 	
1.87
 	
2.60
3.20
2.75
1.44
1.35
1.48
1.0
1.0
1.72
1.75
2.05
2.00
 	 0:2(0:1)  
173	25/02
19:00	 Racing Santander
Sporting Gijon	
-0.25
+0.25
1.67
2.15
 
 	
2.25
1.90
 	
1.85
 	
1.95
3.30
3.90
1.23
1.30
1.80
1.5
1.0
2.25
2.15
1.60
1.65
 	 1:1(0:1)  
174	25/02
19:00	 Real Betis
Getafe	
-0.75
+0.75
2.05
1.72
 
 	
2.25
1.75
 	
2.00
 	
1.80
3.50
4.30
1.20
1.28
1.95
1.5
1.0
1.95
2.25
1.80
1.62
 	 1:1(0:0)  
175	25/02
21:00	 Malaga
Real Zaragoza	
-1.25
+1.25
1.95
1.80
 
 	
2.75
1.95
 	
1.80
 	
1.42
4.40
7.50
1.07
1.20
2.80
2.0
1.0
2.00
2.90
1.75
1.38
 	 5:1(1:1)  
176	25/02
23:00	 Espanyol
Levante	
-0.75
+0.75
1.95
1.80
 
 	
2.25
1.75
 	
2.00
 	
1.75
3.50
4.70
1.17
1.28
2.00
1.5
1.0
1.85
2.55
1.90
1.48
 	 1:2(0:1)  
178	26/02
13:00	 Villarreal
Athletic Bilbao	
-0.25
+0.25
1.95
1.85
 
 	
2.5
1.90
1.85
2.25
3.40
3.10
1.35
1.30
1.62
1.5
1.0
2.20
1.75
1.65
2.00
 	 2:2(1:0)  
179	26/02
17:00	 Rayo Vallecano
Real Madrid	
+1.25
-1.25
2.00
1.80
 
 	
3.0
1.72
2.05
8.00
5.00
1.37
3.10
1.17
1.08
1.0
2.0
2.30
1.62
1.57
2.25
 	 0:1(0:0)  
180	26/02
19:00	 Valencia
Sevilla	
-0.75
+0.75
2.00
1.75
 
 	
2.5
1.80
1.95
1.80
3.70
4.30
1.22
1.27
2.00
1.5
1.0
1.80
2.00
1.95
1.75
 	 1:2(1:1)  
181	26/02
19:00	 Osasuna
Granada	
-0.25
+0.25
1.62
2.00
 
 	
2.25
1.85
 	
1.90
 	
1.90
3.40
4.20
1.22
1.32
1.90
1.5
1.0
2.10
2.30
1.70
1.57
 	 2:1(2:1)  
182	26/02
19:00	 Real Sociedad
Mallorca	
-0.25
+0.25
1.85
1.95
 
 	
2.25
1.90
 	
1.85
 	
2.15
3.25
3.50
1.30
1.33
1.70
1.5
1.0
2.30
2.10
1.57
1.70
 	 1:0(0:0)  
183	26/02
22:30	 Atletico Madrid
Barcelona	
+1.25
-1.25
1.75
2.00
 
 	
3.0
1.87
1.87
6.50
4.50
1.46
2.70
1.20
1.11
1.0
2.0
2.25
1.85
1.60
1.95
 	 1:2(0:1)  
196	03/03
19:00	 Mallorca
Osasuna	
-0.75
+0.75
2.05
1.72
 
 	
2.25
1.95
 	
1.80
 	
1.80
3.40
4.70
1.18
1.30
2.00
1.5
1.0
2.10
2.55
1.70
1.48
 	 1:1(0:1)  
197	03/03
19:00	 Getafe
Malaga	
-0.25
+0.25
2.00
1.75
 
 	
2.5
1.95
1.80
2.35
3.35
2.95
1.38
1.32
1.57
1.5
1.0
2.30
1.65
1.60
2.15
 	 1:3(1:0)  
198	03/03
19:00	 Rayo Vallecano
Racing Santander	
-0.75
+0.75
1.95
1.85
 
 	
2.5
1.95
1.80
1.72
3.60
4.80
1.16
1.27
2.10
1.5
1.0
1.87
2.35
1.87
1.57
 	 4:2(1:2)  
199	03/03
21:00	 Barcelona
Sporting Gijon	
-2.75
+2.75
1.80
1.95
 
 	
3.5
1.80
1.95
1.07
11.00
22.00
1.01
1.02
7.50
3.0
1.0
1.65
5.50
2.15
1.13
 	 3:1(1:0)  
200	03/03
23:00	 Sevilla
Atletico Madrid	
-0.25
+0.25
1.85
1.95
 
 	
2.25
1.80
 	
1.95
 	
2.15
3.30
3.40
1.30
1.32
1.67
1.5
1.0
2.20
2.00
1.62
1.80
 	 1:1(0:1)  
202	04/03
13:00	 Real Zaragoza
Villarreal	
+0.25
-0.25
1.75
2.05
 
 	
2.25
1.75
 	
2.00
 	
2.90
3.30
2.40
1.55
1.32
1.40
1.0
1.0
1.75
1.60
2.00
2.30
 	 2:1(0:1)  
203	04/03
17:00	 Athletic Bilbao
Real Sociedad	
-0.75
+0.75
1.75
2.05
 
 	
2.75
1.90
 	
1.85
 	
1.60
3.90
5.50
1.13
1.25
2.30
1.5
1.0
1.65
2.25
2.15
1.60
 	 2:0(1:0)  
204	04/03
19:00	 Granada
Valencia	
+0.25
-0.25
1.95
1.80
 
 	
2.5
1.87
1.87
3.40
3.40
2.10
1.70
1.30
1.30
1.0
1.5
1.85
2.05
1.95
1.72
 	 0:1(0:1)  
205	04/03
22:30	 Real Madrid
Espanyol	
-2.25
+2.25
1.80
1.95
 
 	
3.75
1.87
 	
1.87
 	
1.13
8.50
17.00
1.02
1.06
5.70
3.0
1.0
1.85
3.20
1.90
1.32
 	 5:0(2:0)  
206	05/03
22:00	 Levante
Real Betis	
0
0
1.75
2.00
  	
2.25
1.85
 	
1.90
 	
2.50
3.25
2.80
1.42
1.32
1.50
1.0
1.0
1.65
1.75
2.15
2.00
 	 3:1(2:1)  
193	10/03
19:00	 Real Sociedad
Real Zaragoza	
-0.75
+0.75
1.90
1.85
 
 	
2.5
1.90
1.85
1.72
3.70
4.70
1.17
1.26
2.10
1.5
1.0
1.85
2.30
1.90
1.57
 	 3:0(3:0)  
194	10/03
19:00	 Malaga
Levante	
–1.0
+1.0
1.75
2.00
  	
2.75
1.85
 	
1.90
 	
1.47
4.30
6.80
1.10
1.22
2.65
2.0
1.0
1.95
2.55
1.80
1.40
 	 1:0(0:0)  
195	10/03
21:00	 Sporting Gijon
Sevilla	
+0.25
-0.25
1.85
1.90
 
 	
2.25
1.75
 	
2.00
 	
3.20
3.30
2.25
1.62
1.32
1.35
1.0
1.5
1.85
2.25
1.90
1.60
 	 1:0(1:0)  
196	10/03
23:00	 Real Betis
Real Madrid	
+1.25
-1.25
1.75
2.00
 
 	
3.0
1.80
1.95
6.70
4.50
1.45
2.70
1.22
1.11
1.0
2.0
2.15
1.75
1.65
2.05
 	 2:3(1:1)  
198	11/03
13:00	 Atletico Madrid
Granada	
–1.5
+1.5
1.95
1.80
  	
3.0
2.00
1.80
1.33
5.00
9.00
1.05
1.16
3.25
2.0
1.0
1.72
3.00
2.05
1.36
 	 2:0(1:0)  
199	11/03
13:00	 Espanyol
Rayo Vallecano	
-0.25
+0.25
1.75
2.00
 
 	
2.5
1.95
1.80
2.05
3.40
3.60
1.28
1.32
1.75
1.5
1.0
2.10
1.95
1.70
1.80
 	 5:1(4:0)  
200	11/03
17:00	 Valencia
Mallorca	
–1.0
+1.0
1.90
1.85
  	
2.5
1.85
1.90
1.53
4.00
6.50
1.11
1.25
2.50
1.5
1.0
1.67
2.75
2.15
1.42
 	 2:2(2:0)  
201	11/03
19:00	 Racing Santander
Barcelona	
+2.0
–2.0
1.75
2.00
  	
3.0
1.87
1.87
16.00
6.30
1.18
4.60
1.11
1.02
1.0
2.5
4.80
1.95
1.16
1.80
 	 0:2(0:1)  
202	11/03
22:30	 Osasuna
Athletic Bilbao	
0
0
2.00
1.80
  	
2.25
1.80
 	
1.95
 	
2.80
3.30
2.50
1.52
1.32
1.42
1.0
1.0
1.75
1.65
2.05
2.20
 	 2:1(2:0)  
203	12/03
22:00	 Villarreal
Getafe	
-0.25
+0.25
1.70
2.10
 
 	
2.5
1.95
1.80
1.95
3.50
3.80
1.25
1.30
1.85
1.5
1.0
2.05
2.05
1.75
1.75
 	 1:2(1:1)  
170	17/03
19:00	 Granada
Sporting Gijon	
-0.75
+0.75
1.95
1.80
 
 	
2.5
1.95
1.80
1.75
3.60
4.70
1.18
1.28
2.05
1.5
1.0
1.87
2.35
1.87
1.55
 	 2:1(2:0)  
171	17/03
19:00	 Real Zaragoza
Osasuna	
0
0
1.87
1.87
  	
2.25
1.87
 	
1.87
 	
2.65
3.25
2.65
1.47
1.33
1.47
1.0
1.0
1.75
1.75
2.05
2.05
 	 1:1(0:0)  
172	17/03
19:00	 Getafe
Real Sociedad	
-0.25
+0.25
1.72
2.05
 
 	
2.25
1.85
 	
1.90
 	
2.00
3.35
3.80
1.25
1.32
1.80
1.5
1.0
2.10
2.25
1.70
1.62
 	 1:0(0:0)  
173	17/03
21:00	 Sevilla
Barcelona	
+1.5
–1.5
1.95
1.80
  	
3.25
2.00
 	
1.75
 	
9.00
5.30
1.30
3.40
1.14
1.05
1.0
2.5
2.65
2.00
1.45
1.75
 	 0:2(0:2)  
174	17/03
23:00	 Rayo Vallecano
Real Betis	
-0.25
+0.25
2.00
1.80
 
 	
2.75
1.95
 	
1.80
 	
2.30
3.40
3.05
1.37
1.32
1.62
1.5
1.0
2.05
1.62
1.72
2.25
 	 3:0(0:0)  
176	18/03
13:00	 Levante
Villarreal	
0
0
1.80
1.95
  	
2.5
2.00
1.80
2.50
3.30
2.75
1.42
1.32
1.50
1.0
1.0
1.62
1.70
2.25
2.10
 	 1:0(0:0)  
177	18/03
17:00	 Mallorca
Atletico Madrid	
+0.25
-0.25
1.72
2.05
 
 	
2.25
1.85
 	
1.90
 	
2.90
3.25
2.45
1.53
1.33
1.40
1.0
1.0
1.80
1.65
1.95
2.15
 	 2:1(0:0)  
178	18/03
19:00	 Athletic Bilbao
Valencia	
-0.25
+0.25
1.95
1.85
 
 	
2.5
1.85
1.90
2.25
3.40
3.10
1.35
1.30
1.62
1.5
1.0
2.10
1.70
1.70
2.10
 	 0:3(0:1)  
179	18/03
22:30	 Real Madrid
Malaga	
-2.25
+2.25
1.95
1.80
 
 	
3.75
1.80
 	
1.95
 	
1.17
7.50
13.00
1.02
1.07
4.80
3.0
1.0
1.85
2.60
1.90
1.47
 	 1:1(1:0)  
180	19/03
22:00	 Espanyol
Racing Santander	
-0.75
+0.75
1.87
1.87
 
 	
2.5
1.95
1.80
1.70
3.70
5.00
1.16
1.27
2.15
1.5
1.0
1.85
2.40
1.90
1.53
 	 3:1(2:1)  
135	20/03
21:00	 Osasuna
Getafe	
-0.25
+0.25
1.95
1.80
 
 	
2.25
1.90
 	
1.85
 	
2.30
3.20
3.20
1.35
1.35
1.60
1.0
1.0
1.62
1.95
2.25
1.80
 	 0:0(0:0)  
136	20/03
22:00	 Barcelona
Granada	
–3.5
+3.5
1.95
1.80
  	
4.0
1.70
2.10
1.04
14.00
35.00
 	
1.01
10.00
3.5
1.0
1.67
7.00
2.15
1.10
 	 5:3(2:0)  
524	21/03
21:00	 Real Sociedad
Levante	
-0.25
+0.25
1.70
2.10
 
 	
2.25
1.80
 	
1.95
 	
1.95
3.40
3.90
1.25
1.30
1.85
1.5
1.0
2.05
2.15
1.72
1.67
 	 1:3(1:2)  
525	21/03
21:00	 Sporting Gijon
Mallorca	
-0.25
+0.25
1.95
1.85
 
 	
2.25
1.90
 	
1.85
 	
2.25
3.20
3.20
1.32
1.32
1.60
1.0
1.0
1.60
2.00
2.25
1.75
 	 2:3(1:1)  
82	22/03
21:00	 Racing Santander
Sevilla	
+0.25
-0.25
1.87
1.87
 
 	
2.25
1.75
 	
2.00
 	
3.30
3.30
2.20
1.65
1.32
1.32
1.0
1.5
1.95
2.25
1.80
1.60
 	 0:3(0:1)  
83	22/03
21:00	 Real Betis
Espanyol	
-0.25
+0.25
1.65
2.20
 
 	
2.5
1.90
1.85
1.90
3.50
4.10
1.23
1.30
1.90
1.5
1.0
2.00
2.05
1.75
1.72
 	 1:1(0:0)  
84	22/03
23:00	 Malaga
Rayo Vallecano	
-0.75
+0.75
1.85
1.90
 
 	
2.75
1.85
 	
1.90
 	
1.65
3.90
4.80
1.16
1.23
2.15
2.0
1.0
2.20
2.15
1.65
1.67
 	 4:2(1:1)  
972	24/03
19:00	 Mallorca
Barcelona	
+1.75
-1.75
1.95
1.80
 
 	
3.25
1.90
 	
1.85
 	
13.00
6.20
1.22
4.20
1.12
1.02
1.0
2.5
3.20
1.87
1.32
1.87
 	 0:2(0:1)  
973	24/03
21:00	 Real Madrid
Real Sociedad	
–2.5
+2.5
1.95
1.80
  	
3.5
1.85
1.90
1.11
8.50
22.00
1.01
1.06
6.20
3.0
1.0
1.90
4.50
1.85
1.18
 	 5:1(3:1)  
974	24/03
23:00	 Getafe
Valencia	
+0.25
-0.25
1.80
1.95
 
 	
2.5
1.87
1.87
3.00
3.40
2.30
1.60
1.30
1.37
1.0
1.5
1.70
2.15
2.10
1.65
 	 3:1(3:1)  
975	25/03
13:00	 Real Zaragoza
Atletico Madrid	
+0.75
-0.75
1.75
2.00
 
 	
2.5
1.95
1.80
4.40
3.60
1.80
2.00
1.28
1.20
1.0
1.5
2.25
1.90
1.60
1.85
 	 1:0(0:0)  
976	25/03
17:00	 Levante
Osasuna	
-0.25
+0.25
1.80
1.95
 
 	
2.25
1.80
 	
1.95
 	
2.10
3.40
3.50
1.30
1.32
1.72
1.5
1.0
2.15
2.00
1.65
1.75
 	 0:2(0:1)  
977	25/03
17:00	 Espanyol
Malaga	
0
0
1.75
2.00
  	
2.5
1.80
1.95
2.45
3.40
2.80
1.42
1.32
1.55
1.5
1.5
2.20
2.35
1.62
1.57
 	 1:2(1:0)  
978	25/03
19:00	 Athletic Bilbao
Sporting Gijon	
-1.25
+1.25
1.80
1.95
 
 	
2.75
1.75
 	
2.00
 	
1.36
4.90
8.00
1.06
1.16
3.05
2.0
1.0
1.75
2.80
2.00
1.40
 	 1:1(0:0)  
979	25/03
20:45	 Real Betis
Racing Santander	
-0.75
+0.75
1.80
2.00
 
 	
2.5
1.90
1.85
1.62
3.80
5.50
1.14
1.25
2.25
1.62
3.80
5.50
1.14
1.25
2.25 
 	 1:1(1:0)  
980	25/03
20:45	 Rayo Vallecano
Villarreal	
-0.25
+0.25
1.90
1.85
 
 	
2.5
1.87
1.87
2.20
3.40
3.20
1.35
1.30
1.65
1.62
3.80
5.50
1.14
1.25
2.25 
 	 0:2(0:1)  
981	26/03
22:00	 Granada
Sevilla	
+0.25
-0.25
1.72
2.05
 
 	
2.25
1.85
 	
1.90
 	
2.90
3.30
2.40
1.55
1.32
1.40
1.62
3.80
5.50
1.14
1.25
2.25 
 	 0:3(0:1)  
182	31/03
19:00	 Racing Santander
Granada	
-0.25
+0.25
1.80
1.95
 
 	
2.25
1.85
 	
1.90
 	
2.10
3.30
3.50
1.28
1.32
1.70
1.5
1.0
2.25
2.05
1.62
1.72
 	 0:1(0:0)  
183	31/03
19:00	 Sporting Gijon
Real Zaragoza	
-0.25
+0.25
1.75
2.00
 
 	
2.25
1.80
 	
1.95
 	
2.05
3.40
3.60
1.28
1.32
1.75
1.5
1.0
2.15
2.05
1.65
1.75
 	 1:2(0:1)  
184	31/03
21:00	 Osasuna
Real Madrid	
+1.25
-1.25
1.87
1.87
 
 	
3.0
1.90
1.85
7.50
4.70
1.40
2.90
1.18
1.08
1.0
2.0
2.50
1.75
1.50
2.00
 	 1:5(0:3)  
185	31/03
23:00	 Malaga
Real Betis	
-0.75
+0.75
1.80
1.95
 
 	
2.75
1.90
 	
1.85
 	
1.65
3.90
5.00
1.16
1.25
2.20
1.5
1.0
1.65
2.15
2.15
1.65
 	 0:2(0:2)  
186	31/03
23:00	 Barcelona
Athletic Bilbao	
–2.5
+2.5
1.80
1.95
  	
3.75
1.90
 	
1.85
 	
1.10
9.50
22.00
1.01
1.05
6.70
3.0
1.0
1.72
4.50
2.05
1.18
 	 2:0(1:0)  
188	01/04
13:00	 Atletico Madrid
Getafe	
–1.0
+1.0
1.85
1.90
  	
2.75
1.95
 	
1.80
 	
1.50
4.20
6.50
1.11
1.22
2.55
1.5
1.0
1.62
2.60
2.25
1.47
 	 3:0(1:0)  
189	01/04
19:00	 Valencia
Levante	
–1.0
+1.0
1.95
1.80
  	
2.75
1.95
 	
1.80
 	
1.57
3.90
5.90
1.12
1.25
2.35
1.5
1.0
1.65
2.40
2.20
1.53
 	 1:1(1:0)  
190	01/04
22:30	 Villarreal
Espanyol	
-0.25
+0.25
1.70
2.10
 
 	
2.5
1.95
1.80
1.95
3.40
3.90
1.25
1.30
1.85
1.5
1.0
2.05
2.05
1.75
1.75
 	 0:0(0:0)  
191	01/04
22:30	 Real Sociedad
Rayo Vallecano	
-0.25
+0.25
1.80
1.95
 
 	
2.5
1.87
1.87
2.10
3.40
3.50
1.30
1.32
1.72
1.5
1.0
2.05
1.80
1.72
1.95
 	 4:0(2:0)  
192	02/04
22:00	 Sevilla
Mallorca	
-0.75
+0.75
1.85
1.90
 
 	
2.5
1.87
1.87
1.67
3.75
5.00
1.16
1.25
2.15
1.5
1.0
1.80
2.35
2.00
1.55
 	 3:1(0:0)  
199	07/04
19:00	 Getafe
Sporting Gijon	
-0.75
+0.75
1.87
1.87
 
 	
2.25
1.80
 	
1.95
 	
1.70
3.60
5.00
1.15
1.27
2.10
1.5
1.0
1.87
2.60
1.87
1.47
 	 2:0(1:0)  
200	07/04
19:00	 Rayo Vallecano
Osasuna	
-0.25
+0.25
1.65
2.20
 
 	
2.5
1.90
1.85
1.90
3.50
4.00
1.23
1.30
1.90
1.5
1.0
2.00
2.00
1.75
1.75
 	 6:0(4:0)  
201	07/04
19:00	 Espanyol
Real Sociedad	
-0.75
+0.75
1.85
1.90
 
 	
2.5
1.75
2.00
1.70
3.75
5.00
1.17
1.27
2.15
1.5
1.0
1.65
2.30
2.15
1.57
 	 2:2(1:2)  
202	07/04
21:00	 Real Zaragoza
Barcelona	
+2.25
-2.25
1.87
1.87
 
 	
3.25
1.85
 	
1.90
 	
20.00
8.00
1.13
5.80
1.07
1.01
1.0
3.0
5.00
2.10
1.15
1.70
 	 1:4(1:2)  
203	07/04
23:00	 Real Betis
Villarreal	
-0.25
+0.25
1.90
1.85
 
 	
2.25
1.80
 	
1.95
 	
2.25
3.20
3.30
1.32
1.35
1.62
1.5
1.0
2.20
2.00
1.62
1.80
 	 3:1(2:0)  
205	08/04
13:00	 Levante
Atletico Madrid	
+0.25
-0.25
1.90
1.85
 
 	
2.5
1.95
1.80
3.30
3.40
2.15
1.70
1.30
1.32
1.0
1.5
1.87
2.15
1.87
1.65
 	 2:0(2:0)  
206	08/04
17:00	 Mallorca
Granada	
-0.75
+0.75
2.10
1.70
 
 	
2.5
1.95
1.80
1.85
3.50
4.30
1.22
1.30
1.95
1.5
1.0
1.95
2.20
1.80
1.65
 	 0:0(0:0)  
207	08/04
19:00	 Athletic Bilbao
Sevilla	
-0.25
+0.25
2.00
1.80
 
 	
2.75
1.95
 	
1.80
 	
2.30
3.40
3.00
1.37
1.30
1.60
1.5
1.5
2.10
2.35
1.70
1.55
 	 1:0(0:0)  
208	08/04
22:30	 Real Madrid
Valencia	
–2.0
+2.0
1.90
1.85
  	
3.5
1.75
2.00
1.20
7.00
12.00
1.03
1.10
4.50
3.0
1.0
2.05
2.50
1.72
1.50
 	 0:0(0:0)  
209	09/04
22:00	 Malaga
Racing Santander	
–1.5
+1.5
2.00
1.80
  	
2.75
1.75
 	
2.00
 	
1.35
4.90
8.50
1.06
1.16
3.15
2.0
1.0
1.72
3.00
2.05
1.36
 	 3:0(1:0)  
107	10/04
21:00	 Osasuna
Espanyol	
0
0
1.95
1.80
  	
2.5
2.00
1.80
2.75
3.30
2.50
1.50
1.32
1.42
1.0
1.0
1.70
1.62
2.10
2.25
 	 2:0(0:0)  
108	10/04
21:00	 Real Sociedad
Real Betis	
-0.25
+0.25
1.95
1.85
 
 	
2.75
1.95
 	
1.80
 	
2.25
3.40
3.10
1.35
1.30
1.62
1.5
1.0
2.05
1.62
1.72
2.20
 	 1:1(0:0)  
109	10/04
22:00	 Barcelona
Getafe	
–3.0
+3.0
1.95
1.80
  	
3.75
1.87
 	
1.87
 	
1.07
12.00
25.00
 	
1.03
8.50
3.5
1.0
2.00
5.00
1.75
1.15
 	 4:0(2:0)  
110	11/04
21:00	 Valencia
Rayo Vallecano	
-1.25
+1.25
1.95
1.80
 
 	
3.0
1.85
1.90
1.45
4.60
6.50
1.10
1.20
2.70
2.0
1.0
1.75
2.25
2.00
1.62
 	 4:1(1:0)  
111	11/04
21:00	 Granada
Athletic Bilbao	
0
0
1.95
1.80
  	
2.75
1.95
 	
1.80
 	
2.75
3.40
2.50
1.53
1.32
1.45
1.5
1.5
2.25
2.20
1.60
1.65
 	 2:2(1:0)  
112	11/04
21:00	 Sporting Gijon
Levante	
-0.25
+0.25
2.05
1.75
 
 	
2.25
1.80
 	
1.95
 	
2.40
3.30
2.90
1.40
1.32
1.55
1.0
1.0
1.60
1.75
2.25
2.00
 	 3:2(1:1)  
113	11/04
23:00	 Atletico Madrid
Real Madrid	
+1.0
–1.0
1.80
1.95
  	
3.0
1.80
1.95
5.50
4.20
1.57
2.40
1.22
1.14
1.0
2.0
1.90
1.90
1.85
1.85
 	 1:4(0:1)  
114	12/04
21:00	 Villarreal
Malaga	
0
0
1.72
2.05
  	
2.5
1.80
1.95
2.40
3.30
2.85
1.40
1.30
1.53
2.40
3.30
2.85
1.40
1.30
1.53 
 	 2:1(0:0)  
115	12/04
22:00	 Racing Santander
Mallorca	
0
0
1.87
1.87
  	
2.25
1.80
 	
1.95
 	
2.65
3.20
2.65
1.45
1.33
1.45
2.40
3.30
2.85
1.40
1.30
1.53 
 	 0:3(0:1)  
116	12/04
23:00	 Sevilla
Real Zaragoza	
-1.25
+1.25
1.90
1.85
 
 	
2.75
1.80
 	
1.95
 	
1.45
4.30
6.70
1.10
1.20
2.65
2.40
3.30
2.85
1.40
1.30
1.53 
 	 3:0(3:0)  
199	14/04
21:00	 Real Madrid
Sporting Gijon	
–3.0
+3.0
1.80
1.95
  	
4.25
1.95
 	
1.80
 	
1.05
15.00
30.00
 	
1.01
10.00
3.5
1.0
1.75
4.50
2.05
1.18
 	 3:1(1:1)  
200	14/04
23:00	 Levante
Barcelona	
+2.0
–2.0
1.95
1.80
  	
3.25
1.85
 	
1.90
 	
16.00
7.20
1.16
5.00
1.08
1.01
1.0
2.5
4.00
1.75
1.22
2.05
 	 1:2(1:0)  
201	15/04
13:00	 Espanyol
Valencia	
+0.25
-0.25
1.80
2.00
 
 	
2.5
1.85
1.90
3.00
3.40
2.30
1.60
1.30
1.37
1.0
1.5
1.65
2.15
2.15
1.65
 	 4:0(2:0)  
202	15/04
17:00	 Villarreal
Racing Santander	
-1.25
+1.25
1.87
1.87
 
 	
2.75
1.95
 	
1.80
 	
1.40
4.50
8.00
1.07
1.20
2.90
2.0
1.0
1.95
3.20
1.80
1.33
 	 1:1(0:0)  
203	15/04
17:00	 Malaga
Real Sociedad	
-1.25
+1.25
1.95
1.80
 
 	
3.0
1.85
1.90
1.45
4.60
6.50
1.10
1.20
2.70
2.0
1.0
1.75
2.25
2.00
1.62
 	 1:1(1:0)  
204	15/04
17:00	 Real Betis
Osasuna	
-0.25
+0.25
1.65
2.15
 
 	
2.5
1.90
1.85
1.85
3.60
4.20
1.22
1.28
1.95
1.5
1.0
1.95
2.10
1.85
1.70
 	 1:0(1:0)  
205	15/04
17:00	 Real Zaragoza
Granada	
-0.25
+0.25
1.75
2.00
 
 	
2.5
1.80
1.95
2.05
3.50
3.50
1.30
1.30
1.75
1.5
1.0
1.95
1.80
1.80
1.95
 	 1:0(1:0)  
206	15/04
19:00	 Athletic Bilbao
Mallorca	
–1.0
+1.0
1.87
1.87
  	
2.75
1.85
 	
1.90
 	
1.53
4.20
5.70
1.13
1.22
2.45
2.0
1.0
2.05
2.30
1.72
1.57
 	 1:0(1:0)  
207	15/04
22:30	 Rayo Vallecano
Atletico Madrid	
+0.25
-0.25
1.95
1.85
 
 	
2.75
1.80
 	
1.95
 	
3.20
3.60
2.10
1.70
1.27
1.33
1.0
1.5
1.60
1.87
2.25
1.87
 	 0:1(0:0)  
208	16/04
22:00	 Getafe
Sevilla	
0
0
1.90
1.85
  	
2.5
1.87
1.87
2.65
3.40
2.55
1.50
1.30
1.47
1.0
1.5
1.60
2.30
2.25
1.57
 	 5:1(1:1)  
187	21/04
19:00	 Sporting Gijon
Rayo Vallecano	
-0.25
+0.25
1.87
1.87
 
 	
2.75
1.85
 	
1.90
 	
2.15
3.55
3.10
1.35
1.28
1.65
1.5
1.0
1.90
1.62
1.85
2.20
 	 2:1(1:0)  
188	21/04
19:00	 Mallorca
Real Zaragoza	
-0.75
+0.75
2.00
1.75
 
 	
2.5
1.90
1.85
1.80
3.60
4.20
1.20
1.27
1.95
1.5
1.0
1.85
2.15
1.90
1.65
 	 1:0(1:0)  
189	21/04
21:00	 Barcelona
Real Madrid	
–1.0
+1.0
2.00
1.75
  	
3.0
1.80
1.95
1.60
4.30
4.90
1.17
1.22
2.30
2.0
1.0
1.95
1.87
1.80
1.87
 	 1:2(0:1)  
190	21/04
23:30	 Sevilla
Levante	
–1.0
+1.0
1.80
1.95
  	
2.75
1.80
 	
1.95
 	
1.50
4.20
6.30
1.11
1.22
2.55
2.0
1.0
2.00
2.35
1.75
1.55
 	 1:1(1:1)  
192	22/04
13:00	 Granada
Getafe	
-0.25
+0.25
1.90
1.85
 
 	
2.5
1.85
1.90
2.20
3.35
3.20
1.33
1.30
1.65
1.5
1.0
2.10
1.72
1.70
2.05
 	 1:0(1:0)  
193	22/04
13:00	 Real Sociedad
Villarreal	
-0.25
+0.25
2.05
1.72
 
 	
2.5
1.87
1.87
2.40
3.20
3.00
1.37
1.33
1.55
1.5
1.0
2.25
1.65
1.62
2.15
 	 1:1(0:1)  
194	22/04
17:00	 Racing Santander
Athletic Bilbao	
+0.25
-0.25
2.10
1.70
 
 	
2.5
1.85
1.90
3.70
3.50
1.95
1.80
1.28
1.25
1.0
1.5
1.90
1.95
1.85
1.80
 	 0:1(0:1)  
195	22/04
19:00	 Atletico Madrid
Espanyol	
-0.75
+0.75
1.75
2.00
 
 	
2.75
1.85
 	
1.90
 	
1.62
4.00
5.30
1.15
1.25
2.30
2.0
1.0
2.15
2.10
1.65
1.70
 	 3:1(1:1)  
196	22/04
22:30	 Valencia
Real Betis	
–1.0
+1.0
2.00
1.75
  	
2.75
1.80
 	
1.95
 	
1.60
4.00
5.30
1.14
1.23
2.30
2.0
1.0
2.05
2.15
1.72
1.65
 	 4:0(1:0)  
197	23/04
22:00	 Osasuna
Malaga	
+0.25
-0.25
1.85
1.95
 
 	
2.75
1.90
 	
1.85
 	
3.10
3.35
2.25
1.62
1.30
1.35
1.0
1.5
1.60
2.00
2.25
1.75
 	 1:1(0:0) 
187	28/04
19:00	 Real Sociedad
Racing Santander	
-1.25
+1.25
1.87
1.87
 
 	
2.75
1.95
 	
1.80
 	
1.40
4.50
7.50
1.07
1.18
2.80
2.0
1.0
1.95
3.20
1.80
1.33
 	 3:0(0:0)  
188	28/04
19:00	 Espanyol
Sporting Gijon	
–1.0
+1.0
1.87
1.87
  	
2.75
1.80
 	
1.95
 	
1.53
4.20
5.80
1.12
1.22
2.45
2.0
1.0
2.05
2.25
1.75
1.60
 	 0:3(0:0)  
189	28/04
19:00	 Levante
Granada	
-0.25
+0.25
1.65
2.15
 
 	
2.5
1.85
1.90
1.90
3.60
3.90
1.25
1.28
1.90
1.5
1.0
1.90
1.95
1.85
1.80
 	 3:1(0:0)  
190	28/04
19:00	 Getafe
Mallorca	
-0.75
+0.75
2.05
1.75
 
 	
2.25
1.80
 	
1.95
 	
1.80
3.50
4.50
1.20
1.30
2.00
1.5
1.0
1.95
2.35
1.80
1.55
 	 1:3(0:1)  
191	28/04
23:00	 Villarreal
Osasuna	
–1.0
+1.0
2.00
1.75
  	
2.25
1.75
 	
2.00
 	
1.55
3.90
6.20
1.11
1.25
2.40
1.5
1.0
1.72
2.75
2.05
1.42
 	 1:1(1:0)  
193	29/04
13:00	 Real Madrid
Sevilla	
–2.0
+2.0
1.95
1.80
  	
3.75
1.87
 	
1.87
 	
1.23
6.50
11.00
1.03
1.11
4.20
2.5
1.0
1.65
2.30
2.15
1.57
 	 3:0(1:0)  
194	29/04
17:00	 Real Zaragoza
Athletic Bilbao	
+0.25
-0.25
1.80
1.95
 
 	
2.75
1.95
 	
1.80
 	
3.00
3.50
2.25
1.62
1.30
1.37
1.0
1.5
1.62
2.05
2.20
1.72
 	 2:0(1:0)  
195	29/04
19:00	 Malaga
Valencia	
-0.25
+0.25
1.85
1.90
 
 	
2.75
1.90
 	
1.85
 	
2.15
3.50
3.20
1.33
1.30
1.70
1.5
1.0
1.95
1.65
1.80
2.20
 	 1:0(1:0)  
196	29/04
20:45	 Real Betis
Atletico Madrid	
+0.25
-0.25
1.85
1.90
 
 	
2.5
1.80
1.95
3.10
3.50
2.20
1.65
1.30
1.35
1.0
1.5
1.70
2.05
2.10
1.72
 	 2:2(0:0)  
197	29/04
22:30	 Rayo Vallecano
Barcelona	
+1.25
-1.25
1.90
1.85
 
 	
3.25
1.80
 	
1.95
 	
7.00
5.00
1.40
2.95
1.17
1.10
1.0
2.5
2.00
2.10
1.75
1.70
 	 0:7(0:3)  
130	05/05
22:00	 Real Zaragoza
Racing Santander	
-1.25
+1.25
1.80
1.95
 
 	
2.75
1.85
 	
1.90
 	
1.32
5.00
9.00
1.04
1.15
3.20
2.0
1.0
1.72
3.80
2.05
1.25
 	 2:1(1:1)  
131	05/05
22:00	 Mallorca
Levante	
-0.75
+0.75
2.00
1.75
 
 	
2.5
1.95
1.80
1.80
3.60
4.40
1.20
1.28
2.00
1.5
1.0
1.90
2.25
1.85
1.60
 	 1:0(0:0)  
132	05/05
22:00	 Granada
Real Madrid	
+1.25
-1.25
1.75
2.00
 
 	
3.5
1.85
1.90
6.00
4.70
1.45
2.75
1.20
1.11
1.0
2.5
1.95
2.05
1.80
1.72
 	 1:2(1:0)  
133	05/05
22:00	 Sevilla
Rayo Vallecano	
-0.75
+0.75
2.05
1.72
 
 	
3.0
1.87
1.87
1.85
3.60
4.00
1.23
1.27
1.90
2.0
1.0
2.30
1.65
1.60
2.15
 	 5:2(2:1)  
134	05/05
22:00	 Barcelona
Espanyol	
-2.75
+2.75
1.90
1.85
 
 	
4.0
1.80
1.95
1.11
9.00
18.00
1.01
1.05
6.20
3.0
1.0
1.55
3.30
2.35
1.30
 	 4:0(1:0)  
135	05/05
22:00	 Sporting Gijon
Real Betis	
-0.75
+0.75
1.80
1.95
 
 	
2.75
1.80
 	
1.95
 	
1.65
3.90
4.80
1.16
1.23
2.15
1.5
1.0
1.62
2.00
2.20
1.75
 	 2:1(1:1)  
136	05/05
22:00	 Valencia
Villarreal	
-0.75
+0.75
2.00
1.75
 
 	
2.5
1.80
1.95
1.75
3.50
4.50
1.20
1.30
2.00
1.5
1.0
1.80
2.00
1.95
1.75
 	 1:0(0:0)  
137	05/05
22:00	 Osasuna
Real Sociedad	
-0.25
+0.25
1.75
2.00
 
 	
2.5
1.80
1.95
2.05
3.40
3.60
1.28
1.32
1.75
1.5
1.0
1.95
1.80
1.80
1.95
 	 1:0(1:0)  
138	05/05
22:00	 Atletico Madrid
Malaga	
-0.25
+0.25
1.70
2.10
 
 	
2.75
1.90
 	
1.85
 	
1.95
3.50
3.70
1.25
1.28
1.80
1.5
1.5
1.85
2.65
1.90
1.45
 	 2:1(0:1)  
139	05/05
22:00	 Athletic Bilbao
Getafe	
-0.25
+0.25
1.65
2.15
 
 	
2.5
1.80
1.95
1.90
3.40
4.00
1.22
1.30
1.85
1.5
1.0
1.90
1.95
1.85
1.80
 	 0:0(0:0)  
103	12/05
21:00	 Real Sociedad
Valencia	
-0.25
+0.25
1.95
1.80
 
 	
2.75
1.85
 	
1.90
 	
2.30
3.40
3.05
1.37
1.32
1.62
1.5
1.5
2.00
2.20
1.75
1.62
 	 1:0(0:0)  
104	12/05
23:00	 Real Betis
Barcelona	
+1.75
-1.75
1.90
1.85
 
 	
3.75
1.85
 	
1.90
 	
8.50
6.00
1.28
3.60
1.12
1.06
1.0
2.5
2.05
1.70
1.72
2.10
 	 2:2(0:1)  
105	13/05
21:00	 Getafe
Real Zaragoza	
+0.75
-0.75
2.00
1.75
 
 	
2.75
1.90
 	
1.85
 	
5.50
4.00
1.57
2.35
1.22
1.13
1.0
1.5
2.25
1.65
1.60
2.20
 	 0:2(0:0)  
106	13/05
21:00	 Levante
Athletic Bilbao	
–1.0
+1.0
1.95
1.80
  	
3.0
1.95
1.80
1.57
4.20
5.30
1.14
1.22
2.35
1.5
1.0
1.55
2.10
2.35
1.70
 	 3:0(1:0)  
107	13/05
21:00	 Real Madrid
Mallorca	
-2.25
+2.25
1.95
1.80
 
 	
4.0
1.80
1.95
1.18
8.00
10.00
1.03
1.06
4.50
3.0
1.0
1.75
2.20
2.00
1.62
 	 4:1(2:0)  
108	13/05
21:00	 Rayo Vallecano
Granada	
-0.75
+0.75
1.95
1.80
 
 	
3.0
1.95
1.80
1.75
3.60
4.70
1.18
1.28
2.05
1.5
1.0
1.62
1.75
2.20
2.00
 	 1:0(0:0)  
109	13/05
21:00	 Espanyol
Sevilla	
0
0
1.95
1.80
  	
3.25
1.95
 	
1.80
 	
2.65
3.60
2.45
1.53
1.27
1.47
1.5
1.5
1.90
1.85
1.85
1.90
 	 1:1(0:1)  
110	13/05
21:00	 Malaga
Sporting Gijon	
-1.75
+1.75
1.90
1.85
 
 	
3.25
1.95
 	
1.80
 	
1.25
5.80
10.00
1.03
1.12
3.75
2.5
1.0
1.95
3.00
1.80
1.36
 	 1:0(0:0)  
111	13/05
21:00	 Villarreal
Atletico Madrid	
-0.25
+0.25
1.90
1.85
 
 	
2.5
1.80
1.95
2.20
3.50
3.10
1.35
1.30
1.65
1.5
1.0
2.05
1.70
1.72
2.10
 	 0:1(0:0)  
112	13/05
21:00	 Racing Santander
Osasuna	
+0.75
-0.75
2.05
1.72
 
 	
2.75
1.87
 	
1.87
 	
5.50
4.20
1.57
2.40
1.22
1.14
1.0
1.5
2.25
1.62
1.60
2.20
 	 2:4(1:0)  
214	05/11
19:00	 Mallorca
Sevilla	
0
0
1.95
1.80
  	
2.25
1.87
 	
1.87
 	
2.80
3.20
2.55
1.50
1.33
1.42
1.0
1.0
1.87
1.70
1.87
2.10
 	 0:0(0:0)  
215	05/11
21:00	 Real Betis
Malaga	
0
0
1.75
2.05
  	
2.25
1.80
 	
1.95
 	
2.50
3.20
2.90
1.40
1.34
1.52
1.0
1.0
1.72
1.72
2.05
2.05
 	 0:0(0:0)  
216	05/11
23:00	 Levante
Valencia	
+0.25
-0.25
1.90
1.90
 
 	
2.25
1.80
 	
1.95
 	
3.20
3.40
2.20
1.65
1.30
1.34
1.0
1.0
2.05
1.55
1.72
2.35
 	 0:2(0:1)  
134	06/11
13:00	 Real Madrid
Osasuna	
-2.75
+2.75
1.85
1.90
 
 	
3.75
1.85
 	
1.90
 	
1.05
12.00
30.00
 	
1.02
8.70
3.0
1.0
1.70
5.50
2.10
1.13
 	 7:1(3:1)  
135	06/11
17:00	 Granada
Racing Santander	
-0.25
+0.25
1.72
2.10
 
 	
2.25
2.00
 	
1.75
 	
2.00
3.30
3.75
1.25
1.30
1.75
1.0
1.0
1.62
2.40
2.25
1.53
 	 0:0(0:0)  
136	06/11
17:00	 Real Zaragoza
Sporting Gijon	
-0.25
+0.25
1.80
1.95
 
 	
2.25
1.90
 	
1.85
 	
2.10
3.30
3.50
1.28
1.32
1.70
1.5
1.0
2.30
2.15
1.60
1.67
 	 2:2(1:2)  
137	06/11
19:00	 Rayo Vallecano
Real Sociedad	
-0.25
+0.25
1.85
1.90
 
 	
2.25
1.90
 	
1.85
 	
2.15
3.30
3.40
1.30
1.32
1.67
1.5
1.0
2.35
2.10
1.57
1.70
 	 4:0(1:0)  
138	06/11
19:00	 Espanyol
Villarreal	
-0.75
+0.75
2.10
1.70
 
 	
2.25
2.00
 	
1.75
 	
1.85
3.40
4.30
1.20
1.30
1.90
1.5
1.0
2.10
2.65
1.70
1.45
 	 0:0(0:0)  
139	06/11
21:00	 Athletic Bilbao
Barcelona	
+1.5
–1.5
1.95
1.80
  	
3.0
1.90
1.85
10.00
5.70
1.28
3.70
1.13
1.05
1.0
2.5
3.15
2.15
1.33
1.67
 	 2:2(1:1)  
140	06/11
23:00	 Getafe
Atletico Madrid	
+0.25
-0.25
1.90
1.85
 
 	
2.5
1.95
1.80
3.30
3.40
2.15
1.67
1.30
1.32
1.0
1.5
1.87
2.20
1.87
1.62
 	 3:2(1:1)  
110	20/11
17:00	 Osasuna
Rayo Vallecano	
-0.25
+0.25
1.67
2.15
 
 	
2.25
1.87
 	
1.87
 	
1.95
3.35
3.85
1.24
1.30
1.80
1.5
1.0
2.15
2.40
1.70
1.55
 	 0:0(0:0)  
124	15/01
13:00	 Atletico Madrid
Villarreal	
-0.75
+0.75
1.80
1.95
 
 	
2.5
1.87
1.87
1.65
3.80
5.20
1.15
1.25
2.20
1.5
1.0
1.75
2.40
2.00
1.53
 	 3:0(1:0)  
125	15/01
17:00	 Osasuna
Racing Santander	
-0.25
+0.25
1.75
2.00
 
 	
2.25
1.95
 	
1.80
 	
2.05
3.25
3.65
1.27
1.32
1.72
1.5
1.0
2.20
2.40
1.62
1.53
 	 0:2(0:1)  
126	15/01
19:00	 Athletic Bilbao
Levante	
–1.0
+1.0
1.87
1.87
  	
2.5
1.87
1.87
1.53
4.00
6.50
1.11
1.25
2.50
1.5
1.0
1.67
2.80
2.15
1.40
 	 3:0(2:0)  
120	22/01
19:00	 Malaga
Barcelona	
+1.5
–1.5
1.85
1.90
  	
2.75
1.75
 	
2.00
 	
9.00
5.20
1.32
3.30
1.15
1.05
1.0
2.0
3.20
1.72
1.32
2.05
 	 1:4(0:1)  
128	12/02
19:00	 Valencia
Sporting Gijon	
–1.5
+1.5
1.95
1.80
  	
2.75
1.90
 	
1.85
 	
1.32
5.00
9.70
1.04
1.16
3.30
2.0
1.0
1.80
3.60
1.95
1.27
 	 4:0(1:0) 
100	21/03
21:00	 Real Sociedad
Levante	
-0.75
+0.75
2.10
1.70
 
 	
2.25
1.75
 	
2.00
 	
1.85
3.50
4.30
1.22
1.30
1.95
1.5
1.0
1.95
2.20
1.80
1.62
 	 1:3(1:2)  
101	21/03
21:00	 Sporting Gijon
Mallorca	
-0.25
+0.25
1.95
1.85
 
 	
2.25
1.90
 	
1.85
 	
2.25
3.20
3.20
1.32
1.32
1.60
1.0
1.0
1.60
2.00
2.25
1.75
 	 2:3(1:1)  
102	21/03
21:00	 Atletico Madrid
Athletic Bilbao	
-0.75
+0.75
1.80
1.95
 
 	
2.75
1.85
 	
1.90
 	
1.62
4.00
5.00
1.17
1.25
2.25
1.5
1.0
1.67
2.05
2.15
1.72
 	 2:1(0:0)  
103	21/03
21:00	 Valencia
Real Zaragoza	
-1.75
+1.75
1.95
1.80
 
 	
3.0
1.90
1.85
1.25
5.70
12.00
1.03
1.13
3.90
2.5
1.0
2.10
3.50
1.70
1.28
 	 1:2(1:1)  
104	21/03
23:00	 Villarreal
Real Madrid	
+1.25
-1.25
1.95
1.80
 
 	
3.0
1.80
1.95
7.50
4.90
1.38
3.00
1.17
1.08
1.0
2.5
2.25
2.15
1.62
1.67
 	 1:1(0:0)  