424	03/10
22:00	 Getafe
Cordoba	
-0.25
+0.25
1.70
2.15
 
 	
2.0
2.05
1.77
2.00
3.15
4.30
1.22
1.36
1.83
1.0
1.0
1.67
3.00
2.15
1.36
 	 1:1(0:0)  
425	04/10
17:00	 Valencia
Atletico Madrid	
0
0
1.97
1.83
  	
2.25
2.00
 	
1.80
 	
2.80
3.20
2.60
1.50
1.35
1.44
1.0
1.0
1.87
1.80
1.87
2.00
 	 3:1(3:1)  
426	04/10
19:00	 Rayo Vallecano
Barcelona	
+1.75
-1.75
1.97
1.83
 
 	
3.5
1.93
1.87
10.50
6.50
1.25
4.10
1.12
1.05
1.0
2.5
2.65
1.80
1.45
2.00
 	 0:2(0:2)  
427	04/10
21:00	 Eibar
Levante	
-0.75
+0.75
2.12
1.72
 
 	
2.0
2.05
1.77
1.83
3.25
5.00
1.17
1.35
1.97
1.0
1.0
1.57
3.50
2.30
1.28
 	 3:3(0:2)  
428	04/10
23:00	 Malaga
Granada	
-0.75
+0.75
2.10
1.70
 
 	
2.0
1.83
1.97
1.85
3.40
4.70
1.20
1.33
1.97
1.5
1.0
2.20
2.90
1.62
1.38
 	 2:1(0:1)  
429	04/10
23:00	 Almeria
Elche	
-0.25
+0.25
1.93
1.87
 
 	
2.0
1.83
1.97
2.25
3.20
3.40
1.32
1.35
1.65
1.0
1.0
1.70
2.25
2.10
1.60
 	 2:2(1:1)  
430	05/10
13:00	 Sevilla
Deportivo La Coruna	
-1.25
+1.25
1.85
1.90
 
 	
2.75
1.90
 	
1.85
 	
1.37
4.50
8.50
1.05
1.18
2.94
2.0
1.0
1.90
3.15
1.85
1.33
 	 4:1(2:1)  
431	05/10
18:00	 Celta
Villarreal	
0
0
1.75
2.05
  	
2.5
1.95
1.80
2.45
3.30
2.85
1.42
1.32
1.55
1.0
1.0
1.57
1.70
2.30
2.10
 	 1:3(1:2)  
432	05/10
20:00	 Espanyol
Real Sociedad	
-0.25
+0.25
2.02
1.74
 
 	
2.25
1.87
 	
1.87
 	
2.36
3.20
3.00
1.36
1.32
1.55
1.0
1.0
1.62
1.87
2.20
1.87
 	 2:0(1:0)  
433	05/10
22:00	 Real Madrid
Athletic Bilbao	
–2.0
+2.0
1.95
1.80
  	
3.5
1.90
1.85
1.22
6.50
12.00
1.03
1.11
4.30
2.5
1.0
1.72
2.90
2.05
1.40
 	 5:0(2:0)  
434	17/10
22:00	 Granada
Rayo Vallecano	
-0.25
+0.25
1.87
1.87
 
 	
2.25
1.80
 	
1.94
 	
2.16
3.34
3.24
1.31
1.30
1.65
1.5
1.0
2.30
1.97
1.62
1.83
 	 0:1(0:0)  
435	18/10
17:00	 Levante
Real Madrid	
+2.0
–2.0
1.87
1.87
  	
3.5
1.95
1.80
13.00
7.00
1.18
4.55
1.08
1.01
1.0
2.5
3.20
1.75
1.32
2.05
 	 0:5(0:2)  
436	18/10
19:00	 Athletic Bilbao
Celta	
-0.25
+0.25
1.65
2.15
 
 	
2.5
1.85
1.90
1.88
3.57
3.87
1.23
1.27
1.86
1.5
1.0
1.90
1.95
1.85
1.80
 	 1:1(1:0)  
437	18/10
21:00	 Barcelona
Eibar	
-2.75
+2.75
1.97
1.78
 
 	
3.5
1.80
1.94
1.08
9.50
25.00
 	
1.04
7.00
3.0
1.0
1.75
5.20
2.00
1.14
 	 3:0(0:0)  
439	19/10
13:00	 Atletico Madrid
Espanyol	
-1.25
+1.25
1.78
1.97
 
 	
2.5
1.82
1.92
1.32
4.71
9.80
1.03
1.17
3.21
2.0
1.0
1.95
4.00
1.85
1.25
 	 2:0(1:0)  
440	19/10
18:00	 Deportivo La Coruna
Valencia	
+0.25
-0.25
2.05
1.72
 
 	
2.5
1.95
1.80
3.60
3.40
2.00
1.75
1.29
1.26
1.0
1.5
2.00
2.05
1.75
1.72
 	 3:0(2:0)  
441	19/10
20:00	 Elche
Sevilla	
+0.25
-0.25
2.03
1.73
 
 	
2.25
1.80
 	
1.94
 	
3.64
3.35
2.02
1.74
1.30
1.26
1.0
1.5
2.05
2.15
1.72
1.70
 	 0:2(0:0)  
442	19/10
22:00	 Villarreal
Almeria	
-1.25
+1.25
2.02
1.74
 
 	
2.75
1.92
 	
1.82
 	
1.42
4.40
7.00
1.07
1.18
2.70
2.0
1.0
2.00
2.80
1.75
1.40
 	 2:0(1:0)  
443	20/10
21:45	 Real Sociedad
Getafe	
–1.0
+1.0
1.95
1.80
  	
2.5
1.85
1.90
1.55
3.94
5.91
1.11
1.23
2.36
1.5
1.0
1.70
2.60
2.10
1.47
 	 1:2(0:0)  
479	24/10
22:00	 Celta
Levante	
–1.0
+1.0
1.75
2.00
  	
2.75
1.83
 	
1.97
 	
1.50
4.40
6.30
1.12
1.22
2.60
2.0
1.0
1.95
2.50
1.85
1.50
 	 3:0(1:0)  
480	25/10
17:00	 Almeria
Athletic Bilbao	
+0.25
-0.25
1.95
1.85
 
 	
2.25
1.80
 	
2.00
 	
3.40
3.40
2.15
1.70
1.32
1.32
1.0
1.5
2.00
2.20
1.80
1.67
 	 0:1(0:0)  
481	25/10
19:00	 Real Madrid
Barcelona	
-0.25
+0.25
2.05
1.80
 
 	
3.25
1.95
 	
1.85
 	
2.35
3.70
2.85
1.45
1.30
1.62
1.5
1.5
1.80
1.95
2.00
1.80
 	 3:1(1:1)  
482	25/10
21:00	 Valencia
Elche	
-1.25
+1.25
1.80
1.95
 
 	
2.75
1.90
 	
1.85
 	
1.36
4.75
8.70
1.06
1.18
3.10
2.0
1.0
1.85
3.20
1.90
1.32
 	 3:1(2:0)  
483	25/10
23:00	 Cordoba
Real Sociedad	
+0.25
-0.25
1.85
1.95
 
 	
2.25
1.85
 	
1.90
 	
3.20
3.20
2.25
1.60
1.32
1.32
1.0
1.5
1.95
2.35
1.85
1.55
 	 1:1(0:1)  
484	25/10
23:00	 Eibar
Granada	
-0.25
+0.25
1.80
2.00
 
 	
2.0
2.10
1.75
2.15
3.05
3.85
1.27
1.38
1.70
1.0
1.0
1.75
2.75
2.00
1.42
 	 1:1(1:1)  
485	26/10
13:00	 Malaga
Rayo Vallecano	
-0.75
+0.75
2.05
1.75
 
 	
2.5
2.00
1.80
1.80
3.60
4.50
1.20
1.30
2.00
1.5
1.0
1.90
2.30
1.85
1.57
 	 4:0(3:0)  
486	26/10
18:00	 Espanyol
Deportivo La Coruna	
-0.75
+0.75
2.00
1.76
 
 	
2.25
1.92
 	
1.82
 	
1.78
3.44
4.62
1.17
1.28
1.97
1.5
1.0
2.10
2.75
1.75
1.45
 	 0:0(0:0)  
487	26/10
20:00	 Sevilla
Villarreal	
-0.25
+0.25
1.80
2.05
 
 	
2.75
1.95
 	
1.80
 	
2.05
3.50
3.50
1.30
1.30
1.75
1.5
1.0
1.95
1.75
1.85
2.05
 	 2:1(0:0)  
488	26/10
22:00	 Getafe
Atletico Madrid	
+1.0
–1.0
1.85
1.95
  	
2.25
1.95
 	
1.85
 	
7.00
3.90
1.53
2.50
1.26
1.10
1.0
1.5
3.70
1.80
1.25
1.95
 	 0:1(0:1)  
489	31/10
21:45	 Deportivo La Coruna
Getafe	
-0.25
+0.25
1.75
2.10
 
 	
2.0
1.80
2.00
2.05
3.20
4.00
1.25
1.36
1.80
1.0
1.0
1.60
2.50
2.35
1.53
 	 1:2(0:1)  
490	01/11
17:00	 Granada
Real Madrid	
+1.75
-1.75
1.83
1.97
 
 	
3.25
1.95
 	
1.85
 	
10.50
6.00
1.27
3.85
1.13
1.05
1.0
2.5
2.90
1.95
1.38
1.80
 	 0:4(0:2)  
491	01/11
19:00	 Atletico Madrid
Cordoba	
-1.75
+1.75
1.85
1.95
 
 	
2.75
1.80
 	
2.00
 	
1.22
6.20
13.00
1.02
1.12
4.20
2.5
1.0
1.97
4.80
1.83
1.18
 	 4:2(1:0)  
492	01/11
21:00	 Barcelona
Celta	
-2.25
+2.25
1.80
1.95
 
 	
3.75
1.90
 	
1.85
 	
1.13
8.00
17.00
1.01
1.06
5.50
3.0
1.0
1.85
3.50
1.90
1.28
 	 0:1(0:0)  
493	01/11
23:00	 Real Sociedad
Malaga	
-0.75
+0.75
2.10
1.75
 
 	
2.5
1.85
1.95
1.85
3.70
4.20
1.23
1.28
2.00
1.5
1.0
1.90
2.05
1.90
1.77
 	 0:1(0:0)  
494	02/11
13:00	 Athletic Bilbao
Sevilla	
-0.25
+0.25
2.05
1.75
 
 	
2.5
1.85
1.90
2.35
3.40
2.90
1.40
1.30
1.57
1.5
1.0
2.15
1.65
1.65
2.15
 	 1:0(1:0)  
495	02/11
18:00	 Villarreal
Valencia	
-0.25
+0.25
1.93
1.87
 
 	
2.5
1.85
1.95
2.25
3.50
3.10
1.37
1.30
1.65
1.5
1.0
2.10
1.70
1.70
2.10
 	 1:3(0:1)  
496	02/11
20:00	 Levante
Almeria	
-0.25
+0.25
2.05
1.75
 
 	
2.25
2.00
 	
1.75
 	
2.40
3.15
3.10
1.36
1.35
1.57
1.0
1.0
1.72
2.00
2.05
1.75
 	 2:1(1:0)  
497	02/11
22:00	 Elche
Espanyol	
0
0
1.95
1.85
  	
2.0
1.85
1.90
2.80
3.10
2.65
1.47
1.36
1.44
1.0
1.0
2.00
1.90
1.75
1.85
 	 2:1(1:0)  
498	03/11
21:45	 Rayo Vallecano
Eibar	
-0.25
+0.25
1.80
2.05
 
 	
2.25
2.00
 	
1.80
 	
2.10
3.25
3.80
1.28
1.35
1.75
1.0
1.0
1.57
2.30
2.40
1.62
 	 2:3(0:1)  
485	07/11
21:45	 Cordoba
Deportivo La Coruna	
-0.25
+0.25
1.80
2.05
 
 	
2.0
1.85
1.95
2.10
3.15
3.90
1.27
1.36
1.75
1.0
1.0
1.65
2.55
2.25
1.52
 	 0:0(0:0)  
486	08/11
17:00	 Almeria
Barcelona	
+2.25
-2.25
1.75
2.05
 
 	
3.5
1.80
2.00
14.00
8.00
1.17
5.00
1.08
1.01
1.0
3.0
3.40
2.05
1.32
1.75
 	 1:2(1:0)  
487	08/11
19:00	 Getafe
Elche	
-0.25
+0.25
1.70
2.15
 
 	
2.0
1.87
1.93
2.00
3.20
4.10
1.23
1.35
1.80
1.0
1.0
1.60
2.65
2.25
1.45
 	 0:0(0:0)  
488	08/11
21:00	 Real Madrid
Rayo Vallecano	
–3.0
+3.0
1.83
1.97
  	
4.5
1.80
2.00
1.08
12.00
25.00
 	
1.04
8.20
4.0
1.0
2.00
2.80
1.75
1.40
 	 5:1(2:1)  
489	08/11
23:00	 Celta
Granada	
–1.0
+1.0
2.00
1.80
  	
2.5
1.80
2.00
1.57
4.10
5.80
1.14
1.25
2.40
1.5
1.0
1.65
2.50
2.15
1.50
 	 0:0(0:0)  
490	08/11
23:00	 Malaga
Eibar	
–1.0
+1.0
2.05
1.77
  	
2.25
1.90
 	
1.90
 	
1.57
3.80
6.50
1.11
1.27
2.40
1.5
1.0
1.85
3.30
1.95
1.30
 	 2:1(0:1)  
491	09/11
13:00	 Sevilla
Levante	
–1.5
+1.5
1.85
1.90
  	
2.75
1.80
 	
1.95
 	
1.28
5.50
10.00
1.04
1.13
3.55
2.0
1.0
1.70
3.70
2.10
1.25
 	 1:1(1:0)  
492	09/11
18:00	 Espanyol
Villarreal	
0
0
2.05
1.72
  	
2.25
1.80
 	
1.95
 	
2.90
3.20
2.45
1.53
1.33
1.40
1.0
1.0
1.75
1.60
2.00
2.25
 	 1:1(0:1)  
493	09/11
20:00	 Valencia
Athletic Bilbao	
-0.75
+0.75
1.75
2.05
 
 	
2.5
1.90
1.90
1.60
4.00
5.70
1.14
1.25
2.35
1.5
1.0
1.75
2.65
2.10
1.48
 	 0:0(0:0)  
494	09/11
22:00	 Real Sociedad
Atletico Madrid	
+0.75
-0.75
1.77
2.05
 
 	
2.25
1.90
 	
1.90
 	
4.80
3.50
1.80
2.05
1.32
1.20
1.0
1.5
2.55
2.00
1.48
1.75
 	 2:1(1:1)  
495	21/11
21:45	 Athletic Bilbao
Espanyol	
-0.25
+0.25
1.65
2.25
 
 	
2.25
1.90
 	
1.90
 	
1.90
3.40
4.30
1.22
1.32
1.90
1.5
1.0
2.10
2.40
1.75
1.57
 	 3:1(2:0)  
496	22/11
17:00	 Atletico Madrid
Malaga	
-1.25
+1.25
1.90
1.85
 
 	
2.5
1.90
1.85
1.38
4.50
9.00
1.06
1.20
3.00
1.5
1.0
1.57
3.80
2.30
1.25
 	 3:1(2:0)  
497	22/11
19:00	 Eibar
Real Madrid	
+2.0
–2.0
1.85
1.90
  	
3.25
1.87
 	
1.87
 	
15.00
7.00
1.17
4.80
1.10
1.01
1.0
3.0
3.70
2.35
1.25
1.55
 	 0:4(0:2)  
498	22/11
21:00	 Barcelona
Sevilla	
-1.75
+1.75
1.80
2.00
 
 	
3.5
1.80
1.95
1.25
6.50
11.00
1.05
1.12
4.20
3.0
1.0
2.20
2.40
1.62
1.53
 	 5:1(1:0)  
499	22/11
23:00	 Deportivo La Coruna
Real Sociedad	
0
0
2.05
1.77
  	
2.25
1.90
 	
1.90
 	
2.90
3.25
2.50
1.53
1.35
1.42
1.0
1.0
1.85
1.67
1.95
2.15
 	 0:0(0:0)  
500	23/11
13:00	 Rayo Vallecano
Celta	
0
0
1.90
1.85
  	
2.5
1.80
1.95
2.65
3.35
2.55
1.48
1.30
1.45
1.5
1.5
2.30
2.25
1.57
1.62
 	 1:0(1:0)  
501	23/11
18:00	 Levante
Valencia	
+0.75
-0.75
1.93
1.87
 
 	
2.5
1.95
1.85
5.20
3.80
1.67
2.20
1.27
1.16
1.0
1.5
2.55
1.83
1.52
1.97
 	 2:1(0:0)  
502	23/11
20:00	 Elche
Cordoba	
-0.25
+0.25
1.70
2.20
 
 	
2.0
1.80
1.95
1.95
3.40
4.00
1.25
1.32
1.85
1.5
1.0
2.30
2.65
1.57
1.45
 	 2:2(0:1)  
503	23/11
22:00	 Villarreal
Getafe	
-1.25
+1.25
2.00
1.80
 
 	
2.75
1.87
 	
1.93
 	
1.45
4.50
7.00
1.10
1.20
2.75
2.0
1.0
1.97
2.75
1.83
1.45
 	 2:1(2:0)  
504	24/11
21:45	 Granada
Almeria	
-0.25
+0.25
1.70
2.20
 
 	
2.25
2.05
 	
1.75
 	
2.00
3.25
4.10
1.25
1.35
1.85
1.5
1.0
2.30
2.55
1.62
1.52
 	 0:0(0:0)  
436	28/11
21:45	 Real Sociedad
Elche	
-0.75
+0.75
1.90
1.90
 
 	
2.5
2.00
1.80
1.70
3.75
5.20
1.17
1.28
2.20
1.5
1.0
1.85
2.50
1.90
1.50
 	 3:0(2:0)  
438	29/11
17:00	 Getafe
Athletic Bilbao	
0
0
1.97
1.83
  	
2.0
1.80
2.00
2.85
3.10
2.65
1.48
1.37
1.44
1.0
1.0
1.95
1.87
1.85
1.93
 	 1:2(0:1)  
439	29/11
19:00	 Espanyol
Levante	
-0.75
+0.75
1.85
1.95
 
 	
2.25
2.00
 	
1.80
 	
1.65
3.60
6.00
1.13
1.30
2.25
1.5
1.0
1.97
3.35
1.83
1.33
 	 2:1(2:1)  
440	29/11
21:00	 Malaga
Real Madrid	
+1.5
–1.5
1.90
1.90
  	
3.25
1.95
 	
1.85
 	
9.00
5.50
1.32
3.45
1.15
1.06
1.0
2.5
2.55
2.05
1.48
1.72
 	 1:2(0:1)  
441	29/11
23:00	 Celta
Eibar	
-0.75
+0.75
1.80
2.00
 
 	
2.5
1.85
1.95
1.62
4.00
5.50
1.15
1.25
2.35
1.5
1.0
1.70
2.40
2.10
1.53
 	 0:1(0:1)  
442	30/11
13:00	 Atletico Madrid
Deportivo La Coruna	
–2.0
+2.0
2.00
1.80
  	
2.75
1.85
 	
1.95
 	
1.18
6.70
18.00
 	
1.11
4.90
2.5
1.0
2.00
5.50
1.75
1.13
 	 2:0(1:0)  
443	30/11
18:00	 Sevilla
Granada	
–1.0
+1.0
1.77
2.05
  	
2.5
1.90
1.90
1.46
4.30
7.50
1.10
1.22
2.75
2.0
1.0
2.15
3.15
1.65
1.33
 	 5:1(1:1)  
444	30/11
20:00	 Cordoba
Villarreal	
+0.75
-0.75
1.77
2.05
 
 	
2.25
1.90
 	
1.90
 	
4.80
3.50
1.80
2.05
1.32
1.20
1.0
1.5
2.55
2.00
1.48
1.75
 	 0:2(0:1)  
445	30/11
22:00	 Valencia
Barcelona	
+1.0
–1.0
1.95
1.85
  	
3.0
1.80
2.00
5.70
4.60
1.53
2.55
1.21
1.15
1.0
2.0
2.00
1.80
1.80
1.95
 	 0:1(0:0)  
446	01/12
21:45	 Almeria
Rayo Vallecano	
-0.25
+0.25
1.95
1.85
 
 	
2.5
2.00
1.80
2.25
3.40
3.20
1.35
1.32
1.65
1.5
1.0
2.20
1.85
1.62
1.90
 	 0:1(0:0)  
447	06/12
17:00	 Elche
Atletico Madrid	
+0.75
-0.75
1.95
1.85
 
 	
2.25
2.00
 	
1.80
 	
6.00
3.60
1.65
2.25
1.30
1.13
1.0
1.5
3.35
1.97
1.33
1.83
 	 0:2(0:1)  
448	06/12
19:00	 Athletic Bilbao
Cordoba	
-1.25
+1.25
2.00
1.75
 
 	
2.5
1.95
1.80
1.42
4.30
8.00
1.07
1.22
2.80
1.5
1.0
1.65
3.60
2.20
1.27
 	 0:1(0:1)  
449	06/12
21:00	 Real Madrid
Celta	
-2.75
+2.75
1.90
1.90
 
 	
4.5
2.10
1.75
1.08
12.00
20.00
 	
1.02
7.50
3.5
1.0
1.85
3.35
1.90
1.33
 	 3:0(1:0)  
450	06/12
23:00	 Deportivo La Coruna
Malaga	
+0.25
-0.25
1.80
2.00
 
 	
2.25
2.00
 	
1.80
 	
3.20
3.20
2.35
1.60
1.36
1.36
1.0
1.0
2.05
1.65
1.75
2.15
 	 0:1(0:1)  
451	07/12
13:00	 Rayo Vallecano
Sevilla	
+0.25
-0.25
2.05
1.80
 
 	
2.75
1.95
 	
1.80
 	
3.50
3.60
2.05
1.80
1.30
1.32
1.0
1.5
1.75
1.95
2.05
1.85
 	 0:1(0:1)  
452	07/12
18:00	 Barcelona
Espanyol	
-2.75
+2.75
1.85
1.95
 
 	
3.75
1.80
 	
2.00
 	
1.07
12.00
28.00
 	
1.03
8.50
3.5
1.0
2.00
4.70
1.75
1.17
 	 5:1(1:1)  
453	07/12
20:00	 Villarreal
Real Sociedad	
-0.75
+0.75
2.00
1.75
 
 	
2.5
1.80
1.95
1.80
3.70
4.30
1.22
1.27
2.00
1.5
1.0
1.80
2.00
1.95
1.75
 	 4:0(0:0)  
454	07/12
22:00	 Granada
Valencia	
+0.25
-0.25
2.10
1.75
 
 	
2.25
1.80
 	
1.95
 	
3.70
3.40
2.05
1.80
1.32
1.28
1.0
1.5
2.05
2.15
1.75
1.65
 	 1:1(0:0)  
455	08/12
18:00	 Eibar
Almeria	
-0.25
+0.25
1.70
2.20
 
 	
2.0
1.80
1.95
1.95
3.40
4.00
1.25
1.32
1.85
1.5
1.0
2.30
2.65
1.57
1.45
 	 5:2(3:1)  
456	08/12
20:00	 Levante
Getafe	
0
0
1.80
2.00
  	
2.0
1.95
1.85
2.60
3.10
2.90
1.42
1.37
1.50
1.0
1.0
1.95
2.10
1.80
1.70
 	 1:1(0:0)  
423	12/12
21:45	 Almeria
Real Madrid	
+2.25
-2.25
1.87
1.93
 
 	
3.5
1.90
1.90
18.00
8.00
1.15
5.55
1.08
1.01
1.0
3.0
3.70
2.00
1.25
1.75
 	 1:4(1:2)  
424	13/12
17:00	 Getafe
Barcelona	
+2.0
–2.0
1.85
1.95
  	
3.25
1.95
 	
1.85
 	
15.00
7.00
1.20
4.80
1.11
1.02
1.0
2.5
3.80
1.85
1.25
1.95
 	 0:0(0:0)  
425	13/12
19:00	 Valencia
Rayo Vallecano	
-1.25
+1.25
2.05
1.77
 
 	
3.0
2.00
1.80
1.48
4.50
6.50
1.11
1.22
2.70
2.0
1.0
1.87
2.35
1.87
1.55
 	 3:0(3:0)  
426	13/12
21:00	 Cordoba
Levante	
-0.25
+0.25
1.93
1.87
 
 	
2.0
1.83
1.97
2.25
3.20
3.40
1.32
1.35
1.65
1.0
1.0
1.70
2.25
2.10
1.60
 	 0:0(0:0)  
427	13/12
23:00	 Malaga
Celta	
-0.25
+0.25
1.95
1.85
 
 	
2.5
1.90
1.90
2.25
3.50
3.15
1.37
1.32
1.67
1.5
1.0
2.15
1.75
1.67
2.05
 	 1:0(1:0)  
428	14/12
13:00	 Espanyol
Granada	
-0.75
+0.75
2.05
1.77
 
 	
2.0
1.77
2.05
1.77
3.40
5.20
1.16
1.32
2.06
1.5
1.0
2.10
2.90
1.70
1.38
 	 2:1(1:0)  
429	14/12
18:00	 Sevilla
Eibar	
-1.25
+1.25
1.90
1.85
 
 	
2.5
1.87
1.87
1.38
4.50
8.50
1.06
1.20
3.00
2.0
1.0
2.05
3.60
1.72
1.27
 	 0:0(0:0)  
430	14/12
20:00	 Atletico Madrid
Villarreal	
–1.0
+1.0
1.97
1.83
  	
2.5
2.00
1.80
1.55
4.00
6.50
1.12
1.25
2.50
1.5
1.0
1.77
3.10
2.05
1.37
 	 0:1(0:0)  
431	14/12
22:00	 Real Sociedad
Athletic Bilbao	
0
0
1.75
2.05
  	
2.25
1.95
 	
1.85
 	
2.45
3.20
3.00
1.40
1.35
1.55
1.0
1.0
1.70
1.90
2.15
1.85
 	 1:1(1:0)  
432	15/12
21:45	 Deportivo La Coruna
Elche	
-0.25
+0.25
1.85
2.00
 
 	
2.25
2.05
 	
1.75
 	
2.15
3.20
3.70
1.30
1.37
1.72
1.0
1.0
1.62
2.30
2.30
1.62
 	 1:0(1:0)  
433	19/12
21:45	 Celta
Almeria	
–1.0
+1.0
1.90
1.90
  	
2.5
1.80
2.00
1.53
4.20
6.30
1.12
1.23
2.55
1.5
1.0
1.65
2.65
2.25
1.48
 	 0:1(0:1)  
434	20/12
17:00	 Barcelona
Cordoba	
–3.0
+3.0
1.85
1.95
  	
4.0
1.85
1.95
1.06
14.00
30.00
 	
1.02
9.60
3.5
1.0
1.87
5.30
1.93
1.16
 	 5:0(1:0)  
435	20/12
19:00	 Levante
Real Sociedad	
+0.25
-0.25
1.90
1.90
 
 	
2.25
2.00
 	
1.80
 	
3.40
3.20
2.25
1.65
1.35
1.32
1.0
1.0
2.10
1.62
1.70
2.20
 	 1:1(0:0)  
436	20/12
21:00	 Eibar
Valencia	
+0.25
-0.25
2.10
1.75
 
 	
2.25
2.00
 	
1.80
 	
3.90
3.25
2.05
1.77
1.35
1.27
1.0
1.5
2.35
2.30
1.60
1.62
 	 0:1(0:1)  
437	20/12
23:00	 Rayo Vallecano
Espanyol	
-0.25
+0.25
1.97
1.83
 
 	
2.5
1.90
1.90
2.30
3.40
3.10
1.37
1.32
1.62
1.5
1.0
2.20
1.75
1.67
2.10
 	 1:3(1:1)  
438	21/12
13:00	 Villarreal
Deportivo La Coruna	
-1.25
+1.25
1.85
1.90
 
 	
2.75
2.00
 	
1.80
 	
1.42
4.50
8.00
1.08
1.22
2.90
2.0
1.0
2.05
3.15
1.77
1.36
 	 3:0(1:0)  
439	21/12
18:00	 Granada
Getafe	
-0.25
+0.25
2.00
1.80
 
 	
2.25
2.00
 	
1.80
 	
2.35
3.20
3.20
1.36
1.36
1.60
1.0
1.0
1.65
2.05
2.15
1.75
 	 1:1(1:0)  
440	21/12
20:00	 Elche
Malaga	
+0.25
-0.25
1.80
2.00
 
 	
2.0
1.85
1.95
3.25
3.10
2.40
1.60
1.38
1.35
1.0
1.0
2.15
1.75
1.65
2.00
 	 1:2(1:0)  
441	21/12
22:00	 Athletic Bilbao
Atletico Madrid	
+0.25
-0.25
2.00
1.80
 
 	
2.25
2.00
 	
1.80
 	
3.75
3.25
2.10
1.75
1.35
1.28
1.0
1.0
2.25
1.55
1.60
2.35
 	 1:4(1:0)  
632	03/01
17:00	 Atletico Madrid
Levante	
–2.0
+2.0
2.00
1.80
  	
2.75
1.85
 	
1.95
 	
1.18
6.70
18.00
 	
1.11
4.90
2.5
1.0
2.00
5.50
1.75
1.13
 	 3:1(1:0)  
633	03/01
19:00	 Sevilla
Celta	
-0.75
+0.75
1.80
2.00
 
 	
2.75
1.95
 	
1.80
 	
1.62
4.10
5.30
1.16
1.25
2.35
1.5
1.0
1.65
2.20
2.20
1.65
 	 1:0(1:0)  
634	03/01
21:00	 Elche
Villarreal	
+0.75
-0.75
1.85
1.95
 
 	
2.25
1.85
 	
1.95
 	
5.20
3.70
1.72
2.20
1.29
1.17
1.0
1.5
2.65
1.95
1.45
1.85
 	 2:2(2:2)  
635	03/01
23:00	 Malaga
Almeria	
–1.0
+1.0
1.90
1.90
  	
2.5
1.90
1.90
1.53
4.00
7.00
1.11
1.27
2.55
1.5
1.0
1.67
2.80
2.15
1.40
 	 1:2(0:1)  
636	03/01
23:00	 Deportivo La Coruna
Athletic Bilbao	
+0.25
-0.25
1.75
2.10
 
 	
2.0
2.00
1.80
3.15
3.05
2.45
1.55
1.38
1.36
1.0
1.0
2.25
1.90
1.60
1.85
 	 1:0(1:0)  
637	04/01
13:00	 Getafe
Rayo Vallecano	
-0.25
+0.25
1.97
1.83
 
 	
2.25
1.85
 	
1.95
 	
2.30
3.30
3.15
1.36
1.33
1.62
1.0
1.0
1.57
1.90
2.30
1.85
 	 1:2(1:1)  
638	04/01
18:00	 Valencia
Real Madrid	
+1.0
–1.0
1.95
1.85
  	
3.25
2.00
 	
1.80
 	
5.50
4.60
1.53
2.50
1.20
1.15
1.0
2.0
1.95
1.80
1.80
1.95
 	 2:1(0:1)  
639	04/01
20:00	 Espanyol
Eibar	
-0.75
+0.75
2.00
1.80
 
 	
2.25
2.00
 	
1.80
 	
1.75
3.50
5.30
1.17
1.32
2.15
1.5
1.0
2.05
2.90
1.75
1.38
 	 1:2(0:2)  
640	04/01
22:00	 Real Sociedad
Barcelona	
+1.5
–1.5
1.90
1.90
  	
3.0
1.77
2.05
9.00
5.50
1.32
3.45
1.15
1.06
1.0
2.5
2.65
2.10
1.45
1.70
 	 1:0(1:0)  
641	05/01
21:45	 Cordoba
Granada	
-0.25
+0.25
2.10
1.75
 
 	
2.0
2.00
1.80
2.45
3.05
3.15
1.36
1.38
1.55
1.0
1.0
1.90
2.25
1.85
1.60
 	 2:0(2:0)  
642	09/01
21:45	 Levante
Deportivo La Coruna	
-0.25
+0.25
1.85
1.95
 
 	
2.0
1.85
1.95
2.20
3.15
3.60
1.30
1.37
1.70
1.0
1.0
1.70
2.30
2.10
1.60
 	 0:0(0:0)  
643	10/01
17:00	 Real Madrid
Espanyol	
-2.75
+2.75
1.85
1.95
 
 	
4.0
1.93
1.87
1.08
11.00
28.00
 	
1.04
8.00
3.5
1.0
2.00
4.50
1.80
1.20
 	 3:0(2:0)  
644	10/01
19:00	 Malaga
Villarreal	
0
0
1.90
1.90
  	
2.25
2.00
 	
1.80
 	
2.70
3.20
2.70
1.46
1.35
1.46
1.0
1.0
1.85
1.85
1.95
1.95
 	 1:1(0:1)  
645	10/01
21:00	 Celta
Valencia	
0
0
1.95
1.85
  	
2.25
1.85
 	
1.95
 	
2.75
3.30
2.60
1.50
1.35
1.45
1.0
1.0
1.75
1.67
2.05
2.15
 	 1:1(0:1)  
646	10/01
23:00	 Eibar
Getafe	
-0.25
+0.25
2.05
1.77
 
 	
2.0
1.85
1.95
2.40
3.10
3.20
1.35
1.37
1.57
1.0
1.0
1.75
2.15
2.00
1.65
 	 2:1(1:0)  
647	11/01
13:00	 Almeria
Sevilla	
+0.25
-0.25
2.25
1.67
 
 	
2.25
1.90
 	
1.90
 	
4.10
3.40
1.95
1.90
1.32
1.25
1.0
1.5
2.35
2.15
1.60
1.70
 	 0:2(0:0)  
648	11/01
18:00	 Athletic Bilbao
Elche	
–1.0
+1.0
1.83
1.97
  	
2.25
1.85
 	
1.95
 	
1.47
4.20
7.50
1.10
1.23
2.70
1.5
1.0
1.75
4.00
2.10
1.25
 	 1:2(0:1)  
649	11/01
20:00	 Granada
Real Sociedad	
0
0
2.00
1.80
  	
2.0
1.80
2.00
2.90
3.10
2.60
1.50
1.37
1.42
1.0
1.0
1.95
1.80
1.80
1.95
 	 1:1(0:1)  
650	11/01
22:00	 Barcelona
Atletico Madrid	
–1.0
+1.0
1.83
1.97
  	
2.75
1.87
 	
1.93
 	
1.50
4.30
6.50
1.11
1.22
2.60
1.5
1.0
1.55
2.40
2.35
1.53
 	 3:1(2:0)  
651	12/01
21:45	 Rayo Vallecano
Cordoba	
-0.25
+0.25
1.60
2.35
 
 	
2.25
1.85
 	
1.95
 	
1.85
3.50
4.40
1.22
1.30
1.95
1.5
1.0
2.05
2.45
1.77
1.55
 	 0:1(0:1) 
660	16/01
21:45	 Cordoba
Eibar	
0
0
1.77
2.05
  	
2.0
2.10
1.75
2.60
3.00
3.00
1.40
1.40
1.50
1.0
1.0
2.05
2.30
1.75
1.60
 	 1:1(1:0)  
661	17/01
17:00	 Real Sociedad
Rayo Vallecano	
-0.25
+0.25
1.62
2.35
 
 	
2.5
1.80
2.00
1.85
3.70
4.20
1.23
1.28
2.00
1.5
1.0
1.85
1.97
1.95
1.83
 	 0:1(0:0)  
662	17/01
19:00	 Valencia
Almeria	
-1.25
+1.25
1.90
1.90
 
 	
2.75
1.93
 	
1.87
 	
1.40
4.70
8.00
1.08
1.20
3.00
2.0
1.0
1.87
3.00
1.87
1.37
 	 3:2(2:2)  
663	17/01
21:00	 Villarreal
Athletic Bilbao	
-0.75
+0.75
1.77
2.05
 
 	
2.5
2.00
1.80
1.60
3.85
6.00
1.13
1.26
2.35
1.5
1.0
1.75
2.80
2.00
1.40
 	 2:0(1:0)  
664	17/01
23:00	 Espanyol
Celta	
0
0
1.85
1.95
  	
2.5
1.95
1.85
2.60
3.40
2.70
1.47
1.32
1.50
1.0
1.0
1.60
1.65
2.50
2.25
 	 1:0(0:0)  
665	18/01
13:00	 Getafe
Real Madrid	
+1.75
-1.75
1.95
1.85
 
 	
3.25
1.95
 	
1.85
 	
12.00
6.50
1.23
4.30
1.12
1.03
1.0
2.5
3.30
1.90
1.30
1.85
 	 0:3(0:0)  
666	18/01
18:00	 Atletico Madrid
Granada	
-1.75
+1.75
1.83
1.97
 
 	
2.75
1.95
 	
1.85
 	
1.20
6.50
17.00
1.01
1.12
4.70
2.5
1.0
2.15
6.00
1.65
1.11
 	 2:0(1:0)  
667	18/01
20:00	 Deportivo La Coruna
Barcelona	
+2.0
–2.0
1.93
1.87
  	
3.25
2.00
 	
1.80
 	
17.00
7.00
1.18
5.00
1.10
1.01
1.0
2.5
4.80
1.85
1.18
1.95
 	 0:4(0:2)  
668	18/01
22:00	 Elche
Levante	
-0.25
+0.25
1.80
2.00
 
 	
2.25
2.00
 	
1.80
 	
2.10
3.25
3.75
1.28
1.35
1.75
1.0
1.0
1.55
2.25
2.35
1.60
 	 1:0(1:0)  
669	18/01
22:00	 Sevilla
Malaga	
-0.75
+0.75
1.90
1.90
 
 	
2.5
2.00
1.80
1.70
3.75
5.20
1.17
1.28
2.27
1.5
1.0
1.85
2.50
1.90
1.50
 	 2:0(1:0)  
670	24/01
17:00	 Cordoba
Real Madrid	
+2.25
-2.25
1.85
1.95
 
 	
3.25
1.80
 	
1.95
 	
20.00
8.00
1.15
5.80
1.10
1.01
1.0
3.0
4.50
2.10
1.18
1.70
 	 1:2(1:1)  
671	24/01
19:00	 Elche
Barcelona	
+2.0
–2.0
1.90
1.90
  	
3.25
1.90
 	
1.90
 	
16.00
7.00
1.18
4.90
1.10
1.01
1.0
2.5
3.70
1.80
1.25
1.95
 	 0:6(0:1)  
672	24/01
21:00	 Atletico Madrid
Rayo Vallecano	
-1.75
+1.75
2.00
1.80
 
 	
2.75
1.80
 	
2.00
 	
1.25
6.00
12.00
1.03
1.13
4.00
2.5
1.0
2.15
3.80
1.65
1.25
 	 3:1(2:1)  
673	24/01
23:00	 Villarreal
Levante	
–1.5
+1.5
1.85
1.95
  	
2.75
2.00
 	
1.80
 	
1.27
5.50
12.00
1.03
1.15
3.80
2.0
1.0
1.75
4.50
2.00
1.18
 	 1:0(0:0)  
674	24/01
23:00	 Real Sociedad
Eibar	
-0.75
+0.75
1.93
1.87
 
 	
2.25
1.90
 	
1.90
 	
1.70
3.60
5.30
1.15
1.30
2.15
1.5
1.0
1.95
2.80
1.85
1.40
 	 1:0(0:0)  
675	25/01
13:00	 Deportivo La Coruna
Granada	
-0.25
+0.25
1.85
2.00
 
 	
2.0
1.85
1.95
2.15
3.20
3.70
1.30
1.36
1.72
1.0
1.0
1.65
2.36
2.15
1.55
 	 2:2(2:1)  
676	25/01
18:00	 Athletic Bilbao
Malaga	
-0.25
+0.25
1.80
2.00
 
 	
2.25
2.00
 	
1.80
 	
2.10
3.25
3.75
1.28
1.35
1.75
1.0
1.0
1.55
2.25
2.35
1.60
 	 1:1(0:0)  
677	25/01
20:00	 Espanyol
Almeria	
-0.75
+0.75
1.95
1.85
 
 	
2.25
1.85
 	
1.95
 	
1.75
3.70
4.50
1.20
1.28
2.08
1.5
1.0
1.95
2.60
1.80
1.47
 	 3:0(2:0)  
678	25/01
22:00	 Valencia
Sevilla	
-0.25
+0.25
1.80
2.00
 
 	
2.5
1.90
1.90
2.10
3.50
3.50
1.32
1.32
1.75
1.5
1.0
2.05
1.85
1.72
1.90
 	 3:1(2:1)  
679	26/01
21:45	 Getafe
Celta	
0
0
1.87
1.93
  	
2.25
2.00
 	
1.80
 	
2.65
3.20
2.75
1.45
1.35
1.48
1.0
1.0
1.80
1.85
1.95
1.90
 	 2:1(1:1)  
740	30/01
21:45	 Rayo Vallecano
Deportivo La Coruna	
-0.75
+0.75
1.90
1.90
 
 	
2.5
2.00
1.80
1.70
3.80
5.00
1.17
1.27
2.20
1.5
1.0
1.87
2.60
1.93
1.50
 	 1:2(1:1)  
741	31/01
17:00	 Real Madrid
Real Sociedad	
–2.0
+2.0
1.85
1.95
  	
3.5
1.95
1.85
1.18
7.50
15.00
1.02
1.10
5.00
2.5
1.0
1.70
3.30
2.10
1.30
 	 4:1(2:1)  
742	31/01
19:00	 Eibar
Atletico Madrid	
+0.75
-0.75
2.10
1.75
 
 	
2.25
2.00
 	
1.80
 	
6.50
3.80
1.57
2.40
1.27
1.11
1.0
1.5
3.60
1.90
1.27
1.85
 	 1:3(0:3)  
743	31/01
21:00	 Granada
Elche	
-0.25
+0.25
1.62
2.30
 
 	
2.0
1.90
1.90
1.90
3.30
4.50
1.22
1.35
1.90
1.5
1.0
2.30
2.90
1.57
1.38
 	 1:0(0:0)  
744	31/01
23:00	 Celta
Cordoba	
–1.0
+1.0
1.77
2.05
  	
2.5
2.00
1.80
1.45
4.30
7.50
1.08
1.22
2.75
1.5
1.0
1.67
3.70
2.20
1.28
 	 1:0(0:0)  
745	01/02
13:00	 Levante
Athletic Bilbao	
+0.25
-0.25
1.90
1.90
 
 	
2.0
1.85
1.95
3.50
3.10
2.25
1.65
1.37
1.30
1.0
1.0
2.30
1.70
1.60
2.10
 	 0:2(0:0)  
746	01/02
18:00	 Almeria
Getafe	
-0.25
+0.25
1.90
1.90
 
 	
2.0
1.80
2.00
2.25
3.15
3.40
1.32
1.35
1.65
1.0
1.0
1.65
2.20
2.15
1.62
 	 1:0(1:0)  
747	01/02
20:00	 Sevilla
Espanyol	
-0.75
+0.75
1.83
1.97
 
 	
2.5
1.95
1.85
1.65
3.80
5.50
1.15
1.27
2.25
1.5
1.0
1.80
2.55
2.00
1.48
 	 3:2(2:1)  
748	01/02
22:00	 Barcelona
Villarreal	
-1.75
+1.75
1.80
2.00
 
 	
3.5
1.95
1.85
1.23
6.50
12.00
1.03
1.12
4.30
2.5
1.0
1.75
2.80
2.00
1.40
 	 3:2(1:1)  
749	02/02
21:45	 Malaga
Valencia	
0
0
1.85
1.95
  	
2.25
1.85
 	
1.95
 	
2.60
3.30
2.75
1.45
1.35
1.50
1.0
1.0
1.67
1.75
2.15
2.05
 	 1:0(1:0)  
750	04/02
21:45	 Real Madrid
Sevilla	
–1.5
+1.5
1.97
1.83
  	
3.25
1.85
 	
1.95
 	
1.37
5.30
7.50
1.10
1.16
3.15
2.5
1.0
2.10
2.25
1.75
1.65
 	 2:1(2:0)  
751	06/02
21:45	 Deportivo La Coruna
Eibar	
-0.25
+0.25
1.90
1.90
 
 	
2.0
1.90
1.90
2.25
3.15
3.50
1.32
1.37
1.67
1.0
1.0
1.72
2.35
2.05
1.55
 	 2:0(0:0)  
752	07/02
17:00	 Atletico Madrid
Real Madrid	
+0.25
-0.25
1.85
1.95
 
 	
2.5
1.90
1.90
3.15
3.45
2.25
1.65
1.32
1.36
1.0
1.5
1.75
2.15
2.05
1.67
 	 4:0(2:0)  
753	07/02
19:00	 Villarreal
Granada	
–1.5
+1.5
1.80
2.00
  	
2.75
1.95
 	
1.85
 	
1.27
5.50
12.00
1.03
1.15
3.80
2.0
1.0
1.70
4.50
2.10
1.18
 	 2:0(1:0)  
754	07/02
21:00	 Levante
Malaga	
+0.25
-0.25
1.77
2.05
 
 	
2.25
2.05
 	
1.77
 	
3.15
3.15
2.40
1.57
1.36
1.36
1.0
1.0
2.10
1.75
1.75
2.10
 	 4:1(2:1)  
755	07/02
23:00	 Real Sociedad
Celta	
-0.25
+0.25
2.00
1.80
 
 	
2.25
1.80
 	
2.00
 	
2.35
3.35
3.05
1.38
1.33
1.60
1.0
1.0
1.57
1.85
2.40
1.95
 	 1:1(1:0)  
756	08/02
13:00	 Cordoba
Almeria	
-0.25
+0.25
1.95
1.85
 
 	
2.0
1.85
1.95
2.30
3.20
3.30
1.35
1.36
1.62
1.0
1.0
1.75
2.25
2.05
1.62
 	 1:2(1:0)  
757	08/02
18:00	 Getafe
Sevilla	
+0.25
-0.25
2.25
1.65
 
 	
2.25
1.95
 	
1.85
 	
4.30
3.40
1.90
1.90
1.32
1.22
1.0
1.5
2.50
2.15
1.50
1.70
 	 2:1(1:0)  
758	08/02
20:00	 Espanyol
Valencia	
+0.25
-0.25
1.80
2.05
 
 	
2.25
1.80
 	
2.00
 	
3.00
3.35
2.40
1.60
1.33
1.40
1.0
1.0
1.80
1.60
2.00
2.35
 	 1:2(0:0)  
759	08/02
22:00	 Athletic Bilbao
Barcelona	
+1.5
–1.5
1.97
1.83
  	
3.0
1.85
1.95
10.00
5.50
1.30
3.60
1.15
1.05
1.0
2.5
3.00
2.10
1.35
1.70
 	 2:5(0:2)  
760	09/02
21:45	 Elche
Rayo Vallecano	
-0.25
+0.25
2.10
1.75
 
 	
2.25
1.95
 	
1.85
 	
2.45
3.20
3.00
1.40
1.35
1.55
1.0
1.0
1.70
1.90
2.15
1.85
 	 2:0(1:0)  
710	13/02
21:45	 Almeria
Real Sociedad	
0
0
1.83
1.97
  	
2.25
1.95
 	
1.85
 	
2.60
3.20
2.85
1.44
1.36
1.52
1.0
1.0
1.75
1.85
2.05
1.95
 	 2:2(2:1)  
711	14/02
17:00	 Sevilla
Cordoba	
-1.25
+1.25
1.85
1.95
 
 	
2.75
1.90
 	
1.90
 	
1.35
5.00
8.95
1.05
1.17
3.20
2.5
1.0
2.40
3.55
1.53
1.27
 	 3:0(2:0)  
712	14/02
19:00	 Real Madrid
Deportivo La Coruna	
-2.75
+2.75
1.90
1.90
 
 	
3.75
1.80
 	
2.00
 	
1.08
12.00
25.00
 	
1.04
8.20
3.5
1.0
2.05
4.50
1.75
1.18
 	 2:0(1:0)  
713	14/02
21:00	 Granada
Athletic Bilbao	
0
0
1.97
1.83
  	
2.0
1.90
1.90
2.85
3.10
2.65
1.48
1.37
1.44
1.0
1.0
2.05
1.97
1.75
1.83
 	 0:0(0:0)  
714	14/02
23:00	 Malaga
Espanyol	
-0.25
+0.25
1.77
2.05
 
 	
2.25
1.90
 	
1.90
 	
2.05
3.35
3.75
1.27
1.33
1.77
1.5
1.0
2.15
2.15
1.65
1.65
 	 0:2(0:1)  
715	15/02
13:00	 Valencia
Getafe	
-1.25
+1.25
2.00
1.75
 
 	
2.5
1.85
1.90
1.45
4.30
7.20
1.08
1.22
2.70
2.0
1.0
2.15
3.20
1.67
1.32
 	 1:0(0:0)  
716	15/02
18:00	 Barcelona
Levante	
-3.25
+3.25
1.80
1.95
 
 	
4.25
1.85
 	
1.90
 	
1.06
14.00
27.00
 	
1.02
9.50
3.5
1.0
1.65
6.00
2.15
1.12
 	 5:0(2:0)  
717	15/02
20:00	 Rayo Vallecano
Villarreal	
+0.25
-0.25
2.05
1.77
 
 	
2.75
1.95
 	
1.85
 	
3.50
3.60
2.05
1.77
1.30
1.32
1.0
1.5
1.75
1.90
2.05
1.85
 	 2:0(0:0)  
718	15/02
22:00	 Celta
Atletico Madrid	
+0.25
-0.25
2.00
1.80
 
 	
2.25
2.00
 	
1.80
 	
3.75
3.25
2.10
1.75
1.35
1.28
1.0
1.0
2.25
1.55
1.60
2.35
 	 2:0(0:0)  
719	16/02
21:45	 Eibar
Elche	
-0.25
+0.25
1.72
2.05
 
 	
2.0
1.90
1.85
2.00
3.20
3.70
1.25
1.32
1.75
1.0
1.0
1.65
2.75
2.15
1.42
 	 0:1(0:0)  
720	20/02
21:45	 Getafe
Espanyol	
0
0
1.83
1.97
  	
2.25
1.95
 	
1.85
 	
2.60
3.20
2.80
1.45
1.35
1.50
1.0
1.0
1.75
1.85
2.05
1.95
 	 2:1(1:0)  
721	21/02
17:00	 Barcelona
Malaga	
-2.25
+2.25
1.83
1.97
 
 	
3.5
1.80
2.00
1.15
8.00
18.00
1.01
1.08
5.60
3.0
1.0
1.90
3.60
1.85
1.27
 	 0:1(0:1)  
722	21/02
19:00	 Cordoba
Valencia	
+0.75
-0.75
1.77
2.05
 
 	
2.25
1.90
 	
1.90
 	
4.80
3.50
1.80
2.05
1.32
1.20
1.0
1.5
2.55
2.00
1.48
1.75
 	 1:2(0:1)  
723	21/02
21:00	 Atletico Madrid
Almeria	
–2.0
+2.0
2.00
1.80
  	
2.75
1.90
 	
1.90
 	
1.18
6.50
18.00
 	
1.11
4.80
2.5
1.0
2.05
6.50
1.72
1.10
 	 3:0(3:0)  
724	21/02
23:00	 Deportivo La Coruna
Celta	
0
0
2.05
1.77
  	
2.25
2.05
 	
1.77
 	
2.95
3.15
2.55
1.53
1.37
1.42
1.0
1.0
1.95
1.80
1.80
1.95
 	 0:2(0:0)  
725	22/02
13:00	 Real Sociedad
Sevilla	
0
0
1.93
1.87
  	
2.5
2.00
1.80
2.70
3.35
2.60
1.50
1.32
1.46
1.0
1.0
1.65
1.62
2.15
2.20
 	 4:3(1:1)  
726	22/02
18:00	 Athletic Bilbao
Rayo Vallecano	
-0.75
+0.75
1.85
2.00
 
 	
2.5
1.80
2.00
1.65
4.00
5.20
1.17
1.25
2.30
1.5
1.0
1.70
2.30
2.10
1.60
 	 1:0(0:0)  
727	22/02
20:00	 Villarreal
Eibar	
-1.25
+1.25
1.90
1.90
 
 	
2.5
1.95
1.85
1.38
4.70
8.50
1.07
1.20
3.05
2.0
1.0
2.05
4.00
1.72
1.22
 	 1:0(0:0)  
728	22/02
22:00	 Elche
Real Madrid	
+2.0
–2.0
1.95
1.85
  	
3.25
1.80
 	
2.00
 	
15.00
7.00
1.18
4.80
1.10
1.01
1.0
2.5
3.50
1.72
1.28
2.05
 	 0:2(0:0)  
729	23/02
21:45	 Levante
Granada	
-0.25
+0.25
1.85
2.00
 
 	
2.0
1.90
1.90
2.15
3.20
3.70
1.30
1.36
1.72
1.0
1.0
1.70
2.50
2.10
1.50
 	 2:1(0:1) 
732	27/02
21:45	 Espanyol
Cordoba	
-0.75
+0.75
1.80
2.00
 
 	
2.25
1.95
 	
1.85
 	
1.62
3.55
6.50
1.11
1.30
2.30
1.5
1.0
1.90
3.15
1.85
1.33
 	 1:0(1:0)  
734	28/02
17:00	 Granada
Barcelona	
+2.25
-2.25
1.80
2.00
 
 	
3.25
1.93
 	
1.87
 	
17.00
7.50
1.16
5.30
1.10
 	
1.0
2.5
4.70
1.75
1.17
2.00
 	 1:3(0:1)  
735	28/02
19:00	 Rayo Vallecano
Levante	
-0.75
+0.75
2.00
1.80
 
 	
2.25
1.80
 	
2.00
 	
1.77
3.60
4.80
1.20
1.30
2.10
1.5
1.0
1.95
2.45
1.85
1.53
 	 4:2(4:1)  
736	28/02
21:00	 Almeria
Deportivo La Coruna	
-0.25
+0.25
1.90
1.90
 
 	
2.0
1.80
2.00
2.25
3.15
3.50
1.32
1.37
1.67
1.0
1.0
1.65
2.20
2.15
1.62
 	 0:0(0:0)  
737	28/02
23:00	 Malaga
Getafe	
-0.75
+0.75
1.93
1.87
 
 	
2.25
2.00
 	
1.80
 	
1.70
3.60
5.50
1.15
1.30
2.20
1.5
1.0
2.00
3.05
1.75
1.35
 	 3:2(1:0)  
738	01/03
13:00	 Valencia
Real Sociedad	
-0.75
+0.75
1.75
2.10
 
 	
2.5
1.85
1.95
1.57
4.00
6.00
1.13
1.25
2.40
1.5
1.0
1.70
2.60
2.15
1.47
 	 2:0(0:0)  
739	01/03
18:00	 Eibar
Athletic Bilbao	
+0.25
-0.25
1.80
2.00
 
 	
2.0
1.90
1.90
3.25
3.15
2.35
1.60
1.36
1.35
1.0
1.0
2.25
1.80
1.60
2.00
 	 0:1(0:1)  
740	01/03
20:00	 Sevilla
Atletico Madrid	
0
0
2.05
1.77
  	
2.25
1.95
 	
1.85
 	
2.95
3.20
2.50
1.53
1.35
1.40
1.0
1.0
1.90
1.70
1.90
2.15
 	 0:0(0:0)  
741	01/03
22:00	 Real Madrid
Villarreal	
–2.0
+2.0
2.00
1.80
  	
3.25
1.85
 	
1.95
 	
1.22
6.70
12.00
1.03
1.11
4.30
2.5
1.0
1.80
3.15
1.95
1.33
 	 1:1(0:0)  
742	02/03
21:45	 Celta
Elche	
–1.0
+1.0
1.85
1.95
  	
2.25
1.80
 	
2.00
 	
1.50
4.20
7.00
1.11
1.25
2.65
1.5
1.0
1.70
3.40
2.10
1.30
 	 1:1(0:0)  
743	06/03
21:45	 Levante
Eibar	
-0.25
+0.25
2.00
1.80
 
 	
2.0
1.90
1.90
2.35
3.15
3.25
1.35
1.36
1.60
1.0
1.0
1.80
2.25
2.00
1.60
 	 2:1(0:0)  
744	07/03
17:00	 Deportivo La Coruna
Sevilla	
+0.25
-0.25
1.97
1.83
 
 	
2.25
1.83
 	
1.97
 	
3.50
3.40
2.15
1.72
1.33
1.32
1.0
1.5
2.00
2.25
1.80
1.65
 	 3:4(1:1)  
745	07/03
19:00	 Athletic Bilbao
Real Madrid	
+1.25
-1.25
1.87
1.93
 
 	
2.75
1.80
 	
2.00
 	
7.50
4.70
1.42
2.90
1.20
1.10
1.0
2.0
2.65
1.85
1.45
1.90
 	 1:0(1:0)  
746	07/03
21:00	 Elche
Almeria	
-0.25
+0.25
1.83
1.97
 
 	
2.0
1.80
2.00
2.15
3.20
3.70
1.30
1.36
1.72
1.0
1.0
1.62
2.30
2.30
1.57
 	 1:0(1:0)  
747	07/03
23:00	 Granada
Malaga	
0
0
2.00
1.80
  	
2.0
1.95
1.85
2.90
3.10
2.60
1.50
1.37
1.42
1.0
1.0
2.10
1.95
1.70
1.80
 	 1:0(0:0)  
748	08/03
13:00	 Barcelona
Rayo Vallecano	
-3.25
+3.25
1.85
1.95
 
 	
4.25
1.83
 	
1.97
 	
1.05
15.00
30.00
 	
1.01
10.00
4.0
1.0
2.05
5.50
1.77
1.15
 	 6:1(1:0)  
749	08/03
18:00	 Real Sociedad
Espanyol	
-0.25
+0.25
1.70
2.15
 
 	
2.25
1.95
 	
1.85
 	
2.00
3.30
4.00
1.25
1.33
1.83
1.5
1.0
2.20
2.30
1.62
1.57
 	 1:0(1:0)  
750	08/03
20:00	 Villarreal
Celta	
-0.75
+0.75
1.90
1.90
 
 	
2.5
1.95
1.85
1.70
3.80
5.00
1.17
1.27
2.20
1.5
1.0
1.80
2.40
1.95
1.53
 	 4:1(2:0)  
751	08/03
22:00	 Atletico Madrid
Valencia	
–1.0
+1.0
2.00
1.80
  	
2.5
2.00
1.80
1.57
4.00
6.20
1.13
1.25
2.45
1.5
1.0
1.75
2.90
2.00
1.38
 	 1:1(1:0)  
752	09/03
21:45	 Cordoba
Getafe	
-0.25
+0.25
2.00
1.80
 
 	
2.0
1.95
1.80
2.35
3.00
3.20
1.32
1.36
1.55
1.0
1.0
1.85
2.30
1.90
1.57
 	 1:2(0:0)  
614	13/03
21:45	 Valencia
Deportivo La Coruna	
-1.25
+1.25
2.00
1.80
 
 	
2.75
1.95
 	
1.85
 	
1.46
4.50
7.00
1.10
1.22
2.75
2.0
1.0
2.00
2.80
1.75
1.40
 	 2:0(0:0)  
616	14/03
17:00	 Espanyol
Atletico Madrid	
+0.25
-0.25
2.00
1.80
 
 	
2.0
1.85
1.95
3.80
3.15
2.15
1.72
1.37
1.28
1.0
1.0
2.45
1.65
1.55
2.25
 	 0:0(0:0)  
617	14/03
19:00	 Eibar
Barcelona	
+2.25
-2.25
1.90
1.90
 
 	
3.25
1.90
 	
1.90
 	
20.00
8.50
1.13
6.00
1.07
 	
1.0
2.5
5.50
1.70
1.15
2.15
 	 0:2(0:1)  
618	14/03
21:00	 Rayo Vallecano
Granada	
-0.25
+0.25
1.75
2.10
 
 	
2.5
2.00
1.80
2.00
3.50
3.70
1.27
1.30
1.80
1.5
1.0
2.10
2.05
1.75
1.77
 	 3:1(0:1)  
619	14/03
23:00	 Celta
Athletic Bilbao	
-0.25
+0.25
1.80
2.00
 
 	
2.25
2.00
 	
1.80
 	
2.10
3.25
3.75
1.28
1.35
1.75
1.0
1.0
1.55
2.25
2.35
1.60
 	 1:2(0:2)  
620	15/03
13:00	 Almeria
Villarreal	
0
0
2.75
1.42
  	
2.25
1.80
 	
1.95
 	
3.90
3.40
1.95
1.85
1.30
1.25
1.0
1.5
2.20
2.05
1.62
1.72
 	 0:0(0:0)  
621	15/03
18:00	 Malaga
Cordoba	
–1.0
+1.0
1.90
1.90
  	
2.25
1.85
 	
1.95
 	
1.50
4.00
7.50
1.10
1.25
2.65
1.5
1.0
1.75
3.50
2.05
1.28
 	 2:0(0:0)  
622	15/03
20:00	 Sevilla
Elche	
-1.25
+1.25
1.83
1.97
 
 	
2.75
1.90
 	
1.90
 	
1.36
4.80
9.00
1.06
1.18
3.15
2.0
1.0
1.85
3.35
1.95
1.33
 	 3:0(2:0)  
623	15/03
22:00	 Real Madrid
Levante	
-2.75
+2.75
1.80
2.00
 
 	
4.25
2.00
 	
1.80
 	
1.08
12.00
25.00
 	
1.04
8.20
3.5
1.0
1.93
4.30
1.87
1.22
 	 2:0(2:0)  
624	16/03
21:45	 Getafe
Real Sociedad	
-0.25
+0.25
2.00
1.80
 
 	
2.0
1.80
2.00
2.35
3.10
3.30
1.35
1.37
1.60
1.0
1.0
1.70
2.10
2.10
1.70
 	 0:1(0:0)  
625	20/03
21:45	 Elche
Valencia	
+0.25
-0.25
2.20
1.67
 
 	
2.25
1.90
 	
1.90
 	
4.10
3.40
1.95
1.87
1.32
1.25
1.0
1.5
2.35
2.15
1.60
1.70
 	 0:4(0:1)  
626	21/03
17:00	 Atletico Madrid
Getafe	
–1.5
+1.5
1.85
1.95
  	
2.75
2.00
 	
1.80
 	
1.25
6.00
12.00
1.03
1.13
4.00
2.0
1.0
1.75
4.50
2.00
1.18
 	 2:0(2:0)  
627	21/03
19:00	 Rayo Vallecano
Malaga	
0
0
1.85
1.95
  	
2.5
1.95
1.85
2.60
3.40
2.70
1.47
1.32
1.50
1.0
1.0
1.60
1.65
2.50
2.25
 	 1:0(1:0)  
628	21/03
21:00	 Levante
Celta	
+0.25
-0.25
1.85
1.95
 
 	
2.0
1.85
1.95
3.30
3.20
2.30
1.62
1.36
1.35
1.0
1.0
2.25
1.75
1.62
2.05
 	 0:1(0:0)  
629	21/03
23:00	 Athletic Bilbao
Almeria	
–1.0
+1.0
1.85
1.95
  	
2.25
1.80
 	
2.00
 	
1.50
4.20
7.00
1.11
1.25
2.65
1.5
1.0
1.70
3.40
2.10
1.30
 	 2:1(2:0)  
630	21/03
23:00	 Granada
Eibar	
-0.25
+0.25
1.80
2.00
 
 	
2.0
2.10
1.75
2.15
3.05
3.85
1.27
1.38
1.70
1.0
1.0
1.75
2.75
2.00
1.42
 	 0:0(0:0)  
631	22/03
13:00	 Deportivo La Coruna
Espanyol	
0
0
1.77
2.05
  	
2.0
1.83
1.97
2.55
3.10
3.00
1.40
1.38
1.52
1.0
1.0
1.80
2.00
1.95
1.75
 	 0:0(0:0)  
632	22/03
18:00	 Villarreal
Sevilla	
-0.25
+0.25
1.80
2.00
 
 	
2.5
1.95
1.85
2.10
3.50
3.50
1.32
1.32
1.75
1.5
1.0
2.10
1.90
1.70
1.85
 	 0:2(0:0)  
633	22/03
20:00	 Real Sociedad
Cordoba	
–1.0
+1.0
2.05
1.77
  	
2.25
1.90
 	
1.90
 	
1.57
3.80
6.50
1.11
1.27
2.40
1.5
1.0
1.85
3.30
1.95
1.30
 	 3:1(1:1)  
634	22/03
22:00	 Barcelona
Real Madrid	
-0.75
+0.75
2.00
1.80
 
 	
3.25
1.87
 	
1.93
 	
1.80
4.10
4.00
1.25
1.24
2.05
2.0
1.5
1.97
2.30
1.83
1.62
 	 2:1(1:1) 
679	03/04
21:45	 Eibar
Rayo Vallecano	
0
0
1.77
2.05
  	
2.25
1.90
 	
1.90
 	
2.50
3.25
2.90
1.42
1.35
1.53
1.0
1.0
1.67
1.85
2.15
1.95
 	 1:2(1:2)  
681	04/04
17:00	 Sevilla
Athletic Bilbao	
-0.75
+0.75
1.93
1.87
 
 	
2.75
2.00
 	
1.80
 	
1.72
3.80
4.80
1.18
1.27
2.15
1.5
1.0
1.77
2.15
2.05
1.70
 	 2:0(2:0)  
682	04/04
19:00	 Cordoba
Atletico Madrid	
+1.25
-1.25
1.85
1.95
 
 	
2.25
1.80
 	
2.00
 	
9.00
4.50
1.40
3.00
1.22
1.07
1.0
2.0
4.50
2.25
1.20
1.65
 	 0:2(0:2)  
683	04/04
21:00	 Almeria
Levante	
-0.25
+0.25
1.83
1.97
 
 	
2.0
1.80
2.00
2.15
3.15
3.70
1.28
1.36
1.70
1.0
1.0
1.62
2.30
2.30
1.57
 	 1:4(0:2)  
684	04/04
23:00	 Malaga
Real Sociedad	
-0.25
+0.25
1.60
2.35
 
 	
2.25
1.90
 	
1.90
 	
1.85
3.50
4.50
1.22
1.32
2.00
1.5
1.0
2.05
2.40
1.72
1.53
 	 1:1(0:0)  
685	05/04
13:00	 Real Madrid
Granada	
-2.75
+2.75
1.85
1.95
 
 	
3.75
1.80
 	
2.00
 	
1.08
12.00
25.00
 	
1.04
8.20
3.5
1.0
2.05
5.20
1.77
1.16
 	 9:1(4:0)  
686	05/04
18:00	 Valencia
Villarreal	
-0.25
+0.25
1.77
2.05
 
 	
2.75
2.00
 	
1.80
 	
2.05
3.50
3.60
1.30
1.32
1.77
1.5
1.0
1.97
1.77
1.83
2.05
 	 0:0(0:0)  
687	05/04
20:00	 Getafe
Deportivo La Coruna	
-0.25
+0.25
1.90
1.90
 
 	
2.0
1.80
2.00
2.25
3.15
3.40
1.32
1.35
1.65
1.0
1.0
1.65
2.20
2.15
1.62
 	 2:1(2:0)  
688	05/04
22:00	 Celta
Barcelona	
+1.25
-1.25
1.95
1.85
 
 	
3.25
1.97
 	
1.83
 	
7.50
5.00
1.40
3.00
1.18
1.10
1.0
2.0
2.25
1.65
1.60
2.20
 	 0:1(0:0)  
689	06/04
21:00	 Espanyol
Elche	
-0.75
+0.75
1.85
1.95
 
 	
2.25
2.00
 	
1.80
 	
1.65
3.80
5.50
1.15
1.27
2.25
1.5
1.0
1.97
3.40
1.83
1.32
 	 1:1(1:0)  
690	07/04
21:00	 Atletico Madrid
Real Sociedad	
–1.5
+1.5
2.00
1.80
  	
2.5
1.85
1.95
1.33
5.30
8.50
1.06
1.15
3.30
2.0
1.0
1.90
4.00
1.85
1.22
 	 2:0(2:0)  
691	07/04
23:00	 Eibar
Malaga	
+0.25
-0.25
1.75
2.10
 
 	
2.0
1.85
1.95
3.10
3.10
2.45
1.55
1.37
1.37
1.0
1.0
2.15
1.80
1.70
2.00
 	 1:0(0:0)  
692	07/04
23:00	 Levante
Sevilla	
+0.25
-0.25
2.25
1.65
 
 	
2.25
1.85
 	
1.95
 	
4.00
3.60
1.90
1.90
1.30
1.25
1.0
1.5
2.30
2.05
1.57
1.72
 	 1:2(0:2)  
693	08/04
21:00	 Barcelona
Almeria	
–3.5
+3.5
1.97
1.83
  	
4.25
1.80
 	
2.00
 	
1.05
14.00
35.00
 	
1.02
10.00
4.0
1.0
2.00
5.50
1.80
1.13
 	 4:0(1:0)  
694	08/04
21:00	 Deportivo La Coruna
Cordoba	
-0.25
+0.25
1.55
2.50
 
 	
2.25
2.05
 	
1.77
 	
1.80
3.50
4.80
1.20
1.32
2.05
1.5
1.0
2.20
2.90
1.67
1.42
 	 1:1(0:0)  
695	08/04
23:00	 Granada
Celta	
+0.25
-0.25
1.80
2.00
 
 	
2.0
1.80
2.00
3.30
3.10
2.35
1.60
1.37
1.35
1.0
1.0
2.10
1.70
1.70
2.10
 	 1:1(1:0)  
696	08/04
23:00	 Rayo Vallecano
Real Madrid	
+1.75
-1.75
1.85
1.95
 
 	
3.5
1.95
1.85
9.50
6.00
1.28
3.70
1.13
1.05
1.0
2.5
2.40
1.85
1.53
1.90
 	 0:2(0:0)  
697	09/04
21:00	 Athletic Bilbao
Valencia	
-0.25
+0.25
2.05
1.80
 
 	
2.25
1.80
 	
2.00
 	
2.40
3.35
3.00
1.40
1.33
1.60
1.0
1.0
1.60
1.80
2.35
2.00
 	 1:1(0:0)  
698	09/04
23:00	 Elche
Getafe	
-0.25
+0.25
2.00
1.80
 
 	
2.0
1.90
1.90
2.35
3.15
3.25
1.35
1.36
1.60
1.0
1.0
1.80
2.25
2.00
1.60
 	 0:1(0:0)  
699	09/04
23:00	 Villarreal
Espanyol	
-0.75
+0.75
1.77
2.05
 
 	
2.5
2.00
1.80
1.60
3.85
6.00
1.13
1.26
2.35
1.5
1.0
1.75
2.80
2.00
1.40
 	 0:3(0:1) 
11/04
17:00	 Real Madrid
Eibar	
-2.75
+2.75
2.00
1.80
 
 	
3.75
1.85
 	
1.95
 	
1.08
12.00
25.00
 	
1.04
8.20
3.0
1.0
1.70
4.50
2.15
1.20
 	 3:0(2:0)  
 	11/04
19:00	 Malaga
Atletico Madrid	
+0.25
-0.25
2.15
1.70
 
 	
2.25
2.05
 	
1.77
 	
4.10
3.25
2.00
1.83
1.35
1.25
1.0
1.5
2.50
2.30
1.53
1.62
 	 2:2(1:1)  
 	11/04
21:00	 Sevilla
Barcelona	
+1.0
–1.0
2.05
1.77
  	
3.25
1.83
 	
1.97
 	
6.00
4.70
1.50
2.65
1.20
1.14
1.0
2.0
1.85
1.67
1.95
2.20
 	 2:2(1:2)  
 	11/04
23:00	 Celta
Rayo Vallecano	
–1.0
+1.0
2.00
1.80
  	
2.75
1.80
 	
2.00
 	
1.60
4.30
5.30
1.17
1.23
2.40
2.0
1.0
2.05
2.10
1.72
1.70
 	 6:1(4:1)  
 	11/04
23:00	 Almeria
Granada	
-0.25
+0.25
2.05
1.77
 
 	
2.25
2.05
 	
1.77
 	
2.40
3.15
3.15
1.36
1.36
1.57
1.0
1.0
1.75
2.10
2.10
1.75
 	 3:0(1:0)  
 	12/04
13:00	 Getafe
Villarreal	
+0.25
-0.25
2.05
1.80
 
 	
2.25
1.95
 	
1.85
 	
3.70
3.30
2.10
1.75
1.35
1.28
1.0
1.5
2.20
2.30
1.67
1.62
 	 1:1(0:0)  
 	12/04
18:00	 Espanyol
Athletic Bilbao	
-0.25
+0.25
1.90
1.90
 
 	
2.25
2.05
 	
1.77
 	
2.25
3.15
3.40
1.32
1.35
1.65
1.0
1.0
1.65
2.20
2.25
1.67
 	 1:0(1:0)  
 	12/04
20:00	 Real Sociedad
Deportivo La Coruna	
-0.25
+0.25
1.65
2.25
 
 	
2.5
2.00
1.80
1.90
3.55
4.10
1.25
1.30
1.90
1.5
1.0
2.00
2.20
1.80
1.67
 	 2:2(1:1)  
 	12/04
22:00	 Cordoba
Elche	
-0.25
+0.25
1.90
1.90
 
 	
2.0
1.90
1.90
2.25
3.15
3.50
1.32
1.37
1.67
1.0
1.0
1.72
2.35
2.05
1.55
 	 0:2(0:1)  
 	13/04
21:30	 Valencia
Levante	
–1.5
+1.5
2.00
1.80
  	
2.75
1.95
 	
1.85
 	
1.33
5.00
10.00
1.05
1.17
3.35
2.0
1.0
1.85
3.60
1.90
1.27
 	 3:0(2:0)  
 	17/04
21:45	 Levante
Espanyol	
0
0
1.85
1.95
  	
2.0
1.87
1.93
2.65
3.15
2.80
1.45
1.36
1.48
1.0
1.0
1.95
2.00
1.85
1.75
 	 2:2(1:2)  
 	18/04
17:00	 Barcelona
Valencia	
–2.0
+2.0
1.80
2.00
  	
3.5
1.85
1.95
1.20
7.50
13.00
1.03
1.10
4.80
3.0
1.0
2.05
3.80
1.75
1.25
 	 2:0(1:0)  
 	18/04
19:00	 Deportivo La Coruna
Atletico Madrid	
+0.75
-0.75
1.95
1.85
 
 	
2.25
1.80
 	
2.00
 	
5.50
3.80
1.65
2.25
1.27
1.15
1.0
1.5
2.75
1.85
1.42
1.90
 	 1:2(0:2)  
 	18/04
21:00	 Real Madrid
Malaga	
-2.25
+2.25
1.80
2.00
 
 	
3.75
1.80
 	
2.00
 	
1.14
8.50
17.00
1.01
1.07
5.70
3.0
1.0
1.80
3.00
2.00
1.36
 	 3:1(1:0)  
 	18/04
23:00	 Athletic Bilbao
Getafe	
-0.75
+0.75
1.85
1.95
 
 	
2.25
1.80
 	
2.00
 	
1.65
3.80
5.50
1.15
1.27
2.25
1.5
1.0
1.85
2.75
1.90
1.42
 	 4:0(1:0)  
 	19/04
13:00	 Rayo Vallecano
Almeria	
-0.25
+0.25
1.57
2.40
 
 	
2.5
1.90
1.90
1.80
3.70
4.35
1.22
1.27
2.00
1.5
1.0
1.87
2.20
1.92
1.67
 	 2:0(1:0)  
 	19/04
18:00	 Granada
Sevilla	
+0.75
-0.75
1.72
2.12
 
 	
2.25
1.80
 	
2.00
 	
4.40
3.50
1.85
1.95
1.30
1.22
1.0
1.5
2.35
2.00
1.60
1.80
 	 1:1(1:0)  
 	19/04
20:00	 Villarreal
Cordoba	
–1.5
+1.5
1.87
1.93
  	
3.0
1.97
1.83
1.30
5.30
10.50
1.04
1.16
3.60
2.0
1.0
1.65
3.20
2.15
1.32
 	 0:0(0:0)  
 	19/04
22:00	 Eibar
Celta	
+0.25
-0.25
1.83
1.97
 
 	
2.25
1.95
 	
1.85
 	
3.10
3.40
2.30
1.62
1.32
1.37
1.0
1.0
2.00
1.62
1.75
2.20
 	 0:1(0:1)  
 	20/04
21:45	 Elche
Real Sociedad	
0
0
1.97
1.83
  	
2.25
1.95
 	
1.85
 	
2.80
3.20
2.60
1.50
1.35
1.45
1.0
1.0
1.85
1.75
1.95
2.05
 	 1:0(1:0)  
	24/04
21:45	 Cordoba
Athletic Bilbao	
+0.25
-0.25
2.20
1.67
 
 	
2.25
1.90
 	
1.90
 	
4.10
3.40
1.95
1.87
1.32
1.25
1.0
1.5
2.35
2.15
1.60
1.70
 	 0:1(0:0)  
 	25/04
17:00	 Espanyol
Barcelona	
+1.75
-1.75
1.90
1.90
 
 	
3.25
2.00
 	
1.80
 	
12.00
6.00
1.25
4.00
1.13
1.03
1.0
2.5
3.40
1.97
1.32
1.83
 	 0:2(0:2)  
 	25/04
19:00	 Atletico Madrid
Elche	
-1.75
+1.75
1.77
2.05
 
 	
2.5
1.85
1.95
1.17
6.70
20.00
 	
1.11
5.10
2.5
1.0
2.10
7.00
1.70
1.08
 	 3:0(0:0)  
553	25/04
21:00	 Getafe
Levante	
-0.25
+0.25
1.90
1.90
 
 	
2.0
1.80
2.00
2.25
3.20
3.40
1.32
1.35
1.65
1.0
1.0
1.67
2.25
2.20
1.65
 	 0:1(0:1)  
 	25/04
23:00	 Real Sociedad
Villarreal	
0
0
1.95
1.85
  	
2.25
1.90
 	
1.90
 	
2.80
3.30
2.60
1.52
1.35
1.45
1.0
1.0
1.80
1.72
2.00
2.05
 	 0:0(0:0)  
555	26/04
13:00	 Malaga
Deportivo La Coruna	
-0.75
+0.75
1.97
1.83
 
 	
2.5
1.95
1.85
1.75
3.70
4.70
1.20
1.28
2.10
1.5
1.0
1.87
2.40
1.93
1.57
 	 1:1(0:0)  
 	26/04
18:00	 Almeria
Eibar	
-0.25
+0.25
1.80
2.00
 
 	
2.25
1.95
 	
1.85
 	
2.10
3.35
3.60
1.30
1.33
1.75
1.5
1.0
2.25
2.20
1.60
1.65
 	 2:0(1:0)  
 	26/04
20:00	 Sevilla
Rayo Vallecano	
–1.5
+1.5
1.97
1.83
  	
3.5
1.93
1.87
1.38
5.30
7.50
1.10
1.17
3.15
2.5
1.0
2.00
2.05
1.80
1.75
 	 2:0(2:0)  
 	26/04
22:00	 Celta
Real Madrid	
+1.0
–1.0
1.90
1.90
  	
3.0
1.80
2.00
5.50
4.50
1.55
2.50
1.22
1.15
1.0
2.0
2.00
1.87
1.80
1.93
 	 2:4(2:3)  
559	27/04
21:45	 Valencia
Granada	
–1.5
+1.5
2.00
1.80
  	
2.75
1.95
 	
1.85
 	
1.33
5.00
10.00
1.05
1.17
3.35
2.0
1.0
1.85
3.60
1.90
1.27
 	 4:0(2:0)  
 	28/04
21:00	 Barcelona
Getafe	
–3.5
+3.5
1.97
1.83
  	
4.25
1.80
 	
2.00
 	
1.05
15.00
30.00
 	
1.01
10.00
4.0
1.0
2.00
5.50
1.80
1.13
 	 6:0(5:0)  
 	28/04
23:00	 Athletic Bilbao
Real Sociedad	
-0.75
+0.75
1.90
1.90
 
 	
2.5
2.00
1.80
1.70
3.75
5.20
1.17
1.28
2.27
1.5
1.0
1.85
2.50
1.90
1.50
 	 1:1(0:0)  
 	28/04
23:00	 Levante
Cordoba	
-0.25
+0.25
1.62
2.30
 
 	
2.0
1.80
2.00
1.90
3.40
4.30
1.22
1.32
1.90
1.5
1.0
2.25
2.75
1.65
1.45
 	 1:0(1:0)  
 	29/04
21:00	 Celta
Malaga	
-0.75
+0.75
2.10
1.75
 
 	
2.5
1.95
1.85
1.85
3.60
4.40
1.22
1.30
2.00
1.5
1.0
1.95
2.20
1.85
1.67
 	 1:0(0:0)  
 	29/04
21:00	 Real Madrid
Almeria	
-3.25
+3.25
1.90
1.90
 
 	
4.25
1.85
 	
1.95
 	
1.05
14.00
30.00
 	
1.01
9.60
4.0
1.0
2.10
4.80
1.70
1.16
 	 3:0(1:0)  
 	29/04
21:00	 Eibar
Sevilla	
+0.75
-0.75
1.83
1.97
 
 	
2.5
1.95
1.85
4.70
3.70
1.75
2.10
1.28
1.20
1.0
1.5
2.40
1.87
1.57
1.93
 	 1:3(0:2)  
 	29/04
23:00	 Elche
Deportivo La Coruna	
-0.25
+0.25
1.90
1.90
 
 	
2.25
2.05
 	
1.77
 	
2.25
3.20
3.35
1.32
1.35
1.65
1.0
1.0
1.65
2.20
2.25
1.67
 	 4:0(2:0)  
 	29/04
23:00	 Villarreal
Atletico Madrid	
+0.25
-0.25
1.77
2.05
 
 	
2.25
1.90
 	
1.90
 	
3.05
3.25
2.40
1.57
1.35
1.38
1.0
1.0
1.87
1.62
1.87
2.20
 	 0:1(0:0)  
 	30/04
21:00	 Rayo Vallecano
Valencia	
+0.25
-0.25
2.10
1.75
 
 	
2.75
1.80
 	
2.00
 	
3.45
3.80
2.00
1.83
1.27
1.32
1.0
1.5
1.65
1.80
2.25
2.00
 	 1:1(1:0)  
 	30/04
23:00	 Granada
Espanyol	
0
0
1.87
1.93
  	
2.0
1.80
2.00
2.70
3.10
2.80
1.45
1.37
1.47
1.0
1.0
1.85
1.90
1.90
1.85
 	 1:2(0:1)  
405	01/05
21:45	 Real Sociedad
Levante	
-0.25
+0.25
1.60
2.35
 
 	
2.25
1.80
 	
2.00
 	
1.85
3.60
4.40
1.22
1.30
2.00
1.5
1.0
2.00
2.45
1.80
1.50
 	 3:0(1:0)  
406	02/05
17:00	 Cordoba
Barcelona	
+2.75
-2.75
1.83
1.97
 
 	
3.5
1.85
1.95
28.00
11.00
1.08
8.00
1.04
 	
1.0
3.0
6.30
1.80
1.12
2.00
 	 0:8(0:2)  
407	02/05
19:00	 Atletico Madrid
Athletic Bilbao	
-1.25
+1.25
1.95
1.80
 
 	
2.25
1.80
 	
1.95
 	
1.40
4.30
8.50
1.06
1.20
2.90
1.5
1.0
1.65
4.30
2.15
1.20
 	 0:0(0:0)  
408	02/05
21:00	 Sevilla
Real Madrid	
+0.25
-0.25
2.15
1.70
 
 	
3.0
1.85
1.95
3.55
3.90
1.95
1.87
1.26
1.30
1.0
1.5
1.57
1.70
2.40
2.15
 	 2:3(1:2)  
409	02/05
23:00	 Deportivo La Coruna
Villarreal	
+0.25
-0.25
1.95
1.85
 
 	
2.5
2.00
1.80
3.40
3.40
2.15
1.70
1.32
1.32
1.0
1.5
1.93
2.20
1.87
1.67
 	 1:1(0:0)  
410	03/05
13:00	 Espanyol
Rayo Vallecano	
-0.75
+0.75
2.00
1.80
 
 	
2.75
1.85
 	
1.95
 	
1.80
3.90
4.20
1.23
1.26
2.05
1.5
1.0
1.75
1.87
2.10
1.93
 	 1:1(0:1)  
411	03/05
18:00	 Getafe
Granada	
-0.25
+0.25
1.77
2.05
 
 	
2.25
1.90
 	
1.90
 	
2.05
3.35
3.75
1.27
1.33
1.77
1.5
1.0
2.15
2.15
1.65
1.65
 	 1:2(1:1)  
412	03/05
20:00	 Valencia
Eibar	
-1.75
+1.75
1.77
2.05
 
 	
3.0
2.00
1.80
1.20
6.50
14.00
1.01
1.11
4.50
2.5
1.0
2.00
4.80
1.80
1.16
 	 3:1(1:0)  
413	03/05
22:00	 Malaga
Elche	
–1.0
+1.0
2.00
1.80
  	
2.5
2.00
1.80
1.57
4.00
6.20
1.13
1.25
2.45
1.5
1.0
1.75
2.90
2.00
1.38
 	 1:2(0:1)  
414	04/05
21:45	 Almeria
Celta	
+0.25
-0.25
2.00
1.80
 
 	
2.5
2.00
1.80
3.60
3.35
2.10
1.75
1.33
1.30
1.0
1.5
1.95
2.10
1.80
1.70
 	 2:2(0:2)  
 	08/05
21:45	 Eibar
Espanyol	
0
0
1.83
1.97
  	
2.0
1.90
1.90
2.65
3.10
2.85
1.44
1.37
1.48
1.0
1.0
1.97
2.05
1.83
1.75
 	 0:2(0:1)  
 	09/05
17:00	 Granada
Cordoba	
-0.75
+0.75
1.93
1.87
 
 	
2.25
1.95
 	
1.85
 	
1.70
3.60
5.30
1.15
1.30
2.15
1.5
1.0
1.95
2.90
1.80
1.38
 	 2:0(1:0)  
 	09/05
19:00	 Barcelona
Real Sociedad	
–3.0
+3.0
1.95
1.85
  	
4.0
1.97
1.83
1.06
13.00
30.00
 	
1.02
9.10
3.5
1.0
1.95
5.50
1.85
1.13
 	 2:0(0:0)  
 	09/05
21:00	 Real Madrid
Valencia	
–1.5
+1.5
1.97
1.83
  	
3.25
1.85
 	
1.95
 	
1.37
5.30
7.50
1.10
1.16
3.15
2.5
1.0
2.10
2.25
1.75
1.65
 	 2:2(0:2)  
 	09/05
23:00	 Athletic Bilbao
Deportivo La Coruna	
-0.75
+0.75
1.77
2.05
 
 	
2.5
1.90
1.90
1.60
4.00
6.00
1.14
1.26
2.40
1.5
1.0
1.72
2.60
2.05
1.47
 	 1:1(1:0)  
 	10/05
13:00	 Levante
Atletico Madrid	
+1.0
–1.0
1.77
2.05
  	
2.25
1.90
 	
1.90
 	
6.50
3.80
1.57
2.40
1.27
1.11
1.0
1.5
3.30
1.85
1.30
1.95
 	 2:2(1:1)  
 	10/05
18:00	 Villarreal
Elche	
–1.5
+1.5
2.00
1.80
  	
2.75
1.95
 	
1.85
 	
1.35
5.00
9.00
1.06
1.17
3.25
2.0
1.0
1.85
3.60
1.90
1.27
 	 1:0(1:0)  
 	10/05
20:00	 Almeria
Malaga	
0
0
1.95
1.85
  	
2.25
1.80
 	
2.00
 	
2.70
3.35
2.60
1.50
1.32
1.46
1.0
1.0
1.70
1.67
2.15
2.20
 	 1:2(1:1)  
 	10/05
22:00	 Celta
Sevilla	
0
0
2.05
1.77
  	
3.0
1.95
1.85
2.80
3.60
2.40
1.57
1.30
1.45
1.5
1.5
2.10
1.95
1.75
1.85
 	 1:1(0:1)  
 	11/05
21:45	 Rayo Vallecano
Getafe	
-0.25
+0.25
1.75
2.10
 
 	
2.75
1.95
 	
1.85
 	
2.00
3.60
3.60
1.30
1.30
1.80
1.5
1.0
1.87
1.80
1.87
2.00
 	 2:0(1:0)  
343	17/05
20:00	 Atletico Madrid
Barcelona	
+0.25
-0.25
2.15
1.70
 
 	
2.5
1.90
1.90
3.90
3.50
1.95
1.85
1.30
1.25
1.0
1.5
2.00
1.97
1.80
1.83
 	 0:1(0:0)  
344	17/05
20:00	 Elche
Athletic Bilbao	
+0.25
-0.25
1.95
1.85
 
 	
2.25
1.90
 	
1.90
 	
3.60
3.25
2.15
1.72
1.35
1.30
1.0
1.5
2.10
2.30
1.75
1.62
 	 2:3(2:0)  
345	17/05
20:00	 Getafe
Eibar	
-0.25
+0.25
1.83
1.97
 
 	
2.0
1.80
2.00
2.15
2.90
4.00
1.23
1.40
1.70
1.0
1.0
1.62
2.30
2.30
1.57
 	 1:1(1:1)  
346	17/05
20:00	 Valencia
Celta	
–1.0
+1.0
2.00
1.80
  	
3.0
1.90
1.90
1.60
4.35
5.00
1.18
1.22
2.35
2.0
1.0
2.00
1.97
1.80
1.83
 	 1:1(0:1)  
347	17/05
20:00	 Villarreal
Malaga	
-0.25
+0.25
1.70
2.15
 
 	
3.0
2.00
1.80
1.95
3.80
3.60
1.30
1.26
1.85
1.5
1.0
1.80
1.70
2.00
2.15
 	 2:1(0:0)  
348	17/05
20:00	 Cordoba
Rayo Vallecano	
+0.25
-0.25
2.25
1.65
 
 	
2.75
1.93
 	
1.87
 	
3.85
3.75
1.90
1.90
1.27
1.26
1.0
1.5
1.85
1.85
1.95
1.95
 	 1:2(0:1)  
349	17/05
20:00	 Deportivo La Coruna
Levante	
–1.0
+1.0
2.00
1.80
  	
2.5
2.00
1.80
1.57
4.00
6.20
1.13
1.25
2.45
1.5
1.0
1.75
2.90
2.00
1.38
 	 2:0(1:0)  
350	17/05
20:00	 Sevilla
Almeria	
-1.75
+1.75
1.90
1.90
 
 	
3.5
1.95
1.85
1.28
6.00
9.50
1.05
1.13
3.70
2.5
1.0
1.85
2.40
1.90
1.53
 	 2:1(0:1)  
351	17/05
20:00	 Espanyol
Real Madrid	
+1.0
–1.0
1.97
1.83
  	
3.0
1.77
2.05
5.50
4.60
1.53
2.50
1.20
1.15
1.0
2.0
2.05
1.80
1.77
2.00
 	 1:4(0:0)  
352	17/05
20:00	 Real Sociedad
Granada	
-0.25
+0.25
2.05
1.77
 
 	
2.75
1.95
 	
1.85
 	
2.35
3.50
2.95
1.42
1.32
1.60
1.5
1.0
2.05
1.60
1.77
2.35
 	 0:3(0:0)  
373	23/05
17:30	 Levante
Elche	
-0.25
+0.25
1.75
2.00
 
 	
2.5
2.00
1.80
2.00
3.60
3.70
1.30
1.30
1.83
1.5
1.0
2.05
2.05
1.75
1.75
 	 0:0(0:0)  
374	23/05
19:30	 Athletic Bilbao
Villarreal	
–1.0
+1.0
2.00
1.75
  	
2.75
1.85
 	
1.90
 	
1.60
4.00
5.30
1.14
1.23
2.30
1.5
1.0
1.62
2.20
2.20
1.65
 	 4:0(3:0)  
375	23/05
19:30	 Malaga
Sevilla	
+0.25
-0.25
1.80
2.05
 
 	
3.25
1.95
 	
1.85
 	
2.85
3.70
2.35
1.62
1.30
1.45
1.5
1.5
1.95
1.80
1.80
2.00
 	 2:3(0:0)  
376	23/05
19:30	 Barcelona
Deportivo La Coruna	
-2.25
+2.25
1.87
1.93
 
 	
4.0
1.80
1.95
1.20
7.00
13.00
1.02
1.10
4.60
3.0
1.0
1.75
2.20
2.00
1.62
 	 2:2(1:0)  
377	23/05
19:30	 Granada
Atletico Madrid	
+0.25
-0.25
2.20
1.67
 
 	
2.0
1.80
2.00
6.50
2.30
2.10
1.70
1.60
1.10
 
 	 0:0(0:0)  
378	23/05
19:30	 Rayo Vallecano
Real Sociedad	
-0.25
+0.25
1.87
1.87
 
 	
3.25
1.95
 	
1.80
 	
2.15
3.70
3.00
1.36
1.25
1.67
1.5
1.5
1.75
2.05
2.00
1.72
 	 2:4(1:2)  
379	23/05
19:30	 Celta
Espanyol	
–1.0
+1.0
1.90
1.90
  	
3.0
1.90
1.90
1.55
4.40
5.50
1.15
1.22
2.45
2.0
1.0
1.95
2.10
1.85
1.75
 	 3:2(1:1)  
380	23/05
19:30	 Eibar
Cordoba	
–1.5
+1.5
1.97
1.83
  	
2.75
1.95
 	
1.85
 	
1.32
5.20
10.00
1.05
1.17
3.45
2.0
1.0
1.85
4.00
1.95
1.25
 	 3:0(3:0)  
381	23/05
19:30	 Almeria
Valencia	
+1.0
–1.0
1.95
1.85
  	
3.25
2.00
 	
1.80
 	
5.50
4.60
1.53
2.50
1.20
1.15
1.0
2.0
1.95
1.80
1.80
1.95
 	 2:3(2:2)  
382	23/05
21:30	 Real Madrid
Getafe	
–3.0
+3.0
1.93
1.87
  	
4.25
1.83
 	
1.97
 	
1.10
12.00
18.00
1.01
1.04
7.20
3.5
1.0
1.80
3.40
2.00
1.30
 	 7:3(3:3)  	 