486	04/10
21:00	 Auxerre
Laval	
-0.75
+0.75
2.00
1.72
 
 	
2.25
1.85
 	
1.85
 	
1.75
3.35
4.95
1.14
1.30
1.96
1.5
1.5
1.90
3.85
1.80
1.22
 	 2:0(0:0)  
487	04/10
21:00	 Clermont
Istres	
-0.25
+0.25
1.60
2.20
 
 	
2.25
2.00
 	
1.72
 	
1.85
3.20
4.55
1.16
1.33
1.85
1.5
1.0
2.10
2.40
1.66
1.50
 	 2:0(0:0)  
488	04/10
21:00	 Le Havre
Dijon	
-0.25
+0.25
1.75
1.96
 
 	
2.5
1.90
1.80
2.05
3.25
3.60
1.25
1.33
1.70
1.5
1.5
2.10
3.05
1.66
1.33
 	 0:0(0:0)  
489	04/10
21:00	 Metz
Chateauroux	
-0.75
+0.75
1.85
1.85
 
 	
2.25
1.75
 	
1.96
 	
1.65
3.55
5.55
1.11
1.27
2.11
1.5
1.5
1.75
4.75
1.96
1.15
 	 1:0(0:0)  
490	05/10
15:00	 Nimes
Caen	
+0.25
-0.25
1.85
1.85
 
 	
2.5
1.95
1.76
3.25
3.15
2.25
1.57
1.33
1.30
1.5
1.5
2.85
2.25
1.37
1.57
 	 2:1(2:1)  
491	04/10
21:00	 Niort
Nancy	
-0.25
+0.25
1.72
2.00
 
 	
2.25
2.05
 	
1.70
 	
2.00
3.15
4.05
1.21
1.35
1.75
1.5
1.5
2.20
3.75
1.60
1.23
 	 2:2(2:2)  
492	04/10
21:00	 Tours
Brest	
-0.25
+0.25
1.70
2.03
 
 	
2.25
1.95
 	
1.76
 	
1.97
3.10
4.10
1.20
1.37
1.74
1.5
1.5
2.10
3.20
1.66
1.30
 	 1:1(1:1)  
493	04/10
21:00	 Troyes
CA Bastia	
-1.25
+1.25
1.95
1.76
 
 	
2.5
1.80
1.90
1.40
4.15
8.50
1.05
1.20
2.75
 1.40
4.15
8.50
1.05
1.20
2.75
 	 6:1(1:0)  
494	05/10
15:00	 Creteil
Angers	
0
0
1.80
1.90
  	
2.25
1.72
 	
2.00
 	
2.55
3.15
2.75
1.40
1.37
1.45
1.5
1.5
2.50
2.55
1.47
1.45
 	 0:0(0:0)  
495	07/10
21:30	 Arles
Lens	
-0.25
+0.25
1.95
1.76
 
 	
2.25
1.90
 	
1.80
 	
2.35
3.05
3.15
1.32
1.35
1.55
1.5
1.5
2.40
2.95
1.50
1.35
 	 1:1(0:0) 
 518	18/10
21:00	 Angers
Niort	
-0.25
+0.25
1.63
2.15
 
 	
2.25
1.80
 	
1.90
 	
1.85
3.25
4.55
1.16
1.30
1.85
1.5
1.5
2.05
3.40
1.70
1.27
 	 2:0(0:0)  
519	18/10
21:00	 Auxerre
Creteil	
-0.75
+0.75
2.00
1.72
 
 	
2.25
1.80
 	
1.90
 	
1.75
3.30
5.00
1.15
1.32
1.96
1.5
1.5
1.90
3.55
1.80
1.25
 	 1:1(1:0)  
520	18/10
21:00	 CA Bastia
Tours	
0
0
2.00
1.72
  	
2.25
1.80
 	
1.90
 	
2.95
3.00
2.50
1.47
1.37
1.37
1.5
1.5
2.75
2.40
1.40
1.50
 	 1:2(0:1)  
521	18/10
21:00	 Chateauroux
Caen	
+0.25
-0.25
1.80
1.90
 
 	
2.5
1.95
1.76
3.20
3.15
2.25
1.57
1.33
1.30
1.5
1.5
2.95
2.15
1.35
1.65
 	 0:2(0:1)  
522	18/10
21:00	 Dijon
Troyes	
-0.25
+0.25
1.75
1.96
 
 	
2.25
1.85
 	
1.85
 	
2.10
3.15
3.60
1.25
1.33
1.67
1.5
1.5
2.20
3.40
1.60
1.27
 	 2:1(0:1)  
523	18/10
21:00	 Istres
Arles	
0
0
1.90
1.80
  	
2.25
1.95
 	
1.76
 	
2.85
2.90
2.65
1.42
1.38
1.38
1.5
1.5
2.85
2.65
1.37
1.42
 	 1:0(0:0)  
524	18/10
21:00	 Laval
Le Havre	
+0.25
-0.25
1.85
1.85
 
 	
2.25
1.95
 	
1.76
 	
3.40
3.00
2.25
1.60
1.35
1.27
1.5
1.5
3.10
2.25
1.32
1.57
 	 2:2(0:1)  
525	18/10
21:00	 Nancy
Clermont	
-0.25
+0.25
1.65
2.11
 
 	
2.25
2.00
 	
1.72
 	
1.90
3.05
4.55
1.17
1.35
1.80
1.5
1.5
2.10
3.85
1.66
1.22
 	 3:2(1:1)  
526	19/10
15:00	 Lens
Nimes	
-0.25
+0.25
1.60
2.20
 
 	
2.5
1.95
1.76
1.85
3.25
4.45
1.17
1.33
1.85
1.5
1.5
1.97
3.40
1.74
1.27
 	 1:0(0:0)  
527	21/10
21:30	 Brest
Metz	
-0.25
+0.25
1.90
1.80
 
 	
2.25
1.90
 	
1.80
 	
2.30
3.10
3.20
1.30
1.35
1.57
1.5
1.5
2.40
2.95
1.50
1.35
 	 0:3(0:2)  
502	25/10
21:00	 Arles
Dijon	
-0.25
+0.25
2.00
1.72
 
 	
2.25
2.00
 	
1.72
 	
2.40
3.00
3.10
1.33
1.37
1.50
1.5
1.5
2.65
3.20
1.42
1.30
 	 0:0(0:0)  
503	25/10
21:00	 Creteil
CA Bastia	
-0.75
+0.75
1.80
1.90
 
 	
2.5
1.85
1.85
1.60
3.60
5.85
1.10
1.27
2.20
1.5
1.5
1.75
4.05
1.96
1.20
 	 3:0(1:0)  
504	25/10
21:00	 Le Havre
Brest	
-0.75
+0.75
1.80
1.90
 
 	
2.25
1.80
 	
1.90
 	
1.60
3.45
6.55
1.08
1.28
2.20
1.5
1.5
1.75
4.55
1.96
1.16
 	 0:1(0:0)  
505	25/10
21:00	 Metz
Angers	
-0.25
+0.25
1.75
2.05
 
 	
2.25
1.90
 	
1.85
 	
2.00
3.30
3.70
1.25
1.30
1.75
1.5
1.0
2.25
2.25
1.62
1.60
 	 1:0(0:0)  
506	25/10
21:00	 Nimes
Chateauroux	
-0.75
+0.75
2.10
1.67
 
 	
2.25
1.85
 	
1.85
 	
1.85
3.20
4.55
1.16
1.33
1.85
1.5
1.5
1.95
3.75
1.76
1.23
 	 3:1(1:0)  
507	25/10
21:00	 Niort
Istres	
-0.75
+0.75
2.05
1.70
 
 	
2.25
1.95
 	
1.76
 	
1.80
3.20
4.95
1.15
1.32
1.90
1.5
1.5
1.95
4.05
1.76
1.20
 	 3:1(0:0)  
508	25/10
21:00	 Tours
Laval	
-0.75
+0.75
1.85
1.85
 
 	
2.5
2.00
1.72
1.65
3.45
5.85
1.11
1.30
2.11
1.5
1.5
1.80
4.05
1.90
1.20
 	 2:0(0:0)  
509	25/10
21:00	 Troyes
Auxerre	
-0.75
+0.75
2.00
1.72
 
 	
2.5
1.95
1.76
1.75
3.35
4.90
1.15
1.30
1.96
1.5
1.5
1.90
3.55
1.80
1.25
 	 2:0(1:0)  
510	26/10
15:00	 Caen
Nancy	
-0.75
+0.75
2.00
1.72
 
 	
2.5
1.95
1.76
1.75
3.35
4.90
1.14
1.30
1.96
1.5
1.5
1.85
3.75
1.85
1.23
 	 1:2(1:1)  
511	28/10
21:30	 Clermont
Lens	
-0.25
+0.25
2.00
1.72
 
 	
2.25
1.95
 	
1.76
 	
2.45
3.00
3.05
1.35
1.37
1.50
1.5
1.5
2.50
2.95
1.47
1.35
 	 0:0(0:0) 
598	01/11
21:00	 Angers
Arles	
-0.75
+0.75
1.95
1.76
 
 	
2.25
2.00
 	
1.72
 	
1.72
3.25
5.55
1.13
1.32
1.90
1.5
1.5
1.90
4.25
1.80
1.18
 	 1:0(1:0)  
599	01/11
21:00	 Auxerre
Tours	
-0.25
+0.25
1.80
1.90
 
 	
2.25
1.85
 	
1.85
 	
2.15
3.10
3.55
1.25
1.35
1.65
1.5
1.5
2.05
3.05
1.70
1.33
 	 4:0(1:0)  
600	01/11
21:00	 CA Bastia
Le Havre	
+0.75
-0.75
1.70
2.10
 
 	
2.25
1.90
 	
1.85
 	
4.30
3.40
1.85
1.90
1.30
1.20
1.0
1.5
2.50
2.10
1.50
1.70
 	 0:0(0:0)  
601	01/11
21:00	 Chateauroux
Clermont	
-0.25
+0.25
2.00
1.72
 
 	
2.25
2.10
 	
1.67
 	
2.40
2.95
3.20
1.30
1.37
1.50
1.5
1.5
2.65
2.85
1.42
1.37
 	 3:0(2:0)  
602	01/11
21:00	 Dijon
Niort	
-0.75
+0.75
2.00
1.72
 
 	
2.25
1.85
 	
1.85
 	
1.75
3.35
5.00
1.14
1.30
2.00
1.5
1.5
1.95
4.05
1.76
1.20
 	 2:2(0:2)  
603	01/11
21:00	 Istres
Metz	
+0.25
-0.25
1.72
2.00
 
 	
2.25
1.95
 	
1.76
 	
3.10
3.05
2.40
1.52
1.35
1.33
1.5
1.5
2.95
2.50
1.35
1.47
 	 1:2(0:1)  
604	01/11
21:00	 Laval
Creteil	
-0.25
+0.25
1.72
2.00
 
 	
2.25
1.75
 	
1.96
 	
2.00
3.20
3.95
1.22
1.33
1.72
1.5
1.5
2.10
3.40
1.67
1.27
 	 5:1(1:1)  
605	01/11
21:00	 Nancy
Nimes	
-0.25
+0.25
1.60
2.19
 
 	
2.25
1.75
 	
1.96
 	
1.83
3.30
4.55
1.17
1.30
1.87
1.5
1.5
1.95
3.55
1.76
1.25
 	 1:0(1:0)  
606	02/11
15:00	 Lens
Caen	
0
0
1.75
2.00
  	
2.25
1.80
 	
1.90
 	
2.45
3.05
3.00
1.35
1.33
1.50
1.5
1.5
2.30
2.75
1.55
1.40
 	 2:1(2:0)  
607	04/11
21:30	 Brest
Troyes	
0
0
1.75
1.96
  	
2.25
1.85
 	
1.85
 	
2.50
3.15
2.85
1.37
1.35
1.47
1.5
1.5
2.55
2.85
1.45
1.37
 	 1:1(0:1)  
515	09/11
16:00	 Arles
Brest	
-0.25
+0.25
1.57
2.25
 
 	
2.25
2.25
 	
1.57
 	
1.80
3.10
5.10
1.13
1.35
1.90
1.5
1.5
2.10
4.05
1.66
1.20
 	 1:0(0:0)  
516	08/11
21:00	 Caen
Istres	
–1.0
+1.0
1.75
1.96
  	
2.5
1.85
1.85
1.45
3.85
8.50
1.06
1.23
2.55
1.5
1.5
1.60
4.75
2.20
1.15
 	 4:0(2:0)  
517	08/11
21:00	 Clermont
Auxerre	
-0.25
+0.25
2.00
1.72
 
 	
2.25
1.95
 	
1.76
 	
2.40
3.00
3.10
1.32
1.35
1.52
1.5
1.5
2.50
2.95
1.47
1.35
 	 1:1(0:0)  
518	08/11
21:00	 Creteil
Tours	
0
0
1.90
1.80
  	
2.5
1.85
1.85
2.75
3.05
2.65
1.42
1.35
1.40
1.5
1.5
2.55
2.50
1.45
1.47
 	 2:1(1:0)  
519	08/11
21:00	 Le Havre
Angers	
-0.25
+0.25
1.70
2.03
 
 	
2.25
1.85
 	
1.85
 	
2.00
3.10
4.05
1.21
1.35
1.75
1.5
1.5
2.05
3.10
1.70
1.32
 	 1:2(0:0)  
520	08/11
21:00	 Nancy
Chateauroux	
–1.0
+1.0
1.95
1.76
  	
2.25
1.75
 	
1.96
 	
1.50
3.70
7.25
1.07
1.25
2.40
1.5
1.5
1.70
4.75
2.03
1.15
 	 2:0(2:0)  
521	08/11
21:00	 Nimes
CA Bastia	
–1.0
+1.0
1.95
1.76
  	
2.5
1.95
1.76
1.50
3.70
7.25
1.07
1.25
2.40
1.5
1.5
1.70
4.75
2.03
1.15
 	 0:1(0:1)  
522	08/11
21:00	 Troyes
Laval	
–1.0
+1.0
1.90
1.80
  	
2.5
1.80
1.90
1.52
3.75
6.85
1.08
1.27
2.36
1.5
1.5
1.65
4.05
2.11
1.20
 	 0:1(0:1)  
523	09/11
15:00	 Metz
Dijon	
-0.25
+0.25
1.67
2.10
 
 	
2.25
1.95
 	
1.76
 	
1.95
3.20
4.25
1.19
1.33
1.76
1.5
1.5
2.15
3.40
1.65
1.27
 	 2:0(2:0)  
524	11/11
21:30	 Niort
Lens	
-0.25
+0.25
1.90
1.80
 
 	
2.25
1.90
 	
1.80
 	
2.30
3.05
3.25
1.30
1.35
1.57
1.5
1.5
2.40
2.95
1.50
1.35
 	 2:2(1:0)  
514	22/11
21:00	 Angers
Clermont	
-0.75
+0.75
2.05
1.75
 
 	
2.25
2.00
 	
1.76
 	
1.80
3.40
4.50
1.20
1.30
2.00
1.5
1.0
2.08
2.65
1.70
1.45
 	 0:2(0:2)  
515	22/11
21:00	 Brest
Niort	
-0.25
+0.25
1.95
1.76
 
 	
2.25
1.95
 	
1.76
 	
2.35
3.05
3.20
1.30
1.35
1.52
1.5
1.5
2.50
3.05
1.47
1.33
 	 0:1(0:1)  
516	22/11
21:00	 CA Bastia
Metz	
+0.25
-0.25
2.25
1.57
 
 	
2.25
1.95
 	
1.76
 	
5.10
3.15
1.80
1.90
1.33
1.14
1.5
1.5
4.40
2.00
1.17
1.72
 	 0:2(0:0)  
517	22/11
21:00	 Creteil
Troyes	
+0.25
-0.25
1.75
1.96
 
 	
2.5
1.80
1.90
3.00
3.25
2.35
1.55
1.33
1.35
1.5
1.5
2.50
2.10
1.47
1.66
 	 0:3(0:0)  
518	22/11
21:00	 Dijon
Nancy	
-0.25
+0.25
1.95
1.80
 
 	
2.0
1.90
1.85
2.30
3.00
3.30
1.30
1.32
1.57
1.0
1.0
1.85
2.30
1.90
1.57
 	 1:0(0:0)  
519	22/11
21:00	 Istres
Nimes	
-0.25
+0.25
1.95
1.76
 
 	
2.25
1.90
 	
1.80
 	
2.40
2.95
3.20
1.30
1.35
1.50
1.5
1.5
2.40
2.95
1.50
1.35
 	 4:2(3:1)  
520	22/11
21:00	 Laval
Arles	
-0.25
+0.25
1.85
1.85
 
 	
2.25
2.10
 	
1.67
 	
2.25
2.95
3.50
1.27
1.37
1.60
1.5
1.5
2.40
3.55
1.50
1.25
 	 1:1(1:0)  
521	22/11
21:00	 Tours
Le Havre	
0
0
1.85
1.95
  	
2.0
1.80
1.90
2.60
3.10
2.75
1.44
1.35
1.48
1.0
1.0
1.85
1.87
1.90
1.87
 	 2:2(1:1)  
522	23/11
15:00	 Lens
Chateauroux	
–1.0
+1.0
1.95
1.80
  	
2.5
1.95
1.76
1.55
3.65
6.85
1.08
1.25
2.35
1.5
1.5
1.65
4.25
2.11
1.18
 	 2:0(0:0)  
523	25/11
21:30	 Auxerre
Caen	
0
0
1.70
2.03
  	
2.25
1.80
 	
1.90
 	
2.50
3.00
3.00
1.36
1.37
1.47
1.5
1.5
2.40
2.85
1.50
1.37
 	 3:2(2:2)  
564	29/11
21:00	 Arles
CA Bastia	
-0.75
+0.75
1.85
1.90
 
 	
2.25
2.00
 	
1.75
 	
1.65
3.30
6.10
1.10
1.30
2.15
1.5
1.0
1.90
2.85
1.80
1.37
 	 0:0(0:0)  
565	29/11
21:00	 Caen
Angers	
-0.75
+0.75
1.95
1.76
 
 	
2.25
1.90
 	
1.80
 	
1.70
3.45
5.35
1.13
1.30
2.05
1.5
1.5
2.00
3.75
1.72
1.23
 	 1:1(1:1)  
566	29/11
21:00	 Chateauroux
Istres	
-0.25
+0.25
1.90
1.80
 
 	
2.25
1.80
 	
1.90
 	
2.30
3.10
3.20
1.30
1.37
1.57
1.5
1.5
2.30
2.95
1.55
1.35
 	 2:0(1:0)  
567	29/11
21:00	 Clermont
Brest	
-0.25
+0.25
1.67
2.10
 
 	
2.25
2.15
 	
1.65
 	
1.90
3.05
4.65
1.17
1.35
1.80
1.5
1.5
2.25
4.05
1.57
1.20
 	 1:0(0:0)  
568	29/11
21:00	 Le Havre
Creteil	
–1.0
+1.0
1.90
1.80
  	
2.5
1.80
1.90
1.50
4.10
6.25
1.09
1.23
2.41
1.5
1.5
1.55
4.55
2.30
1.16
 	 3:1(2:0)  
569	29/11
21:00	 Nimes
Dijon	
0
0
1.70
2.03
  	
2.25
1.95
 	
1.76
 	
2.50
2.95
3.05
1.34
1.37
1.47
1.5
1.5
2.65
2.95
1.42
1.35
 	 1:1(1:0)  
570	29/11
21:00	 Niort
Laval	
-0.75
+0.75
2.05
1.70
 
 	
2.25
1.95
 	
1.76
 	
1.85
3.10
5.00
1.14
1.35
1.90
1.5
1.5
1.95
4.05
1.76
1.20
 	 0:1(0:1)  
571	29/11
21:00	 Troyes
Tours	
-0.75
+0.75
1.87
1.87
 
 	
2.5
1.95
1.80
1.70
3.70
5.00
1.16
1.27
2.15
1.5
1.0
1.85
2.40
1.90
1.53
 	 1:2(1:2)  
572	30/11
15:00	 Nancy
Lens	
-0.25
+0.25
1.75
1.96
 
 	
2.25
2.00
 	
1.72
 	
2.10
3.05
3.85
1.23
1.35
1.67
1.5
1.5
2.25
3.55
1.57
1.25
 	 1:0(1:0)  
573	02/12
21:30	 Metz
Auxerre	
-0.75
+0.75
2.00
1.72
 
 	
2.25
1.95
 	
1.76
 	
1.75
3.25
5.30
1.13
1.30
1.96
1.5
1.5
1.93
4.25
1.78
1.18
 	 3:0(0:0)  
524	13/12
21:00	 Auxerre
Niort	
-0.25
+0.25
1.75
1.96
 
 	
2.25
1.95
 	
1.76
 	
1.95
3.15
4.20
1.20
1.33
1.76
1.5
1.5
2.10
3.85
1.67
1.22
 	 2:0(0:0)  
525	13/12
21:00	 Brest
Nimes	
-0.25
+0.25
1.95
1.76
 
 	
2.25
2.10
 	
1.67
 	
2.30
2.90
3.45
1.28
1.40
1.55
1.5
1.5
2.65
3.05
1.42
1.33
 	 1:1(0:0)  
526	13/12
21:00	 CA Bastia
Caen	
+0.75
-0.75
1.96
1.75
 
 	
2.25
1.85
 	
1.85
 	
6.30
3.55
1.60
2.20
1.30
1.10
1.5
1.5
4.40
1.75
1.17
1.96
 	 1:5(0:2)  
527	13/12
21:00	 Creteil
Arles	
-0.25
+0.25
1.85
1.85
 
 	
2.25
2.00
 	
1.72
 	
2.25
3.00
3.45
1.27
1.35
1.60
1.5
1.5
2.40
3.20
1.50
1.30
 	 1:1(1:0)  
528	13/12
21:00	 Istres
Nancy	
0
0
1.80
1.95
  	
2.25
1.85
 	
1.85
 	
2.60
2.90
2.90
1.37
1.37
1.45
1.5
1.5
2.50
2.55
1.47
1.45
 	 0:0(0:0)  
529	13/12
21:00	 Laval
Chateauroux	
-0.75
+0.75
1.85
1.85
 
 	
2.25
1.85
 	
1.85
 	
1.65
3.35
6.10
1.10
1.32
2.11
1.5
1.5
1.85
3.85
1.85
1.22
 	 2:2(0:1)  
530	13/12
21:00	 Tours
Metz	
0
0
1.80
1.90
  	
2.25
2.00
 	
1.72
 	
2.70
2.90
2.80
1.40
1.40
1.43
1.5
1.5
2.55
2.85
1.45
1.37
 	 4:2(2:1)  
531	13/12
21:00	 Troyes
Le Havre	
-0.25
+0.25
1.80
1.90
 
 	
2.25
1.85
 	
1.85
 	
2.15
3.10
3.55
1.25
1.35
1.65
1.5
1.5
2.25
3.20
1.57
1.30
 	 0:1(0:0)  
532	14/12
15:00	 Angers
Lens	
-0.25
+0.25
1.75
1.96
 
 	
2.25
1.90
 	
1.80
 	
2.10
3.10
3.75
1.23
1.35
1.67
1.5
1.5
2.25
3.10
1.57
1.32
 	 1:2(0:1)  
533	16/12
21:30	 Dijon
Clermont	
-0.75
+0.75
2.00
1.72
 
 	
2.25
2.10
 	
1.67
 	
1.85
3.15
4.75
1.16
1.33
1.85
1.5
1.5
2.10
4.25
1.66
1.18
 	 1:0(0:0)  
401	19/12
21:45	 Lens
Istres	
–1.0
+1.0
1.87
1.87
  	
2.5
1.87
1.87
1.50
4.00
6.50
1.08
1.22
2.50
1.5
1.0
1.57
3.05
2.30
1.35
 	 1:2(0:0)  
402	20/12
21:00	 Caen
Brest	
–1.0
+1.0
1.75
2.00
  	
2.5
1.95
1.76
1.42
4.10
8.50
1.06
1.21
2.70
1.5
1.5
1.55
5.10
2.30
1.13
 	 0:0(0:0)  
403	20/12
21:00	 Chateauroux
Dijon	
+0.25
-0.25
1.70
2.05
 
 	
2.25
1.90
 	
1.80
 	
3.00
3.00
2.50
1.47
1.37
1.35
1.5
1.5
2.95
2.50
1.35
1.47
 	 3:1(1:0)  
404	20/12
21:00	 Clermont
CA Bastia	
-1.25
+1.25
1.95
1.76
 
 	
2.25
1.75
 	
1.96
 	
1.40
4.10
9.10
1.05
1.21
2.75
1.5
1.5
1.60
5.50
2.20
1.11
 	 2:0(1:0)  
405	20/12
21:00	 Le Havre
Auxerre	
-0.75
+0.75
2.00
1.72
 
 	
2.25
1.85
 	
1.85
 	
1.72
3.35
5.35
1.13
1.30
2.00
1.5
1.5
1.90
3.75
1.80
1.23
 	 2:0(2:0)  
406	20/12
21:00	 Nancy
Laval	
-0.25
+0.25
1.60
2.20
 
 	
2.25
1.90
 	
1.80
 	
1.85
3.15
4.65
1.16
1.33
1.90
1.5
1.5
2.20
3.85
1.60
1.22
 	 2:1(1:0)  
407	20/12
21:00	 Nimes
Angers	
-0.25
+0.25
1.85
1.85
 
 	
2.25
1.95
 	
1.76
 	
2.20
3.05
3.55
1.26
1.35
1.65
1.5
1.5
2.25
3.20
1.57
1.30
 	 0:2(0:2)  
408	20/12
21:00	 Niort
Creteil	
-0.75
+0.75
2.05
1.70
 
 	
2.25
1.85
 	
1.85
 	
1.80
3.35
4.70
1.16
1.30
1.90
1.5
1.5
1.90
3.75
1.80
1.23
 	 2:1(1:0)  
409	21/12
15:00	 Arles
Tours	
-0.25
+0.25
1.90
1.80
 
 	
2.25
2.00
 	
1.72
 	
2.30
2.95
3.40
1.27
1.37
1.55
1.5
1.5
2.50
3.10
1.47
1.32
 	 1:0(0:0)  
410	21/12
15:00	 Metz
Troyes	
-0.25
+0.25
1.70
2.03
 
 	
2.25
1.85
 	
1.85
 	
2.00
3.10
4.05
1.20
1.33
1.75
1.5
1.5
2.10
3.40
1.67
1.27
 	 1:0(1:0) 
482	10/01
21:00	 Auxerre
Arles	
-0.75
+0.75
2.10
1.66
 
 	
2.25
2.05
 	
1.70
 	
1.80
3.10
5.30
1.13
1.35
1.90
1.5
1.5
2.10
4.25
1.66
1.18
 	 1:1(1:1)  
483	10/01
21:00	 CA Bastia
Niort	
+0.25
-0.25
1.90
1.80
 
 	
2.25
1.90
 	
1.80
 	
3.60
3.05
2.15
1.65
1.35
1.25
1.5
1.5
3.40
2.25
1.27
1.57
 	 0:3(0:0)  
484	10/01
21:00	 Dijon
Istres	
-0.75
+0.75
1.85
1.85
 
 	
2.25
1.75
 	
1.96
 	
1.67
3.50
5.55
1.12
1.30
2.10
1.5
1.5
1.80
3.75
1.90
1.23
 	 4:1(2:0)  
485	10/01
21:00	 Laval
Nimes	
-0.25
+0.25
1.95
1.76
 
 	
2.25
1.85
 	
1.85
 	
2.35
3.10
3.10
1.33
1.35
1.55
1.5
1.5
2.40
2.95
1.50
1.35
 	 1:3(1:1)  
486	10/01
21:00	 Le Havre
Metz	
-0.25
+0.25
1.80
1.90
 
 	
2.25
2.00
 	
1.72
 	
2.10
3.00
3.85
1.23
1.35
1.67
1.5
1.5
2.20
3.40
1.60
1.27
 	 2:2(1:1)  
487	10/01
21:00	 Tours
Caen	
0
0
2.00
1.75
  	
2.25
1.85
 	
1.85
 	
2.90
3.10
2.50
1.47
1.35
1.37
1.5
1.5
2.85
2.65
1.37
1.42
 	 2:1(1:0)  
488	10/01
21:00	 Troyes
Clermont	
-0.75
+0.75
1.90
1.80
 
 	
2.25
2.00
 	
1.72
 	
1.72
3.30
5.50
1.12
1.30
2.00
1.5
1.5
1.85
3.75
1.85
1.23
 	 2:2(0:1)  
489	11/01
15:00	 Angers
Nancy	
-0.25
+0.25
1.80
1.90
 
 	
2.25
1.95
 	
1.76
 	
2.15
3.10
3.55
1.25
1.35
1.65
1.5
1.5
2.25
3.40
1.57
1.27
 	 1:1(1:0)  
490	11/01
15:00	 Creteil
Chateauroux	
-0.25
+0.25
1.72
2.00
 
 	
2.25
1.75
 	
1.96
 	
2.05
3.20
3.75
1.23
1.33
1.70
1.5
1.5
2.10
3.40
1.67
1.27
 	 3:2(1:2)  
491	13/01
21:30	 Brest
Lens	
0
0
1.95
1.76
  	
2.25
1.95
 	
1.76
 	
2.90
3.00
2.55
1.45
1.37
1.38
1.5
1.5
2.95
2.65
1.35
1.42
 	 0:1(0:1)  
428	17/01
21:00	 Caen
Laval	
–1.0
+1.0
1.80
1.90
  	
2.5
1.95
1.76
1.47
3.85
7.55
1.07
1.25
2.50
1.5
1.5
1.67
4.25
2.10
1.18
 	 2:1(1:1)  
429	17/01
21:00	 Chateauroux
Angers	
+0.25
-0.25
1.75
1.96
 
 	
2.25
1.75
 	
1.96
 	
3.00
3.10
2.40
1.50
1.35
1.35
1.5
1.5
2.95
2.40
1.35
1.50
 	 0:1(0:0)  
430	17/01
21:00	 Clermont
Le Havre	
-0.25
+0.25
2.00
1.72
 
 	
2.25
1.95
 	
1.76
 	
2.50
3.00
2.95
1.35
1.35
1.47
1.5
1.5
2.65
2.75
1.42
1.40
 	 0:1(0:1)  
431	17/01
21:00	 Istres
Brest	
-0.25
+0.25
1.80
1.90
 
 	
2.25
1.90
 	
1.80
 	
2.20
3.05
3.50
1.26
1.35
1.60
1.5
1.5
2.25
3.05
1.57
1.33
 	 3:1(1:0)  
432	17/01
21:00	 Nancy
CA Bastia	
–1.5
+1.5
1.95
1.76
  	
2.5
1.95
1.76
1.27
4.95
12.00
1.02
1.15
3.40
 1.27
4.95
12.00
1.02
1.15
3.40
 	 0:1(0:0)  
433	17/01
21:00	 Nimes
Auxerre	
-0.25
+0.25
1.65
2.11
 
 	
2.25
1.90
 	
1.80
 	
1.95
3.20
4.10
1.20
1.33
1.76
1.5
1.5
2.10
3.40
1.66
1.27
 	 2:2(1:1)  
434	17/01
21:00	 Niort
Tours	
-0.25
+0.25
1.72
2.00
 
 	
2.25
1.90
 	
1.80
 	
2.05
3.05
3.90
1.23
1.32
1.70
1.5
1.5
2.20
3.10
1.60
1.32
 	 3:2(2:0)  
435	18/01
15:00	 Arles
Troyes	
0
0
1.70
2.03
  	
2.25
2.10
 	
1.66
 	
2.50
2.90
3.05
1.35
1.37
1.47
1.5
1.5
2.65
3.10
1.42
1.32
 	 3:0(1:0)  
436	18/01
15:00	 Lens
Dijon	
-0.25
+0.25
1.65
2.11
 
 	
2.25
1.85
 	
1.85
 	
1.95
3.20
4.10
1.20
1.33
1.76
1.5
1.5
2.10
3.40
1.66
1.27
 	 2:2(1:2)  
437	20/01
21:30	 Metz
Creteil	
–1.0
+1.0
1.95
1.76
  	
2.5
1.85
1.85
1.55
3.75
6.30
1.09
1.25
2.35
1.5
1.5
1.65
4.25
2.11
1.18
 	 1:1(0:0)  
486	24/01
21:00	 Arles
Metz	
0
0
1.80
1.90
  	
2.25
2.15
 	
1.63
 	
2.65
2.90
2.90
1.38
1.40
1.42
1.5
1.5
2.95
3.05
1.35
1.33
 	 1:0(0:0)  
487	24/01
21:00	 Brest
Nancy	
-0.25
+0.25
2.05
1.70
 
 	
2.25
2.15
 	
1.63
 	
2.45
3.00
3.10
1.33
1.40
1.50
1.5
1.5
2.95
3.05
1.35
1.33
 	 0:0(0:0)  
488	24/01
21:00	 CA Bastia
Istres	
0
0
2.03
1.70
  	
2.25
1.85
 	
1.85
 	
3.05
2.95
2.50
1.47
1.37
1.33
1.5
1.5
2.65
2.55
1.42
1.45
 	 2:2(1:1)  
489	24/01
21:00	 Creteil
Caen	
+0.25
-0.25
2.00
1.72
 
 	
2.5
1.90
1.80
3.55
3.20
2.10
1.67
1.33
1.25
1.5
1.5
3.20
2.10
1.30
1.66
 	 1:2(1:2)  
490	24/01
21:00	 Laval
Clermont	
-0.25
+0.25
1.85
1.85
 
 	
2.25
2.00
 	
1.72
 	
2.25
2.95
3.55
1.27
1.38
1.57
1.5
1.5
2.50
3.05
1.47
1.33
 	 0:0(0:0)  
491	24/01
21:00	 Le Havre
Niort	
-0.25
+0.25
1.67
2.10
 
 	
2.25
1.85
 	
1.85
 	
1.90
3.30
4.25
1.18
1.30
1.80
1.5
1.5
2.00
3.35
1.72
1.28
 	 1:2(0:1)  
492	24/01
21:00	 Troyes
Nimes	
-0.25
+0.25
1.60
2.20
 
 	
2.5
1.95
1.76
1.85
3.35
4.40
1.18
1.30
1.85
1.5
1.5
1.85
3.55
1.85
1.25
 	 2:1(1:0)  
493	25/01
15:00	 Tours
Chateauroux	
–1.0
+1.0
1.95
1.80
  	
2.5
1.85
1.85
1.55
3.75
6.30
1.09
1.25
2.35
1.5
1.5
1.57
4.05
2.25
1.20
 	 5:2(2:1)  
494	27/01
21:00	 Angers
Dijon	
-0.25
+0.25
1.75
1.96
 
 	
2.25
1.85
 	
1.85
 	
2.05
3.20
3.75
1.23
1.33
1.70
1.5
1.5
2.20
3.10
1.60
1.32
 	 0:0(0:0)  
495	27/01
21:30	 Auxerre
Lens	
0
0
1.72
2.00
  	
2.25
1.80
 	
1.90
 	
2.50
3.10
2.90
1.37
1.35
1.47
1.5
1.5
2.50
2.75
1.47
1.40
 	 1:2(1:1) 
516	31/01
21:00	 Caen
Troyes	
-0.75
+0.75
1.95
1.80
 
 	
2.25
1.85
 	
1.90
 	
1.75
3.50
4.80
1.17
1.28
2.05
1.5
1.0
1.95
2.55
1.80
1.48
 	 1:1(0:1)  
517	31/01
21:00	 Chateauroux
Auxerre	
0
0
1.85
1.95
  	
2.25
1.90
 	
1.85
 	
2.60
3.10
2.80
1.41
1.35
1.47
1.0
1.0
1.75
1.80
2.00
1.95
 	 2:0(0:0)  
518	31/01
21:00	 Clermont
Arles	
-0.25
+0.25
1.95
1.80
 
 	
2.0
2.00
1.76
2.30
3.20
3.10
1.35
1.32
1.57
1.0
1.0
1.85
2.30
1.90
1.57
 	 1:1(0:0)  
519	31/01
21:00	 Dijon
Brest	
-0.75
+0.75
1.90
1.90
 
 	
2.25
2.00
 	
1.75
 	
1.70
3.50
5.50
1.15
1.30
2.15
1.5
1.0
2.00
3.10
1.75
1.35
 	 3:0(2:0)  
520	31/01
21:00	 Istres
Creteil	
-0.25
+0.25
1.65
2.11
 
 	
2.5
1.80
1.90
1.95
3.35
3.95
1.21
1.30
1.80
1.5
1.5
1.95
3.20
1.76
1.30
 	 3:2(1:1)  
521	31/01
21:00	 Nimes
Tours	
-0.25
+0.25
2.00
1.72
 
 	
2.25
1.75
 	
1.96
 	
2.40
3.05
3.10
1.33
1.35
1.52
1.5
1.5
2.25
2.75
1.57
1.40
 	 3:0(1:0)  
522	31/01
21:00	 Niort
Metz	
-0.25
+0.25
1.80
2.00
 
 	
2.0
1.75
2.00
2.10
3.20
3.70
1.27
1.35
1.72
1.0
1.0
1.62
2.35
2.20
1.55
 	 2:0(0:0)  
523	31/01
21:00	 Angers
CA Bastia	
–1.0
+1.0
1.75
2.00
  	
2.5
1.95
1.80
1.45
4.20
7.20
1.08
1.22
2.65
2.0
1.0
2.15
3.10
1.65
1.35
 	 1:0(0:0)  
524	01/02
15:00	 Lens
Laval	
-0.75
+0.75
1.75
1.96
 
 	
2.25
1.72
 	
2.00
 	
1.57
3.70
6.20
1.09
1.25
2.25
1.5
1.5
1.75
4.55
1.96
1.16
 	 0:0(0:0)  
525	03/02
21:30	 Nancy
Le Havre	
-0.25
+0.25
1.87
1.83
 
 	
2.25
1.95
 	
1.76
 	
2.25
3.05
3.40
1.27
1.35
1.60
1.5
1.5
2.25
3.10
1.57
1.32
 	 3:2(2:1)  
527	07/02
21:00	 Arles
Niort	
-0.25
+0.25
1.80
1.90
 
 	
2.25
2.20
 	
1.60
 	
2.20
2.75
4.05
1.20
1.42
1.60
1.5
1.5
2.55
3.75
1.45
1.23
 	 0:0(0:0)  
528	07/02
21:00	 Auxerre
Istres	
-0.25
+0.25
1.60
2.20
 
 	
2.5
1.80
1.90
1.85
3.35
4.40
1.17
1.33
1.85
1.5
1.5
1.80
3.10
1.90
1.32
 	 1:0(0:0)  
529	07/02
21:00	 Brest
Angers	
0
0
1.80
1.90
  	
2.25
2.10
 	
1.66
 	
2.65
2.90
2.90
1.37
1.38
1.42
1.5
1.5
2.75
2.95
1.40
1.35
 	 cancelled  
530	07/02
21:00	 CA Bastia
Chateauroux	
-0.25
+0.25
2.00
1.72
 
 	
2.25
1.85
 	
1.85
 	
2.40
3.05
3.10
1.33
1.35
1.50
1.5
1.5
2.40
2.85
1.50
1.37
 	 1:4(1:0)  
531	07/02
21:00	 Creteil
Clermont	
-0.25
+0.25
2.00
1.72
 
 	
2.25
1.95
 	
1.76
 	
2.45
3.00
3.10
1.33
1.35
1.50
1.5
1.5
2.50
2.95
1.47
1.35
 	 2:0(2:0)  
532	07/02
21:00	 Laval
Dijon	
0
0
1.75
1.96
  	
2.25
2.10
 	
1.66
 	
2.55
3.05
2.85
1.37
1.37
1.45
1.5
1.5
2.65
2.95
1.42
1.35
 	 0:0(0:0)  
533	07/02
21:00	 Le Havre
Nimes	
-0.25
+0.25
1.85
1.85
 
 	
2.25
1.85
 	
1.85
 	
2.15
3.15
3.50
1.26
1.33
1.65
1.5
1.5
2.20
3.05
1.60
1.33
 	 0:1(0:0)  
534	07/02
21:00	 Metz
Caen	
-0.25
+0.25
1.95
1.76
 
 	
2.25
2.05
 	
1.70
 	
2.30
3.00
3.35
1.28
1.35
1.55
1.5
1.5
2.50
2.95
1.47
1.35
 	 2:1(1:1)  
535	08/02
15:00	 Troyes
Lens	
-0.25
+0.25
1.65
2.11
 
 	
2.25
1.85
 	
1.85
 	
1.95
3.20
4.10
1.20
1.33
1.76
1.5
1.5
2.15
3.40
1.63
1.27
 	 1:0(0:0)  
536	10/02
21:30	 Tours
Nancy	
-0.25
+0.25
1.90
1.80
 
 	
2.25
1.90
 	
1.80
 	
2.30
3.00
3.35
1.28
1.37
1.55
1.5
1.5
2.40
2.95
1.50
1.35
 	 1:3(1:0)  
511	14/02
21:00	 Caen
Arles	
-0.75
+0.75
2.00
1.72
 
 	
2.25
2.00
 	
1.72
 	
1.72
3.30
5.35
1.13
1.30
2.00
1.5
1.5
1.95
4.75
1.76
1.15
 	 1:0(1:0)  
512	14/02
21:00	 Chateauroux
Troyes	
+0.25
-0.25
1.95
1.76
 
 	
2.25
1.90
 	
1.80
 	
3.75
3.10
2.10
1.70
1.32
1.23
1.5
1.5
3.10
2.20
1.32
1.60
 	 2:1(1:0)  
513	14/02
21:00	 Clermont
Niort	
0
0
1.77
1.94
  	
2.25
2.15
 	
1.63
 	
2.65
2.85
2.95
1.37
1.40
1.42
1.5
1.5
2.75
2.95
1.40
1.35
 	 0:1(0:1)  
514	14/02
21:00	 Dijon
CA Bastia	
-1.25
+1.25
1.80
1.90
 
 	
2.5
1.95
1.76
1.32
4.55
11.00
1.02
1.17
3.10
1.5
1.5
1.55
6.10
2.30
1.09
 	 3:0(1:0)  
515	14/02
21:00	 Istres
Tours	
-0.25
+0.25
1.90
1.80
 
 	
2.5
1.80
1.90
2.25
3.10
3.35
1.28
1.35
1.57
1.5
1.5
2.20
2.75
1.60
1.40
 	 1:0(1:0)  
516	14/02
21:00	 Nancy
Creteil	
-0.75
+0.75
1.80
1.90
 
 	
2.5
2.00
1.72
1.63
3.55
5.85
1.10
1.30
2.15
1.5
1.5
1.80
4.25
1.90
1.18
 	 2:2(1:1)  
517	14/02
21:00	 Nimes
Metz	
-0.25
+0.25
1.90
1.80
 
 	
2.25
2.03
 	
1.70
 	
2.25
2.95
3.50
1.27
1.37
1.57
1.5
1.5
2.40
3.20
1.50
1.30
 	 0:0(0:0)  
518	15/02
15:00	 Angers
Laval	
-0.75
+0.75
2.05
1.70
 
 	
2.25
2.05
 	
1.70
 	
1.80
3.20
5.00
1.14
1.35
1.90
1.5
1.5
2.10
4.25
1.66
1.18
 	 1:1(1:1)  
519	15/02
15:00	 Brest
Auxerre	
-0.25
+0.25
1.85
1.85
 
 	
2.25
2.05
 	
1.70
 	
2.25
3.05
3.40
1.27
1.35
1.57
1.5
1.5
2.30
3.20
1.55
1.30
 	 1:0(1:0)  
520	17/02
21:30	 Lens
Le Havre	
-0.25
+0.25
1.67
2.10
 
 	
2.25
1.95
 	
1.76
 	
1.95
3.20
4.15
1.20
1.33
1.76
1.5
1.5
2.15
3.40
1.65
1.27
 	 1:1(0:1) 
442	21/02
21:00	 Arles
Nimes	
-0.25
+0.25
1.80
1.90
 
 	
2.25
2.15
 	
1.63
 	
2.10
3.05
3.75
1.25
1.35
1.70
1.5
1.5
2.40
3.75
1.50
1.23
 	 1:1(0:1)  
443	21/02
21:00	 Auxerre
Angers	
-0.25
+0.25
1.95
1.76
 
 	
2.25
1.90
 	
1.80
 	
2.30
3.00
3.35
1.28
1.35
1.55
1.5
1.5
2.25
3.40
1.57
1.27
 	 1:2(0:1)  
444	21/02
21:00	 Laval
Istres	
-0.25
+0.25
1.67
2.10
 
 	
2.5
1.85
1.85
1.95
3.20
4.15
1.20
1.30
1.76
1.5
1.5
1.90
3.55
1.80
1.25
 	 3:4(3:2)  
445	21/02
21:00	 Le Havre
Chateauroux	
-0.75
+0.75
1.75
1.96
 
 	
2.5
1.95
1.76
1.60
3.55
6.30
1.09
1.28
2.20
1.5
1.5
1.75
4.25
1.96
1.18
 	 0:0(0:0)  
446	21/02
21:00	 Niort
Caen	
-0.25
+0.25
2.00
1.72
 
 	
2.25
2.00
 	
1.72
 	
2.45
3.05
3.00
1.35
1.37
1.50
1.5
1.5
2.55
2.85
1.45
1.37
 	 0:0(0:0)  
447	21/02
21:00	 Tours
Dijon	
0
0
1.80
1.90
  	
2.25
1.95
 	
1.76
 	
2.65
2.95
2.85
1.37
1.35
1.42
1.5
1.5
2.65
2.85
1.42
1.37
 	 1:0(1:0)  
448	21/02
21:00	 Troyes
Nancy	
-0.25
+0.25
1.72
2.00
 
 	
2.25
1.85
 	
1.85
 	
2.00
3.30
3.75
1.23
1.30
1.72
1.5
1.5
2.20
3.40
1.60
1.27
 	 2:0(1:0)  
449	22/02
15:00	 Metz
Clermont	
-0.75
+0.75
1.85
1.85
 
 	
2.25
1.95
 	
1.76
 	
1.65
3.45
5.90
1.12
1.30
2.11
1.5
1.5
1.95
4.25
1.76
1.18
 	 1:0(0:0)  
450	24/02
21:00	 CA Bastia
Brest	
+0.25
-0.25
1.76
1.95
 
 	
2.25
1.90
 	
1.80
 	
3.10
3.12
2.35
1.52
1.35
1.32
1.5
1.5
3.05
2.40
1.33
1.50
 	 0:1(0:0)  
451	24/02
21:30	 Creteil
Lens	
0
0
1.80
1.90
  	
2.5
1.95
1.76
2.55
3.20
2.75
1.40
1.33
1.45
1.5
1.5
2.65
2.65
1.42
1.42
 	 2:3(1:1)  
460	28/02
21:00	 Angers
Troyes	
0
0
1.90
1.80
  	
2.25
1.90
 	
1.80
 	
2.85
2.90
2.70
1.42
1.38
1.37
1.5
1.5
2.85
2.65
1.37
1.42
 	 1:1(1:0)  
461	28/02
21:00	 Brest
Laval	
-0.25
+0.25
1.80
1.90
 
 	
2.25
1.95
 	
1.76
 	
2.15
3.00
3.70
1.24
1.35
1.65
1.5
1.5
2.40
3.20
1.50
1.30
 	 2:1(0:1)  
462	28/02
21:00	 CA Bastia
Auxerre	
+0.25
-0.25
1.80
1.90
 
 	
2.25
1.90
 	
1.80
 	
3.25
3.10
2.30
1.55
1.35
1.30
1.5
1.5
3.05
2.40
1.33
1.50
 	 0:0(0:0)  
463	28/02
21:00	 Caen
Clermont	
-0.75
+0.75
1.80
1.90
 
 	
2.25
1.85
 	
1.85
 	
1.60
3.55
6.30
1.09
1.28
2.25
1.5
1.5
1.75
4.55
1.96
1.16
 	 2:1(0:1)  
464	28/02
21:00	 Chateauroux
Arles	
0
0
1.90
1.80
  	
2.25
2.15
 	
1.63
 	
2.85
2.90
2.70
1.42
1.38
1.37
1.5
1.5
2.95
2.75
1.35
1.40
 	 2:0(1:0)  
465	28/02
21:00	 Dijon
Creteil	
–1.0
+1.0
1.85
1.85
  	
2.5
1.95
1.76
1.50
3.80
7.25
1.07
1.25
2.40
1.5
1.5
1.65
5.30
2.11
1.12
 	 2:2(1:2)  
466	28/02
21:00	 Istres
Le Havre	
-0.25
+0.25
1.90
1.80
 
 	
2.25
1.80
 	
1.90
 	
2.30
2.95
3.40
1.27
1.38
1.55
1.5
1.5
2.40
3.05
1.50
1.33
 	 0:1(0:1)  
467	28/02
21:00	 Nimes
Niort	
-0.25
+0.25
1.85
1.85
 
 	
2.25
1.90
 	
1.80
 	
2.20
3.10
3.40
1.27
1.35
1.60
1.5
1.5
2.25
3.40
1.57
1.27
 	 4:1(2:1)  
468	01/03
15:00	 Nancy
Metz	
-0.25
+0.25
1.95
1.76
 
 	
2.25
2.00
 	
1.72
 	
2.37
2.95
3.25
1.30
1.38
1.52
1.5
1.5
2.50
3.05
1.47
1.33
 	 0:1(0:1)  
469	03/03
21:30	 Lens
Tours	
-0.75
+0.75
2.05
1.70
 
 	
2.25
1.72
 	
2.00
 	
1.80
3.35
4.75
1.16
1.30
1.90
1.5
1.5
1.85
3.55
1.85
1.25
 	 2:2(0:2)  
495	07/03
21:00	 Arles
Nancy	
-0.25
+0.25
1.80
1.90
 
 	
2.25
2.20
 	
1.60
 	
2.15
2.90
3.85
1.23
1.38
1.63
1.5
1.5
2.55
3.75
1.45
1.23
 	 1:2(0:1)  
496	07/03
21:00	 Auxerre
Dijon	
0
0
1.75
1.96
  	
2.25
2.10
 	
1.67
 	
2.60
2.80
3.05
1.33
1.37
1.45
1.5
1.5
2.65
3.05
1.42
1.33
 	 2:2(0:1)  
497	07/03
21:00	 Clermont
Nimes	
-0.25
+0.25
2.00
1.72
 
 	
2.25
2.00
 	
1.72
 	
2.40
3.10
3.05
1.33
1.35
1.52
1.5
1.5
2.50
2.95
1.47
1.35
 	 1:0(1:0)  
498	07/03
21:00	 Creteil
Brest	
-0.25
+0.25
1.80
1.90
 
 	
2.5
2.00
1.72
2.15
3.00
3.75
1.23
1.33
1.65
1.5
1.5
2.00
3.10
1.72
1.32
 	 0:0(0:0)  
499	07/03
21:00	 Laval
CA Bastia	
–1.0
+1.0
1.95
1.76
  	
2.5
1.80
1.90
1.55
3.65
6.70
1.08
1.27
2.30
1.5
1.5
1.63
4.75
2.14
1.15
 	 2:0(2:0)  
500	07/03
21:00	 Le Havre
Caen	
0
0
1.80
1.90
  	
2.25
2.00
 	
1.72
 	
2.70
2.95
2.80
1.37
1.35
1.42
1.5
1.5
2.65
2.85
1.42
1.37
 	 1:1(1:1)  
501	07/03
21:00	 Niort
Chateauroux	
-0.75
+0.75
1.80
1.90
 
 	
2.5
1.95
1.76
1.63
3.45
6.00
1.10
1.30
2.15
1.5
1.5
1.75
3.75
1.96
1.23
 	 4:0(2:0)  
502	07/03
21:00	 Troyes
Istres	
-0.75
+0.75
1.75
1.96
 
 	
2.5
1.80
1.90
1.58
3.60
6.50
1.09
1.27
2.25
1.5
1.5
1.67
4.05
2.10
1.20
 	 4:1(2:1)  
503	08/03
15:00	 Metz
Lens	
-0.25
+0.25
1.67
2.10
 
 	
2.25
1.95
 	
1.76
 	
1.95
3.10
4.35
1.20
1.33
1.76
1.5
1.5
2.15
3.55
1.63
1.25
 	 0:1(0:0)  
504	10/03
21:30	 Tours
Angers	
-0.25
+0.25
1.95
1.76
 
 	
2.5
2.00
1.72
2.25
3.20
3.20
1.30
1.33
1.57
1.5
1.5
2.05
2.65
1.70
1.42
 	 2:0(0:0)  
497	14/03
21:00	 Brest
Tours	
0
0
1.80
1.90
  	
2.25
1.95
 	
1.76
 	
2.60
2.95
2.95
1.35
1.40
1.45
1.5
1.5
2.50
2.85
1.47
1.37
 	 2:0(1:0)  
498	14/03
21:00	 CA Bastia
Troyes	
+0.75
-0.75
1.85
1.85
 
 	
2.25
1.75
 	
1.96
 	
6.10
3.35
1.65
2.11
1.30
1.10
1.5
1.5
3.75
1.75
1.23
1.96
 	 1:0(1:0)  
499	14/03
21:00	 Caen
Nimes	
-0.75
+0.75
1.85
1.85
 
 	
2.25
1.85
 	
1.85
 	
1.67
3.55
5.35
1.12
1.28
2.10
1.5
1.5
1.80
3.85
1.90
1.22
 	 cancelled  
500	14/03
21:00	 Chateauroux
Metz	
+0.25
-0.25
1.72
2.00
 
 	
2.25
1.85
 	
1.85
 	
3.00
3.00
2.50
1.47
1.37
1.35
1.5
1.5
2.95
2.50
1.35
1.47
 	 0:1(0:0)  
501	14/03
21:00	 Dijon
Le Havre	
-0.25
+0.25
1.65
2.11
 
 	
2.25
1.90
 	
1.80
 	
1.95
3.05
4.40
1.18
1.35
1.76
1.5
1.5
2.00
4.05
1.72
1.20
 	 1:2(1:2)  
502	14/03
21:00	 Istres
Clermont	
-0.25
+0.25
1.80
1.90
 
 	
2.25
1.95
 	
1.76
 	
2.15
2.90
3.90
1.22
1.37
1.65
1.5
1.5
2.20
3.40
1.60
1.27
 	 1:1(0:1)  
503	14/03
21:00	 Laval
Auxerre	
-0.25
+0.25
1.65
2.11
 
 	
2.25
1.80
 	
1.90
 	
1.93
3.05
4.55
1.17
1.37
1.80
1.5
1.5
2.10
3.40
1.67
1.27
 	 3:0(0:0)  
504	14/03
21:00	 Nancy
Niort	
-0.25
+0.25
1.90
1.80
 
 	
2.25
2.00
 	
1.72
 	
2.30
2.95
3.40
1.27
1.35
1.57
1.5
1.5
2.25
3.10
1.57
1.32
 	 1:1(1:0)  
505	15/03
15:00	 Angers
Creteil	
-0.25
+0.25
1.65
2.11
 
 	
2.25
1.80
 	
1.90
 	
1.95
3.10
4.30
1.18
1.35
1.76
1.5
1.5
2.00
3.55
1.72
1.25
 	 2:2(0:2)  
506	17/03
21:30	 Lens
Arles	
-0.25
+0.25
1.65
2.11
 
 	
2.25
1.95
 	
1.76
 	
1.90
3.10
4.55
1.17
1.33
1.80
1.5
1.5
2.10
3.75
1.66
1.23
 	 3:0(2:0) 
471	21/03
21:00	 Arles
Istres	
-0.25
+0.25
1.75
1.96
 
 	
2.25
1.95
 	
1.76
 	
2.05
3.00
4.05
1.20
1.35
1.70
1.5
1.5
2.25
3.10
1.57
1.32
 	 2:2(0:1)  
472	21/03
21:00	 Caen
Chateauroux	
-1.25
+1.25
1.85
1.85
 
 	
2.5
1.85
1.85
1.40
4.30
8.30
1.05
1.20
2.75
1.5
1.5
1.55
5.30
2.30
1.12
 	 1:1(1:0)  
473	21/03
21:00	 Clermont
Nancy	
-0.25
+0.25
2.00
1.72
 
 	
2.25
2.20
 	
1.60
 	
2.40
2.90
3.25
1.30
1.38
1.50
1.5
1.5
2.65
2.95
1.42
1.35
 	 1:0(1:0)  
474	21/03
21:00	 Creteil
Auxerre	
-0.25
+0.25
1.65
2.11
 
 	
2.25
1.80
 	
1.90
 	
1.95
3.20
4.15
1.20
1.33
1.76
1.5
1.5
2.10
3.40
1.66
1.27
 	 0:2(0:2)  
475	21/03
21:00	 Le Havre
Laval	
-0.25
+0.25
1.65
2.11
 
 	
2.25
1.90
 	
1.80
 	
1.90
3.15
4.50
1.18
1.33
1.80
1.5
1.5
2.10
4.05
1.66
1.20
 	 1:1(0:1)  
476	21/03
21:00	 Niort
Angers	
-0.25
+0.25
1.67
2.10
 
 	
2.25
1.90
 	
1.80
 	
1.93
3.05
4.50
1.18
1.35
1.78
1.5
1.5
2.10
4.05
1.66
1.20
 	 2:1(1:0)  
477	21/03
21:00	 Tours
CA Bastia	
-1.25
+1.25
1.95
1.76
 
 	
2.5
1.85
1.85
1.35
4.55
9.30
1.04
1.19
2.95
1.5
1.5
1.55
5.30
2.30
1.12
 	 1:0(1:0)  
478	21/03
21:00	 Troyes
Dijon	
-0.25
+0.25
1.72
2.00
 
 	
2.25
1.90
 	
1.80
 	
2.00
3.00
4.25
1.19
1.37
1.72
1.5
1.5
2.15
3.55
1.63
1.25
 	 2:0(0:0)  
479	22/03
15:00	 Nimes
Lens	
-0.25
+0.25
1.90
1.80
 
 	
2.25
1.90
 	
1.80
 	
2.30
3.05
3.30
1.30
1.37
1.55
1.5
1.5
2.40
3.05
1.50
1.33
 	 3:3(2:2)  
480	24/03
21:30	 Metz
Brest	
-0.75
+0.75
1.85
1.85
 
 	
2.25
1.95
 	
1.76
 	
1.65
3.40
6.00
1.10
1.30
2.15
1.5
1.5
1.90
4.75
1.80
1.15
 	 1:0(0:0)  
499	28/03
21:00	 Auxerre
Troyes	
+0.25
-0.25
1.72
2.05
 
 	
2.5
1.95
1.80
2.85
3.35
2.40
1.55
1.30
1.40
1.0
1.0
1.72
1.57
2.05
2.35
 	 0:0(0:0)  
500	28/03
21:00	 Brest
Le Havre	
0
0
1.85
1.90
  	
2.0
2.00
1.72
2.65
2.95
2.80
1.40
1.38
1.42
1.5
1.5
2.95
3.05
1.35
1.33
 	 1:1(0:0)  
501	28/03
21:00	 CA Bastia
Creteil	
+0.25
-0.25
1.95
1.85
 
 	
2.5
1.90
1.85
3.40
3.40
2.15
1.70
1.32
1.32
1.0
1.5
1.85
2.10
1.95
1.70
 	 3:1(2:1)  
502	28/03
21:00	 Chateauroux
Nimes	
0
0
1.90
1.80
  	
2.25
1.90
 	
1.80
 	
2.85
2.97
2.65
1.42
1.37
1.37
1.5
1.5
2.85
2.65
1.37
1.42
 	 2:0(2:0)  
503	28/03
21:00	 Dijon
Arles	
-0.25
+0.25
1.75
2.20
 
 	
2.0
1.80
2.00
2.00
3.20
4.20
1.23
1.35
1.85
1.0
1.0
1.60
2.50
2.35
1.53
 	 1:1(1:0)  
504	28/03
21:00	 Istres
Niort	
0
0
1.80
1.95
  	
2.25
1.75
 	
2.00
 	
2.55
3.30
2.75
1.45
1.32
1.50
1.0
1.0
1.65
1.70
2.20
2.10
 	 2:1(2:0)  
505	28/03
21:00	 Laval
Tours	
-0.25
+0.25
1.90
1.80
 
 	
2.5
1.85
1.85
2.20
3.10
3.45
1.27
1.35
1.60
1.5
1.5
2.15
2.85
1.63
1.37
 	 1:0(0:0)  
506	28/03
21:00	 Nancy
Caen	
-0.25
+0.25
2.05
1.75
 
 	
2.25
2.00
 	
1.75
 	
2.40
3.15
3.10
1.36
1.35
1.57
1.0
1.0
1.72
2.00
2.05
1.75
 	 1:1(1:0)  
507	29/03
15:00	 Angers
Metz	
0
0
1.75
1.96
  	
2.25
1.95
 	
1.76
 	
2.55
2.95
3.00
1.37
1.35
1.45
1.5
1.5
2.65
2.95
1.42
1.35
 	 2:2(1:2)  
508	31/03
21:30	 Lens
Clermont	
-0.75
+0.75
2.00
1.72
 
 	
2.25
1.95
 	
1.76
 	
1.72
3.30
5.55
1.12
1.30
2.00
1.5
1.5
1.90
4.55
1.80
1.16
 	 1:1(1:1)  
507	04/04
21:00	 Arles
Angers	
-0.25
+0.25
2.00
1.72
 
 	
2.25
2.15
 	
1.63
 	
2.35
2.95
3.30
1.30
1.37
1.53
1.5
1.5
2.65
3.05
1.42
1.33
 	 3:0(1:0)  
508	04/04
21:00	 Clermont
Chateauroux	
-0.75
+0.75
2.05
1.75
 
 	
2.25
1.95
 	
1.80
 	
1.80
3.50
4.50
1.20
1.30
2.00
1.5
1.0
2.10
2.65
1.70
1.45
 	 1:1(1:0)  
509	04/04
21:00	 Creteil
Laval	
-0.25
+0.25
2.05
1.75
 
 	
2.5
1.85
1.90
2.40
3.40
2.90
1.42
1.32
1.57
1.5
1.0
2.20
1.65
1.65
2.20
 	 4:0(4:0)  
510	04/04
21:00	 Le Havre
CA Bastia	
-1.25
+1.25
1.95
1.76
 
 	
2.25
1.75
 	
1.96
 	
1.40
4.20
8.90
1.05
1.21
2.75
1.5
1.5
1.60
5.50
2.20
1.11
 	 1:0(0:0)  
511	04/04
21:00	 Nimes
Nancy	
-0.25
+0.25
1.85
1.85
 
 	
2.25
1.95
 	
1.76
 	
2.20
3.05
3.50
1.27
1.35
1.60
1.5
1.5
2.25
3.20
1.57
1.30
 	 0:1(0:1)  
512	04/04
21:00	 Niort
Dijon	
-0.25
+0.25
1.65
2.11
 
 	
2.25
1.85
 	
1.85
 	
1.90
3.20
4.40
1.18
1.33
1.80
1.5
1.5
2.00
3.85
1.72
1.22
 	 2:0(2:0)  
513	04/04
21:00	 Tours
Auxerre	
-0.75
+0.75
2.00
1.72
 
 	
2.25
1.75
 	
1.96
 	
1.80
3.35
4.75
1.16
1.30
1.90
1.5
1.5
1.90
3.55
1.80
1.25
 	 2:2(1:1)  
514	04/04
21:00	 Troyes
Brest	
-0.75
+0.75
1.80
1.90
 
 	
2.25
1.90
 	
1.80
 	
1.60
3.50
6.45
1.09
1.30
2.20
1.5
1.5
1.75
5.10
1.96
1.13
 	 0:2(0:1)  
515	05/04
15:00	 Caen
Lens	
-0.25
+0.25
1.63
2.15
 
 	
2.5
1.85
1.85
1.85
3.25
4.55
1.17
1.30
1.85
1.5
1.5
1.90
3.40
1.80
1.27
 	 1:0(1:0)  
516	07/04
21:30	 Metz
Istres	
-0.75
+0.75
1.85
1.85
 
 	
2.25
1.80
 	
1.90
 	
1.65
3.55
5.55
1.11
1.28
2.15
1.5
1.5
1.80
4.25
1.90
1.18
 	 2:1(1:1) 
559	11/04
21:00	 Angers
Le Havre	
-0.25
+0.25
1.80
1.90
 
 	
2.25
2.00
 	
1.72
 	
2.15
3.05
3.65
1.25
1.35
1.65
1.5
1.5
2.40
3.20
1.50
1.30
 	 1:0(0:0)  
560	11/04
21:00	 Auxerre
Clermont	
-0.25
+0.25
1.75
1.96
 
 	
2.25
1.90
 	
1.80
 	
2.10
3.10
3.75
1.23
1.35
1.67
1.5
1.5
2.25
3.10
1.57
1.32
 	 0:2(0:1)  
561	11/04
21:00	 Brest
Arles	
-0.25
+0.25
1.85
1.85
 
 	
2.25
2.15
 	
1.63
 	
2.25
2.85
3.70
1.25
1.40
1.57
1.5
1.5
2.40
3.55
1.50
1.25
 	 2:0(0:0)  
562	11/04
21:00	 CA Bastia
Nimes	
+0.25
-0.25
2.10
1.67
 
 	
2.25
1.75
 	
1.96
 	
4.30
3.10
1.95
1.76
1.32
1.18
1.5
1.5
3.55
2.10
1.25
1.66
 	 0:0(0:0)  
563	11/04
21:00	 Chateauroux
Nancy	
0
0
1.95
1.76
  	
2.25
1.90
 	
1.80
 	
2.90
3.05
2.55
1.45
1.35
1.38
1.5
1.5
2.85
2.65
1.37
1.42
 	 0:3(0:1)  
564	11/04
21:00	 Istres
Caen	
+0.25
-0.25
1.80
1.90
 
 	
2.5
1.95
1.80
3.25
3.10
2.30
1.57
1.33
1.32
1.5
1.5
2.65
2.10
1.42
1.66
 	 2:3(2:1)  
565	11/04
21:00	 Laval
Troyes	
-0.25
+0.25
1.95
1.76
 
 	
2.5
1.95
1.76
2.30
3.30
3.05
1.33
1.33
1.55
1.5
1.5
2.20
2.75
1.60
1.40
 	 2:1(1:0)  
566	11/04
21:00	 Tours
Creteil	
-0.75
+0.75
1.95
1.76
 
 	
2.75
1.95
 	
1.76
 	
1.75
3.50
4.75
1.15
1.30
1.96
1.5
1.5
1.70
3.75
2.03
1.23
 	 1:2(0:1)  
567	12/04
15:00	 Lens
Niort	
-0.25
+0.25
1.70
2.03
 
 	
2.25
1.80
 	
1.90
 	
2.05
3.20
3.75
1.23
1.33
1.70
1.5
1.5
2.10
3.40
1.67
1.27
 	 2:0(0:0)  
568	14/04
21:30	 Dijon
Metz	
0
0
1.72
2.00
  	
2.25
1.95
 	
1.76
 	
2.50
3.00
3.00
1.35
1.37
1.47
1.5
1.5
2.65
2.95
1.42
1.35
 	 2:2(1:1) 
511	18/04
21:00	 Arles
Laval	
-0.25
+0.25
1.85
1.85
 
 	
2.25
2.10
 	
1.67
 	
2.20
2.95
3.65
1.25
1.37
1.60
1.5
1.5
2.40
3.40
1.50
1.27
 	 1:1(1:0)  
512	18/04
21:00	 Clermont
Angers	
-0.25
+0.25
1.95
1.76
 
 	
2.25
2.00
 	
1.72
 	
2.30
3.00
3.35
1.30
1.37
1.55
1.5
1.5
2.55
3.40
1.45
1.27
 	 1:1(0:1)  
513	18/04
21:00	 Le Havre
Tours	
-0.25
+0.25
1.67
2.10
 
 	
2.25
1.75
 	
1.96
 	
2.00
3.20
3.95
1.22
1.33
1.72
1.5
1.5
2.10
3.20
1.66
1.30
 	 2:2(2:0)  
514	18/04
21:00	 Metz
CA Bastia	
–1.5
+1.5
1.90
1.80
  	
2.5
1.75
1.96
1.27
5.10
11.50
1.02
1.15
3.40
 1.27
5.10
11.50
1.02
1.15
3.40
 	 1:0(0:0)  
515	18/04
21:00	 Nancy
Dijon	
-0.75
+0.75
1.95
1.76
 
 	
2.25
1.80
 	
1.90
 	
1.75
3.40
5.00
1.14
1.30
1.96
1.5
1.5
1.85
3.85
1.85
1.22
 	 2:1(1:0)  
516	18/04
21:00	 Nimes
Istres	
-0.25
+0.25
1.90
1.85
 
 	
2.5
1.85
1.90
2.20
3.30
3.20
1.32
1.30
1.62
1.5
1.0
2.10
1.72
1.70
2.05
 	 1:0(0:0)  
517	18/04
21:00	 Niort
Brest	
-0.75
+0.75
1.85
1.85
 
 	
2.25
1.95
 	
1.76
 	
1.65
3.40
6.00
1.10
1.30
2.11
1.5
1.5
1.90
4.55
1.80
1.16
 	 1:2(0:0)  
518	18/04
21:00	 Troyes
Creteil	
-0.75
+0.75
1.90
1.80
 
 	
3.0
1.95
1.76
1.70
3.85
4.55
1.16
1.25
2.03
1.5
1.5
1.55
3.40
2.30
1.27
 	 0:3(0:2)  
519	19/04
15:00	 Caen
Auxerre	
-1.25
+1.25
1.95
1.76
 
 	
2.5
1.75
1.96
1.43
4.30
7.50
1.06
1.20
2.70
1.5
1.5
1.50
4.90
2.40
1.14
 	 1:0(0:0)  
520	21/04
21:30	 Chateauroux
Lens	
+0.25
-0.25
1.75
1.96
 
 	
2.25
1.80
 	
1.90
 	
3.10
3.05
2.40
1.52
1.35
1.33
1.5
1.5
2.95
2.40
1.35
1.50
 	 1:1(0:1)  
622	25/04
21:00	 Brest
Clermont	
-0.25
+0.25
1.72
2.00
 
 	
2.25
2.15
 	
1.63
 	
2.05
3.05
4.05
1.20
1.37
1.70
1.5
1.5
2.40
3.75
1.50
1.23
 	 2:0(1:0)  
623	25/04
21:00	 CA Bastia
Arles	
+0.25
-0.25
2.03
1.70
 
 	
2.25
2.10
 	
1.66
 	
4.10
3.10
2.00
1.72
1.35
1.20
1.5
1.5
3.75
2.20
1.23
1.60
 	 2:2(2:1)  
624	25/04
21:00	 Creteil
Le Havre	
-0.25
+0.25
1.95
1.76
 
 	
2.5
1.80
1.90
2.30
3.20
3.15
1.32
1.35
1.55
1.5
1.5
2.10
2.55
1.67
1.45
 	 2:0(1:0)  
625	25/04
21:00	 Dijon
Nimes	
-0.25
+0.25
1.80
1.90
 
 	
2.5
1.95
1.76
2.10
3.20
3.55
1.25
1.33
1.67
1.5
1.5
2.10
2.95
1.66
1.35
 	 5:1(2:0)  
626	25/04
21:00	 Istres
Chateauroux	
-0.25
+0.25
1.57
2.25
 
 	
2.5
1.80
1.90
1.77
3.45
4.70
1.16
1.30
1.94
1.5
1.5
1.80
3.05
1.90
1.33
 	 0:0(0:0)  
627	25/04
21:00	 Laval
Niort	
-0.25
+0.25
1.95
1.76
 
 	
2.25
1.72
 	
2.00
 	
2.30
3.05
3.30
1.30
1.33
1.55
1.5
1.5
2.50
2.75
1.47
1.40
 	 2:4(1:2)  
628	25/04
21:00	 Lens
Nancy	
-0.25
+0.25
1.67
2.10
 
 	
2.5
1.95
1.76
2.00
3.35
3.70
1.23
1.30
1.72
1.5
1.5
2.10
3.10
1.66
1.32
 	 1:1(0:0)  
629	25/04
21:00	 Tours
Troyes	
0
0
1.72
2.00
  	
2.75
1.95
 	
1.76
 	
2.40
3.35
2.85
1.37
1.35
1.50
1.5
1.5
2.10
2.50
1.67
1.47
 	 1:2(0:0)  
630	26/04
15:00	 Auxerre
Metz	
0
0
1.75
1.96
  	
2.25
1.80
 	
1.90
 	
2.50
3.05
2.95
1.35
1.35
1.47
1.5
1.5
2.40
2.75
1.50
1.40
 	 0:3(0:2)  
631	28/04
21:30	 Angers
Caen	
+0.25
-0.25
1.85
1.85
 
 	
2.25
1.72
 	
2.00
 	
3.35
3.10
2.25
1.57
1.33
1.28
1.5
1.5
2.75
2.20
1.40
1.60
 	 1:2(0:0) 
492	02/05
21:00	 Arles
Creteil	
-0.25
+0.25
1.75
1.96
 
 	
2.5
1.80
1.90
2.05
3.25
3.70
1.25
1.30
1.70
1.5
1.5
1.95
2.95
1.76
1.35
 	 2:1(1:0)  
493	02/05
21:00	 Caen
CA Bastia	
-1.75
+1.75
1.70
2.03
 
 	
3.0
1.85
1.85
1.17
6.50
17.00
1.01
1.10
4.40
 1.17
6.50
17.00
1.01
1.10
4.40
 	 6:1(3:0)  
494	02/05
21:00	 Chateauroux
Laval	
0
0
1.90
1.80
  	
2.25
1.80
 	
1.90
 	
2.85
2.85
2.75
1.40
1.35
1.37
1.5
1.5
2.85
2.65
1.37
1.42
 	 1:1(1:0)  
495	02/05
21:00	 Clermont
Dijon	
-0.25
+0.25
2.05
1.70
 
 	
2.25
1.80
 	
1.90
 	
2.50
2.95
3.05
1.33
1.37
1.47
1.5
1.5
2.50
2.75
1.47
1.40
 	 0:1(0:1)  
496	02/05
21:00	 Le Havre
Troyes	
0
0
1.75
1.96
  	
2.5
1.90
1.80
2.50
3.10
2.90
1.37
1.35
1.47
1.5
1.5
2.30
2.55
1.55
1.45
 	 2:1(0:0)  
497	02/05
21:00	 Metz
Tours	
–1.0
+1.0
2.00
1.72
  	
2.75
1.85
 	
1.85
 	
1.57
3.85
5.85
1.10
1.27
2.25
1.5
1.5
1.52
3.40
2.36
1.27
 	 1:1(0:1)  
498	02/05
21:00	 Nancy
Istres	
-0.75
+0.75
1.90
1.80
 
 	
2.5
1.80
1.90
1.75
3.70
4.40
1.17
1.27
1.96
1.5
1.5
1.72
3.55
2.00
1.25
 	 3:1(3:1)  
499	02/05
21:00	 Nimes
Brest	
-0.75
+0.75
2.05
1.70
 
 	
2.25
1.72
 	
2.00
 	
1.85
3.25
4.55
1.17
1.33
1.85
1.5
1.5
1.92
3.40
1.78
1.27
 	 1:1(1:0)  
500	02/05
21:00	 Niort
Auxerre	
-0.75
+0.75
2.00
1.72
 
 	
2.5
1.90
1.80
1.75
3.50
4.75
1.15
1.30
1.96
1.5
1.5
1.80
4.05
1.90
1.20
 	 1:0(1:0)  
501	03/05
15:00	 Lens
Angers	
-0.75
+0.75
1.80
1.90
 
 	
2.5
1.85
1.85
1.65
3.50
5.55
1.11
1.27
2.11
1.5
1.5
1.65
3.75
2.11
1.23
 	 0:0(0:0)  
337	05/05
21:30	 Brest
Caen	
+0.25
-0.25
2.11
1.65
 
 	
2.25
1.75
 	
1.96
 	
4.10
3.35
1.90
1.80
1.30
1.20
1.5
1.5
3.20
2.00
1.30
1.72
 	 0:1(0:1)  
1086	06/05
21:45	 Angers
Nimes	
-0.25
+0.25
1.90
1.80
 
 	
2.5
1.90
1.80
2.15
3.15
3.45
1.27
1.35
1.65
 2.25
3.15
3.25
1.30
1.32
1.57
 	 2:3(1:2)  
1087	06/05
21:45	 Auxerre
Le Havre	
-0.75
+0.75
1.95
1.76
 
 	
2.5
2.00
1.72
1.70
3.40
5.30
1.13
1.30
2.03
 2.25
3.15
3.25
1.30
1.32
1.57
 	 2:1(0:0)  
1088	06/05
21:45	 CA Bastia
Clermont	
+0.25
-0.25
2.11
1.65
 
 	
2.5
1.85
1.85
4.25
3.25
1.90
1.80
1.32
1.18
 2.25
3.15
3.25
1.30
1.32
1.57
 	 1:1(0:1)  
1089	06/05
21:45	 Creteil
Niort	
+0.25
-0.25
1.80
1.90
 
 	
2.5
1.72
2.00
3.10
3.25
2.30
1.55
1.32
1.32
 2.25
3.15
3.25
1.30
1.32
1.57
 	 1:1(1:0)  
1090	06/05
21:45	 Dijon
Chateauroux	
-0.25
+0.25
1.65
2.11
 
 	
2.5
1.65
2.11
1.85
3.50
4.15
1.20
1.28
1.85
 2.25
3.15
3.25
1.30
1.32
1.57
 	 2:1(0:0)  
1091	06/05
21:45	 Istres
Lens	
+0.25
-0.25
1.76
1.95
 
 	
2.5
1.72
2.00
2.95
3.30
2.35
1.55
1.32
1.35
 2.25
3.15
3.25
1.30
1.32
1.57
 	 1:6(0:1)  
1092	06/05
21:45	 Laval
Nancy	
-0.25
+0.25
2.10
1.67
 
 	
2.5
1.85
1.85
2.55
3.10
2.85
1.37
1.35
1.47
 2.25
3.15
3.25
1.30
1.32
1.57
 	 1:0(0:0)  
1093	06/05
21:45	 Tours
Arles	
-0.25
+0.25
1.70
2.03
 
 	
2.5
1.85
1.85
1.97
3.30
3.90
1.22
1.30
1.74
 2.25
3.15
3.25
1.30
1.32
1.57
 	 2:2(1:2)  
1094	06/05
21:45	 Troyes
Metz	
-0.25
+0.25
1.90
1.80
 
 	
2.5
1.75
1.96
2.25
3.15
3.25
1.30
1.32
1.57
 2.25
3.15
3.25
1.30
1.32
1.57
 	 0:1(0:0) 
 478	09/05
21:30	 Arles
Auxerre	
+0.25
-0.25
1.80
1.90
 
 	
2.25
1.80
 	
1.90
 	
3.05
3.25
2.30
1.55
1.33
1.33
1.5
1.5
2.95
2.35
1.35
1.52
 	 0:2(0:0)  
479	09/05
21:30	 Caen
Tours	
-1.25
+1.25
1.90
1.80
 
 	
3.0
1.80
1.90
1.40
4.70
7.25
1.06
1.18
2.75
 1.40
4.70
7.25
1.06
1.18
2.75
 	 1:3(0:1)  
480	09/05
21:30	 Chateauroux
Creteil	
-0.25
+0.25
1.57
2.25
 
 	
2.75
1.85
 	
1.85
 	
1.77
3.55
4.45
1.17
1.27
1.94
1.5
1.5
1.65
2.85
2.11
1.37
 	 0:2(0:0)  
481	09/05
21:30	 Clermont
Troyes	
-0.25
+0.25
1.95
1.76
 
 	
2.5
1.95
1.80
2.40
3.15
3.00
1.35
1.35
1.55
1.5
1.5
2.25
3.05
1.57
1.33
 	 0:3(0:1)  
482	09/05
21:30	 Istres
Dijon	
-0.25
+0.25
1.80
1.90
 
 	
2.75
1.75
 	
1.96
 	
2.10
3.55
3.25
1.30
1.32
1.67
1.5
1.5
1.85
2.55
1.85
1.45
 	 2:4(0:3)  
483	09/05
21:30	 Lens
Brest	
–1.0
+1.0
1.80
1.90
  	
2.5
1.85
1.85
1.45
4.05
7.25
1.07
1.22
2.55
1.5
1.5
1.57
4.75
2.25
1.15
 	 0:1(0:0)  
484	09/05
21:30	 Metz
Le Havre	
–1.0
+1.0
1.95
1.76
  	
2.5
1.90
1.80
1.57
3.85
5.65
1.11
1.25
2.25
1.5
1.5
1.67
4.55
2.10
1.16
 	 3:0(3:0)  
485	09/05
21:30	 Nancy
Angers	
–1.0
+1.0
1.90
1.80
  	
2.5
1.85
1.85
1.50
3.85
6.80
1.08
1.25
2.40
1.5
1.5
1.63
4.40
2.15
1.17
 	 3:1(0:0)  
486	09/05
21:30	 Nimes
Laval	
-0.25
+0.25
1.70
2.05
 
 	
2.25
1.87
 	
1.87
 	
2.00
3.05
4.25
1.20
1.35
1.72
1.5
1.5
2.05
3.05
1.70
1.33
 	 2:1(1:1)  
487	09/05
21:30	 Niort
CA Bastia	
–1.5
+1.5
1.75
1.96
  	
2.75
1.80
 	
1.90
 	
1.25
5.55
11.00
1.01
1.13
3.55
 1.25
5.55
11.00
1.01
1.13
3.55
 	 1:1(0:0)  
422	16/05
21:30	 Angers
Istres	
-0.75
+0.75
1.90
1.80
 
 	
3.0
1.67
2.10
1.70
3.90
4.55
1.17
1.25
2.03
1.5
1.5
1.50
2.75
2.45
1.42
 	 1:0(0:0)  
423	16/05
21:30	 Auxerre
Nancy	
0
0
1.85
1.85
  	
2.25
1.75
 	
1.96
 	
2.70
3.05
2.70
1.42
1.37
1.42
1.5
1.5
2.55
2.55
1.45
1.45
 	 0:0(0:0)  
424	16/05
21:30	 Brest
Chateauroux	
-0.25
+0.25
1.85
1.85
 
 	
2.75
1.95
 	
1.76
 	
2.15
3.30
3.35
1.28
1.30
1.65
1.5
1.5
1.95
2.50
1.76
1.47
 	 3:0(1:0)  
425	16/05
21:30	 CA Bastia
Lens	
+1.25
-1.25
1.76
1.95
 
 	
2.5
1.85
1.85
8.50
4.25
1.40
2.75
1.22
1.06
 1.5
1.5
2.00
2.50
1.72
1.47
 	 0:2(0:2)  
426	16/05
21:30	 Creteil
Nimes	
-0.25
+0.25
1.85
1.85
 
 	
2.75
1.75
 	
1.96
 	
2.15
3.40
3.25
1.30
1.30
1.65
1.5
1.5
1.85
2.55
1.85
1.45
 	 1:1(1:1)  
427	16/05
21:30	 Dijon
Caen	
-0.25
+0.25
1.90
1.80
 
 	
2.75
1.75
 	
1.96
 	
2.25
3.45
3.00
1.35
1.30
1.57
1.5
1.5
1.90
2.40
1.80
1.50
 	 2:2(1:1)  
428	16/05
21:30	 Laval
Metz	
-0.25
+0.25
1.85
1.85
 
 	
2.5
1.85
1.85
2.15
3.35
3.30
1.28
1.33
1.65
1.5
1.5
2.00
2.75
1.72
1.40
 	 0:0(0:0)  
429	16/05
21:30	 Le Havre
Arles	
-0.25
+0.25
1.65
2.11
 
 	
2.5
1.95
1.76
1.95
3.30
4.05
1.20
1.33
1.76
1.5
1.5
2.00
3.05
1.72
1.33
 	 2:1(0:0)  
430	16/05
21:30	 Tours
Clermont	
-0.75
+0.75
1.85
1.85
 
 	
2.75
1.80
 	
1.90
 	
1.67
3.95
4.65
1.16
1.25
2.10
1.5
1.5
1.65
2.95
2.11
1.35
 	 3:0(2:0)  
431	16/05
21:30	 Troyes
Niort	
-0.25
+0.25
1.85
1.85
 
 	
2.75
1.95
 	
1.76
 	
2.15
3.30
3.35
1.28
1.30
1.65
1.5
1.5
2.00
2.50
1.72
1.47
 	 4:1(3:0) 