655	04/10
19:00	 Hellas Verona
Cagliari	
-0.25
+0.25
1.80
2.00
 
 	
2.75
1.95
 	
1.85
 	
2.10
3.40
3.55
1.28
1.32
1.73
1.5
1.0
1.90
1.75
1.85
2.00
 	 1:0(0:0)  
656	04/10
21:45	 AC Milan
Chievo	
-1.25
+1.25
2.00
1.80
 
 	
2.75
2.00
 	
1.80
 	
1.40
4.55
8.45
1.06
1.20
2.95
1.5
1.0
1.42
3.55
2.75
1.27
 	 2:0(0:0)  
657	05/10
13:30	 Empoli
Palermo	
-0.25
+0.25
1.95
1.85
 
 	
2.25
2.00
 	
1.75
 	
2.30
3.30
3.10
1.33
1.34
1.57
1.5
1.0
2.35
2.00
1.55
1.75
 	 3:0(2:0)  
658	05/10
16:00	 Lazio
Sassuolo	
-1.25
+1.25
2.00
1.75
 
 	
2.5
1.80
1.95
1.45
4.20
7.80
1.06
1.21
2.65
1.5
1.0
1.52
2.85
2.40
1.40
 	 3:2(3:1)  
659	05/10
16:00	 Parma
Genoa	
-0.75
+0.75
2.05
1.70
 
 	
2.5
1.85
1.90
1.87
3.45
4.30
1.20
1.31
1.90
1.5
1.0
1.85
2.05
1.90
1.70
 	 1:2(0:0)  
660	05/10
16:00	 Sampdoria
Atalanta	
-0.25
+0.25
1.67
2.12
 
 	
2.25
1.95
 	
1.80
 	
1.85
3.30
4.70
1.17
1.32
1.90
1.5
1.0
2.05
2.65
1.70
1.45
 	 1:0(1:0)  
661	05/10
16:00	 Udinese
Cesena	
–1.0
+1.0
1.80
1.95
  	
2.25
1.85
 	
1.90
 	
1.47
4.05
7.80
1.07
1.23
2.60
1.5
1.0
1.70
3.70
2.05
1.25
 	 1:1(0:0)  
662	05/10
19:00	 Juventus
AS Roma	
-0.75
+0.75
2.05
1.70
 
 	
2.25
1.75
 	
2.00
 	
1.87
3.50
4.25
1.20
1.33
1.93
1.5
1.0
1.95
2.20
1.80
1.63
 	 3:2(2:2)  
663	05/10
21:45	 Fiorentina
Internazionale Milan	
-0.25
+0.25
2.00
1.75
 
 	
2.25
1.87
 	
1.87
 	
2.45
3.15
3.05
1.37
1.36
1.52
1.5
1.5
2.45
2.85
1.50
1.40
 	 3:0(2:0)  
664	05/10
21:45	 Napoli
Torino	
–1.0
+1.0
1.85
1.90
  	
2.5
1.90
1.85
1.50
4.00
7.25
1.07
1.23
2.50
1.5
1.0
1.55
3.05
2.35
1.35
 	 2:1(0:1)  
770	18/10
19:00	 AS Roma
Chievo	
–1.5
+1.5
1.90
1.90
  	
2.75
2.00
 	
1.80
 	
1.27
5.55
11.80
1.03
1.15
3.70
2.5
1.0
2.12
4.00
1.67
1.22
 	 3:0(3:0)  
771	18/10
21:45	 Sassuolo
Juventus	
+1.25
-1.25
1.95
1.85
 
 	
2.75
2.00
 	
1.80
 	
9.50
4.85
1.35
3.20
1.18
1.05
1.0
1.5
3.75
1.42
1.25
2.75
 	 1:1(1:1)  
772	19/10
13:30	 Fiorentina
Lazio	
-0.25
+0.25
1.75
2.00
 
 	
2.25
1.90
 	
1.85
 	
2.05
3.25
3.95
1.24
1.33
1.77
1.5
1.0
2.20
2.05
1.63
1.70
 	 0:2(0:1)  
773	19/10
16:00	 Atalanta
Parma	
-0.25
+0.25
2.05
1.70
 
 	
2.25
1.85
 	
1.90
 	
2.50
3.10
3.00
1.37
1.35
1.50
1.5
1.5
2.55
2.65
1.47
1.42
 	 1:0(0:0)  
774	19/10
16:00	 Cagliari
Sampdoria	
-0.25
+0.25
2.07
1.75
 
 	
2.5
1.95
1.85
2.50
3.25
2.90
1.40
1.34
1.50
1.5
1.5
2.45
2.65
1.50
1.44
 	 2:2(0:2)  
775	19/10
16:00	 Hellas Verona
AC Milan	
+0.25
-0.25
2.05
1.70
 
 	
2.75
2.00
 	
1.80
 	
3.85
3.40
2.00
1.75
1.32
1.23
1.0
1.5
2.00
1.95
1.75
1.80
 	 1:3(0:2)  
776	19/10
16:00	 Palermo
Cesena	
-0.75
+0.75
1.85
1.90
 
 	
2.25
1.85
 	
1.90
 	
1.65
3.60
5.85
1.11
1.28
2.15
1.5
1.0
1.80
2.65
1.95
1.44
 	 2:1(1:0)  
777	19/10
16:00	 Torino
Udinese	
-0.25
+0.25
1.85
1.90
 
 	
2.25
1.95
 	
1.80
 	
2.20
3.20
3.50
1.30
1.35
1.67
1.5
1.0
2.20
2.05
1.63
1.70
 	 1:0(0:0)  
778	19/10
21:45	 Internazionale Milan
Napoli	
0
0
1.75
2.05
  	
2.5
1.95
1.80
2.50
3.25
2.90
1.40
1.35
1.50
1.5
1.5
2.45
2.55
1.50
1.47
 	 2:2(0:0)  
779	20/10
21:45	 Genoa
Empoli	
-0.25
+0.25
1.75
2.00
 
 	
2.25
1.95
 	
1.80
 	
2.07
3.15
4.00
1.22
1.36
1.70
1.5
1.0
2.12
2.15
1.67
1.65
 	 1:1(1:0)  
707	25/10
16:00	 Empoli
Cagliari	
-0.25
+0.25
1.70
2.15
 
 	
2.5
1.90
1.90
1.95
3.50
3.95
1.24
1.30
1.85
1.5
1.0
2.00
2.00
1.75
1.75
 	 0:4(0:4)  
708	25/10
19:00	 Parma
Sassuolo	
-0.75
+0.75
2.15
1.67
 
 	
2.5
1.95
1.85
1.90
3.45
4.25
1.22
1.33
1.90
1.5
1.0
1.85
2.15
1.90
1.65
 	 1:3(0:2)  
709	25/10
21:45	 Sampdoria
AS Roma	
+0.25
-0.25
2.00
1.75
 
 	
2.5
1.95
1.80
3.75
3.40
2.10
1.70
1.32
1.25
1.0
1.5
2.05
1.90
1.70
1.85
 	 0:0(0:0)  
710	26/10
16:00	 Chievo
Genoa	
0
0
1.75
2.07
  	
2.25
2.00
 	
1.80
 	
2.55
3.10
2.97
1.40
1.37
1.50
1.0
1.0
1.75
1.95
2.00
1.80
 	 1:2(1:0)  
711	26/10
16:00	 Juventus
Palermo	
-1.75
+1.75
1.85
1.90
 
 	
2.75
1.80
 	
1.95
 	
1.20
6.45
15.50
1.01
1.13
4.25
2.5
1.0
2.05
4.25
1.70
1.20
 	 2:0(1:0)  
712	26/10
16:00	 Udinese
Atalanta	
-0.75
+0.75
2.05
1.70
 
 	
2.25
1.90
 	
1.85
 	
1.85
3.30
4.75
1.17
1.33
1.90
1.5
1.0
2.00
2.25
1.75
1.60
 	 2:0(2:0)  
713	26/10
19:00	 Cesena
Internazionale Milan	
+1.0
–1.0
1.80
1.95
  	
2.25
1.80
 	
1.95
 	
6.85
3.80
1.55
2.40
1.27
1.10
1.5
1.5
4.55
1.70
1.17
2.05
 	 0:1(0:1)  
714	26/10
19:00	 Lazio
Torino	
-0.75
+0.75
1.95
1.80
 
 	
2.25
1.80
 	
1.95
 	
1.70
3.55
5.40
1.13
1.30
2.05
1.5
1.0
1.87
2.55
1.87
1.47
 	 2:1(1:0)  
715	26/10
19:00	 Napoli
Hellas Verona	
–1.5
+1.5
1.95
1.80
  	
3.0
1.85
1.95
1.33
5.12
9.50
1.05
1.17
3.30
2.5
1.5
2.25
4.95
1.60
1.15
 	 6:2(1:1)  
716	26/10
21:45	 AC Milan
Fiorentina	
-0.25
+0.25
1.70
2.10
 
 	
2.5
1.95
1.80
1.95
3.45
4.00
1.22
1.31
1.80
1.5
1.0
1.95
2.00
1.80
1.75
 	 1:1(1:0)  
569	28/10
21:45	 Sassuolo
Empoli	
-0.25
+0.25
1.90
1.90
 
 	
2.25
1.90
 	
1.90
 	
2.25
3.20
3.40
1.32
1.35
1.63
1.5
1.0
2.15
1.90
1.65
1.85
 	 3:1(0:1)  
570	29/10
21:45	 Atalanta
Napoli	
+0.75
-0.75
1.70
2.10
 
 	
2.5
1.90
1.85
4.40
3.55
1.85
1.95
1.30
1.18
1.0
1.5
2.10
1.85
1.68
1.90
 	 1:1(0:0)  
571	29/10
21:45	 Cagliari
AC Milan	
+0.25
-0.25
1.95
1.80
 
 	
2.75
1.87
 	
1.87
 	
3.45
3.45
2.10
1.70
1.30
1.28
1.0
1.5
1.70
1.80
2.05
1.95
 	 1:1(1:1)  
572	29/10
21:45	 Fiorentina
Udinese	
–1.0
+1.0
2.00
1.80
  	
2.5
2.00
1.80
1.60
3.70
6.40
1.11
1.28
2.30
1.5
1.0
1.70
2.45
2.05
1.50
 	 3:0(1:0)  
573	29/10
21:45	 Genoa
Juventus	
+1.25
-1.25
1.90
1.90
 
 	
2.5
1.90
1.90
8.50
4.35
1.42
2.85
1.22
1.06
1.0
1.5
3.20
1.50
1.32
2.45
 	 1:0(0:0)  
574	29/10
21:45	 Internazionale Milan
Sampdoria	
-0.75
+0.75
1.95
1.80
 
 	
2.25
1.75
 	
2.00
 	
1.75
3.55
4.95
1.15
1.30
2.00
1.5
1.0
1.80
2.35
1.95
1.55
 	 1:0(0:0)  
575	29/10
21:45	 Palermo
Chievo	
-0.25
+0.25
1.67
2.15
 
 	
2.25
1.95
 	
1.80
 	
1.95
3.30
4.20
1.20
1.33
1.80
1.5
1.0
2.20
2.35
1.63
1.55
 	 1:0(0:0)  
576	29/10
21:45	 AS Roma
Cesena	
–2.0
+2.0
1.90
1.85
  	
2.75
1.75
 	
2.00
 	
1.17
7.00
17.50
1.01
1.09
4.75
2.5
1.0
1.87
4.55
1.87
1.17
 	 2:0(1:0)  
577	29/10
21:45	 Torino
Parma	
-0.75
+0.75
1.95
1.85
 
 	
2.25
1.80
 	
2.00
 	
1.74
3.55
5.10
1.16
1.30
2.07
1.5
1.5
1.90
3.55
1.85
1.27
 	 1:0(1:0)  
578	30/10
21:45	 Hellas Verona
Lazio	
+0.25
-0.25
1.95
1.80
 
 	
2.5
1.80
1.95
3.45
3.30
2.15
1.67
1.32
1.27
1.0
1.5
1.75
2.00
2.00
1.75
 	 1:1(0:1)  
744	01/11
16:00	 Napoli
AS Roma	
-0.25
+0.25
1.85
1.95
 
 	
2.75
2.00
 	
1.80
 	
2.10
3.45
3.50
1.30
1.31
1.70
1.5
1.5
2.00
2.40
1.75
1.53
 	 2:0(1:0)  
745	01/11
19:00	 Empoli
Juventus	
+1.25
-1.25
1.85
1.95
 
 	
2.25
1.80
 	
2.00
 	
9.10
4.40
1.40
2.95
1.21
1.05
1.0
1.5
3.45
1.57
1.28
2.30
 	 0:2(0:0)  
746	01/11
21:45	 Parma
Internazionale Milan	
+0.25
-0.25
1.90
1.90
 
 	
2.25
1.80
 	
2.00
 	
3.30
3.30
2.25
1.65
1.34
1.32
1.0
1.5
1.90
2.05
1.85
1.70
 	 2:0(1:0)  
747	02/11
16:00	 Chievo
Sassuolo	
-0.25
+0.25
2.00
1.80
 
 	
2.25
2.00
 	
1.80
 	
2.35
3.15
3.25
1.33
1.36
1.57
1.0
1.0
1.72
1.87
2.03
1.87
 	 0:0(0:0)  
748	02/11
16:00	 Sampdoria
Fiorentina	
+0.25
-0.25
1.85
1.95
 
 	
2.25
1.95
 	
1.85
 	
3.20
3.20
2.35
1.57
1.36
1.34
1.0
1.5
2.00
2.35
1.75
1.55
 	 3:1(2:1)  
749	02/11
16:00	 Torino
Atalanta	
-0.75
+0.75
2.05
1.70
 
 	
2.25
1.90
 	
1.85
 	
1.85
3.30
4.75
1.17
1.33
1.90
1.5
1.0
2.00
2.55
1.75
1.47
 	 0:0(0:0)  
750	02/11
16:00	 Udinese
Genoa	
-0.25
+0.25
1.80
2.00
 
 	
2.25
1.95
 	
1.85
 	
2.10
3.25
3.70
1.27
1.34
1.73
1.5
1.0
2.15
2.00
1.65
1.75
 	 2:4(2:2)  
751	02/11
21:45	 AC Milan
Palermo	
–1.0
+1.0
1.85
1.95
  	
2.5
1.80
1.95
1.50
4.10
7.00
1.09
1.22
2.55
2.5
1.0
2.95
2.85
1.37
1.40
 	 0:2(0:2)  
752	03/11
20:00	 Cesena
Hellas Verona	
0
0
2.00
1.75
  	
2.25
1.80
 	
1.95
 	
2.90
3.20
2.50
1.50
1.35
1.40
1.5
1.5
2.65
2.55
1.42
1.47
 	 1:1(1:0)  
753	03/11
22:00	 Lazio
Cagliari	
–1.0
+1.0
1.90
1.90
  	
2.75
1.95
 	
1.85
 	
1.50
4.25
6.45
1.10
1.22
2.50
1.5
1.0
1.52
2.30
2.40
1.57
 	 4:2(3:0)  
688	08/11
19:00	 Sassuolo
Atalanta	
-0.25
+0.25
1.75
2.07
 
 	
2.25
1.95
 	
1.85
 	
2.07
3.15
4.00
1.22
1.36
1.70
1.5
1.0
2.15
2.20
1.65
1.63
 	 0:0(0:0)  
689	08/11
21:45	 Sampdoria
AC Milan	
0
0
1.80
2.00
  	
2.25
1.85
 	
1.95
 	
2.60
3.30
2.75
1.45
1.34
1.47
1.0
1.0
1.72
1.80
2.03
1.95
 	 2:2(1:1)  
690	09/11
13:30	 Cagliari
Genoa	
-0.25
+0.25
1.80
2.00
 
 	
2.5
1.90
1.90
2.10
3.35
3.60
1.28
1.33
1.73
1.5
1.0
2.05
1.87
1.70
1.87
 	 1:1(1:0)  
691	09/11
16:00	 Chievo
Cesena	
-0.25
+0.25
1.65
2.20
 
 	
2.0
1.75
2.00
1.90
3.40
4.25
1.22
1.32
1.90
1.5
1.0
2.10
2.75
1.70
1.42
 	 2:1(0:0)  
692	09/11
16:00	 Empoli
Lazio	
+0.25
-0.25
2.07
1.75
 
 	
2.5
1.85
1.95
3.90
3.40
2.00
1.77
1.33
1.24
1.0
1.5
1.87
1.90
1.87
1.85
 	 2:1(0:0)  
693	09/11
16:00	 Juventus
Parma	
-1.75
+1.75
1.80
1.95
 
 	
2.75
1.85
 	
1.90
 	
1.22
6.00
14.50
1.01
1.13
4.00
2.5
1.0
2.10
5.00
1.68
1.15
 	 7:0(3:0)  
694	09/11
16:00	 Palermo
Udinese	
-0.25
+0.25
1.75
2.07
 
 	
2.25
1.95
 	
1.85
 	
2.05
3.22
3.95
1.24
1.33
1.77
1.5
1.0
2.20
2.05
1.63
1.70
 	 1:1(1:1)  
695	09/11
19:00	 Fiorentina
Napoli	
0
0
1.80
1.95
  	
2.5
1.95
1.80
2.55
3.30
2.80
1.40
1.34
1.47
1.5
1.5
2.30
2.45
1.57
1.50
 	 0:1(0:0)  
696	09/11
21:45	 Internazionale Milan
Hellas Verona	
-1.25
+1.25
2.00
1.75
 
 	
2.75
1.85
 	
1.95
 	
1.45
4.50
7.25
1.08
1.21
2.75
1.5
1.0
1.47
2.75
2.55
1.42
 	 2:2(1:1)  
697	09/11
21:45	 AS Roma
Torino	
-1.25
+1.25
2.00
1.77
 
 	
2.75
1.95
 	
1.85
 	
1.44
4.45
7.50
1.08
1.21
2.75
2.5
1.0
2.85
2.85
1.40
1.40
 	 3:0(2:0)  
788	22/11
19:00	 Atalanta
AS Roma	
+0.75
-0.75
1.80
2.00
 
 	
2.25
1.85
 	
1.95
 	
5.10
3.50
1.75
2.07
1.30
1.16
1.0
1.5
2.45
1.90
1.50
1.85
 	 1:2(1:2)  
789	22/11
21:45	 Lazio
Juventus	
+0.75
-0.75
1.67
2.15
 
 	
2.25
1.85
 	
1.95
 	
4.05
3.45
1.95
1.85
1.32
1.23
1.0
1.5
2.12
1.95
1.67
1.80
 	 0:3(0:1)  
790	23/11
13:30	 Torino
Sassuolo	
-0.75
+0.75
2.00
1.75
 
 	
2.25
1.90
 	
1.85
 	
1.75
3.45
5.10
1.14
1.30
2.00
1.5
1.0
1.95
2.65
1.80
1.44
 	 0:1(0:0)  
791	23/11
16:00	 Cesena
Sampdoria	
+0.25
-0.25
2.20
1.63
 
 	
2.0
1.75
2.00
4.45
3.30
1.90
1.85
1.33
1.20
1.0
1.5
2.45
2.15
1.50
1.65
 	 1:1(0:0)  
792	23/11
16:00	 Hellas Verona
Fiorentina	
+0.25
-0.25
2.05
1.70
 
 	
2.5
1.87
1.87
3.75
3.45
2.00
1.75
1.32
1.23
1.0
1.5
2.00
1.95
1.75
1.80
 	 1:2(1:1)  
793	23/11
16:00	 Napoli
Cagliari	
–1.5
+1.5
1.90
1.90
  	
3.25
1.95
 	
1.80
 	
1.35
5.10
8.50
1.06
1.16
3.05
2.5
1.0
2.00
2.75
1.75
1.42
 	 3:3(2:1)  
794	23/11
16:00	 Parma
Empoli	
-0.25
+0.25
1.87
1.87
 
 	
2.5
2.00
1.80
2.15
3.35
3.45
1.28
1.34
1.67
1.5
1.0
2.05
2.05
1.70
1.70
 	 0:2(0:1)  
795	23/11
16:00	 Udinese
Chievo	
-0.75
+0.75
2.05
1.70
 
 	
2.25
1.95
 	
1.80
 	
1.80
3.35
5.00
1.16
1.33
2.00
1.5
1.0
2.05
2.85
1.70
1.40
 	 1:1(1:0)  
796	23/11
21:45	 AC Milan
Internazionale Milan	
0
0
1.85
1.90
  	
2.25
1.75
 	
2.00
 	
2.65
3.25
2.70
1.42
1.35
1.45
1.5
1.5
2.45
2.55
1.50
1.47
 	 1:1(1:0)  
797	24/11
21:45	 Genoa
Palermo	
-0.25
+0.25
1.85
1.90
 
 	
2.0
1.75
2.05
2.20
3.10
3.60
1.27
1.38
1.65
1.5
1.0
2.30
2.12
1.57
1.67
 	 1:1(1:1)  
701	29/11
19:00	 Sassuolo
Hellas Verona	
-0.25
+0.25
1.75
2.07
 
 	
2.75
2.00
 	
1.80
 	
2.05
3.35
3.75
1.27
1.33
1.77
1.5
1.0
2.00
1.70
1.75
2.05
 	 2:1(0:1)  
702	29/11
21:45	 Chievo
Lazio	
+0.25
-0.25
2.15
1.70
 
 	
2.25
1.90
 	
1.90
 	
3.95
3.35
2.00
1.80
1.34
1.24
1.0
1.5
2.05
2.00
1.70
1.75
 	 0:0(0:0)  
703	30/11
16:00	 Cagliari
Fiorentina	
+0.25
-0.25
1.95
1.80
 
 	
2.75
1.80
 	
1.95
 	
3.50
3.40
2.10
1.70
1.30
1.28
1.0
1.5
1.70
1.90
2.05
1.85
 	 0:4(0:1)  
704	30/11
16:00	 Cesena
Genoa	
+0.25
-0.25
2.00
1.80
 
 	
2.0
1.85
1.94
3.60
3.20
2.15
1.67
1.35
1.28
1.5
1.5
3.55
2.35
1.27
1.55
 	 0:3(0:3)  
705	30/11
16:00	 Empoli
Atalanta	
-0.25
+0.25
1.85
1.90
 
 	
2.25
1.90
 	
1.85
 	
2.15
3.20
3.60
1.27
1.36
1.67
1.5
1.0
2.20
2.05
1.63
1.70
 	 0:0(0:0)  
706	30/11
16:00	 AC Milan
Udinese	
–1.0
+1.0
2.00
1.75
  	
2.5
1.90
1.85
1.57
3.95
6.00
1.11
1.23
2.35
1.5
1.0
1.60
2.40
2.25
1.52
 	 2:0(0:0)  
707	30/11
16:00	 Palermo
Parma	
-0.25
+0.25
1.65
2.20
 
 	
2.5
2.00
1.75
1.90
3.40
4.30
1.20
1.33
1.90
1.5
1.0
2.00
2.12
1.75
1.67
 	 2:1(1:1)  
708	30/11
19:00	 Juventus
Torino	
–1.5
+1.5
1.80
1.95
  	
2.75
1.95
 	
1.80
 	
1.27
5.30
13.00
1.02
1.16
3.70
2.5
1.5
2.35
6.85
1.55
1.08
 	 2:1(1:1)  
709	30/11
21:45	 AS Roma
Internazionale Milan	
-0.75
+0.75
2.00
1.80
 
 	
2.5
1.95
1.85
1.77
3.55
4.90
1.18
1.30
2.05
1.5
1.0
1.80
2.15
1.95
1.65
 	 4:2(1:1)  
710	01/12
22:00	 Sampdoria
Napoli	
+0.25
-0.25
1.95
1.80
 
 	
2.5
1.95
1.80
3.60
3.30
2.10
1.70
1.34
1.27
1.0
1.5
1.90
2.10
1.85
1.70
 	 1:1(0:0)  
658	05/12
21:45	 Fiorentina
Juventus	
+0.25
-0.25
2.00
1.80
 
 	
2.25
1.93
 	
1.87
 	
3.60
3.25
2.15
1.70
1.34
1.27
1.0
1.5
2.12
2.00
1.67
1.75
 	 0:0(0:0)  
659	06/12
19:00	 AS Roma
Sassuolo	
-1.25
+1.25
1.80
2.00
 
 	
2.75
1.85
 	
1.90
 	
1.35
5.00
9.00
1.05
1.17
3.20
2.5
1.5
2.35
4.95
1.55
1.15
 	 2:2(0:2)  
660	06/12
21:45	 Torino
Palermo	
-0.25
+0.25
1.65
2.15
 
 	
2.25
1.90
 	
1.85
 	
1.90
3.30
4.40
1.18
1.35
1.85
1.5
1.5
2.12
3.75
1.67
1.25
 	 2:2(1:2)  
661	07/12
13:30	 Napoli
Empoli	
–1.5
+1.5
1.85
1.90
  	
3.0
2.00
1.80
1.27
5.50
12.00
1.02
1.15
3.70
2.5
1.5
2.20
5.55
1.63
1.12
 	 2:2(0:1)  
662	07/12
16:00	 Atalanta
Cesena	
–1.0
+1.0
2.00
1.75
  	
2.25
1.95
 	
1.80
 	
1.57
3.65
6.90
1.09
1.28
2.35
1.5
1.0
1.87
3.20
1.87
1.32
 	 3:2(1:2)  
663	07/12
16:00	 Genoa
AC Milan	
+0.25
-0.25
1.80
1.95
 
 	
2.5
2.00
1.75
3.20
3.20
2.35
1.57
1.36
1.33
1.0
1.5
1.80
2.15
1.95
1.65
 	 1:0(1:0)  
664	07/12
16:00	 Parma
Lazio	
+0.25
-0.25
2.10
1.70
 
 	
2.5
1.90
1.85
3.85
3.40
2.00
1.75
1.33
1.23
1.0
1.5
1.95
1.90
1.80
1.85
 	 1:2(1:1)  
665	07/12
21:45	 Internazionale Milan
Udinese	
–1.0
+1.0
1.80
1.95
  	
2.5
1.95
1.80
1.47
4.20
7.50
1.08
1.23
2.65
1.5
1.0
1.57
3.05
2.30
1.35
 	 1:2(1:0)  
666	08/12
20:00	 Cagliari
Chievo	
-0.75
+0.75
2.05
1.70
 
 	
2.5
1.85
1.90
1.85
3.50
4.40
1.18
1.30
1.95
1.5
1.0
1.80
2.10
1.95
1.68
 	 0:2(0:2)  
667	08/12
22:00	 Hellas Verona
Sampdoria	
0
0
1.85
1.90
  	
2.5
1.95
1.80
2.60
3.20
2.80
1.40
1.35
1.45
1.5
1.5
2.45
2.65
1.50
1.44
 	 1:3(1:1)  
657	13/12
19:00	 Palermo
Sassuolo	
-0.25
+0.25
1.70
2.15
 
 	
2.25
1.85
 	
1.95
 	
1.95
3.35
4.15
1.23
1.33
1.85
1.5
1.0
2.10
2.15
1.70
1.65
 	 2:1(1:0)  
658	13/12
21:45	 Lazio
Atalanta	
–1.0
+1.0
2.05
1.75
  	
2.25
1.95
 	
1.85
 	
1.58
3.75
6.55
1.11
1.27
2.33
1.5
1.0
1.80
3.20
1.95
1.32
 	 3:0(0:0)  
659	14/12
13:30	 Juventus
Sampdoria	
–1.5
+1.5
1.95
1.80
  	
2.5
1.80
1.95
1.30
5.10
11.00
1.03
1.17
3.40
2.5
1.5
2.55
6.00
1.47
1.10
 	 1:1(1:0)  
660	14/12
16:00	 Genoa
AS Roma	
+0.25
-0.25
2.10
1.70
 
 	
2.5
2.00
1.75
3.85
3.45
2.00
1.80
1.32
1.25
1.0
1.5
2.00
2.00
1.75
1.75
 	 0:1(0:1)  
661	14/12
16:00	 Parma
Cagliari	
-0.25
+0.25
1.90
1.90
 
 	
2.75
1.90
 	
1.90
 	
2.15
3.45
3.40
1.30
1.32
1.70
1.5
1.0
1.90
1.67
1.85
2.12
 	 0:0(0:0)  
662	14/12
16:00	 Udinese
Hellas Verona	
-0.75
+0.75
2.00
1.75
 
 	
2.75
1.95
 	
1.85
 	
1.80
3.55
4.55
1.18
1.30
1.95
1.5
1.0
1.70
2.25
2.05
1.60
 	 1:2(1:1)  
663	14/12
19:00	 Cesena
Fiorentina	
+1.25
-1.25
1.80
2.00
 
 	
2.25
1.80
 	
2.00
 	
8.10
4.20
1.45
2.75
1.23
1.07
1.0
1.5
3.70
1.67
1.25
2.12
 	 1:4(0:1)  
664	14/12
21:45	 AC Milan
Napoli	
0
0
1.90
1.85
  	
2.5
1.85
1.90
2.75
3.30
2.60
1.47
1.30
1.45
1.5
1.5
2.25
2.25
1.60
1.60
 	 2:0(1:0)  
665	15/12
20:00	 Empoli
Torino	
-0.25
+0.25
2.05
1.75
 
 	
2.25
2.00
 	
1.80
 	
2.45
3.10
3.10
1.37
1.37
1.52
1.5
1.5
2.45
2.95
1.50
1.37
 	 0:0(0:0)  
666	15/12
22:00	 Chievo
Internazionale Milan	
+0.75
-0.75
1.65
2.15
 
 	
2.25
1.90
 	
1.85
 	
4.45
3.45
1.85
1.90
1.33
1.19
1.0
1.5
2.65
1.95
1.45
1.80
 	 0:2(0:1)  
471	18/12
20:00	 Cagliari
Juventus	
+1.5
–1.5
1.80
2.00
  	
2.75
1.95
 	
1.85
 	
8.50
4.90
1.37
3.10
1.19
1.05
1.0
2.5
3.55
2.40
1.27
1.52
 	 1:3(0:2)  
472	18/12
22:00	 Napoli
Parma	
–1.5
+1.5
2.00
1.80
  	
3.0
1.95
1.85
1.33
5.15
9.50
1.05
1.17
3.32
2.5
1.5
2.15
4.55
1.65
1.17
 	 2:0(2:0)  
473	20/12
19:00	 Sassuolo
Cesena	
–1.0
+1.0
1.95
1.80
  	
2.5
1.95
1.80
1.53
3.95
6.85
1.10
1.25
2.45
1.5
1.5
1.70
4.25
2.05
1.20
 	 1:1(0:0)  
474	20/12
21:45	 AS Roma
AC Milan	
-0.75
+0.75
2.00
1.80
 
 	
2.5
1.80
2.00
1.77
3.65
4.60
1.18
1.28
2.05
1.5
1.0
1.70
2.12
2.05
1.67
 	 0:0(0:0)  
475	21/12
13:30	 Hellas Verona
Chievo	
-0.25
+0.25
1.95
1.80
 
 	
2.5
2.00
1.75
2.35
3.25
3.15
1.35
1.35
1.57
1.5
1.0
2.20
1.80
1.63
1.95
 	 0:1(0:0)  
476	21/12
16:00	 Atalanta
Palermo	
-0.25
+0.25
1.90
1.90
 
 	
2.25
1.95
 	
1.85
 	
2.20
3.25
3.45
1.30
1.34
1.67
1.5
1.0
2.30
2.00
1.57
1.75
 	 3:3(1:3)  
477	21/12
16:00	 Fiorentina
Empoli	
–1.0
+1.0
1.85
1.90
  	
2.5
1.85
1.90
1.50
4.00
7.25
1.08
1.25
2.50
1.5
1.5
1.55
4.25
2.35
1.20
 	 1:1(1:0)  
478	21/12
16:00	 Sampdoria
Udinese	
-0.75
+0.75
2.10
1.70
 
 	
2.25
1.95
 	
1.85
 	
1.85
3.35
4.70
1.17
1.33
1.95
1.5
1.0
2.05
2.65
1.70
1.45
 	 2:2(1:2)  
479	21/12
16:00	 Torino
Genoa	
-0.25
+0.25
1.70
2.10
 
 	
2.25
1.95
 	
1.85
 	
2.00
3.25
4.05
1.22
1.34
1.80
1.5
1.0
2.30
2.12
1.57
1.67
 	 2:1(0:1)  
480	21/12
21:45	 Internazionale Milan
Lazio	
-0.25
+0.25
1.80
2.00
 
 	
2.5
1.95
1.85
2.05
3.40
3.70
1.27
1.32
1.77
1.5
1.0
2.00
1.90
1.75
1.85
 	 2:2(0:2)  
578	05/01
21:45	 Lazio
Sampdoria	
-0.75
+0.75
2.00
1.80
 
 	
2.25
1.85
 	
1.95
 	
1.77
3.55
4.90
1.16
1.30
2.03
1.5
1.0
1.87
2.35
1.87
1.55
 	 3:0(2:0)  
579	06/01
13:30	 Udinese
AS Roma	
+0.75
-0.75
1.70
2.15
 
 	
2.5
1.95
1.85
4.75
3.25
1.87
1.93
1.35
1.18
1.0
1.5
2.10
1.85
1.68
1.90
 	 0:1(0:1)  
580	06/01
16:00	 Chievo
Torino	
0
0
2.00
1.80
  	
2.0
1.85
1.95
3.05
2.90
2.65
1.48
1.42
1.37
1.5
1.5
3.05
2.75
1.35
1.42
 	 0:0(0:0)  
581	06/01
16:00	 Empoli
Hellas Verona	
-0.25
+0.25
1.65
2.20
 
 	
2.5
1.90
1.90
1.95
3.30
4.25
1.23
1.34
1.85
1.5
1.0
1.95
1.85
1.80
1.90
 	 0:0(0:0)  
582	06/01
16:00	 Genoa
Atalanta	
-0.25
+0.25
1.67
2.15
 
 	
2.25
1.95
 	
1.85
 	
1.95
3.25
4.30
1.20
1.35
1.85
1.5
1.5
2.12
3.75
1.67
1.25
 	 2:2(0:1)  
583	06/01
16:00	 AC Milan
Sassuolo	
–1.0
+1.0
1.95
1.80
  	
2.5
1.90
1.90
1.53
4.00
6.55
1.10
1.24
2.47
1.5
1.0
1.65
2.75
2.15
1.42
 	 1:2(1:1)  
584	06/01
16:00	 Palermo
Cagliari	
-0.75
+0.75
2.15
1.67
 
 	
2.5
1.95
1.85
1.93
3.45
4.10
1.23
1.31
1.87
1.5
1.0
1.85
2.10
1.90
1.68
 	 5:0(3:0)  
585	06/01
16:00	 Parma
Fiorentina	
+0.25
-0.25
2.20
1.65
 
 	
2.5
2.00
1.80
4.30
3.25
1.95
1.85
1.33
1.22
1.0
1.5
2.00
1.90
1.75
1.85
 	 1:0(1:0)  
586	06/01
19:00	 Cesena
Napoli	
+1.25
-1.25
2.00
1.80
 
 	
2.5
1.80
1.95
10.00
4.75
1.35
3.20
1.19
1.05
1.5
2.5
6.00
2.55
1.10
1.47
 	 1:4(0:2)  
587	06/01
22:00	 Juventus
Internazionale Milan	
-1.25
+1.25
1.90
1.90
 
 	
2.5
1.85
1.95
1.42
4.30
8.70
1.06
1.22
2.85
2.5
1.0
2.95
3.05
1.37
1.35
 	 1:1(1:0) 
915	10/01
19:00	 Sassuolo
Udinese	
-0.25
+0.25
1.75
2.07
 
 	
2.25
1.90
 	
1.90
 	
2.05
3.30
3.85
1.25
1.34
1.77
1.5
1.0
2.10
2.15
1.70
1.65
 	 1:1(1:1)  
916	10/01
21:45	 Torino
AC Milan	
0
0
1.85
1.95
  	
2.25
1.95
 	
1.85
 	
2.65
3.20
2.77
1.45
1.35
1.47
1.0
1.0
1.67
1.80
2.12
1.95
 	 1:1(0:1)  
917	11/01
13:30	 Internazionale Milan
Genoa	
–1.0
+1.0
2.00
1.80
  	
2.5
1.95
1.85
1.60
3.75
6.30
1.11
1.28
2.35
1.5
1.0
1.63
2.55
2.20
1.47
 	 3:1(2:0)  
918	11/01
16:00	 Atalanta
Chievo	
-0.25
+0.25
1.75
2.07
 
 	
2.0
1.90
1.90
2.07
3.15
4.00
1.25
1.36
1.75
1.5
1.0
2.25
2.40
1.60
1.53
 	 1:1(0:0)  
919	11/01
16:00	 Cagliari
Cesena	
–1.0
+1.0
2.05
1.77
  	
2.5
2.05
1.77
1.60
3.80
6.10
1.13
1.27
2.32
1.5
1.0
1.70
2.55
2.05
1.47
 	 2:1(2:0)  
920	11/01
16:00	 Fiorentina
Palermo	
-0.75
+0.75
1.80
2.00
 
 	
2.5
1.80
2.00
1.63
3.75
5.80
1.13
1.27
2.25
1.5
1.0
1.67
2.50
2.12
1.50
 	 4:3(1:0)  
921	11/01
16:00	 Hellas Verona
Parma	
-0.25
+0.25
2.05
1.77
 
 	
2.5
2.05
1.75
2.40
3.25
3.05
1.37
1.34
1.57
1.5
1.0
2.15
1.80
1.65
1.95
 	 3:1(1:0)  
922	11/01
16:00	 AS Roma
Lazio	
-0.25
+0.25
1.75
2.07
 
 	
2.25
1.80
 	
2.00
 	
2.05
3.30
3.85
1.25
1.34
1.77
1.5
1.0
2.10
2.00
1.70
1.75
 	 2:2(0:2)  
923	11/01
16:00	 Sampdoria
Empoli	
-0.25
+0.25
1.75
2.07
 
 	
2.25
1.90
 	
1.90
 	
2.05
3.22
3.95
1.24
1.33
1.77
1.5
1.0
2.20
2.05
1.63
1.70
 	 1:0(0:0)  
924	11/01
21:45	 Napoli
Juventus	
+0.25
-0.25
1.75
2.07
 
 	
2.5
2.00
1.80
2.95
3.20
2.50
1.53
1.35
1.40
1.0
1.5
1.70
2.35
2.05
1.55
 	 1:3(0:1)  
956	17/01
19:00	 Empoli
Internazionale Milan	
+0.25
-0.25
1.95
1.85
 
 	
2.25
1.80
 	
2.00
 	
3.50
3.35
2.15
1.70
1.33
1.30
1.0
1.5
2.00
2.10
1.75
1.70
 	 0:0(0:0)  
957	17/01
21:45	 Palermo
AS Roma	
+0.25
-0.25
2.00
1.72
 
 	
2.25
1.75
 	
1.96
 	
3.60
3.25
2.10
1.70
1.33
1.25
1.0
1.5
2.00
2.10
1.72
1.65
 	 1:1(1:0)  
958	18/01
13:30	 Lazio
Napoli	
0
0
1.87
1.93
  	
2.5
1.90
1.90
2.65
3.35
2.70
1.46
1.34
1.47
1.0
1.0
1.60
1.70
2.25
2.05
 	 0:1(0:1)  
959	18/01
16:00	 Cesena
Torino	
+0.25
-0.25
2.25
1.65
 
 	
2.25
2.00
 	
1.80
 	
4.55
3.25
1.90
1.90
1.34
1.20
1.5
1.5
4.00
2.12
1.22
1.67
 	 2:3(1:2)  
960	18/01
16:00	 Chievo
Fiorentina	
+0.25
-0.25
2.20
1.67
 
 	
2.25
1.90
 	
1.90
 	
4.25
3.30
1.95
1.85
1.34
1.23
1.5
1.5
3.75
2.00
1.25
1.75
 	 1:2(0:1)  
961	18/01
16:00	 Genoa
Sassuolo	
-0.25
+0.25
1.95
1.85
 
 	
2.25
1.95
 	
1.85
 	
2.25
3.20
3.40
1.32
1.35
1.65
1.5
1.0
2.30
2.00
1.57
1.75
 	 3:3(1:1)  
962	18/01
16:00	 AC Milan
Atalanta	
–1.0
+1.0
1.90
1.90
  	
2.5
2.00
1.80
1.50
4.05
7.25
1.08
1.25
2.50
1.5
1.0
1.65
3.20
2.15
1.32
 	 0:1(0:1)  
963	18/01
16:00	 Parma
Sampdoria	
0
0
1.85
1.95
  	
2.25
1.95
 	
1.85
 	
2.65
3.10
2.85
1.43
1.37
1.45
1.0
1.0
1.70
1.87
2.05
1.87
 	 0:2(0:0)  
964	18/01
16:00	 Udinese
Cagliari	
-0.25
+0.25
1.77
2.05
 
 	
2.5
1.95
1.85
2.10
3.25
3.70
1.27
1.34
1.73
1.5
1.0
2.10
2.00
1.68
1.75
 	 2:2(0:1)  
965	18/01
21:45	 Juventus
Hellas Verona	
–2.0
+2.0
1.80
2.00
  	
3.0
1.85
1.95
1.17
6.90
19.00
 	
1.10
5.00
2.5
1.0
1.80
4.25
1.95
1.20
 	 4:0(2:0)  
844	24/01
19:00	 Cagliari
Sassuolo	
-0.25
+0.25
1.90
1.90
 
 	
2.25
1.80
 	
2.00
 	
2.25
3.25
3.35
1.32
1.35
1.65
1.5
1.0
2.05
1.80
1.70
1.95
 	 2:1(1:0)  
845	24/01
21:45	 Lazio
AC Milan	
-0.25
+0.25
1.65
2.25
 
 	
2.25
1.80
 	
2.00
 	
1.95
3.35
4.15
1.23
1.33
1.85
1.5
1.0
2.05
2.15
1.70
1.65
 	 3:1(0:1)  
846	25/01
16:00	 Hellas Verona
Atalanta	
-0.25
+0.25
2.15
1.70
 
 	
2.25
1.85
 	
1.95
 	
2.55
3.05
3.00
1.38
1.38
1.50
1.0
1.0
1.67
1.85
2.12
1.90
 	 1:0(0:0)  
847	25/01
16:00	 Internazionale Milan
Torino	
-0.75
+0.75
1.95
1.85
 
 	
2.25
1.85
 	
1.95
 	
1.70
3.60
5.30
1.13
1.28
2.10
1.5
1.0
1.80
2.55
1.95
1.47
 	 0:1(0:0)  
848	25/01
16:00	 Juventus
Chievo	
–2.0
+2.0
1.80
2.00
  	
3.0
1.95
1.85
1.15
7.50
20.00
 	
1.09
5.40
2.5
1.0
1.80
6.00
1.95
1.10
 	 2:0(0:0)  
849	25/01
16:00	 Parma
Cesena	
–1.0
+1.0
2.00
1.80
  	
2.25
1.80
 	
2.00
 	
1.57
3.80
6.55
1.11
1.27
2.40
1.5
1.0
1.70
2.75
2.05
1.42
 	 1:2(0:1)  
850	25/01
16:00	 Sampdoria
Palermo	
-0.25
+0.25
1.70
2.15
 
 	
2.25
1.80
 	
2.00
 	
2.00
3.30
4.05
1.25
1.34
1.80
1.5
1.0
2.05
2.05
1.70
1.70
 	 1:1(1:0)  
851	25/01
21:45	 Fiorentina
AS Roma	
-0.25
+0.25
2.10
1.73
 
 	
2.25
1.77
 	
2.05
 	
2.50
3.25
2.90
1.40
1.34
1.50
1.0
1.0
1.60
1.65
2.25
2.15
 	 1:1(1:0)  
852	26/01
20:00	 Empoli
Udinese	
-0.25
+0.25
1.70
2.15
 
 	
2.25
1.95
 	
1.85
 	
2.00
3.25
4.10
1.23
1.34
1.80
1.5
1.0
2.25
2.12
1.60
1.67
 	 1:2(1:1)  
853	26/01
22:00	 Napoli
Genoa	
-1.25
+1.25
1.80
2.00
 
 	
2.75
1.90
 	
1.90
 	
1.35
4.90
9.30
1.05
1.18
3.15
2.5
1.5
2.45
4.95
1.50
1.15
 	 2:1(1:0)  
1045	31/01
19:00	 Genoa
Fiorentina	
+0.25
-0.25
1.90
1.90
 
 	
2.5
2.00
1.80
3.40
3.42
2.15
1.70
1.32
1.32
1.0
1.5
1.80
2.15
1.95
1.65
 	 1:1(1:0)  
1046	31/01
21:45	 AS Roma
Empoli	
–1.0
+1.0
1.80
2.00
  	
2.5
1.90
1.90
1.45
4.35
7.60
1.08
1.22
2.75
2.5
1.5
3.05
4.55
1.35
1.17
 	 1:1(0:1)  
1047	01/02
13:30	 Sassuolo
Internazionale Milan	
+0.25
-0.25
1.90
1.90
 
 	
2.25
1.80
 	
2.00
 	
3.40
3.30
2.20
1.67
1.34
1.32
1.0
1.5
1.87
2.15
1.87
1.65
 	 3:1(2:0)  
1048	01/02
16:00	 Atalanta
Cagliari	
-0.25
+0.25
1.85
1.95
 
 	
2.25
1.85
 	
1.95
 	
2.10
3.30
3.70
1.28
1.34
1.73
1.5
1.0
2.25
2.05
1.60
1.70
 	 2:1(1:1)  
1049	01/02
16:00	 Cesena
Lazio	
+1.0
–1.0
1.95
1.85
  	
2.5
1.95
1.85
7.50
4.20
1.47
2.65
1.23
1.08
1.0
1.5
2.85
1.55
1.40
2.30
 	 2:1(0:0)  
1050	01/02
16:00	 Chievo
Napoli	
+0.75
-0.75
1.80
2.00
 
 	
2.25
1.85
 	
1.95
 	
5.00
3.60
1.75
2.07
1.30
1.17
1.0
1.5
2.65
1.87
1.44
1.87
 	 1:2(1:1)  
1051	01/02
16:00	 Palermo
Hellas Verona	
-0.75
+0.75
2.00
1.80
 
 	
2.5
1.85
1.95
1.77
3.60
4.75
1.17
1.28
2.05
1.5
1.0
1.75
2.05
2.00
1.70
 	 2:1(1:1)  
1052	01/02
16:00	 Torino
Sampdoria	
-0.25
+0.25
1.80
2.00
 
 	
2.25
2.05
 	
1.77
 	
2.07
3.20
3.90
1.25
1.35
1.75
1.5
1.0
2.35
2.20
1.55
1.63
 	 5:1(2:0)  
1053	01/02
16:00	 Udinese
Juventus	
+1.25
-1.25
1.85
1.95
 
 	
2.5
2.00
1.80
9.00
4.40
1.40
2.90
1.21
1.06
1.0
1.5
3.75
1.50
1.25
2.45
 	 0:0(0:0)  
1054	01/02
21:45	 AC Milan
Parma	
–1.0
+1.0
1.95
1.85
  	
2.5
1.90
1.90
1.53
4.10
6.50
1.10
1.24
2.50
1.5
1.5
1.60
4.50
2.25
1.17
 	 3:1(1:1)  
1087	07/02
19:00	 Hellas Verona
Torino	
0
0
2.00
1.80
  	
2.25
1.95
 	
1.85
 	
2.85
3.10
2.65
1.48
1.37
1.43
1.0
1.0
1.80
1.70
1.95
2.05
 	 1:3(0:1)  
1088	07/02
21:45	 Juventus
AC Milan	
-1.25
+1.25
1.80
2.00
 
 	
2.5
1.80
2.00
1.35
5.00
9.00
1.06
1.17
3.15
2.5
1.0
2.55
3.55
1.47
1.27
 	 3:1(2:1)  
1089	08/02
13:30	 Fiorentina
Atalanta	
-1.25
+1.25
2.05
1.77
 
 	
2.5
1.90
1.90
1.45
4.25
7.90
1.07
1.23
2.70
1.5
1.0
1.55
3.55
2.35
1.27
 	 3:2(1:1)  
1090	08/02
16:01	 Cagliari
AS Roma	
+0.25
-0.25
2.25
1.60
 
 	
2.5
1.95
1.85
4.25
3.45
1.90
1.90
1.31
1.22
1.0
1.5
2.00
1.90
1.75
1.85
 	 1:2(0:1)  
1091	08/02
16:00	 Empoli
Cesena	
–1.0
+1.0
1.90
1.90
  	
2.25
1.85
 	
1.95
 	
1.52
4.00
7.00
1.09
1.25
2.50
1.5
1.0
1.70
3.55
2.05
1.27
 	 2:0(1:0)  
1092	08/02
16:00	 Napoli
Udinese	
-1.25
+1.25
1.80
2.00
 
 	
2.75
1.85
 	
1.95
 	
1.35
5.00
9.00
1.05
1.17
3.20
2.5
1.5
2.35
4.95
1.55
1.15
 	 3:1(2:1)  
1094	08/02
16:00	 Sampdoria
Sassuolo	
-0.75
+0.75
2.00
1.80
 
 	
2.25
1.95
 	
1.85
 	
1.75
3.50
5.15
1.17
1.31
2.07
1.5
1.0
2.05
2.55
1.70
1.47
 	 1:1(1:1)  
1095	08/02
21:45	 Internazionale Milan
Palermo	
-0.75
+0.75
1.95
1.85
 
 	
2.5
1.85
1.95
1.75
3.65
4.90
1.17
1.29
2.07
1.5
1.0
1.70
2.15
2.05
1.65
 	 3:0(1:0)  
1096	09/02
21:45	 Lazio
Genoa	
–1.0
+1.0
1.95
1.85
  	
2.5
1.85
1.95
1.55
4.00
6.40
1.12
1.25
2.45
2.5
1.0
3.40
2.55
1.30
1.47
 	 0:1(0:1)  
1028	14/02
19:00	 Sassuolo
Fiorentina	
+0.25
-0.25
1.90
1.90
 
 	
2.5
1.95
1.85
3.35
3.25
2.25
1.65
1.35
1.32
1.0
1.5
1.80
2.10
1.95
1.68
 	 1:3(0:2)  
1029	14/02
21:45	 Palermo
Napoli	
+0.25
-0.25
2.15
1.70
 
 	
2.5
1.80
2.00
3.80
3.55
1.97
1.83
1.30
1.27
1.0
1.5
1.85
1.80
1.90
1.95
 	 3:1(2:0)  
1030	15/02
13:30	 AC Milan
Empoli	
-0.75
+0.75
2.00
1.80
 
 	
2.25
1.85
 	
1.95
 	
1.75
3.60
4.95
1.18
1.29
2.07
1.5
1.0
1.87
2.55
1.87
1.47
 	 1:1(1:0)  
1031	15/02
16:00	 Atalanta
Internazionale Milan	
+0.25
-0.25
1.90
1.90
 
 	
2.25
1.80
 	
2.00
 	
3.35
3.25
2.25
1.65
1.35
1.30
1.0
1.5
2.00
2.25
1.75
1.60
 	 1:4(1:2)  
1032	15/02
16:00	 Genoa
Hellas Verona	
-0.75
+0.75
2.10
1.70
 
 	
2.5
1.95
1.85
1.85
3.55
4.35
1.22
1.30
1.95
1.5
1.0
1.87
2.12
1.87
1.67
 	 5:2(3:1)  
1033	15/02
16:00	 AS Roma
Parma	
–1.5
+1.5
1.80
1.95
  	
2.75
1.90
 	
1.90
 	
1.25
5.85
12.00
1.03
1.13
3.90
2.5
1.0
2.25
4.00
1.60
1.22
 	 0:0(0:0)  
1034	15/02
16:00	 Torino
Cagliari	
-0.75
+0.75
2.05
1.77
 
 	
2.5
2.00
1.80
1.80
3.50
4.75
1.18
1.30
2.00
1.5
1.0
1.85
2.25
1.90
1.60
 	 1:1(1:1)  
1035	15/02
16:00	 Udinese
Lazio	
+0.25
-0.25
1.85
1.95
 
 	
2.25
1.80
 	
2.00
 	
3.20
3.20
2.35
1.60
1.36
1.33
1.0
1.5
1.80
2.15
1.95
1.65
 	 0:1(0:1)  
1036	15/02
19:00	 Chievo
Sampdoria	
0
0
1.77
1.97
  	
2.0
1.80
1.95
2.55
3.10
2.95
1.40
1.37
1.50
1.5
1.5
2.65
2.95
1.44
1.37
 	 2:1(2:0)  
1037	15/02
21:45	 Cesena
Juventus	
+1.75
-1.75
1.90
1.90
 
 	
2.75
1.80
 	
2.00
 	
14.50
6.10
1.22
4.25
1.13
1.01
1.0
2.5
4.50
2.05
1.17
1.70
 	 2:2(1:2)  
802	20/02
21:45	 Juventus
Atalanta	
-1.75
+1.75
1.80
2.00
 
 	
2.75
1.80
 	
2.00
 	
1.18
6.85
17.00
1.01
1.10
4.75
2.5
1.0
2.05
4.50
1.70
1.17
 	 2:1(2:1)  
803	24/02
19:30	 Sampdoria
Genoa	
-0.25
+0.25
2.05
1.77
 
 	
2.25
1.90
 	
1.90
 	
2.35
3.25
3.15
1.35
1.35
1.60
1.5
1.0
2.30
2.00
1.57
1.75
 	 1:1(1:1)  
804	22/02
16:00	 Empoli
Chievo	
-0.25
+0.25
1.67
2.20
 
 	
2.0
1.80
2.00
1.95
3.20
4.40
1.20
1.35
1.85
1.5
1.0
2.15
2.55
1.65
1.47
 	 3:0(1:0)  
805	22/02
16:00	 Lazio
Palermo	
-0.75
+0.75
1.80
2.00
 
 	
2.5
1.80
2.00
1.60
3.85
6.00
1.13
1.26
2.35
1.5
1.0
1.67
2.50
2.12
1.50
 	 2:1(1:1)  
806	22/02
16:00	 AC Milan
Cesena	
-1.25
+1.25
1.95
1.85
 
 	
2.5
1.85
1.95
1.37
4.60
9.50
1.06
1.20
3.10
2.5
1.0
2.75
4.00
1.42
1.22
 	 2:0(1:0)  
807	22/02
16:00	 Parma
Udinese	
+0.25
-0.25
1.75
2.07
 
 	
2.25
1.90
 	
1.90
 	
3.05
3.15
2.45
1.52
1.37
1.37
1.0
1.0
1.85
1.67
1.90
2.12
 	 cancelled  
808	22/02
16:00	 Hellas Verona
AS Roma	
+0.75
-0.75
1.90
1.90
 
 	
2.5
1.95
1.85
5.30
3.78
1.67
2.20
1.27
1.16
1.0
1.5
2.35
1.70
1.55
2.05
 	 1:1(1:1)  
809	22/02
21:45	 Fiorentina
Torino	
-0.75
+0.75
2.05
1.77
 
 	
2.25
1.80
 	
2.00
 	
1.80
3.50
4.75
1.18
1.30
2.00
1.5
1.0
1.85
2.25
1.90
1.60
 	 1:1(0:0)  
810	23/02
20:00	 Napoli
Sassuolo	
–1.0
+1.0
1.90
1.90
  	
2.75
1.80
 	
2.00
 	
1.53
4.30
6.00
1.12
1.22
2.50
2.5
1.0
2.65
2.30
1.44
1.57
 	 2:0(0:0)  
811	23/02
22:00	 Cagliari
Internazionale Milan	
+0.25
-0.25
1.95
1.85
 
 	
2.5
1.95
1.85
3.55
3.30
2.15
1.70
1.33
1.30
1.0
1.5
1.90
2.10
1.85
1.70
 	 1:2(0:0)  
1071	28/02
21:45	 Chievo
AC Milan	
+0.25
-0.25
1.80
2.00
 
 	
2.25
1.95
 	
1.85
 	
3.20
3.15
2.37
1.60
1.36
1.35
1.0
1.0
2.05
1.63
1.70
2.20
 	 0:0(0:0)  
1072	01/03
13:30	 Cagliari
Hellas Verona	
-0.25
+0.25
1.75
2.07
 
 	
2.75
1.95
 	
1.85
 	
2.00
3.50
3.75
1.27
1.30
1.80
1.5
1.0
1.75
1.85
2.00
1.90
 	 1:2(0:1)  
1073	01/03
16:00	 Atalanta
Sampdoria	
0
0
1.77
2.05
  	
2.25
2.00
 	
1.80
 	
2.55
3.17
2.90
1.40
1.37
1.50
1.0
1.0
1.80
2.05
1.95
1.70
 	 1:2(1:0)  
1074	01/03
16:00	 Cesena
Udinese	
+0.25
-0.25
1.75
2.07
 
 	
2.25
2.05
 	
1.77
 	
3.15
3.15
2.40
1.57
1.36
1.36
1.0
1.0
2.15
1.75
1.65
2.00
 	 1:0(0:0)  
1076	01/03
16:00	 Palermo
Empoli	
-0.25
+0.25
1.85
1.95
 
 	
2.5
2.00
1.80
2.20
3.30
3.40
1.30
1.34
1.67
1.5
1.0
2.15
1.90
1.65
1.85
 	 0:0(0:0)  
1077	01/03
16:00	 Sassuolo
Lazio	
+0.25
-0.25
2.00
1.80
 
 	
2.5
2.00
1.80
3.50
3.45
2.10
1.73
1.31
1.30
1.0
1.5
1.90
2.10
1.85
1.68
 	 0:3(0:1)  
1078	01/03
19:00	 Internazionale Milan
Fiorentina	
-0.25
+0.25
1.85
1.95
 
 	
2.5
1.80
2.00
2.15
3.30
3.55
1.30
1.33
1.70
1.5
1.0
2.00
1.85
1.75
1.90
 	 0:1(0:0)  
1079	01/03
21:45	 Torino
Napoli	
+0.25
-0.25
1.85
1.95
 
 	
2.5
2.05
1.75
3.25
3.15
2.35
1.60
1.37
1.33
1.0
1.5
1.80
2.15
1.95
1.65
 	 1:0(0:0)  
1080	02/03
21:45	 AS Roma
Juventus	
+0.25
-0.25
1.85
1.95
 
 	
2.25
1.95
 	
1.85
 	
3.15
3.25
2.35
1.60
1.35
1.35
1.0
1.0
1.87
1.57
1.87
2.30
 	 1:1(0:0)  
980	07/03
19:00	 Sampdoria
Cagliari	
-0.75
+0.75
2.10
1.73
 
 	
2.5
2.00
1.80
1.83
3.55
4.50
1.20
1.30
1.97
1.5
1.0
1.85
2.30
1.90
1.57
 	 2:0(1:0)  
981	07/03
21:45	 AC Milan
Hellas Verona	
-0.75
+0.75
1.80
2.00
 
 	
2.5
1.80
2.00
1.65
3.85
5.40
1.15
1.26
2.25
2.5
1.0
3.05
2.40
1.35
1.52
 	 2:2(1:1)  
982	08/03
13:30	 Cesena
Palermo	
+0.25
-0.25
1.90
1.90
 
 	
2.25
1.85
 	
1.95
 	
3.45
3.25
2.20
1.67
1.33
1.30
1.0
1.5
2.05
2.25
1.70
1.60
 	 0:0(0:0)  
983	08/03
16:00	 Chievo
AS Roma	
+0.75
-0.75
1.77
2.05
 
 	
2.25
1.95
 	
1.85
 	
4.95
3.40
1.80
2.00
1.32
1.17
1.0
1.5
2.65
1.95
1.45
1.80
 	 0:0(0:0)  
984	08/03
16:00	 Empoli
Genoa	
-0.25
+0.25
1.85
1.95
 
 	
2.25
1.90
 	
1.90
 	
2.15
3.25
3.55
1.28
1.34
1.70
1.5
1.0
2.30
2.05
1.57
1.70
 	 1:1(0:1)  
985	08/03
16:00	 Parma
Atalanta	
+0.25
-0.25
1.90
1.90
 
 	
2.25
1.95
 	
1.85
 	
3.60
3.25
2.15
1.70
1.34
1.28
1.0
1.5
2.05
2.30
1.70
1.57
 	 0:0(0:0)  
986	08/03
16:00	 Udinese
Torino	
0
0
1.77
2.05
  	
2.25
2.00
 	
1.80
 	
2.55
3.17
2.90
1.40
1.37
1.50
1.0
1.0
1.80
2.05
1.95
1.70
 	 3:2(2:1)  
987	08/03
21:45	 Napoli
Internazionale Milan	
-0.75
+0.75
2.15
1.70
 
 	
2.5
1.80
2.00
1.85
3.65
4.20
1.22
1.28
1.95
1.5
1.0
1.75
2.05
2.00
1.70
 	 2:2(0:0)  
988	09/03
20:00	 Lazio
Fiorentina	
-0.25
+0.25
1.75
2.07
 
 	
2.5
1.95
1.85
2.00
3.45
3.85
1.27
1.32
1.80
1.5
1.0
2.00
2.00
1.75
1.75
 	 4:0(1:0)  
989	09/03
22:00	 Juventus
Sassuolo	
-1.75
+1.75
1.80
2.00
 
 	
3.0
1.90
1.90
1.20
6.80
14.00
1.01
1.11
4.55
2.0
1.0
1.47
4.00
2.55
1.22
 	 1:0(0:0)  
913	14/03
19:00	 Palermo
Juventus	
+0.75
-0.75
1.70
2.15
 
 	
2.25
1.95
 	
1.85
 	
4.30
3.40
1.90
1.90
1.32
1.22
1.0
1.5
2.30
2.00
1.57
1.75
 	 0:1(0:0)  
914	14/03
21:45	 Cagliari
Empoli	
-0.25
+0.25
2.05
1.77
 
 	
2.5
1.90
1.90
2.40
3.35
2.97
1.40
1.33
1.57
1.5
1.5
2.25
2.55
1.60
1.47
 	 1:1(1:0)  
915	15/03
16:00	 Atalanta
Udinese	
-0.25
+0.25
1.95
1.85
 
 	
2.25
1.90
 	
1.90
 	
2.25
3.25
3.35
1.32
1.35
1.65
1.5
1.0
2.30
2.00
1.57
1.75
 	 0:0(0:0)  
916	15/03
16:00	 Genoa
Chievo	
-0.25
+0.25
1.63
2.25
 
 	
2.25
2.00
 	
1.80
 	
1.90
3.30
4.50
1.20
1.34
1.90
1.5
1.5
2.12
4.00
1.67
1.22
 	 0:2(0:0)  
917	15/03
16:00	 Sassuolo
Parma	
-0.75
+0.75
1.80
2.00
 
 	
2.5
2.00
1.80
1.60
3.80
6.10
1.13
1.27
2.30
1.5
1.0
1.70
2.55
2.05
1.47
 	 4:1(2:1)  
918	15/03
19:00	 Hellas Verona
Napoli	
+0.75
-0.75
1.85
1.95
 
 	
2.75
2.00
 	
1.80
 	
4.85
3.65
1.75
2.07
1.28
1.17
1.0
1.5
2.00
1.65
1.75
2.15
 	 2:0(1:0)  
919	15/03
21:45	 Internazionale Milan
Cesena	
-1.25
+1.25
1.80
2.00
 
 	
2.75
1.95
 	
1.85
 	
1.35
4.90
9.30
1.05
1.18
3.20
2.5
1.0
2.55
3.55
1.47
1.27
 	 1:1(0:1)  
920	16/03
20:00	 Fiorentina
AC Milan	
-0.25
+0.25
1.65
2.20
 
 	
2.5
1.95
1.85
1.90
3.45
4.25
1.23
1.31
1.90
1.5
1.0
1.90
2.00
1.85
1.75
 	 2:1(0:0)  
921	16/03
20:00	 Torino
Lazio	
+0.25
-0.25
1.80
2.00
 
 	
2.25
1.90
 	
1.90
 	
3.10
3.20
2.40
1.57
1.35
1.37
1.0
1.0
1.80
1.67
1.95
2.12
 	 0:2(0:0)  
922	16/03
22:00	 AS Roma
Sampdoria	
–1.0
+1.0
2.00
1.80
  	
2.5
2.00
1.80
1.57
3.85
6.45
1.11
1.27
2.40
1.5
1.0
1.67
2.75
2.12
1.42
 	 0:2(0:0)  
937	21/03
19:00	 Chievo
Palermo	
0
0
1.77
2.05
  	
2.0
1.77
2.05
2.50
3.10
3.05
1.38
1.37
1.53
1.0
1.0
1.80
2.15
1.95
1.65
 	 1:0(1:0)  
938	21/03
21:45	 AC Milan
Cagliari	
-0.75
+0.75
2.00
1.80
 
 	
2.75
1.95
 	
1.85
 	
1.75
3.75
4.67
1.18
1.27
2.07
1.5
1.0
1.65
2.05
2.15
1.70
 	 3:1(1:0)  
939	22/03
13:30	 Empoli
Sassuolo	
-0.25
+0.25
1.75
2.07
 
 	
2.25
1.85
 	
1.95
 	
2.05
3.25
3.95
1.25
1.35
1.77
1.5
1.0
2.20
2.05
1.63
1.70
 	 3:1(0:0)  
940	22/03
16:00	 Juventus
Genoa	
–1.5
+1.5
1.95
1.85
  	
2.75
1.95
 	
1.85
 	
1.30
5.35
10.50
1.04
1.16
3.55
2.5
1.0
2.40
3.55
1.53
1.27
 	 1:0(1:0)  
941	22/03
21:45	 Cesena
AS Roma	
+0.75
-0.75
1.90
1.90
 
 	
2.25
1.85
 	
1.95
 	
5.55
3.67
1.67
2.20
1.28
1.15
1.0
1.5
2.65
1.80
1.44
1.95
 	 0:1(0:1)  
942	22/03
21:45	 Lazio
Hellas Verona	
-1.25
+1.25
1.85
1.95
 
 	
3.0
2.00
1.80
1.37
4.70
9.10
1.06
1.19
3.10
2.5
1.0
2.35
2.85
1.55
1.40
 	 2:0(2:0)  
943	22/03
21:45	 Napoli
Atalanta	
-1.25
+1.25
2.00
1.80
 
 	
2.75
1.95
 	
1.85
 	
1.43
4.55
7.50
1.08
1.20
2.80
2.5
1.0
2.65
3.20
1.45
1.32
 	 1:1(0:0)  
944	22/03
21:45	 Parma
Torino	
+0.75
-0.75
1.70
2.10
 
 	
2.25
2.00
 	
1.80
 	
4.80
3.30
1.85
1.95
1.33
1.17
1.0
1.5
2.55
2.00
1.47
1.75
 	 0:2(0:1)  
945	22/03
21:45	 Sampdoria
Internazionale Milan	
0
0
1.93
1.87
  	
2.25
1.85
 	
1.95
 	
2.75
3.15
2.70
1.47
1.37
1.45
1.0
1.0
1.75
1.70
2.00
2.05
 	 1:0(0:0)  
946	22/03
21:45	 Udinese
Fiorentina	
+0.25
-0.25
1.95
1.85
 
 	
2.25
1.85
 	
1.95
 	
3.55
3.30
2.15
1.70
1.34
1.30
1.0
1.5
2.00
2.30
1.75
1.57
 	 2:2(1:0)  
	04/04
13:30	 AS Roma
Napoli	
-0.25
+0.25
1.90
1.90
 
 	
2.5
1.95
1.85
2.25
3.35
3.25
1.35
1.32
1.65
1.5
1.0
2.05
1.75
1.70
2.00
 	 1:0(1:0)  
 	04/04
16:00	 Atalanta
Torino	
0
0
1.95
1.85
  	
2.25
2.00
 	
1.80
 	
2.80
3.15
2.65
1.47
1.37
1.43
1.0
1.0
1.85
1.83
1.90
1.93
 	 1:2(0:2)  
 	04/04
16:00	 Cagliari
Lazio	
+0.75
-0.75
1.80
2.00
 
 	
2.75
1.90
 	
1.90
 	
4.55
3.65
1.80
2.00
1.28
1.18
1.0
1.5
2.05
1.70
1.70
2.05
 	 1:3(0:1)  
 	04/04
16:00	 Genoa
Udinese	
-0.25
+0.25
1.67
2.20
 
 	
2.25
1.85
 	
1.95
 	
1.95
3.35
4.15
1.23
1.33
1.85
1.5
1.0
2.15
2.12
1.65
1.67
 	 1:1(1:0)  
 	04/04
16:00	 Hellas Verona
Cesena	
-0.75
+0.75
2.10
1.70
 
 	
2.5
1.95
1.85
1.85
3.55
4.35
1.22
1.30
1.95
1.5
1.0
1.87
2.12
1.87
1.67
 	 3:3(2:0)  
 	04/04
16:00	 Internazionale Milan
Parma	
–2.0
+2.0
2.00
1.80
  	
3.0
1.90
1.90
1.20
6.70
14.50
1.01
1.11
4.50
2.0
1.0
1.42
4.25
2.75
1.20
 	 1:1(1:1)  
 	04/04
16:00	 Palermo
AC Milan	
-0.25
+0.25
2.07
1.75
 
 	
2.25
1.85
 	
1.95
 	
2.50
3.20
2.95
1.40
1.35
1.53
1.0
1.0
1.67
1.80
2.12
1.95
 	 1:2(0:1)  
 	04/04
16:00	 Sassuolo
Chievo	
-0.25
+0.25
1.85
1.95
 
 	
2.25
2.00
 	
1.80
 	
2.15
3.20
3.65
1.28
1.35
1.70
1.5
1.0
2.30
2.15
1.57
1.65
 	 1:0(1:0)  
 	04/04
19:30	 Fiorentina
Sampdoria	
-0.75
+0.75
1.85
1.95
 
 	
2.5
1.85
1.95
1.65
3.70
5.70
1.14
1.28
2.24
1.5
1.0
1.65
2.25
2.15
1.60
 	 2:0(0:0)  
 	04/04
22:00	 Juventus
Empoli	
-1.25
+1.25
1.80
2.00
 
 	
2.5
1.80
2.00
1.35
4.75
9.90
1.05
1.19
3.20
2.5
1.0
2.75
4.00
1.42
1.22
 	 2:0(1:0)  
11/04
19:00	 Genoa
Cagliari	
-0.25
+0.25
1.65
2.25
 
 	
2.75
1.80
 	
2.00
 	
1.90
3.65
4.00
1.25
1.29
1.90
1.5
1.0
1.70
1.80
2.05
1.95
 	 2:0(0:0)  
 	11/04
19:00	 Parma
Juventus	
+1.25
-1.25
1.80
2.00
 
 	
2.5
2.00
1.80
8.50
4.55
1.40
2.95
1.20
1.07
1.0
2.5
4.00
2.95
1.22
1.37
 	 1:0(0:0)  
 	11/04
21:45	 Hellas Verona
Internazionale Milan	
+0.25
-0.25
2.07
1.75
 
 	
2.75
1.90
 	
1.90
 	
3.55
3.55
2.05
1.77
1.30
1.30
1.0
1.5
1.75
1.90
2.00
1.85
 	 0:3(0:1)  
 	12/04
13:30	 Cesena
Chievo	
0
0
1.85
1.95
  	
2.0
1.80
2.00
2.60
3.15
2.85
1.42
1.36
1.50
1.0
1.0
1.80
1.95
1.95
1.80
 	 0:1(0:0)  
 	12/04
16:00	 Atalanta
Sassuolo	
-0.25
+0.25
1.77
2.05
 
 	
2.25
1.90
 	
1.90
 	
2.07
3.25
3.85
1.26
1.35
1.75
1.5
1.0
2.30
2.00
1.57
1.75
 	 2:1(1:0)  
 	12/04
16:00	 Lazio
Empoli	
-1.25
+1.25
2.00
1.80
 
 	
2.75
2.00
 	
1.80
 	
1.45
4.40
7.50
1.09
1.22
2.77
2.5
1.0
2.95
2.85
1.37
1.40
 	 4:0(3:0)  
 	12/04
16:00	 Napoli
Fiorentina	
-0.25
+0.25
1.75
2.07
 
 	
2.5
1.80
2.00
2.00
3.45
3.80
1.27
1.30
1.80
1.5
1.0
1.85
1.90
1.90
1.85
 	 3:0(1:0)  
 	12/04
16:00	 Torino
AS Roma	
0
0
2.00
1.80
  	
2.25
1.95
 	
1.85
 	
2.85
3.15
2.60
1.50
1.36
1.42
1.0
1.0
1.85
1.67
1.90
2.12
 	 1:1(0:0)  
 	12/04
16:00	 Udinese
Palermo	
-0.25
+0.25
1.95
1.85
 
 	
2.25
1.90
 	
1.90
 	
2.25
3.25
3.35
1.32
1.35
1.65
1.5
1.0
2.35
2.00
1.55
1.75
 	 1:3(0:2)  
 	12/04
21:45	 AC Milan
Sampdoria	
-0.25
+0.25
1.65
2.20
 
 	
2.5
2.00
1.80
1.93
3.45
4.10
1.23
1.31
1.87
1.5
1.0
1.95
2.05
1.80
1.70
 	 1:1(0:0)  
 	18/04
19:00	 Sampdoria
Cesena	
–1.0
+1.0
1.90
1.90
  	
2.5
1.90
1.90
1.52
4.00
7.00
1.10
1.25
2.55
1.5
1.0
1.57
2.95
2.30
1.37
 	 0:0(0:0)  
 	18/04
21:45	 Juventus
Lazio	
-0.25
+0.25
1.67
2.20
 
 	
2.25
1.80
 	
2.00
 	
1.95
3.35
4.15
1.22
1.33
1.85
1.5
1.0
1.95
2.15
1.80
1.65
 	 2:0(2:0)  
 	19/04
13:30	 Sassuolo
Torino	
+0.25
-0.25
1.85
1.95
 
 	
2.25
1.95
 	
1.85
 	
3.25
3.25
2.30
1.60
1.35
1.35
1.0
1.5
2.00
2.35
1.75
1.55
 	 1:1(1:0)  
 	19/04
16:00	 Chievo
Udinese	
-0.25
+0.25
1.95
1.85
 
 	
2.0
1.80
1.95
2.25
3.07
3.55
1.30
1.38
1.65
1.0
1.0
1.70
2.30
2.05
1.57
 	 1:1(1:0)  
 	19/04
16:00	 Empoli
Parma	
–1.0
+1.0
2.00
1.75
  	
2.5
2.00
1.75
1.60
3.75
6.30
1.11
1.28
2.35
1.5
1.5
1.80
4.25
1.95
1.20
 	 2:2(2:1)  
 	19/04
16:00	 Palermo
Genoa	
-0.25
+0.25
1.80
2.00
 
 	
2.25
1.85
 	
1.95
 	
2.07
3.30
3.75
1.27
1.33
1.75
1.5
1.0
2.25
2.05
1.60
1.70
 	 2:1(2:0)  
 	19/04
16:00	 AS Roma
Atalanta	
-1.25
+1.25
2.00
1.80
 
 	
2.5
1.90
1.90
1.40
4.45
8.90
1.05
1.21
2.95
1.5
1.0
1.57
3.20
2.30
1.32
 	 1:1(1:1)  
 	19/04
19:00	 Cagliari
Napoli	
+0.25
-0.25
2.35
1.57
 
 	
2.75
1.80
 	
2.00
 	
4.25
3.70
1.83
1.97
1.27
1.22
1.0
1.5
1.80
1.75
1.95
2.00
 	 0:3(0:2)  
 	19/04
21:45	 Internazionale Milan
AC Milan	
-0.25
+0.25
1.90
1.90
 
 	
2.5
1.90
1.90
2.20
3.30
3.40
1.32
1.34
1.67
1.5
1.0
2.05
1.75
1.70
2.00
 	 0:0(0:0)  
 	20/04
21:45	 Fiorentina
Hellas Verona	
-1.25
+1.25
1.95
1.85
 
 	
3.0
2.00
1.80
1.43
4.45
7.90
1.08
1.21
2.85
2.5
1.0
2.55
2.55
1.47
1.47
 	 0:1(0:0)  
801	25/04
19:00	 Udinese
AC Milan	
+0.25
-0.25
1.85
1.95
 
 	
2.25
1.85
 	
1.95
 	
3.25
3.25
2.30
1.62
1.35
1.33
1.0
1.5
2.00
2.30
1.75
1.57
 	 2:1(0:0)  
802	25/04
21:45	 Internazionale Milan
AS Roma	
0
0
1.80
2.00
  	
2.25
1.80
 	
2.00
 	
2.60
3.15
2.87
1.42
1.36
1.50
1.0
1.0
1.70
1.75
2.05
2.00
 	 2:1(1:0)  
803	26/04
13:30	 Atalanta
Empoli	
-0.25
+0.25
2.07
1.75
 
 	
2.25
2.00
 	
1.80
 	
2.47
3.00
3.20
1.35
1.38
1.55
1.0
1.0
1.72
1.95
2.03
1.80
 	 2:2(1:1)  
804	26/04
16:00	 Genoa
Cesena	
–1.0
+1.0
1.95
1.85
  	
2.5
1.95
1.85
1.52
4.00
6.95
1.10
1.25
2.52
2.5
1.0
3.40
2.75
1.30
1.42
 	 3:1(2:0)  
805	26/04
16:00	 Hellas Verona
Sassuolo	
-0.25
+0.25
1.90
1.90
 
 	
2.5
1.85
1.95
2.25
3.25
3.35
1.32
1.35
1.65
1.5
1.0
2.00
1.80
1.75
1.95
 	 3:2(1:1)  
806	26/04
16:00	 Lazio
Chievo	
-1.25
+1.25
1.80
2.00
 
 	
2.5
1.80
2.00
1.35
4.75
9.90
1.05
1.19
3.20
1.5
1.0
1.47
3.75
2.55
1.25
 	 1:1(1:0)  
807	26/04
16:00	 Parma
Palermo	
+0.25
-0.25
1.95
1.85
 
 	
2.5
2.00
1.80
3.40
3.30
2.20
1.67
1.34
1.30
1.0
1.5
1.90
2.15
1.85
1.65
 	 1:0(1:0)  
808	26/04
16:00	 Torino
Juventus	
+0.75
-0.75
1.70
2.15
 
 	
2.25
1.95
 	
1.85
 	
4.45
3.35
1.90
1.90
1.33
1.20
1.0
1.5
2.55
2.00
1.47
1.75
 	 2:1(1:1)  
809	26/04
19:00	 Fiorentina
Cagliari	
-1.25
+1.25
2.00
1.80
 
 	
3.0
1.80
2.00
1.45
4.40
7.50
1.09
1.22
2.77
2.5
1.0
2.55
2.40
1.47
1.53
 	 1:3(0:1)  
810	26/04
21:45	 Napoli
Sampdoria	
–1.0
+1.0
1.75
2.07
  	
2.75
1.85
 	
1.95
 	
1.47
4.40
7.00
1.09
1.21
2.70
2.5
1.0
2.65
2.40
1.44
1.53
 	 4:2(2:1)  
451	28/04
21:45	 Udinese
Internazionale Milan	
+0.25
-0.25
1.95
1.85
 
 	
2.5
2.00
1.80
3.67
3.30
2.10
1.73
1.34
1.27
1.0
1.5
1.90
2.15
1.85
1.65
 	 1:2(0:0)  
452	29/04
21:45	 Cesena
Atalanta	
+0.25
-0.25
1.77
2.05
 
 	
2.25
2.00
 	
1.80
 	
3.05
3.15
2.45
1.55
1.36
1.38
1.5
1.5
3.10
2.60
1.35
1.47
 	 2:2(0:0)  
453	29/04
21:45	 Chievo
Cagliari	
-0.25
+0.25
1.85
1.95
 
 	
2.5
1.85
1.95
2.10
3.40
3.55
1.28
1.32
1.73
1.5
1.0
2.00
1.90
1.75
1.85
 	 1:0(1:0)  
454	29/04
21:45	 Juventus
Fiorentina	
-0.75
+0.75
1.85
1.95
 
 	
2.5
2.00
1.80
1.65
3.75
5.60
1.14
1.27
2.25
1.5
1.0
1.70
2.65
2.05
1.44
 	 3:2(2:1)  
455	29/04
21:45	 Lazio
Parma	
-1.75
+1.75
1.90
1.90
 
 	
3.0
1.80
2.00
1.23
6.25
12.50
1.03
1.12
4.17
2.5
1.0
1.95
3.55
1.80
1.27
 	 4:0(3:0)  
456	29/04
21:45	 AC Milan
Genoa	
-0.75
+0.75
2.15
1.70
 
 	
2.5
1.90
1.90
1.85
3.55
4.35
1.22
1.30
1.95
1.5
1.0
1.80
2.10
1.95
1.68
 	 1:3(0:1)  
457	29/04
21:45	 Palermo
Torino	
0
0
1.80
2.00
  	
2.25
1.85
 	
1.95
 	
2.60
3.25
2.80
1.44
1.35
1.47
1.0
1.0
1.67
1.72
2.12
2.03
 	 2:2(2:1)  
458	29/04
21:45	 Sampdoria
Hellas Verona	
-0.75
+0.75
1.80
2.00
 
 	
2.5
1.80
2.00
1.63
3.75
5.80
1.13
1.27
2.25
1.5
1.0
1.63
2.40
2.20
1.53
 	 1:1(0:0)  
459	29/04
21:45	 Sassuolo
AS Roma	
+0.75
-0.75
1.85
1.90
 
 	
2.5
1.87
1.87
4.90
3.65
1.72
2.05
1.30
1.15
1.0
1.5
2.35
1.75
1.55
2.00
 	 0:3(0:2)  
460	30/04
21:45	 Empoli
Napoli	
+0.75
-0.75
1.80
2.00
 
 	
2.5
1.85
1.95
4.75
3.70
1.75
2.07
1.28
1.18
1.0
1.5
2.15
1.70
1.65
2.05
 	 4:2(3:0)  
632	02/05
19:00	 Sampdoria
Juventus	
+0.25
-0.25
2.20
1.67
 
 	
2.25
1.95
 	
1.85
 	
4.40
3.20
1.95
1.85
1.35
1.20
1.5
1.5
4.00
2.12
1.22
1.67
 	 0:1(0:1)  
633	02/05
21:45	 Sassuolo
Palermo	
0
0
1.85
1.95
  	
2.75
1.95
 	
1.85
 	
2.60
3.35
2.70
1.45
1.32
1.47
1.5
1.5
2.20
2.25
1.63
1.60
 	 0:0(0:0)  
634	03/05
13:30	 AS Roma
Genoa	
–1.0
+1.0
1.95
1.85
  	
2.75
2.00
 	
1.80
 	
1.55
4.00
6.30
1.12
1.25
2.45
2.5
1.0
2.85
2.45
1.40
1.50
 	 2:0(1:0)  
635	03/05
16:00	 Atalanta
Lazio	
+0.75
-0.75
1.90
1.90
 
 	
2.5
1.85
1.95
5.10
3.75
1.70
2.15
1.27
1.16
1.0
1.5
2.35
1.70
1.55
2.05
 	 1:1(0:0)  
636	03/05
16:00	 Fiorentina
Cesena	
–1.5
+1.5
1.90
1.90
  	
3.0
1.90
1.90
1.30
5.55
9.50
1.05
1.15
3.50
2.5
1.0
2.05
3.40
1.70
1.30
 	 3:1(2:0)  
637	03/05
16:00	 Hellas Verona
Udinese	
-0.25
+0.25
1.85
1.95
 
 	
2.75
1.90
 	
1.90
 	
2.15
3.40
3.40
1.30
1.32
1.70
1.5
1.0
1.87
1.67
1.87
2.12
 	 0:1(0:0)  
638	03/05
16:00	 Internazionale Milan
Chievo	
-1.25
+1.25
1.95
1.85
 
 	
2.75
2.07
 	
1.75
 	
1.40
4.55
8.50
1.07
1.20
2.95
2.5
1.0
2.55
3.55
1.47
1.27
 	 0:0(0:0)  
639	03/05
21:45	 Napoli
AC Milan	
–1.0
+1.0
1.80
2.00
  	
2.75
1.80
 	
2.00
 	
1.50
4.35
6.45
1.10
1.22
2.55
2.5
1.0
2.65
2.30
1.44
1.57
 	 3:0(0:0)  
640	04/05
21:45	 Cagliari
Parma	
-0.75
+0.75
1.80
2.00
 
 	
2.75
1.80
 	
2.00
 	
1.63
4.00
5.30
1.15
1.25
2.25
1.5
1.0
1.57
2.05
2.30
1.70
 	 4:0(3:0)  
641	06/05
16:00	 Torino
Empoli	
-0.75
+0.75
2.07
1.75
 
 	
2.5
1.95
1.85
1.80
3.55
4.65
1.19
1.30
2.00
1.5
1.0
1.85
2.15
1.90
1.65
 	 0:1(0:1)  
560	09/05
19:00	 Juventus
Cagliari	
–1.0
+1.0
1.80
2.00
  	
2.5
1.85
1.95
1.47
4.15
7.70
1.08
1.23
2.70
2.5
1.0
2.95
2.65
1.37
1.44
 	 1:1(1:0)  
561	09/05
21:45	 AC Milan
AS Roma	
+0.25
-0.25
2.15
1.70
 
 	
2.5
1.95
1.85
4.10
3.40
1.95
1.85
1.32
1.24
1.0
1.5
1.95
1.95
1.80
1.80
 	 2:1(1:0)  
562	10/05
13:30	 Chievo
Hellas Verona	
-0.25
+0.25
1.90
1.90
 
 	
2.25
1.85
 	
1.95
 	
2.25
3.20
3.40
1.32
1.35
1.65
1.5
1.0
2.30
2.00
1.57
1.75
 	 2:2(2:2)  
563	10/05
16:00	 Cesena
Sassuolo	
-0.25
+0.25
2.05
1.77
 
 	
2.5
1.85
1.95
2.45
3.35
2.90
1.42
1.33
1.55
1.0
1.0
1.60
1.65
2.25
2.15
 	 2:3(2:0)  
564	10/05
16:00	 Palermo
Atalanta	
-0.25
+0.25
1.70
2.10
 
 	
2.5
2.00
1.80
2.05
3.35
3.75
1.27
1.33
1.77
1.5
1.0
2.12
2.00
1.67
1.75
 	 2:3(1:2)  
565	10/05
16:00	 Udinese
Sampdoria	
0
0
1.87
1.93
  	
2.25
1.85
 	
1.95
 	
2.65
3.30
2.70
1.45
1.35
1.47
1.0
1.0
1.67
1.72
2.12
2.03
 	 1:4(0:1)  
566	10/05
19:00	 Empoli
Fiorentina	
0
0
2.00
1.80
  	
2.5
1.80
2.00
2.75
3.40
2.55
1.50
1.32
1.45
1.5
1.5
2.40
2.25
1.53
1.60
 	 2:3(1:1)  
567	10/05
19:00	 Parma
Napoli	
+1.5
–1.5
1.80
2.00
  	
3.0
1.95
1.85
10.70
5.00
1.32
3.40
1.18
1.04
1.0
2.5
2.85
2.20
1.40
1.63
 	 2:2(2:1)  
568	10/05
21:45	 Lazio
Internazionale Milan	
-0.75
+0.75
2.15
1.70
 
 	
2.75
1.95
 	
1.85
 	
1.85
3.65
4.25
1.22
1.29
1.95
1.5
1.0
1.75
2.00
2.00
1.75
 	 1:2(1:1)  
569	11/05
21:45	 Genoa
Torino	
-0.25
+0.25
1.95
1.85
 
 	
2.5
1.85
1.95
2.35
3.20
3.20
1.33
1.36
1.60
1.5
1.0
2.10
1.70
1.68
2.05
 	 5:1(1:0)  
490	16/05
19:00	 Internazionale Milan
Juventus	
-0.25
+0.25
1.75
2.07
 
 	
2.5
1.90
1.90
2.05
3.45
3.65
1.27
1.30
1.77
1.5
1.0
1.95
1.90
1.80
1.85
 	 1:2(1:1)  
491	16/05
21:45	 Sampdoria
Lazio	
+0.25
-0.25
1.95
1.85
 
 	
2.5
1.80
2.00
3.30
3.40
2.20
1.67
1.32
1.33
1.5
1.5
2.45
2.00
1.50
1.75
 	 0:1(0:0)  
492	17/05
13:30	 Sassuolo
AC Milan	
+0.25
-0.25
1.85
1.95
 
 	
2.75
1.95
 	
1.85
 	
3.10
3.40
2.30
1.60
1.32
1.35
1.5
1.5
2.40
1.95
1.53
1.80
 	 3:2(2:1)  
493	17/05
16:00	 Atalanta
Genoa	
0
0
1.80
2.00
  	
2.75
2.00
 	
1.80
 	
2.60
3.25
2.80
1.44
1.35
1.50
1.5
1.5
2.12
2.45
1.67
1.50
 	 1:4(1:1)  
494	17/05
16:00	 Cagliari
Palermo	
-0.25
+0.25
1.77
2.05
 
 	
3.0
2.00
1.80
2.05
3.55
3.55
1.30
1.30
1.77
1.5
1.0
1.85
1.75
1.90
2.00
 	 0:1(0:1)  
495	17/05
16:00	 Hellas Verona
Empoli	
0
0
1.95
1.85
  	
3.0
1.95
1.85
2.70
3.45
2.55
1.50
1.31
1.47
1.5
1.5
2.12
1.95
1.67
1.80
 	 2:1(1:1)  
496	17/05
16:00	 Torino
Chievo	
-0.75
+0.75
1.95
1.85
 
 	
2.5
1.95
1.85
1.70
3.65
5.30
1.15
1.29
2.15
1.5
1.0
1.80
2.45
1.95
1.50
 	 2:0(0:0)  
497	17/05
21:45	 AS Roma
Udinese	
–1.5
+1.5
1.85
1.95
  	
3.0
1.87
1.93
1.27
5.90
10.50
1.04
1.13
3.75
2.5
1.0
2.05
3.05
1.70
1.35
 	 2:1(1:1)  
498	18/05
20:00	 Fiorentina
Parma	
–2.0
+2.0
1.95
1.85
  	
3.25
1.80
 	
2.00
 	
1.20
7.25
12.00
1.02
1.09
4.50
2.5
1.0
1.75
2.95
2.00
1.37
 	 3:0(2:0)  
499	18/05
22:00	 Napoli
Cesena	
-2.25
+2.25
1.85
1.95
 
 	
3.5
1.90
1.90
1.15
8.10
17.00
1.01
1.08
5.45
2.5
1.5
1.65
5.30
2.15
1.13
 	 3:2(2:2)  
476	23/05
19:00	 Juventus
Napoli	
0
0
2.00
1.80
  	
2.5
1.80
2.00
2.80
3.40
2.50
1.52
1.32
1.42
1.5
1.5
2.15
2.00
1.65
1.75
 	 3:1(1:0)  
477	23/05
21:45	 Genoa
Internazionale Milan	
+0.25
-0.25
1.80
2.00
 
 	
3.0
1.90
1.90
2.95
3.50
2.35
1.60
1.31
1.40
1.5
1.5
2.00
1.85
1.75
1.90
 	 3:2(2:2)  
478	24/05
13:30	 Empoli
Sampdoria	
-0.25
+0.25
1.95
1.85
 
 	
2.75
1.90
 	
1.90
 	
2.35
3.35
3.05
1.37
1.33
1.57
1.5
1.5
1.95
2.35
1.80
1.55
 	 1:1(0:0)  
479	24/05
16:00	 Cesena
Cagliari	
0
0
1.95
1.85
  	
3.0
1.95
1.85
2.70
3.45
2.55
1.50
1.31
1.47
1.5
1.5
2.12
1.95
1.67
1.80
 	 0:1(0:0)  
480	24/05
16:00	 Chievo
Atalanta	
-0.25
+0.25
1.80
2.00
 
 	
2.5
1.90
1.90
2.10
3.35
3.60
1.28
1.33
1.73
1.5
1.0
2.05
1.80
1.70
1.95
 	 1:1(0:0)  
481	24/05
16:00	 Palermo
Fiorentina	
+0.25
-0.25
2.10
1.70
 
 	
3.0
1.90
1.90
3.70
3.55
2.00
1.80
1.30
1.27
1.0
1.5
1.60
1.85
2.25
1.90
 	 2:3(1:2)  
482	24/05
16:00	 Parma
Hellas Verona	
0
0
1.85
1.95
  	
3.0
1.85
1.95
2.55
3.45
2.70
1.45
1.30
1.47
1.5
1.5
1.95
2.05
1.80
1.70
 	 2:2(2:1)  
483	24/05
16:00	 Udinese
Sassuolo	
-0.25
+0.25
1.70
2.10
 
 	
3.0
2.00
1.80
2.00
3.55
3.70
1.27
1.30
1.80
1.5
1.0
1.85
1.75
1.90
2.00
 	 0:1(0:0)  
484	24/05
21:45	 AC Milan
Torino	
-0.25
+0.25
2.05
1.77
 
 	
2.75
1.95
 	
1.85
 	
2.45
3.40
2.85
1.40
1.32
1.53
1.5
1.5
2.15
2.25
1.65
1.60
 	 3:0(1:0)  
485	25/05
19:00	 Lazio
AS Roma	
0
0
1.65
2.25
  	
2.5
2.00
1.80
2.65
2.60
3.45
1.30
1.47
1.45
 
 	 1:2(0:0)  
353	30/05
19:00	 Hellas Verona
Juventus	
+0.75
-0.75
2.00
1.80
 
 	
3.0
1.80
2.00
5.10
4.00
1.65
2.24
1.25
1.17
1.0
1.5
1.75
1.50
2.00
2.45
 	 2:2(0:1)  
354	30/05
21:45	 Atalanta
AC Milan	
0
0
1.95
1.85
  	
3.0
1.90
1.90
2.75
3.45
2.50
1.53
1.31
1.45
1.5
1.5
2.00
1.97
1.75
1.77
 	 1:3(1:2)  
355	31/05
19:00	 Cagliari
Udinese	
-0.25
+0.25
1.85
1.95
 
 	
3.0
1.90
1.85
2.10
3.60
3.10
1.35
1.27
1.70
1.5
1.5
1.80
2.25
1.95
1.60
 	 4:3(2:1)  
356	31/05
21:45	 Fiorentina
Chievo	
-1.25
+1.25
1.80
2.00
 
 	
3.0
1.80
2.00
1.35
5.20
8.30
1.06
1.16
3.20
2.5
1.0
2.12
2.30
1.67
1.57
 	 3:0(1:0)  
357	31/05
21:45	 Internazionale Milan
Empoli	
–1.0
+1.0
1.85
1.95
  	
3.25
1.90
 	
1.90
 	
1.48
4.70
6.10
1.12
1.19
2.65
2.0
1.0
1.65
2.00
2.15
1.75
 	 4:3(0:0)  
358	31/05
21:45	 Napoli
Lazio	
-0.25
+0.25
1.75
2.07
 
 	
2.75
1.95
 	
1.85
 	
2.05
3.45
3.65
1.28
1.31
1.77
1.5
1.0
1.87
1.70
1.87
2.05
 	 2:4(0:2)  
359	31/05
21:45	 AS Roma
Palermo	
-1.25
+1.25
1.95
1.85
 
 	
3.25
2.00
 	
1.80
 	
1.42
4.85
7.00
1.09
1.18
2.80
2.5
1.0
2.12
2.00
1.67
1.75
 	 1:2(0:1)  
360	31/05
21:45	 Sampdoria
Parma	
–1.5
+1.5
1.95
1.85
  	
3.25
1.95
 	
1.85
 	
1.32
5.50
9.00
1.06
1.15
3.40
2.5
1.0
2.00
2.35
1.75
1.55
 	 2:2(0:0)  
361	31/05
21:45	 Sassuolo
Genoa	
+0.25
-0.25
1.77
2.05
 
 	
3.25
1.95
 	
1.85
 	
2.80
3.55
2.40
1.55
1.28
1.40
1.5
1.5
1.87
1.75
1.87
2.00
 	 3:1(3:1)  
362	31/05
21:45	 Torino
Cesena	
-1.25
+1.25
1.80
2.00
 
 	
3.0
1.85
1.95
1.35
5.10
8.50
1.07
1.17
3.19
2.0
1.0
1.67
2.80
2.10
1.40
 	 5:0(3:0) 