172	05/10
22:30	 Celta
Sevilla	
0
0
1.80
1.95
  	
2.5
1.90
1.85
2.50
3.35
2.75
1.45
1.32
1.53
1.0
1.0
1.53
1.70
2.40
2.10
 	 2:0(0:0)  
176	06/10
17:00	 Rayo Vallecano
Deportivo La Coruna	
-0.25
+0.25
2.00
1.80
 
 	
2.5
1.90
1.85
2.30
3.40
3.00
1.37
1.30
1.60
1.5
1.0
2.20
1.72
1.62
2.05
 	 2:1(2:1)  
177	06/10
19:00	 Real Zaragoza
Getafe	
-0.25
+0.25
2.00
1.75
 
 	
2.25
1.85
 	
1.90
 	
2.35
3.30
3.00
1.37
1.32
1.57
1.0
1.0
1.62
1.87
2.25
1.87
 	 0:1(0:0)  
178	06/10
21:00	 Real Valladolid
Espanyol	
-0.25
+0.25
1.65
2.25
 
 	
2.5
1.95
1.80
1.90
3.50
4.00
1.23
1.30
1.90
1.5
1.0
2.00
2.10
1.75
1.70
 	 1:1(0:0)  
179	06/10
23:15	 Real Betis
Real Sociedad	
-0.25
+0.25
1.70
2.10
 
 	
2.5
1.90
1.85
1.95
3.50
3.80
1.25
1.30
1.85
1.5
1.0
2.00
2.00
1.75
1.75
 	 2:0(1:0)  
183	07/10
13:00	 Levante
Valencia	
+0.25
-0.25
1.95
1.80
 
 	
2.5
1.95
1.80
3.40
3.40
2.10
1.70
1.30
1.30
1.0
1.5
1.90
2.10
1.85
1.70
 	 1:0(1:0)  
184	07/10
17:00	 Mallorca
Granada	
-0.75
+0.75
2.05
1.75
 
 	
2.25
1.80
 	
1.95
 	
1.80
3.50
4.50
1.20
1.30
2.00
1.5
1.0
1.95
2.35
1.80
1.55
 	 1:2(0:0)  
185	07/10
19:00	 Athletic Bilbao
Osasuna	
-0.75
+0.75
2.00
1.75
 
 	
2.5
1.87
1.87
1.80
3.60
4.20
1.20
1.27
1.95
1.5
1.0
1.85
2.15
1.90
1.65
 	 1:0(1:0)  
186	07/10
20:50	 Barcelona
Real Madrid	
-0.25
+0.25
1.65
2.20
 
 	
3.0
1.72
2.05
1.90
3.80
3.80
1.27
1.27
1.90
2.0
1.0
2.15
1.50
1.65
2.50
 	 2:2(1:1)  
187	07/10
22:30	 Atletico Madrid
Malaga	
-0.75
+0.75
1.90
1.85
 
 	
2.75
1.85
 	
1.90
 	
1.72
3.80
4.50
1.18
1.25
2.10
1.5
1.0
1.70
2.00
2.10
1.75
 	 2:1(1:1)  
252	20/10
17:00	 Malaga
Real Valladolid	
–1.0
+1.0
1.85
1.90
  	
2.75
1.95
 	
1.80
 	
1.50
4.20
6.50
1.11
1.22
2.55
1.5
1.0
1.60
2.60
2.25
1.46
 	 2:1(1:1)  
253	20/10
19:00	 Real Madrid
Celta	
-2.25
+2.25
1.85
1.90
 
 	
3.5
1.80
1.95
1.13
8.50
18.00
1.01
1.06
5.80
3.0
1.0
1.90
3.50
1.85
1.28
 	 2:0(1:0)  
254	20/10
21:00	 Valencia
Athletic Bilbao	
-0.75
+0.75
1.85
1.90
 
 	
2.75
1.85
 	
1.90
 	
1.67
3.80
5.00
1.16
1.25
2.20
1.5
1.0
1.67
2.05
2.15
1.72
 	 3:2(1:2)  
255	20/10
23:00	 Deportivo La Coruna
Barcelona	
+1.5
–1.5
1.85
1.90
  	
3.0
1.75
2.00
8.50
5.30
1.33
3.30
1.15
1.06
1.0
2.0
2.75
1.57
1.42
2.30
 	 4:5(2:4) 
259	21/10
13:00	 Getafe
Levante	
-0.75
+0.75
2.05
1.75
 
 	
2.25
1.80
 	
1.95
 	
1.80
3.50
4.50
1.20
1.30
2.00
1.5
1.0
1.95
2.35
1.80
1.55
 	 0:1(0:0)  
260	21/10
17:00	 Espanyol
Rayo Vallecano	
-0.75
+0.75
2.05
1.72
 
 	
2.75
1.85
 	
1.90
 	
1.85
3.70
4.00
1.23
1.27
1.95
1.5
1.0
1.75
1.85
2.00
1.90
 	 3:2(1:1)  
261	21/10
18:50	 Granada
Real Zaragoza	
-0.25
+0.25
1.70
2.15
 
 	
2.25
1.95
 	
1.80
 	
1.95
3.30
4.00
1.23
1.32
1.85
1.5
1.0
2.20
2.40
1.65
1.53
 	 1:2(0:2)  
262	21/10
20:45	 Osasuna
Real Betis	
-0.25
+0.25
1.70
2.15
 
 	
2.25
1.80
 	
1.95
 	
1.95
3.40
3.90
1.25
1.30
1.85
1.5
1.0
2.05
2.20
1.72
1.62
 	 0:0(0:0)  
263	21/10
22:30	 Real Sociedad
Atletico Madrid	
+0.25
-0.25
1.95
1.85
 
 	
2.5
1.90
1.85
3.40
3.40
2.15
1.70
1.32
1.32
1.0
1.5
1.85
2.10
1.95
1.70
 	 0:1(0:0)  
264	22/10
22:30	 Sevilla
Mallorca	
-0.75
+0.75
1.75
2.05
 
 	
2.5
1.87
1.87
1.60
3.80
5.70
1.13
1.25
2.30
1.5
1.0
1.72
2.55
2.05
1.48
 	 3:2(1:2)  
234	27/10
17:00	 Espanyol
Malaga	
0
0
2.00
1.75
  	
2.5
1.95
1.80
2.80
3.20
2.50
1.50
1.32
1.40
1.0
1.0
1.65
1.60
2.15
2.30
 	 0:0(0:0)  
235	27/10
19:00	 Real Betis
Valencia	
+0.25
-0.25
1.85
1.90
 
 	
2.5
1.85
1.90
3.20
3.30
2.20
1.62
1.30
1.32
1.0
1.5
1.72
2.10
2.05
1.70
 	 1:0(1:0)  
236	27/10
21:00	 Celta
Deportivo La Coruna	
-0.75
+0.75
1.95
1.80
 
 	
2.75
1.95
 	
1.80
 	
1.75
3.80
4.40
1.20
1.25
2.05
1.5
1.0
1.75
2.05
2.00
1.72
 	 1:1(1:1)  
237	27/10
23:00	 Rayo Vallecano
Barcelona	
+1.75
-1.75
2.00
1.75
 
 	
3.5
1.72
2.05
11.00
6.50
1.22
4.20
1.10
1.03
1.0
2.5
2.30
1.65
1.57
2.15
 	 0:5(0:1) 
241	28/10
13:00	 Real Zaragoza
Sevilla	
+0.25
-0.25
1.75
2.00
 
 	
2.25
1.85
 	
1.90
 	
3.10
3.25
2.35
1.60
1.35
1.36
1.0
1.0
1.87
1.62
1.87
2.25
 	 2:1(2:0)  
242	28/10
17:00	 Levante
Granada	
-0.25
+0.25
1.75
2.00
 
 	
2.25
1.85
 	
1.90
 	
2.05
3.25
3.70
1.27
1.32
1.75
1.5
1.0
2.15
2.10
1.65
1.70
 	 3:1(1:0)  
243	28/10
18:50	 Athletic Bilbao
Getafe	
-0.75
+0.75
2.10
1.70
 
 	
2.5
1.80
1.95
1.85
3.50
4.30
1.22
1.30
1.95
1.5
1.0
1.85
1.95
1.90
1.80
 	 1:2(0:1)  
244	28/10
20:45	 Atletico Madrid
Osasuna	
–1.5
+1.5
1.85
1.90
  	
2.75
1.75
 	
2.00
 	
1.30
5.30
10.50
1.04
1.16
3.60
2.0
1.0
1.65
3.40
2.15
1.30
 	 3:1(2:1)  
245	28/10
22:30	 Mallorca
Real Madrid	
+1.25
-1.25
2.00
1.75
 
 	
3.25
1.95
 	
1.80
 	
8.00
5.00
1.36
3.10
1.16
1.07
1.0
2.0
2.35
1.60
1.55
2.20
 	 0:5(0:2)  
246	29/10
22:30	 Real Valladolid
Real Sociedad	
-0.25
+0.25
1.72
2.05
 
 	
2.5
1.87
1.87
2.00
3.50
3.60
1.28
1.30
1.80
1.5
1.0
2.00
1.90
1.75
1.85
 	 2:2(1:1)  
245	03/11
17:00	 Malaga
Rayo Vallecano	
-1.25
+1.25
1.75
2.00
 
 	
3.0
1.85
1.90
1.35
5.00
8.00
1.06
1.16
3.10
2.0
1.0
1.65
2.60
2.15
1.46
 	 1:2(0:1)  
246	03/11
19:00	 Barcelona
Celta	
-2.75
+2.75
1.90
1.85
 
 	
3.75
1.75
 	
2.00
 	
1.08
11.00
25.00
1.01
1.04
7.70
3.0
1.0
1.60
4.00
2.25
1.22
 	 3:1(2:1)  
247	03/11
21:00	 Real Madrid
Real Zaragoza	
–2.5
+2.5
1.80
1.95
  	
3.75
1.90
 	
1.85
 	
1.08
10.00
25.00
1.01
1.04
7.50
3.0
1.0
1.75
4.80
2.05
1.16
 	 4:0(2:0)  
248	03/11
23:00	 Valencia
Atletico Madrid	
0
0
1.80
1.95
  	
2.5
1.87
1.87
2.50
3.40
2.70
1.45
1.30
1.50
1.5
1.5
2.30
2.40
1.57
1.53
 	 2:0(1:0)  
249	04/11
13:00	 Real Sociedad
Espanyol	
-0.25
+0.25
1.65
2.15
 
 	
2.5
1.90
1.85
1.85
3.60
4.20
1.22
1.28
1.95
1.5
1.0
1.95
2.10
1.85
1.70
 	 0:1(0:0)  
250	04/11
17:00	 Deportivo La Coruna
Mallorca	
-0.25
+0.25
1.72
2.05
 
 	
2.5
1.95
1.80
2.00
3.40
3.70
1.27
1.30
1.80
1.5
1.0
2.05
2.00
1.72
1.75
 	 1:0(1:0)  
251	04/11
18:50	 Osasuna
Real Valladolid	
-0.25
+0.25
1.75
2.00
 
 	
2.25
1.85
 	
1.90
 	
2.05
3.30
3.70
1.27
1.32
1.75
1.5
1.0
2.15
2.10
1.65
1.70
 	 0:1(0:0)  
252	04/11
20:45	 Granada
Athletic Bilbao	
0
0
1.80
1.95
  	
2.5
1.85
1.90
2.50
3.40
2.70
1.45
1.30
1.50
1.5
1.5
2.25
2.35
1.60
1.55
 	 1:2(0:2)  
253	04/11
22:30	 Sevilla
Levante	
–1.0
+1.0
1.75
2.00
  	
2.5
1.80
1.95
1.47
4.20
7.00
1.10
1.22
2.65
1.5
1.0
1.57
2.90
2.30
1.38
 	 0:0(0:0)  
254	05/11
22:30	 Getafe
Real Betis	
-0.25
+0.25
1.70
2.10
 
 	
2.5
1.90
1.85
1.95
3.50
3.80
1.25
1.30
1.85
1.5
1.0
2.00
2.00
1.75
1.75
 	 2:4(0:0)  
192	09/11
22:30	 Real Betis
Granada	
-0.75
+0.75
1.87
1.87
 
 	
2.5
1.87
1.87
1.70
3.75
5.00
1.17
1.27
2.15
1.5
1.0
1.80
2.30
1.95
1.57
 	 1:2(0:1)  
193	10/11
17:00	 Rayo Vallecano
Celta	
0
0
1.75
2.05
  	
2.75
1.85
 	
1.90
 	
2.40
3.50
2.80
1.42
1.30
1.57
1.5
1.5
2.05
2.25
1.72
1.62
 	 3:2(0:2)  
194	10/11
19:00	 Espanyol
Osasuna	
-0.25
+0.25
1.62
2.20
 
 	
2.25
1.80
 	
1.95
 	
1.90
3.40
4.20
1.22
1.32
1.90
1.5
1.0
2.05
2.20
1.75
1.62
 	 0:3(0:1)  
195	10/11
21:00	 Real Zaragoza
Deportivo La Coruna	
-0.25
+0.25
1.72
2.05
 
 	
2.25
1.85
 	
1.90
 	
2.00
3.30
3.80
1.25
1.32
1.80
1.5
1.0
2.15
2.15
1.65
1.65
 	 5:3(1:2)  
196	10/11
23:00	 Malaga
Real Sociedad	
–1.0
+1.0
1.95
1.80
  	
2.75
1.90
 	
1.85
 	
1.57
4.00
5.50
1.13
1.22
2.35
2.0
1.0
2.15
2.30
1.65
1.57
 	 1:2(1:1)  
197	11/11
13:00	 Real Valladolid
Valencia	
+0.25
-0.25
1.75
2.00
 
 	
2.5
1.95
1.80
3.00
3.30
2.35
1.57
1.32
1.37
1.0
1.5
1.75
2.30
2.05
1.60
 	 1:1(0:1)  
198	11/11
17:00	 Athletic Bilbao
Sevilla	
0
0
1.80
2.00
  	
2.5
1.80
1.95
2.45
3.40
2.75
1.42
1.30
1.53
1.5
1.5
2.20
2.35
1.65
1.55
 	 2:1(2:0)  
199	11/11
18:50	 Mallorca
Barcelona	
+1.75
-1.75
1.95
1.80
 
 	
3.25
1.87
 	
1.87
 	
12.00
6.20
1.22
4.20
1.11
1.03
1.0
2.5
3.15
1.85
1.33
1.90
 	 2:4(0:3)  
950	11/11
20:45	 Atletico Madrid
Getafe	
-1.25
+1.25
1.80
1.95
 
 	
2.75
1.75
 	
2.00
 	
1.35
5.00
8.50
1.06
1.16
3.20
2.0
1.0
1.75
2.80
2.00
1.40
 	 2:0(2:0)  
951	11/11
22:30	 Levante
Real Madrid	
+1.5
–1.5
1.80
1.95
  	
3.0
1.87
1.87
9.00
5.20
1.33
3.30
1.16
1.06
1.0
2.0
2.80
1.65
1.40
2.15
 	 1:2(0:1)  
253	17/11
17:00	 Osasuna
Malaga	
+0.25
-0.25
1.72
2.05
 
 	
2.25
1.87
 	
1.87
 	
2.90
3.25
2.45
1.53
1.33
1.40
1.0
1.0
1.85
1.67
1.90
2.15
 	 0:0(0:0)  
254	17/11
19:00	 Valencia
Espanyol	
–1.0
+1.0
1.80
1.95
  	
2.75
1.95
 	
1.80
 	
1.48
4.30
6.50
1.10
1.22
2.60
2.0
1.0
2.10
2.75
1.70
1.42
 	 2:1(1:1)  
255	17/11
21:00	 Barcelona
Real Zaragoza	
–3.0
+3.0
1.95
1.80
  	
3.75
1.72
 	
2.05
 	
1.06
12.00
25.00
1.01
1.02
8.50
3.5
1.0
1.95
4.50
1.80
1.18
 	 3:1(2:1)  
256	17/11
23:00	 Real Madrid
Athletic Bilbao	
-2.25
+2.25
1.87
1.87
 
 	
3.75
1.80
 	
1.95
 	
1.15
8.00
15.00
1.01
1.07
5.30
3.0
1.0
1.80
2.75
1.95
1.42
 	 5:1(3:1)  
260	18/11
13:00	 Deportivo La Coruna
Levante	
-0.25
+0.25
1.72
2.10
 
 	
2.5
1.95
1.80
2.00
3.50
3.70
1.27
1.30
1.80
1.5
1.0
2.05
2.00
1.72
1.75
 	 0:2(0:1)  
261	18/11
17:00	 Celta
Mallorca	
-0.25
+0.25
1.65
2.25
 
 	
2.25
1.80
 	
1.95
 	
1.90
3.50
4.00
1.23
1.30
1.90
1.5
1.0
2.05
2.20
1.75
1.62
 	 1:1(0:1)  
262	18/11
18:50	 Getafe
Real Valladolid	
-0.25
+0.25
1.62
2.20
 
 	
2.25
1.80
 	
1.95
 	
1.90
3.40
4.20
1.22
1.32
1.90
1.5
1.0
2.05
2.20
1.75
1.62
 	 2:1(0:1)  
263	18/11
20:45	 Granada
Atletico Madrid	
+0.75
-0.75
1.80
1.95
 
 	
2.5
1.87
1.87
4.50
3.70
1.75
2.05
1.27
1.20
1.0
1.5
2.20
1.85
1.62
1.90
 	 0:1(0:0)  
264	18/11
22:30	 Sevilla
Real Betis	
-0.75
+0.75
1.80
1.95
 
 	
2.75
1.85
 	
1.90
 	
1.65
3.80
5.00
1.15
1.25
2.20
1.5
1.0
1.65
2.10
2.15
1.70
 	 5:1(4:0)  
265	19/11
22:30	 Real Sociedad
Rayo Vallecano	
-0.75
+0.75
1.95
1.80
 
 	
2.75
1.85
 	
1.90
 	
1.75
3.80
4.30
1.20
1.25
2.05
1.5
1.0
1.70
1.95
2.10
1.80
 	 4:0(2:0)  
162	23/11
22:30	 Real Sociedad
Osasuna	
-0.75
+0.75
2.10
1.70
 
 	
2.5
1.95
1.80
1.85
3.50
4.30
1.22
1.30
1.95
1.5
1.0
1.95
2.20
1.80
1.65
 	 0:0(0:0)  
163	24/11
17:00	 Rayo Vallecano
Mallorca	
-0.25
+0.25
1.87
1.87
 
 	
2.5
1.85
1.90
2.15
3.50
3.20
1.33
1.30
1.70
1.5
1.0
2.05
1.75
1.72
2.00
 	 2:0(0:0)  
164	24/11
19:00	 Real Valladolid
Granada	
-0.75
+0.75
2.10
1.70
 
 	
2.5
1.95
1.80
1.85
3.50
4.30
1.22
1.30
1.95
1.5
1.0
1.95
2.20
1.80
1.65
 	 1:0(0:0)  
165	24/11
21:00	 Malaga
Valencia	
-0.25
+0.25
1.80
1.95
 
 	
2.5
1.95
1.80
2.10
3.40
3.40
1.30
1.30
1.70
1.5
1.0
2.15
1.90
1.65
1.85
 	 4:0(1:0)  
166	24/11
23:00	 Real Betis
Real Madrid	
+1.75
-1.75
1.85
1.90
 
 	
3.5
1.95
1.80
10.00
6.00
1.27
3.80
1.13
1.05
1.0
3.0
2.55
2.50
1.48
1.50
 	 1:0(1:0)  
167	25/11
13:00	 Espanyol
Getafe	
-0.25
+0.25
1.85
1.90
 
 	
2.25
1.80
 	
1.95
 	
2.15
3.40
3.30
1.32
1.30
1.70
1.5
1.0
2.20
1.95
1.62
1.80
 	 0:2(0:1)  
168	25/11
18:00	 Athletic Bilbao
Deportivo La Coruna	
-0.75
+0.75
1.87
1.87
 
 	
2.75
1.75
 	
2.00
 	
1.70
4.00
4.50
1.20
1.23
2.15
2.0
1.0
2.20
1.87
1.62
1.87
 	 1:1(1:0)  
169	25/11
20:00	 Atletico Madrid
Sevilla	
-0.75
+0.75
1.75
2.00
 
 	
2.75
1.85
 	
1.90
 	
1.62
4.00
5.00
1.15
1.22
2.25
2.0
1.0
2.20
2.15
1.62
1.65
 	 4:0(3:0)  
170	25/11
22:00	 Levante
Barcelona	
+1.75
-1.75
1.90
1.85
 
 	
3.25
1.90
 	
1.85
 	
11.00
6.20
1.25
4.00
1.12
1.04
1.0
2.5
3.10
1.90
1.35
1.85
 	 0:4(0:0)  
171	26/11
22:00	 Real Zaragoza
Celta	
-0.25
+0.25
1.80
1.95
 
 	
2.5
1.95
1.80
2.10
3.40
3.40
1.30
1.30
1.70
1.5
1.0
2.10
1.90
1.70
1.85
 	 0:1(0:0) 
170	30/11
22:00	 Osasuna
Rayo Vallecano	
-0.75
+0.75
1.95
1.80
 
 	
2.75
1.95
 	
1.80
 	
1.75
3.80
4.40
1.20
1.25
2.05
1.5
1.0
1.75
2.05
2.00
1.72
 	 1:0(1:0) 
174	01/12
17:00	 Getafe
Malaga	
0
0
1.90
1.85
  	
2.25
1.80
 	
1.95
 	
2.65
3.30
2.60
1.47
1.32
1.45
1.0
1.0
1.70
1.65
2.10
2.15
 	 1:0(0:0)  
175	01/12
19:00	 Valencia
Real Sociedad	
-0.75
+0.75
1.75
2.00
 
 	
2.75
1.95
 	
1.80
 	
1.62
3.80
5.50
1.14
1.25
2.25
1.5
1.0
1.65
2.30
2.15
1.57
 	 2:5(1:1)  
176	01/12
21:00	 Barcelona
Athletic Bilbao	
-2.75
+2.75
1.95
1.80
 
 	
4.0
1.85
1.90
1.10
9.50
20.00
1.01
1.04
6.50
3.5
1.0
2.00
3.30
1.75
1.30
 	 5:1(3:0)  
177	01/12
23:00	 Real Madrid
Atletico Madrid	
-1.25
+1.25
1.90
1.85
 
 	
3.25
1.87
 	
1.87
 	
1.45
4.80
6.50
1.11
1.20
2.80
2.0
1.0
1.65
2.00
2.15
1.75
 	 2:0(1:0)  
181	02/12
13:00	 Granada
Espanyol	
-0.25
+0.25
1.75
2.00
 
 	
2.25
1.85
 	
1.90
 	
2.05
3.30
3.70
1.27
1.32
1.75
1.5
1.0
2.15
2.10
1.65
1.70
 	 0:0(0:0)  
182	02/12
18:00	 Deportivo La Coruna
Real Betis	
-0.25
+0.25
1.85
1.90
 
 	
2.5
1.85
1.90
2.15
3.40
3.30
1.32
1.30
1.70
1.5
1.0
2.05
1.75
1.72
2.00
 	 2:3(0:1)  
183	02/12
20:00	 Celta
Levante	
-0.25
+0.25
1.72
2.10
 
 	
2.5
1.95
1.80
2.00
3.40
3.80
1.27
1.32
1.80
1.5
1.0
2.05
2.00
1.72
1.75
 	 1:1(1:0)  
184	02/12
22:00	 Mallorca
Real Zaragoza	
-0.25
+0.25
1.65
2.20
 
 	
2.25
1.80
 	
1.95
 	
1.90
3.50
4.00
1.23
1.30
1.90
1.5
1.0
2.05
2.20
1.75
1.62
 	 1:1(0:1)  
185	03/12
22:30	 Sevilla
Real Valladolid	
-0.75
+0.75
1.90
1.85
 
 	
2.75
1.90
 	
1.85
 	
1.72
3.80
4.50
1.18
1.25
2.10
1.5
1.0
1.72
2.05
2.05
1.72
 	 1:2(0:2)  
180	07/12
22:30	 Espanyol
Sevilla	
0
0
1.95
1.85
  	
2.5
1.95
1.80
2.70
3.30
2.55
1.50
1.32
1.45
1.0
1.0
1.65
1.60
2.15
2.25
 	 2:2(1:1)  
181	08/12
17:00	 Real Sociedad
Getafe	
-0.25
+0.25
1.62
2.20
 
 	
2.25
1.80
 	
1.95
 	
1.90
3.40
4.20
1.22
1.32
1.90
1.5
1.0
2.05
2.20
1.75
1.62
 	 1:1(0:0)  
182	08/12
19:00	 Malaga
Granada	
–1.0
+1.0
1.80
1.95
  	
2.75
1.95
 	
1.80
 	
1.48
4.30
6.50
1.10
1.22
2.60
2.0
1.0
2.10
2.75
1.70
1.42
 	 4:0(2:0)  
183	08/12
21:00	 Real Valladolid
Real Madrid	
+1.75
-1.75
1.80
1.95
 
 	
3.25
1.90
 	
1.85
 	
10.00
5.70
1.27
3.70
1.13
1.04
1.0
2.5
2.80
1.95
1.40
1.80
 	 2:3(2:2)  
184	08/12
23:00	 Osasuna
Valencia	
0
0
1.95
1.85
  	
2.25
1.85
 	
1.90
 	
2.75
3.25
2.60
1.50
1.35
1.45
1.0
1.0
1.75
1.70
2.00
2.10
 	 0:1(0:0)  
185	09/12
13:00	 Levante
Mallorca	
-0.25
+0.25
1.75
2.05
 
 	
2.25
1.85
 	
1.90
 	
2.05
3.35
3.60
1.27
1.32
1.75
1.5
1.0
1.75
1.85
2.00
1.90 
 	 4:0(1:0)  
186	09/12
18:00	 Athletic Bilbao
Celta	
-0.75
+0.75
2.05
1.72
 
 	
2.75
1.85
 	
1.90
 	
1.85
3.75
4.00
1.25
1.27
1.95
1.5
1.0
1.75
1.85
2.00
1.90
 	 1:0(1:0)  
187	09/12
20:00	 Atletico Madrid
Deportivo La Coruna	
-1.75
+1.75
1.95
1.80
 
 	
3.25
1.90
 	
1.85
 	
1.27
5.70
10.00
1.04
1.13
3.70
2.5
1.0
1.95
2.80
1.80
1.40
 	 6:0(3:0)  
188	09/12
22:00	 Real Betis
Barcelona	
+1.5
–1.5
1.95
1.80
  	
3.25
1.80
 	
1.95
 	
9.00
5.50
1.30
3.50
1.14
1.05
1.0
2.5
2.40
1.95
1.53
1.80
 	 1:2(1:2)  
189	10/12
22:00	 Rayo Vallecano
Real Zaragoza	
-0.25
+0.25
1.85
1.90
 
 	
2.75
1.90
 	
1.85
 	
2.15
3.50
3.20
1.33
1.30
1.70
1.5
1.0
1.95
1.65
1.80
2.20
 	 0:2(0:1)  
204	15/12
17:00	 Getafe
Osasuna	
-0.75
+0.75
2.10
1.70
 
 	
2.25
1.95
 	
1.80
 	
1.85
3.35
4.50
1.20
1.32
1.95
1.5
1.0
2.10
2.55
1.70
1.48
 	 1:1(0:0)  
205	15/12
19:00	 Mallorca
Athletic Bilbao	
-0.25
+0.25
2.05
1.72
 
 	
2.5
1.90
1.85
2.40
3.40
2.85
1.42
1.30
1.55
1.5
1.0
2.25
1.70
1.60
2.10
 	 0:1(0:1)  
206	15/12
21:00	 Granada
Real Sociedad	
-0.25
+0.25
2.05
1.75
 
 	
2.25
1.80
 	
1.95
 	
2.40
3.30
2.90
1.40
1.32
1.55
1.0
1.0
1.60
1.75
2.25
2.00
 	 0:0(0:0)  
207	15/12
23:00	 Sevilla
Malaga	
-0.25
+0.25
1.70
2.15
 
 	
2.75
1.90
 	
1.85
 	
1.95
3.50
3.80
1.25
1.30
1.85
1.5
1.0
1.85
1.75
1.90
2.00
 	 0:2(0:0)  
211	16/12
13:00	 Real Zaragoza
Levante	
-0.25
+0.25
1.72
2.05
 
 	
2.25
1.85
 	
1.90
 	
2.00
3.30
3.80
1.25
1.32
1.80
1.5
1.0
2.15
2.15
1.65
1.65
 	 0:1(0:1)  
212	16/12
18:00	 Valencia
Rayo Vallecano	
-1.25
+1.25
1.95
1.80
 
 	
3.0
1.95
1.80
1.45
4.50
6.50
1.10
1.20
2.70
2.0
1.0
1.85
2.40
1.90
1.53
 	 0:1(0:0)  
213	16/12
20:00	 Real Madrid
Espanyol	
–2.5
+2.5
1.80
1.95
  	
3.75
1.85
 	
1.90
 	
1.10
9.50
20.00
1.01
1.04
6.50
3.5
1.0
2.15
4.30
1.65
1.20
 	 2:2(1:1)  
214	16/12
22:00	 Barcelona
Atletico Madrid	
-1.75
+1.75
1.95
1.80
 
 	
3.25
1.80
 	
1.95
 	
1.28
6.00
9.50
1.05
1.13
3.70
2.5
1.0
1.90
2.50
1.85
1.50
 	 4:1(2:1)  
215	17/12
21:00	 Deportivo La Coruna
Real Valladolid	
-0.25
+0.25
1.90
1.85
 
 	
2.5
1.90
1.85
2.20
3.40
3.20
1.35
1.30
1.65
1.5
1.0
2.15
1.80
1.65
1.95
 	 0:0(0:0)  
216	17/12
22:30	 Celta
Real Betis	
-0.25
+0.25
1.70
2.10
 
 	
2.5
1.85
1.90
1.95
3.50
3.70
1.25
1.28
1.80
1.5
1.0
1.95
1.90
1.80
1.85
 	 0:1(0:0)  
112	20/12
21:00	 Rayo Vallecano
Levante	
-0.25
+0.25
2.00
1.75
 
 	
2.25
1.85
 	
1.90
 	
2.35
3.25
3.10
1.36
1.35
1.60
1.0
1.0
1.62
1.87
2.25
1.87
 	 3:0(0:0)  
113	20/12
23:00	 Real Sociedad
Sevilla	
-0.25
+0.25
2.05
1.75
 
 	
2.25
1.80
 	
1.95
 	
2.40
3.30
2.90
1.40
1.32
1.55
1.0
1.0
1.60
1.75
2.25
2.00
 	 2:1(1:0)  
114	20/12
23:00	 Espanyol
Deportivo La Coruna	
-0.25
+0.25
1.70
2.10
 
 	
2.5
1.85
1.90
1.95
3.50
3.70
1.25
1.28
1.80
1.5
1.0
1.95
1.90
1.80
1.85
 	 2:0(1:0)  
115	21/12
21:00	 Valencia
Getafe	
-0.75
+0.75
1.75
2.00
 
 	
2.5
1.85
1.90
1.60
3.80
5.50
1.13
1.25
2.25
1.5
1.0
1.72
2.50
2.05
1.50
 	 4:2(3:1)  
116	21/12
23:00	 Atletico Madrid
Celta	
–1.5
+1.5
1.85
1.90
  	
3.0
1.80
1.95
1.30
5.50
9.50
1.05
1.14
3.50
2.0
1.0
1.60
2.80
2.30
1.40
 	 1:0(0:0)  
117	22/12
17:00	 Real Betis
Mallorca	
-0.75
+0.75
1.90
1.85
 
 	
2.5
1.90
1.85
1.72
3.70
4.70
1.17
1.26
2.10
1.5
1.0
1.85
2.30
1.90
1.57
 	 1:2(1:1)  
118	22/12
19:00	 Real Valladolid
Barcelona	
+1.75
-1.75
1.95
1.80
 
 	
3.25
1.85
 	
1.90
 	
12.00
6.30
1.22
4.20
1.11
1.02
1.0
2.5
3.10
1.85
1.35
1.90
 	 1:3(0:1)  
119	22/12
21:00	 Osasuna
Granada	
-0.25
+0.25
1.65
2.20
 
 	
2.25
1.95
 	
1.80
 	
1.90
3.30
4.20
1.22
1.32
1.85
1.5
1.0
2.15
2.40
1.65
1.53
 	 1:2(1:1)  
120	22/12
21:00	 Malaga
Real Madrid	
+1.0
–1.0
1.80
1.95
  	
3.0
1.80
1.95
5.50
4.20
1.57
2.40
1.22
1.14
1.0
2.0
1.90
1.90
1.85
1.85
 	 3:2(0:0)  
121	22/12
23:00	 Athletic Bilbao
Real Zaragoza	
-0.75
+0.75
2.00
1.75
 
 	
2.5
1.87
1.87
1.80
3.60
4.20
1.20
1.27
1.95
1.5
1.0
1.85
2.15
1.90
1.65
 	 0:2(0:2) 
189	04/01
22:30	 Real Zaragoza
Real Betis	
-0.25
+0.25
1.95
1.80
 
 	
2.25
1.80
 	
1.95
 	
2.30
3.30
3.10
1.37
1.32
1.60
1.0
1.0
1.57
1.85
2.35
1.90
 	 1:2(0:1)  
193	05/01
17:00	 Levante
Athletic Bilbao	
-0.25
+0.25
1.95
1.85
 
 	
2.5
1.90
1.85
2.25
3.40
3.10
1.35
1.30
1.62
1.5
1.0
2.15
1.75
1.65
2.00
 	 3:1(2:1)  
194	05/01
19:00	 Granada
Valencia	
+0.25
-0.25
1.90
1.85
 
 	
2.25
1.85
 	
1.90
 	
3.40
3.30
2.15
1.67
1.32
1.30
1.0
1.5
2.00
2.25
1.75
1.60
 	 1:2(0:0)  
195	05/01
21:00	 Deportivo La Coruna
Malaga	
+0.25
-0.25
1.80
1.95
 
 	
2.5
1.87
1.87
3.00
3.40
2.30
1.60
1.30
1.37
1.0
1.5
1.70
2.20
2.10
1.65
 	 1:0(0:0)  
196	05/01
23:00	 Sevilla
Osasuna	
–1.0
+1.0
1.75
2.00
  	
2.5
1.80
1.95
1.47
4.20
7.00
1.10
1.22
2.65
1.5
1.0
1.57
2.90
2.30
1.38
 	 1:0(0:0)  
200	06/01
13:00	 Celta
Real Valladolid	
-0.75
+0.75
2.10
1.70
 
 	
2.25
1.85
 	
1.90
 	
1.85
3.40
4.30
1.20
1.30
1.90
1.5
1.0
2.05
2.40
1.75
1.55
 	 3:1(2:1)  
201	06/01
18:00	 Real Madrid
Real Sociedad	
-2.25
+2.25
1.95
1.80
 
 	
3.75
1.87
 	
1.87
 	
1.17
7.50
14.00
1.02
1.08
4.90
3.0
1.0
1.90
2.80
1.85
1.40
 	 4:3(2:2)  
202	06/01
20:00	 Barcelona
Espanyol	
-2.75
+2.75
1.85
1.90
 
 	
3.75
1.75
 	
2.00
 	
1.08
10.50
25.00
1.01
1.04
7.50
3.5
1.0
2.00
4.50
1.75
1.18
 	 4:0(4:0)  
203	06/01
22:00	 Mallorca
Atletico Madrid	
+0.25
-0.25
2.00
1.75
 
 	
2.25
1.80
 	
1.95
 	
3.60
3.40
2.05
1.75
1.32
1.28
1.0
1.5
2.05
2.15
1.75
1.65
 	 1:1(0:0)  
204	07/01
21:00	 Rayo Vallecano
Getafe	
-0.25
+0.25
1.87
1.87
 
 	
2.25
1.80
 	
1.95
 	
2.20
3.30
3.30
1.32
1.32
1.65
1.5
1.0
2.25
1.95
1.60
1.80
 	 3:1(2:0)  
227	11/01
22:30	 Athletic Bilbao
Rayo Vallecano	
-0.75
+0.75
2.05
1.72
 
 	
3.0
1.90
1.85
1.85
3.80
3.90
1.25
1.25
1.95
1.5
1.0
1.65
1.65
2.15
2.15
 	 1:2(0:0)  
228	12/01
17:00	 Real Valladolid
Mallorca	
-0.25
+0.25
1.75
2.05
 
 	
2.25
1.80
 	
1.95
 	
2.05
3.30
3.70
1.27
1.32
1.75
1.5
1.0
2.15
2.05
1.65
1.72
 	 3:1(1:1)  
229	12/01
19:00	 Espanyol
Celta	
-0.25
+0.25
1.85
1.90
 
 	
2.25
1.80
 	
1.95
 	
2.15
3.30
3.40
1.30
1.32
1.70
1.5
1.0
2.20
2.00
1.62
1.80
 	 1:0(1:0)  
230	12/01
21:00	 Osasuna
Real Madrid	
+1.0
–1.0
2.00
1.75
  	
2.75
1.80
 	
1.95
 	
7.00
4.30
1.47
2.70
1.22
1.10
1.0
2.0
2.50
1.95
1.50
1.80
 	 0:0(0:0)  
231	12/01
23:00	 Valencia
Sevilla	
-0.25
+0.25
1.70
2.10
 
 	
2.75
1.95
 	
1.80
 	
1.95
3.50
3.70
1.25
1.28
1.80
1.5
1.0
1.87
1.80
1.87
1.95
 	 2:0(0:0)  
232	13/01
13:00	 Real Betis
Levante	
-0.25
+0.25
1.70
2.10
 
 	
2.5
1.95
1.80
1.95
3.50
3.80
1.25
1.30
1.85
1.5
1.0
2.05
2.05
1.75
1.75
 	 2:0(1:0)  
233	13/01
18:00	 Real Sociedad
Deportivo La Coruna	
-0.75
+0.75
2.00
1.75
 
 	
2.75
1.95
 	
1.80
 	
1.80
3.70
4.20
1.22
1.27
2.00
1.5
1.0
1.80
1.95
1.95
1.80
 	 1:1(1:1)  
234	13/01
20:00	 Atletico Madrid
Real Zaragoza	
–1.5
+1.5
1.85
1.90
  	
3.0
1.95
1.80
1.28
5.50
10.00
1.04
1.13
3.60
2.0
1.0
1.65
3.20
2.20
1.32
 	 2:0(2:0)  
235	13/01
22:00	 Malaga
Barcelona	
+1.25
-1.25
1.80
1.95
 
 	
3.0
1.80
1.95
6.50
4.50
1.45
2.70
1.20
1.10
1.0
2.0
2.15
1.75
1.65
2.00
 	 1:3(0:1)  
236	14/01
21:00	 Getafe
Granada	
-0.75
+0.75
2.05
1.75
 
 	
2.25
1.80
 	
1.95
 	
1.80
3.50
4.50
1.20
1.30
2.00
1.5
1.0
1.95
2.35
1.80
1.55
 	 2:2(2:1)  
230	18/01
22:00	 Espanyol
Mallorca	
-0.25
+0.25
1.75
2.05
 
 	
2.25
1.87
 	
1.87
 	
2.05
3.30
3.70
1.27
1.32
1.75
1.5
1.0
2.20
2.15
1.62
1.65
 	 3:2(1:2)  
231	19/01
17:00	 Granada
Rayo Vallecano	
-0.25
+0.25
1.90
1.85
 
 	
2.5
1.95
1.80
2.20
3.40
3.20
1.35
1.30
1.65
1.5
1.0
2.15
1.85
1.65
1.90
 	 2:0(1:0)  
232	19/01
19:00	 Real Sociedad
Barcelona	
+1.75
-1.75
1.80
1.95
 
 	
3.25
1.85
 	
1.90
 	
9.50
5.70
1.28
3.60
1.13
1.05
1.0
2.5
2.60
1.90
1.46
1.85
 	 3:2(1:2)  
233	19/01
21:00	 Getafe
Sevilla	
0
0
1.95
1.80
  	
2.25
1.80
 	
1.95
 	
2.75
3.30
2.55
1.50
1.32
1.45
1.0
1.0
1.70
1.65
2.10
2.15
 	 1:1(1:1)  
234	19/01
23:00	 Malaga
Celta	
-0.75
+0.75
1.80
1.95
 
 	
2.5
1.90
1.85
1.65
3.80
5.20
1.15
1.25
2.20
1.5
1.0
1.75
2.50
2.00
1.50
 	 1:1(1:0)  
235	20/01
13:00	 Osasuna
Deportivo La Coruna	
-0.25
+0.25
1.70
2.15
 
 	
2.25
1.95
 	
1.80
 	
1.95
3.30
4.00
1.23
1.32
1.85
1.5
1.0
2.20
2.40
1.65
1.53
 	 2:1(1:0)  
236	20/01
18:00	 Real Valladolid
Real Zaragoza	
-0.25
+0.25
1.70
2.10
 
 	
2.25
1.90
 	
1.85
 	
2.00
3.30
4.00
1.25
1.33
1.85
1.5
1.0
2.20
2.25
1.65
1.60
 	 2:0(1:0)  
237	20/01
20:00	 Atletico Madrid
Levante	
–1.5
+1.5
1.85
1.90
  	
2.75
1.80
 	
1.95
 	
1.28
5.30
11.00
1.03
1.15
3.60
2.0
1.0
1.70
3.70
2.10
1.25
 	 2:0(1:0)  
238	20/01
22:00	 Valencia
Real Madrid	
+0.75
-0.75
1.85
1.95
 
 	
3.0
1.85
1.90
4.20
4.00
1.75
2.05
1.25
1.22
1.0
2.0
1.72
2.15
2.05
1.65
 	 0:5(0:5)  
239	21/01
22:30	 Real Betis
Athletic Bilbao	
-0.25
+0.25
1.70
2.15
 
 	
2.75
1.87
 	
1.87
 	
1.95
3.70
3.60
1.28
1.27
1.85
1.5
1.0
1.85
1.75
1.90
2.00
 	 1:1(1:1)  
258	26/01
17:00	 Celta
Real Sociedad	
-0.25
+0.25
1.87
1.87
 
 	
2.5
1.87
1.87
2.15
3.40
3.20
1.32
1.30
1.65
1.5
1.0
2.10
1.80
1.70
2.00
 	 1:1(1:0)  
259	26/01
19:00	 Levante
Real Valladolid	
-0.25
+0.25
1.62
2.25
 
 	
2.25
1.87
 	
1.87
 	
1.90
3.40
4.20
1.22
1.32
1.90
1.5
1.0
2.10
2.35
1.70
1.55
 	 2:1(1:1)  
260	26/01
21:00	 Real Zaragoza
Espanyol	
-0.25
+0.25
1.80
2.00
 
 	
2.25
1.95
 	
1.80
 	
2.10
3.25
3.60
1.28
1.33
1.72
1.5
1.0
2.30
2.20
1.57
1.62
 	 0:0(0:0)  
261	26/01
23:00	 Deportivo La Coruna
Valencia	
+0.25
-0.25
1.75
2.00
 
 	
2.25
1.80
 	
1.95
 	
3.00
3.30
2.35
1.57
1.32
1.37
1.0
1.5
1.80
2.30
1.95
1.57
 	 2:3(2:1)  
263	27/01
13:00	 Real Madrid
Getafe	
-2.25
+2.25
1.87
1.87
 
 	
3.75
1.80
 	
1.95
 	
1.16
8.00
15.00
1.01
1.08
5.30
3.0
1.0
1.85
2.75
1.90
1.42
 	 4:0(0:0)  
264	27/01
18:00	 Rayo Vallecano
Real Betis	
-0.25
+0.25
1.85
1.95
 
 	
2.5
1.80
1.95
2.10
3.50
3.30
1.32
1.28
1.70
1.5
1.0
2.00
1.75
1.75
2.05
 	 3:0(1:0)  
265	27/01
20:00	 Barcelona
Osasuna	
-2.75
+2.75
1.95
1.80
 
 	
3.75
1.87
 	
1.87
 	
1.08
10.00
25.00
1.01
1.04
7.20
3.5
1.0
2.15
4.80
1.65
1.16
 	 5:1(3:1)  
266	27/01
22:00	 Mallorca
Malaga	
+0.25
-0.25
1.75
2.05
 
 	
2.25
1.85
 	
1.90
 	
3.00
3.30
2.40
1.57
1.33
1.40
1.0
1.0
1.85
1.62
1.90
2.20
 	 2:3(1:2)  
267	27/01
22:00	 Athletic Bilbao
Atletico Madrid	
+0.25
-0.25
1.80
2.00
 
 	
2.5
1.95
1.80
3.00
3.40
2.35
1.60
1.32
1.40
1.0
1.5
1.75
2.30
2.05
1.60
 	 3:0(0:0)  
268	28/01
22:30	 Sevilla
Granada	
-1.25
+1.25
1.95
1.80
 
 	
2.75
1.90
 	
1.85
 	
1.42
4.50
7.50
1.08
1.20
2.85
2.0
1.0
1.95
2.90
1.80
1.40
 	 3:0(1:0)  
210	01/02
22:30	 Real Valladolid
Athletic Bilbao	
0
0
1.85
1.90
  	
2.5
1.85
1.90
2.55
3.40
2.65
1.47
1.30
1.50
1.5
1.5
2.30
2.35
1.60
1.57
 	 2:2(2:1)  
212	02/02
17:00	 Osasuna
Celta	
-0.25
+0.25
1.72
2.10
 
 	
2.25
1.95
 	
1.80
 	
2.00
3.30
3.90
1.25
1.32
1.80
1.5
1.0
2.20
2.30
1.62
1.57
 	 1:0(0:0)  
213	02/02
19:00	 Getafe
Deportivo La Coruna	
-0.25
+0.25
1.72
2.10
 
 	
2.25
1.80
 	
1.95
 	
2.00
3.40
3.80
1.27
1.32
1.80
1.5
1.0
2.10
2.10
1.70
1.70
 	 3:1(1:1)  
214	02/02
21:00	 Espanyol
Levante	
-0.25
+0.25
1.65
2.15
 
 	
2.25
1.90
 	
1.85
 	
1.95
3.30
4.00
1.23
1.32
1.85
1.5
1.0
2.15
2.30
1.65
1.57
 	 3:2(1:0)  
215	02/02
23:00	 Granada
Real Madrid	
+1.5
–1.5
1.80
1.95
  	
3.25
1.85
 	
1.90
 	
8.00
5.20
1.35
3.20
1.16
1.07
1.0
2.5
2.20
2.00
1.62
1.75
 	 1:0(1:0)  
217	03/02
13:00	 Malaga
Real Zaragoza	
–1.0
+1.0
1.90
1.85
  	
2.5
1.80
1.95
1.53
4.00
6.50
1.11
1.25
2.50
1.5
1.0
1.65
2.60
2.20
1.46
 	 1:1(1:1)  
218	03/02
18:00	 Sevilla
Rayo Vallecano	
-1.25
+1.25
2.00
1.75
 
 	
2.75
1.80
 	
1.95
 	
1.45
4.50
7.00
1.10
1.20
2.75
2.0
1.0
1.90
2.50
1.85
1.50
 	 2:1(1:0)  
219	03/02
20:00	 Valencia
Barcelona	
+1.25
-1.25
1.75
2.00
 
 	
3.25
1.85
 	
1.90
 	
6.00
4.70
1.48
2.65
1.20
1.13
1.0
2.0
1.87
1.65
1.87
2.15
 	 1:1(1:1)  
220	03/02
22:00	 Atletico Madrid
Real Betis	
-1.25
+1.25
2.00
1.75
 
 	
2.75
1.85
 	
1.90
 	
1.45
4.50
7.00
1.10
1.20
2.75
2.0
1.0
1.95
2.65
1.80
1.45
 	 1:0(0:0)  
221	03/02
22:00	 Real Sociedad
Mallorca	
-0.75
+0.75
1.87
1.87
 
 	
2.5
1.85
1.90
1.70
3.75
4.80
1.17
1.27
2.15
1.5
1.0
1.75
2.25
2.00
1.60
 	 3:0(0:0)  
265	09/02
17:00	 Mallorca
Osasuna	
-0.25
+0.25
1.80
1.95
 
 	
2.25
1.90
 	
1.85
 	
2.10
3.30
3.60
1.28
1.33
1.72
1.5
1.0
2.25
2.15
1.60
1.65
 	 1:1(0:0)  
266	09/02
19:00	 Celta
Valencia	
0
0
1.95
1.80
  	
2.25
1.80
 	
1.95
 	
2.75
3.30
2.55
1.50
1.32
1.45
1.0
1.0
1.70
1.65
2.10
2.15
 	 0:1(0:0)  
267	09/02
21:00	 Levante
Malaga	
0
0
1.80
1.95
  	
2.5
1.95
1.80
2.55
3.30
2.70
1.45
1.32
1.50
1.0
1.0
1.60
1.65
2.25
2.15
 	 1:2(1:1)  
268	09/02
23:00	 Deportivo La Coruna
Granada	
-0.25
+0.25
1.72
2.10
 
 	
2.5
1.95
1.80
2.00
3.50
3.70
1.27
1.30
1.80
1.5
1.0
2.05
2.00
1.72
1.75
 	 0:3(0:1)  
269	09/02
23:00	 Real Madrid
Sevilla	
–1.5
+1.5
1.95
1.80
  	
3.25
1.95
 	
1.80
 	
1.36
5.00
8.00
1.07
1.16
3.10
2.5
1.0
2.15
2.40
1.65
1.53
 	 4:1(2:0)  
270	10/02
13:00	 Barcelona
Getafe	
-2.75
+2.75
1.80
1.95
 
 	
4.0
1.85
1.90
1.08
11.00
22.00
1.01
1.03
7.50
3.5
1.0
1.95
4.30
1.85
1.20
 	 6:1(2:0)  
271	10/02
18:00	 Real Zaragoza
Real Sociedad	
-0.25
+0.25
2.00
1.75
 
 	
2.25
1.80
 	
1.95
 	
2.35
3.30
3.00
1.37
1.32
1.57
1.5
1.0
2.30
1.80
1.57
1.95
 	 1:2(0:2)  
272	10/02
20:00	 Athletic Bilbao
Espanyol	
-0.75
+0.75
1.90
1.90
 
 	
2.75
1.95
 	
1.80
 	
1.70
3.80
4.80
1.17
1.27
2.15
1.5
1.0
1.72
2.15
2.05
1.65
 	 0:4(0:1)  
273	10/02
22:00	 Rayo Vallecano
Atletico Madrid	
+0.25
-0.25
1.95
1.85
 
 	
2.5
1.90
1.85
3.40
3.40
2.15
1.70
1.32
1.32
1.0
1.5
1.85
2.10
1.95
1.70
 	 2:1(2:0)  
274	11/02
22:30	 Real Betis
Real Valladolid	
-0.25
+0.25
1.62
2.20
 
 	
2.25
1.80
 	
1.95
 	
1.90
3.40
4.20
1.22
1.32
1.90
1.5
1.0
2.05
2.20
1.75
1.62
 	 0:0(0:0)
164	15/02
22:30	 Sevilla
Deportivo La Coruna	
-1.25
+1.25
1.80
1.95
 
 	
2.75
1.75
 	
2.00
 	
1.36
4.90
8.00
1.06
1.16
3.05
2.0
1.0
1.75
2.80
2.00
1.40
 	 3:1(3:1)  
165	16/02
17:00	 Getafe
Celta	
-0.25
+0.25
1.85
1.95
 
 	
2.25
1.85
 	
1.90
 	
2.15
3.30
3.40
1.30
1.32
1.70
1.5
1.0
2.25
2.00
1.60
1.75
 	 3:1(3:1)  
166	16/02
19:00	 Malaga
Athletic Bilbao	
-0.25
+0.25
1.70
2.15
 
 	
2.75
1.87
 	
1.87
 	
1.95
3.70
3.60
1.28
1.27
1.85
1.5
1.0
1.85
1.75
1.90
2.00
 	 1:0(1:0)  
167	16/02
21:00	 Granada
Barcelona	
+1.75
-1.75
1.87
1.87
 
 	
3.5
1.95
1.80
10.00
6.00
1.25
3.80
1.11
1.03
1.0
2.5
2.60
1.85
1.47
1.95
 	 1:2(1:0)  
168	16/02
23:00	 Osasuna
Real Zaragoza	
-0.25
+0.25
1.65
2.20
 
 	
2.0
1.75
2.00
1.95
3.20
4.20
1.22
1.33
1.85
1.5
1.0
2.25
2.55
1.60
1.48
 	 1:0(1:0)  
169	17/02
13:00	 Real Sociedad
Levante	
-0.75
+0.75
1.80
1.95
 
 	
2.5
1.87
1.87
1.65
3.80
5.20
1.15
1.25
2.20
1.5
1.0
1.75
2.40
2.00
1.53
 	 1:1(1:1)  
170	17/02
18:00	 Valencia
Mallorca	
-1.25
+1.25
1.90
1.85
 
 	
2.75
1.85
 	
1.90
 	
1.40
4.50
7.50
1.07
1.18
2.85
2.0
1.0
1.90
2.90
1.85
1.38
 	 2:0(0:0)  
171	17/02
20:00	 Real Valladolid
Atletico Madrid	
+0.25
-0.25
2.10
1.72
 
 	
2.5
1.95
1.80
3.70
3.50
2.00
1.80
1.30
1.27
1.0
1.5
2.00
2.05
1.75
1.72
 	 0:3(0:1)  
172	17/02
22:00	 Espanyol
Real Betis	
-0.25
+0.25
1.75
2.00
 
 	
2.25
1.80
 	
1.95
 	
2.05
3.40
3.60
1.28
1.32
1.75
1.5
1.0
2.15
2.05
1.65
1.75
 	 1:0(1:0)  
173	17/02
22:00	 Real Madrid
Rayo Vallecano	
-2.25
+2.25
1.95
1.80
 
 	
4.0
1.90
1.85
1.20
7.50
12.00
1.02
1.08
4.50
3.0
1.0
1.85
2.40
1.95
1.53
 	 2:0(2:0) 
176	22/02
22:30	 Athletic Bilbao
Real Sociedad	
-0.25
+0.25
1.85
1.90
 
 	
2.75
1.80
 	
1.95
 	
2.15
3.50
3.20
1.33
1.30
1.70
1.5
1.0
1.90
1.57
1.85
2.30
 	 1:3(1:1)  
177	23/02
17:00	 Mallorca
Getafe	
-0.25
+0.25
1.80
1.95
 
 	
2.25
1.85
 	
1.90
 	
2.10
3.30
3.50
1.28
1.32
1.70
1.5
1.0
2.25
2.05
1.62
1.72
 	 1:3(1:0)  
178	23/02
19:00	 Real Zaragoza
Valencia	
+0.25
-0.25
1.80
2.00
 
 	
2.25
1.85
 	
1.90
 	
3.05
3.30
2.35
1.60
1.33
1.37
1.0
1.0
1.87
1.62
1.87
2.25
 	 2:2(2:1)  
179	23/02
21:00	 Deportivo La Coruna
Real Madrid	
+1.5
–1.5
1.80
2.00
  	
3.25
1.80
 	
1.95
 	
7.50
5.20
1.37
3.10
1.16
1.08
1.0
2.5
2.15
2.05
1.65
1.72
 	 1:2(1:0)  
180	23/02
23:00	 Barcelona
Sevilla	
–2.0
+2.0
1.80
1.95
  	
3.75
1.80
 	
1.95
 	
1.18
7.50
13.00
1.02
1.08
4.80
3.0
1.0
1.95
2.50
1.85
1.50
 	 2:1(0:1)  
181	24/02
13:00	 Rayo Vallecano
Real Valladolid	
-0.75
+0.75
2.05
1.80
 
 	
2.5
1.80
1.95
1.80
3.70
4.30
1.22
1.27
2.00
1.5
1.0
1.80
2.00
1.95
1.75
 	 1:2(0:0)  
182	24/02
18:00	 Celta
Granada	
-0.75
+0.75
2.05
1.75
 
 	
2.25
1.90
 	
1.85
 	
1.80
3.40
4.70
1.18
1.30
2.00
1.5
1.0
2.05
2.55
1.75
1.48
 	 2:1(1:1)  
183	24/02
20:00	 Atletico Madrid
Espanyol	
-1.25
+1.25
1.87
1.87
 
 	
2.75
1.90
 	
1.85
 	
1.38
4.70
8.50
1.07
1.20
3.05
2.0
1.0
1.90
3.10
1.85
1.35
 	 1:0(1:0)  
184	24/02
22:00	 Real Betis
Malaga	
-0.25
+0.25
2.05
1.75
 
 	
2.25
1.80
 	
1.95
 	
2.40
3.30
2.90
1.40
1.32
1.55
1.0
1.0
1.60
1.75
2.25
2.00
 	 3:0(3:0)  
185	25/02
22:00	 Levante
Osasuna	
-0.25
+0.25
1.70
2.15
 
 	
2.25
1.90
 	
1.85
 	
1.95
3.30
4.00
1.23
1.32
1.85
1.5
1.0
2.15
2.30
1.65
1.57
 	 0:2(0:0)  
172	01/03
22:00	 Getafe
Real Zaragoza	
-0.25
+0.25
1.62
2.20
 
 	
2.25
1.80
 	
1.95
 	
1.90
3.40
4.20
1.22
1.32
1.90
1.5
1.0
2.05
2.20
1.75
1.62
 	 2:0(1:0)  
173	02/03
17:00	 Real Madrid
Barcelona	
+0.25
-0.25
1.85
1.95
 
 	
3.0
1.80
1.95
2.90
3.70
2.25
1.65
1.27
1.40
1.5
1.5
2.05
1.80
1.72
1.95
 	 2:1(1:1)  
174	02/03
19:00	 Deportivo La Coruna
Rayo Vallecano	
-0.25
+0.25
1.90
1.85
 
 	
2.75
1.90
 	
1.85
 	
2.20
3.50
3.10
1.35
1.30
1.65
1.5
1.0
2.00
1.62
1.75
2.20
 	 0:0(0:0)  
175	02/03
21:00	 Osasuna
Athletic Bilbao	
-0.25
+0.25
1.95
1.80
 
 	
2.25
1.80
 	
1.95
 	
2.30
3.30
3.10
1.37
1.32
1.60
1.0
1.0
1.57
1.85
2.35
1.90
 	 0:1(0:0)  
176	02/03
23:00	 Valencia
Levante	
-1.25
+1.25
2.00
1.75
 
 	
2.75
1.95
 	
1.80
 	
1.45
4.30
7.00
1.08
1.20
2.70
1.5
1.0
1.57
2.80
2.30
1.40
 	 2:2(2:1)  
177	03/03
13:00	 Granada
Mallorca	
-0.25
+0.25
1.75
2.05
 
 	
2.25
1.90
 	
1.85
 	
2.05
3.30
3.70
1.27
1.32
1.75
1.5
1.0
2.25
2.20
1.62
1.65
 	 1:2(1:1)  
178	03/03
18:00	 Espanyol
Real Valladolid	
-0.75
+0.75
2.05
1.75
 
 	
2.25
1.85
 	
1.90
 	
1.80
3.40
4.50
1.18
1.30
1.95
1.5
1.0
2.05
2.50
1.75
1.50
 	 0:0(0:0)  
179	03/03
20:00	 Malaga
Atletico Madrid	
0
0
2.00
1.75
  	
2.25
1.80
 	
1.95
 	
2.80
3.30
2.50
1.52
1.32
1.42
1.0
1.0
1.70
1.65
2.10
2.15
 	 0:0(0:0)  
180	03/03
22:00	 Real Sociedad
Real Betis	
-0.75
+0.75
1.95
1.80
 
 	
2.5
1.85
1.90
1.75
3.70
4.50
1.20
1.27
2.05
1.5
1.0
1.80
2.15
1.95
1.65
 	 3:3(0:1)  
181	04/03
22:30	 Sevilla
Celta	
-1.25
+1.25
2.00
1.75
 
 	
2.75
1.90
 	
1.85
 	
1.45
4.40
7.00
1.10
1.20
2.70
2.0
1.0
2.00
2.75
1.75
1.42
 	 4:1(2:1)
188	08/03
22:30	 Real Betis
Osasuna	
-0.75
+0.75
2.05
1.75
 
 	
2.25
1.85
 	
1.90
 	
1.80
3.40
4.50
1.18
1.30
1.95
1.5
1.0
2.05
2.50
1.75
1.50
 	 2:1(1:0)  
189	09/03
17:00	 Rayo Vallecano
Espanyol	
-0.25
+0.25
1.70
2.15
 
 	
2.5
1.85
1.90
1.95
3.50
3.80
1.25
1.30
1.85
1.5
1.0
1.95
1.90
1.80
1.85
 	 2:0(1:0)  
190	09/03
19:00	 Real Valladolid
Malaga	
-0.25
+0.25
1.80
1.95
 
 	
2.25
1.85
 	
1.90
 	
2.10
3.30
3.50
1.28
1.32
1.70
1.5
1.0
2.25
2.05
1.62
1.72
 	 1:1(1:1)  
192	09/03
23:00	 Mallorca
Sevilla	
+0.25
-0.25
1.90
1.90
 
 	
2.5
1.95
1.80
3.20
3.40
2.20
1.65
1.30
1.35
1.0
1.5
1.85
2.15
1.90
1.65
 	 2:1(1:0)  
193	10/03
13:00	 Athletic Bilbao
Valencia	
0
0
1.85
1.90
  	
2.75
1.80
 	
1.95
 	
2.55
3.50
2.60
1.48
1.30
1.50
1.5
1.5
2.05
2.10
1.72
1.70
 	 1:0(0:0)  
194	10/03
18:00	 Levante
Getafe	
-0.25
+0.25
1.85
1.90
 
 	
2.5
1.95
1.80
2.15
3.40
3.30
1.32
1.30
1.70
1.5
1.0
2.15
1.87
1.65
1.87
 	 0:0(0:0)  
195	10/03
20:00	 Celta
Real Madrid	
+1.25
-1.25
1.85
1.90
 
 	
3.25
1.95
 	
1.80
 	
6.50
4.80
1.42
2.80
1.17
1.10
1.0
2.0
2.10
1.70
1.70
2.10
 	 1:2(0:0)  
196	10/03
22:00	 Atletico Madrid
Real Sociedad	
–1.0
+1.0
1.80
1.95
  	
2.75
1.80
 	
1.95
 	
1.50
4.30
6.20
1.11
1.22
2.55
2.0
1.0
2.00
2.35
1.75
1.55
 	 0:1(0:0)  
197	11/03
21:30	 Real Zaragoza
Granada	
-0.25
+0.25
1.75
2.05
 
 	
2.25
1.90
 	
1.85
 	
2.05
3.30
3.70
1.27
1.32
1.75
1.5
1.0
2.25
2.20
1.62
1.65
 	 0:0(0:0)  
156	15/03
22:45	 Deportivo La Coruna
Celta	
-0.25
+0.25
1.90
1.90
 
 	
2.5
1.90
1.85
2.20
3.40
3.20
1.35
1.30
1.65
1.5
1.0
2.15
1.80
1.65
1.95
 	 3:1(1:0)  
157	16/03
17:00	 Real Sociedad
Real Valladolid	
-0.75
+0.75
1.75
2.05
 
 	
2.5
1.80
1.95
1.60
4.00
5.50
1.14
1.25
2.35
1.5
1.0
1.70
2.40
2.10
1.53
 	 4:1(3:0)  
158	16/03
19:00	 Getafe
Athletic Bilbao	
-0.25
+0.25
2.00
1.80
 
 	
2.75
1.95
 	
1.80
 	
2.30
3.50
3.00
1.40
1.30
1.62
1.5
1.5
2.10
2.35
1.70
1.55
 	 1:0(1:0)  
159	16/03
21:00	 Real Madrid
Mallorca	
–2.5
+2.5
1.95
1.80
  	
4.0
1.95
1.80
1.13
8.50
17.00
1.01
1.06
5.70
3.0
1.0
1.72
3.00
2.05
1.37
 	 5:2(1:2)  
160	16/03
23:00	 Valencia
Real Betis	
–1.0
+1.0
2.00
1.75
  	
2.75
1.85
 	
1.90
 	
1.60
4.00
5.50
1.14
1.25
2.35
2.0
1.0
2.15
2.20
1.65
1.62
 	 3:0(1:0)  
161	17/03
13:00	 Malaga
Espanyol	
-0.75
+0.75
2.05
1.75
 
 	
2.25
1.80
 	
1.95
 	
1.80
3.50
4.50
1.20
1.30
2.00
1.5
1.0
1.95
2.35
1.80
1.55
 	 0:2(0:0)  
162	17/03
18:00	 Sevilla
Real Zaragoza	
-1.25
+1.25
1.90
1.85
 
 	
2.75
1.85
 	
1.90
 	
1.40
4.50
7.50
1.07
1.18
2.85
2.0
1.0
1.90
2.90
1.85
1.38
 	 4:0(1:0)  
163	17/03
20:00	 Osasuna
Atletico Madrid	
+0.25
-0.25
2.00
1.85
 
 	
2.25
1.90
 	
1.85
 	
3.60
3.30
2.15
1.72
1.35
1.30
1.0
1.5
2.10
2.30
1.70
1.57
 	 0:2(0:1)  
164	17/03
22:00	 Barcelona
Rayo Vallecano	
-2.75
+2.75
1.95
1.85
 
 	
4.0
1.85
1.90
1.10
9.50
20.00
1.01
1.04
6.50
3.5
1.0
2.00
3.50
1.75
1.28
 	 3:1(2:0)  
165	17/03
22:00	 Granada
Levante	
-0.75
+0.75
2.10
1.70
 
 	
2.25
1.85
 	
1.90
 	
1.85
3.40
4.30
1.20
1.30
1.90
1.5
1.0
2.05
2.40
1.75
1.55
 	 1:1(1:0)  
277	30/03
17:00	 Rayo Vallecano
Malaga	
-0.25
+0.25
1.70
2.10
 
 	
2.5
1.95
1.80
1.95
3.50
3.80
1.25
1.30
1.85
1.5
1.0
2.05
2.05
1.75
1.75
 	 1:3(1:1)  
278	30/03
19:00	 Celta
Barcelona	
+1.25
-1.25
1.85
1.90
 
 	
3.0
1.85
1.90
7.00
4.80
1.42
2.85
1.18
1.10
1.0
2.0
2.30
1.75
1.57
2.00
 	 2:2(1:1)  
279	30/03
21:00	 Real Zaragoza
Real Madrid	
+1.25
-1.25
1.85
1.90
 
 	
3.0
1.90
1.85
7.00
4.80
1.42
2.85
1.18
1.10
1.0
2.0
2.40
1.80
1.53
1.95
 	 1:1(1:1)  
280	30/03
23:00	 Levante
Sevilla	
+0.25
-0.25
2.05
1.75
 
 	
2.25
1.80
 	
1.95
 	
3.70
3.30
2.05
1.75
1.32
1.27
1.0
1.5
2.05
2.15
1.72
1.65
 	 1:0(1:0)  
281	31/03
13:00	 Real Valladolid
Osasuna	
-0.25
+0.25
1.85
1.95
 
 	
2.25
1.90
 	
1.85
 	
2.20
3.30
3.40
1.32
1.35
1.70
1.5
1.0
2.35
2.05
1.57
1.72
 	 1:3(1:0)  
282	31/03
18:00	 Mallorca
Deportivo La Coruna	
-0.25
+0.25
1.70
2.10
 
 	
2.5
1.90
1.85
1.95
3.50
3.80
1.25
1.30
1.85
1.5
1.0
2.00
2.00
1.75
1.75
 	 2:3(1:1)  
283	31/03
20:00	 Espanyol
Real Sociedad	
0
0
1.90
1.85
  	
2.5
1.90
1.85
2.65
3.35
2.55
1.48
1.30
1.45
1.0
1.0
1.62
1.57
2.20
2.30
 	 2:2(2:1)  
284	31/03
22:00	 Atletico Madrid
Valencia	
-0.75
+0.75
1.85
1.95
 
 	
2.5
1.95
1.80
1.65
3.80
5.50
1.15
1.27
2.25
1.5
1.0
1.80
2.60
1.95
1.47
 	 1:1(1:1)  
285	01/04
21:00	 Athletic Bilbao
Granada	
-0.75
+0.75
1.87
1.87
 
 	
2.75
1.95
 	
1.80
 	
1.70
3.80
4.80
1.17
1.27
2.15
1.5
1.0
1.72
2.15
2.05
1.65
 	 1:0(0:0)  
286	01/04
23:00	 Real Betis
Getafe	
-0.75
+0.75
2.10
1.70
 
 	
2.5
1.95
1.80
1.85
3.50
4.30
1.22
1.30
1.95
1.5
1.0
1.95
2.15
1.80
1.65
 	 0:0(0:0)  
197	05/04
22:00	 Granada
Real Betis	
-0.25
+0.25
1.90
1.90
 
 	
2.5
1.95
1.80
2.20
3.40
3.20
1.35
1.30
1.65
1.5
1.0
2.15
1.85
1.65
1.90
 	 1:5(0:3)  
199	06/04
17:00	 Real Sociedad
Malaga	
-0.75
+0.75
1.75
2.05
 
 	
2.5
1.87
1.87
1.60
4.00
5.70
1.14
1.25
2.35
1.5
1.0
1.72
2.55
2.05
1.48
 	 4:2(3:1)  
200	06/04
19:00	 Real Madrid
Levante	
-2.25
+2.25
1.95
1.80
 
 	
3.5
1.80
1.95
1.16
7.50
15.00
1.01
1.08
5.00
3.0
1.0
2.00
3.20
1.75
1.33
 	 5:1(2:1)  
201	06/04
21:00	 Deportivo La Coruna
Real Zaragoza	
-0.25
+0.25
1.72
2.10
 
 	
2.5
1.95
1.80
2.00
3.50
3.70
1.27
1.30
1.80
1.5
1.0
2.05
2.00
1.72
1.75
 	 3:2(2:2)  
202	06/04
23:00	 Barcelona
Mallorca	
–2.0
+2.0
1.90
1.85
  	
3.5
1.90
1.85
1.20
7.00
13.00
1.02
1.10
4.60
2.5
1.0
1.72
2.90
2.05
1.38
 	 5:0(4:0)  
204	07/04
13:00	 Celta
Rayo Vallecano	
-0.25
+0.25
1.75
2.05
 
 	
2.5
1.80
1.95
2.05
3.50
3.50
1.30
1.30
1.75
1.5
1.0
1.95
1.80
1.80
1.95
 	 0:2(0:1)  
205	07/04
18:00	 Osasuna
Espanyol	
-0.25
+0.25
1.70
2.10
 
 	
2.25
1.95
 	
1.80
 	
2.00
3.25
4.00
1.25
1.33
1.80
1.5
1.0
2.20
2.30
1.62
1.57
 	 0:2(0:0)  
206	07/04
20:00	 Getafe
Atletico Madrid	
+0.25
-0.25
2.05
1.75
 
 	
2.25
1.80
 	
1.95
 	
3.60
3.40
2.05
1.75
1.32
1.28
1.0
1.5
2.05
2.15
1.75
1.65
 	 0:0(0:0)  
207	07/04
22:00	 Valencia
Real Valladolid	
-1.25
+1.25
1.90
1.85
 
 	
2.75
1.85
 	
1.90
 	
1.40
4.50
7.50
1.07
1.18
2.85
2.0
1.0
1.90
2.90
1.85
1.38
 	 2:1(1:0)  
208	08/04
23:00	 Sevilla
Athletic Bilbao	
–1.0
+1.0
2.00
1.75
  	
2.75
1.85
 	
1.90
 	
1.60
4.00
5.50
1.14
1.25
2.35
2.0
1.0
2.15
2.20
1.65
1.62
 	 2:1(1:0)  
188	12/04
23:00	 Real Betis
Sevilla	
0
0
1.85
1.95
  	
2.5
1.75
2.00
2.55
3.40
2.70
1.47
1.32
1.50
1.5
1.5
2.20
2.25
1.62
1.60
 	 3:3(1:3)  
189	13/04
17:00	 Real Valladolid
Getafe	
-0.25
+0.25
1.90
1.90
 
 	
2.25
1.85
 	
1.90
 	
2.20
3.30
3.30
1.32
1.32
1.65
1.5
1.0
2.30
1.95
1.60
1.80
 	 2:1(0:1)  
190	13/04
19:00	 Levante
Deportivo La Coruna	
-0.25
+0.25
1.85
1.95
 
 	
2.5
1.95
1.80
2.10
3.40
3.40
1.30
1.30
1.70
1.5
1.0
2.10
1.90
1.70
1.85
 	 0:4(0:3)  
191	13/04
21:00	 Espanyol
Valencia	
+0.25
-0.25
1.80
2.00
 
 	
2.5
1.95
1.80
3.00
3.40
2.30
1.60
1.30
1.37
1.0
1.5
1.75
2.25
2.00
1.60
 	 3:3(1:0)  
192	13/04
23:00	 Malaga
Osasuna	
-0.75
+0.75
2.10
1.70
 
 	
2.5
1.95
1.80
1.85
3.50
4.30
1.22
1.30
1.95
1.5
1.0
1.95
2.20
1.80
1.65
 	 1:0(0:0)  
195	14/04
13:00	 Rayo Vallecano
Real Sociedad	
0
0
1.80
1.95
  	
2.75
1.90
 	
1.85
 	
2.50
3.40
2.70
1.45
1.30
1.50
1.5
1.5
2.15
2.25
1.65
1.62
 	 0:2(0:2)  
196	14/04
18:00	 Atletico Madrid
Granada	
–1.5
+1.5
1.95
1.80
  	
2.75
1.90
 	
1.85
 	
1.32
5.00
10.00
1.04
1.17
3.35
2.0
1.0
1.80
3.60
1.95
1.27
 	 5:0(2:0)  
197	14/04
20:00	 Real Zaragoza
Barcelona	
+1.25
-1.25
1.80
1.95
 
 	
3.0
1.87
1.87
6.50
4.60
1.45
2.70
1.20
1.10
1.0
2.0
2.30
1.80
1.57
1.95
 	 0:3(0:2)  
198	14/04
22:00	 Athletic Bilbao
Real Madrid	
+1.25
-1.25
1.80
2.00
 
 	
3.0
1.72
2.05
6.30
4.50
1.47
2.65
1.20
1.11
1.0
2.0
2.05
1.72
1.75
2.05
 	 0:3(0:1)  
201	15/04
22:00	 Mallorca
Celta	
-0.25
+0.25
1.72
2.05
 
 	
2.5
1.87
1.87
2.00
3.50
3.60
1.28
1.30
1.80
1.5
1.0
2.00
1.90
1.75
1.85
 	 1:0(0:0)  
206	19/04
22:00	 Mallorca
Rayo Vallecano	
-0.25
+0.25
1.87
1.87
 
 	
2.5
1.85
1.90
2.15
3.50
3.20
1.33
1.30
1.70
1.5
1.0
2.05
1.75
1.72
2.00
 	 1:1(1:1)  
207	20/04
17:00	 Granada
Real Valladolid	
-0.25
+0.25
1.75
2.05
 
 	
2.25
1.85
 	
1.90
 	
2.05
3.30
3.70
1.27
1.32
1.75
2.5
1.0
1.80
3.50
2.00
1.28 
 	 1:1(0:0)  
208	20/04
19:00	 Real Madrid
Real Betis	
-1.75
+1.75
1.90
1.85
 
 	
3.5
1.95
1.80
1.27
6.00
9.50
1.05
1.12
3.70
2.5
1.0
1.85
2.50
1.90
1.50
 	 3:1(1:0)  
209	20/04
21:00	 Barcelona
Levante	
–2.0
+2.0
1.90
1.85
  	
3.25
1.85
 	
1.90
 	
1.20
6.50
14.00
1.02
1.11
4.50
2.5
1.0
1.80
3.50
2.00
1.28
 	 1:0(0:0)  
210	20/04
23:00	 Valencia
Malaga	
-0.75
+0.75
1.80
1.95
 
 	
2.75
1.95
 	
1.80
 	
1.65
3.80
5.20
1.15
1.25
2.20
1.5
1.0
1.70
2.20
2.10
1.62
 	 5:1(4:1)  
211	21/04
13:00	 Getafe
Espanyol	
-0.25
+0.25
1.90
1.90
 
 	
2.25
1.90
 	
1.85
 	
2.25
3.30
3.30
1.35
1.35
1.65
1.0
1.0
1.60
2.00
2.25
1.75
 	 0:2(0:1)  
212	21/04
18:00	 Deportivo La Coruna
Athletic Bilbao	
-0.25
+0.25
1.85
1.90
 
 	
2.75
1.90
 	
1.85
 	
2.15
3.60
3.20
1.35
1.30
1.70
1.5
1.0
1.95
1.65
1.80
2.20
 	 1:1(1:1)  
213	21/04
20:00	 Osasuna
Real Sociedad	
+0.25
-0.25
1.75
2.05
 
 	
2.25
1.80
 	
1.95
 	
2.90
3.30
2.40
1.55
1.32
1.40
1.0
1.0
1.75
1.60
2.00
2.25
 	 0:0(0:0)  
214	21/04
22:00	 Sevilla
Atletico Madrid	
0
0
1.75
2.00
  	
2.5
1.95
1.80
2.45
3.35
2.80
1.42
1.32
1.53
1.0
1.0
1.57
1.70
2.30
2.10
 	 0:1(0:0)  
215	22/04
23:00	 Celta
Real Zaragoza	
-0.25
+0.25
1.72
2.10
 
 	
2.5
1.95
1.80
2.00
3.50
3.70
1.27
1.30
1.80
1.5
1.0
2.05
2.00
1.72
1.75
 	 2:1(1:1)  
177	26/04
22:00	 Rayo Vallecano
Osasuna	
-0.75
+0.75
2.05
1.75
 
 	
2.25
1.80
 	
1.95
 	
1.80
3.50
4.50
1.20
1.30
2.00
1.5
1.0
1.95
2.35
1.80
1.55
 	 2:2(1:2)  
178	27/04
17:00	 Levante
Celta	
-0.25
+0.25
1.80
1.95
 
 	
2.25
1.80
 	
1.95
 	
2.10
3.40
3.50
1.30
1.32
1.72
1.5
1.0
2.15
2.00
1.65
1.75
 	 0:1(0:1)  
179	27/04
19:00	 Athletic Bilbao
Barcelona	
+0.75
-0.75
1.95
1.80
 
 	
3.0
1.90
1.85
4.80
4.00
1.65
2.20
1.25
1.17
1.0
2.0
1.90
2.05
1.85
1.72
 	 2:2(1:0)  
180	27/04
21:00	 Atletico Madrid
Real Madrid	
-0.25
+0.25
1.95
1.85
 
 	
2.75
1.90
 	
1.85
 	
2.25
3.50
3.00
1.37
1.30
1.62
1.5
1.5
2.05
2.35
1.75
1.55
 	 1:2(1:1)  
181	27/04
23:00	 Real Zaragoza
Mallorca	
-0.25
+0.25
1.87
1.87
 
 	
2.25
1.80
 	
1.95
 	
2.20
3.30
3.30
1.32
1.32
1.65
1.5
1.0
2.25
1.95
1.60
1.80
 	 3:2(1:1)  
182	28/04
13:00	 Espanyol
Granada	
-0.25
+0.25
1.75
2.05
 
 	
2.25
1.80
 	
1.95
 	
2.05
3.40
3.60
1.28
1.32
1.75
1.5
1.0
2.15
2.05
1.65
1.72
 	 0:1(0:1)  
183	28/04
18:00	 Malaga
Getafe	
–1.0
+1.0
1.95
1.80
  	
2.75
1.95
 	
1.80
 	
1.57
4.00
6.00
1.13
1.25
2.40
1.5
1.0
1.65
2.40
2.20
1.53
 	 2:1(1:0)  
184	28/04
20:00	 Real Valladolid
Sevilla	
+0.25
-0.25
1.80
2.00
 
 	
2.75
1.95
 	
1.80
 	
3.00
3.40
2.30
1.60
1.30
1.37
1.5
1.5
2.35
2.10
1.55
1.70
 	 1:1(1:0)  
185	28/04
22:00	 Real Sociedad
Valencia	
-0.25
+0.25
1.95
1.80
 
 	
2.75
1.90
 	
1.85
 	
2.25
3.50
3.00
1.37
1.30
1.62
1.5
1.0
2.05
1.60
1.75
2.25
 	 4:2(1:1)  
186	29/04
23:00	 Real Betis
Deportivo La Coruna	
-0.75
+0.75
2.05
1.72
 
 	
2.75
1.80
 	
1.95
 	
1.85
3.70
3.90
1.23
1.25
1.90
1.5
1.0
1.75
1.75
2.05
2.00
 	 1:1(0:1)  
139	03/05
22:00	 Celta
Athletic Bilbao	
-0.25
+0.25
2.05
1.72
 
 	
2.5
1.87
1.87
2.40
3.35
2.90
1.40
1.32
1.55
1.5
1.0
2.25
1.65
1.62
2.15
 	 1:1(0:1)  
140	04/05
17:00	 Valencia
Osasuna	
-1.25
+1.25
1.87
1.87
 
 	
2.75
1.80
 	
1.95
 	
1.40
4.70
8.00
1.08
1.20
3.00
2.0
1.0
1.85
2.75
1.90
1.42
 	 4:0(2:0)  
141	04/05
19:00	 Granada
Malaga	
0
0
1.75
2.00
  	
2.5
1.90
1.85
2.45
3.40
2.80
1.42
1.32
1.55
1.5
1.0
2.30
1.65
1.60
2.15
 	 1:0(1:0)  
142	04/05
21:00	 Real Madrid
Real Valladolid	
-2.25
+2.25
1.85
1.90
 
 	
3.75
1.87
 	
1.87
 	
1.15
8.00
16.00
1.02
1.07
5.50
3.0
1.0
1.85
3.10
1.90
1.35
 	 4:3(2:2)  
143	04/05
23:00	 Deportivo La Coruna
Atletico Madrid	
+0.25
-0.25
2.10
1.72
 
 	
2.5
1.95
1.80
3.70
3.50
2.00
1.80
1.30
1.27
1.0
1.5
2.00
2.05
1.75
1.72
 	 0:0(0:0)  
144	05/05
13:00	 Mallorca
Levante	
-0.75
+0.75
1.95
1.80
 
 	
2.5
1.95
1.80
1.75
3.60
4.70
1.18
1.28
2.05
1.5
1.0
1.87
2.35
1.87
1.55
 	 1:1(1:1)  
145	05/05
18:00	 Real Zaragoza
Rayo Vallecano	
-0.25
+0.25
1.75
2.00
 
 	
2.5
1.95
1.80
2.05
3.40
3.60
1.28
1.32
1.75
1.5
1.0
2.10
1.95
1.70
1.80
 	 3:0(1:0)  
146	05/05
20:00	 Sevilla
Espanyol	
–1.0
+1.0
1.85
1.90
  	
2.75
1.90
 	
1.85
 	
1.53
4.00
6.50
1.11
1.25
2.50
2.0
1.0
2.10
2.50
1.70
1.50
 	 3:0(3:0)  
147	05/05
22:00	 Barcelona
Real Betis	
–2.0
+2.0
1.90
1.85
  	
3.5
1.80
1.95
1.22
6.80
12.00
1.03
1.11
4.40
2.5
1.0
1.70
2.65
2.10
1.45
 	 4:2(1:2)  
148	06/05
23:00	 Getafe
Real Sociedad	
+0.25
-0.25
2.05
1.75
 
 	
2.75
1.90
 	
1.85
 	
3.50
3.60
2.00
1.80
1.27
1.30
1.0
1.5
1.75
1.87
2.05
1.87
 	 2:1(2:1)  
155	10/05
22:00	 Levante
Real Zaragoza	
0
0
1.95
1.85
  	
2.25
1.90
 	
1.85
 	
2.75
3.20
2.60
1.50
1.35
1.45
1.0
1.0
1.80
1.75
1.95
2.00
 	 0:0(0:0)  
156	11/05
17:00	 Athletic Bilbao
Mallorca	
-0.75
+0.75
2.05
1.72
 
 	
2.75
1.85
 	
1.90
 	
1.85
3.70
4.00
1.23
1.27
1.95
1.5
1.0
1.75
1.85
2.00
1.90
 	 2:1(1:0)  
157	11/05
19:00	 Real Valladolid
Deportivo La Coruna	
0
0
1.80
1.95
  	
2.5
1.95
1.80
2.50
3.30
2.75
1.42
1.32
1.50
1.0
1.0
1.60
1.65
2.30
2.15
 	 1:0(0:0)  
158	11/05
21:00	 Osasuna
Getafe	
-0.75
+0.75
2.10
1.70
 
 	
2.25
1.90
 	
1.85
 	
1.85
3.40
4.30
1.20
1.30
1.90
1.5
1.0
2.10
2.50
1.70
1.50
 	 1:0(0:0)  
159	11/05
23:00	 Espanyol
Real Madrid	
+1.0
–1.0
1.80
2.00
  	
3.0
1.85
1.90
5.30
4.20
1.60
2.35
1.23
1.16
1.0
2.0
1.90
1.95
1.85
1.80
 	 1:1(1:0)  
160	12/05
13:00	 Rayo Vallecano
Valencia	
+0.25
-0.25
2.05
1.75
 
 	
2.75
1.80
 	
1.95
 	
3.50
3.60
2.00
1.80
1.27
1.30
1.0
1.5
1.65
1.85
2.15
1.95
 	 0:4(0:2)  
161	12/05
18:00	 Real Betis
Celta	
-0.75
+0.75
2.05
1.72
 
 	
2.75
1.85
 	
1.90
 	
1.85
3.70
4.00
1.23
1.27
1.95
1.5
1.0
1.75
1.85
2.00
1.90
 	 1:0(0:0)  
162	12/05
20:00	 Atletico Madrid
Barcelona	
+0.25
-0.25
2.20
1.65
 
 	
3.0
1.75
2.00
3.80
3.75
1.90
1.90
1.27
1.27
1.5
1.5
2.30
1.62
1.60
2.20
 	 1:2(0:0)  
163	12/05
22:00	 Malaga
Sevilla	
0
0
1.95
1.85
  	
2.75
1.85
 	
1.90
 	
2.70
3.40
2.55
1.50
1.32
1.47
1.5
1.5
2.15
2.10
1.65
1.70
 	 0:0(0:0)  
164	13/05
23:00	 Real Sociedad
Granada	
-1.25
+1.25
1.95
1.80
 
 	
2.75
1.75
 	
2.00
 	
1.45
4.50
7.00
1.10
1.20
2.75
2.0
1.0
1.87
2.50
1.87
1.50
 	 2:2(2:1)  
148	08/05
20:30	 Celta
Atletico Madrid	
+0.25
-0.25
1.90
1.90
 
 	
2.25
1.86
 	
1.90
 	
3.30
3.30
2.20
1.65
1.32
1.32
1.0
1.5
1.95
2.30
1.80
1.60
 	 1:3(0:0)  
149	08/05
22:30	 Real Madrid
Malaga	
-1.75
+1.75
1.87
1.87
 
 	
3.5
1.72
2.05
1.25
6.50
10.00
1.05
1.11
4.00
2.5
1.0
1.70
2.20
2.10
1.62
 	 6:2(4:2)  
143	18/05
19:00	 Getafe
Valencia	
+0.75
-0.75
2.00
1.75
 
 	
3.0
2.00
1.80
5.00
4.00
1.62
2.25
1.22
1.15
1.0
2.0
2.00
2.10
1.75
1.70
 	 0:1(0:1)  
144	18/05
21:00	 Granada
Osasuna	
-0.25
+0.25
1.80
2.00
 
 	
2.25
1.95
 	
1.80
 	
2.10
3.20
3.70
1.27
1.35
1.72
1.5
1.0
2.30
2.20
1.57
1.62
 	 3:0(1:0)  
145	18/05
23:00	 Sevilla
Real Sociedad	
-0.75
+0.75
2.05
1.72
 
 	
3.0
1.87
1.87
1.85
3.70
4.00
1.23
1.27
1.95
2.0
1.0
2.30
1.65
1.60
2.15
 	 1:2(1:2)  
146	19/05
13:00	 Levante
Rayo Vallecano	
0
0
1.85
1.95
  	
2.5
1.85
1.90
2.55
3.40
2.70
1.47
1.32
1.50
1.5
1.5
2.30
2.35
1.60
1.57
 	 2:3(0:1)  
147	19/05
18:00	 Deportivo La Coruna
Espanyol	
–1.0
+1.0
1.95
1.80
  	
2.75
1.90
 	
1.85
 	
1.57
4.00
5.50
1.13
1.22
2.35
2.0
1.0
2.15
2.30
1.65
1.57
 	 2:0(0:0)  
148	19/05
20:00	 Real Zaragoza
Athletic Bilbao	
-0.75
+0.75
2.00
1.75
 
 	
2.5
1.80
1.95
1.80
3.70
4.30
1.22
1.27
2.00
1.5
1.0
1.80
2.00
1.95
1.75
 	 1:2(1:0)  
149	19/05
22:00	 Barcelona
Real Valladolid	
–2.0
+2.0
1.95
1.80
  	
3.5
1.80
1.95
1.22
6.50
11.00
1.03
1.10
4.20
3.0
1.0
2.15
2.55
1.65
1.48
 	 2:1(2:0)  
150	20/05
23:00	 Mallorca
Real Betis	
0
0
1.85
1.95
  	
2.75
1.90
 	
1.85
 	
2.50
3.50
2.65
1.47
1.30
1.52
1.5
1.5
2.15
2.20
1.65
1.62
 	 1:0(1:0)  
140	26/05
21:00	 Getafe
Rayo Vallecano	
-0.25
+0.25
1.85
1.95
 
 	
2.75
1.85
 	
1.90
 	
2.10
3.60
3.20
1.33
1.27
1.70
1.5
1.0
1.90
1.65
1.85
2.15
 	 1:2(0:0)  
141	26/05
21:00	 Valencia
Granada	
-1.75
+1.75
1.80
1.95
 
 	
3.25
1.87
 	
1.87
 	
1.22
6.20
12.00
1.03
1.11
4.20
2.5
1.0
1.85
3.15
1.90
1.33
 	 1:0(0:0)  
142	26/05
21:00	 Osasuna
Sevilla	
-0.25
+0.25
2.05
1.75
 
 	
2.5
1.95
1.80
2.40
3.30
2.90
1.40
1.32
1.55
1.5
1.0
2.30
1.72
1.58
2.05
 	 2:1(0:0)  
143	26/05
21:00	 Real Sociedad
Real Madrid	
-0.25
+0.25
1.85
1.90
 
 	
3.25
1.80
 	
1.95
 	
2.10
3.80
3.00
1.36
1.25
1.70
1.5
1.5
1.65
1.95
2.15
1.80
 	 3:3(0:1)  
144	26/05
21:00	 Malaga
Deportivo La Coruna	
-0.25
+0.25
1.85
1.90
 
 	
2.75
1.80
 	
1.95
 	
2.15
3.50
3.20
1.33
1.30
1.70
1.5
1.0
1.90
1.57
1.85
2.30
 	 3:1(1:0)  
145	26/05
21:00	 Espanyol
Barcelona	
+1.0
–1.0
1.85
1.90
  	
3.25
1.95
 	
1.80
 	
5.20
4.20
1.57
2.35
1.22
1.14
1.0
2.0
1.80
1.80
1.95
1.95
 	 0:2(0:1)  
146	26/05
21:00	 Real Valladolid
Celta	
0
0
1.85
1.95
  	
2.5
1.85
1.90
2.55
3.40
2.70
1.47
1.32
1.50
1.5
1.5
2.30
2.35
1.60
1.57
 	 0:2(0:1)  
147	26/05
21:00	 Atletico Madrid
Mallorca	
-0.75
+0.75
1.75
2.00
 
 	
3.0
2.00
1.80
1.62
4.20
4.80
1.17
1.22
2.25
2.0
1.0
2.10
2.00
1.70
1.75
 	 0:0(0:0)  
148	26/05
21:00	 Real Betis
Real Zaragoza	
-0.25
+0.25
1.75
2.05
 
 	
2.75
1.90
 	
1.85
 	
2.00
3.60
3.50
1.30
1.27
1.80
1.5
1.0
1.87
1.75
1.87
2.05
 	 4:0(2:0)  
149	26/05
21:00	 Athletic Bilbao
Levante	
-1.25
+1.25
1.80
1.95
 
 	
3.0
1.95
1.80
1.37
4.80
8.00
1.07
1.17
3.00
2.0
1.0
1.75
2.65
2.05
1.45
 	 0:1(0:0)  
151	01/06
18:00	 Real Madrid
Osasuna	
–2.0
+2.0
2.00
1.80
  	
4.0
1.90
1.85
1.25
6.50
10.00
1.05
1.11
3.90
3.0
1.0
2.05
2.15
1.75
1.65
 	 4:2(2:0)  
152	01/06
20:00	 Barcelona
Malaga	
-1.75
+1.75
1.80
1.95
 
 	
3.75
1.80
 	
1.95
 	
1.25
6.50
9.50
1.05
1.10
3.90
3.0
1.0
2.05
2.10
1.75
1.70
 	 4:1(3:0)  
153	01/06
22:00	 Granada
Getafe	
-0.25
+0.25
1.75
2.05
 
 	
2.75
1.90
 	
1.85
 	
2.00
3.50
3.60
1.27
1.30
1.80
1.5
1.0
1.87
1.75
1.87
2.05
 	 2:0(1:0)  
154	01/06
22:00	 Sevilla
Valencia	
+0.25
-0.25
1.87
1.87
 
 	
3.0
1.80
1.95
3.10
3.60
2.15
1.67
1.27
1.35
1.5
1.5
2.15
1.75
1.65
2.00
 	 4:3(2:1)  
155	01/06
22:00	 Deportivo La Coruna
Real Sociedad	
0
0
1.85
1.90
  	
3.25
1.90
 	
1.85
 	
2.50
3.70
2.55
1.50
1.27
1.53
1.5
1.5
1.85
1.85
1.90
1.90
 	 0:1(0:1)  
156	01/06
22:00	 Celta
Espanyol	
-1.25
+1.25
2.00
1.75
 
 	
2.75
1.80
 	
1.95
 	
1.45
4.50
6.50
1.10
1.20
2.70
2.0
1.0
1.90
2.50
1.85
1.50
 	 1:0(1:0)  
157	01/06
22:00	 Mallorca
Real Valladolid	
–1.0
+1.0
1.80
1.95
  	
2.75
1.75
 	
2.00
 	
1.50
4.30
6.20
1.11
1.22
2.55
2.0
1.0
1.95
2.30
1.85
1.57
 	 4:2(2:1)  
158	01/06
22:00	 Real Zaragoza
Atletico Madrid	
-0.25
+0.25
2.05
1.75
 
 	
2.5
1.87
1.87
2.35
3.40
2.90
1.40
1.30
1.57
1.5
1.5
2.20
2.50
1.62
1.50
 	 1:3(0:0)  
159	01/06
22:00	 Levante
Real Betis	
+0.25
-0.25
1.90
1.85
 
 	
2.75
1.80
 	
1.95
 	
3.20
3.40
2.15
1.65
1.30
1.32
1.0
1.5
1.57
1.90
2.30
1.85
 	 1:1(0:0)  
160	01/06
22:00	 Rayo Vallecano
Athletic Bilbao	
-0.25
+0.25
1.85
1.95
 
 	
3.0
1.80
1.95
2.10
3.70
3.20
1.35
1.27
1.72
1.5
1.5
1.75
2.15
2.00
1.65
 	 2:2(1:1)  