382	05/11
18:45	 Thun
Luzern	
0
0
1.95
1.76
  	
2.5
1.95
1.76
2.50
3.25
2.40
1.45
1.25
1.42
1.5
1.5
2.20
2.10
1.60
1.65
 	 3:1(0:0)  
383	05/11
18:45	 FC Lausanne-Sport
Basel	
+1.25
-1.25
2.03
1.70
 
 	
3.25
1.85
 	
1.85
 	
8.10
4.80
1.26
3.40
1.12
1.02
 
 	 2:3(2:2)  
384	06/11
17:00	 Xamax
Zurich	
0
0
2.20
1.60
  	
2.5
1.72
2.00
2.95
3.25
2.10
1.65
1.25
1.31
 
 	 3:1(2:1)  
385	06/11
17:00	 Grasshopper
Sion	
0
0
2.30
1.55
  	
2.5
1.80
1.90
2.85
3.25
2.15
1.62
1.25
1.33
 
 	 2:1(2:1)  
386	06/11
17:00	 Servette
Young Boys	
0
0
2.55
1.45
  	
3.0
1.95
 	
1.76
 	
3.15
3.25
2.00
1.72
1.25
1.27
 
 	 1:0(1:0)  
371	19/11
18:45	 Basel
Young Boys	
–1.0
+1.0
2.30
1.55
  	
3.0
1.80
 	
1.90
 	
1.70
3.30
4.30
1.15
1.25
2.03
1.5
0.5
1.60
1.35
2.20
2.90
 	 1:0(1:0)  
372	19/11
18:45	 Thun
Servette	
0
0
1.55
2.30
  	
2.75
2.00
 	
1.72
 	
2.15
3.25
2.85
1.33
1.25
1.62
1.5
1.5
2.00
2.55
1.70
1.45
 	 3:0(1:0)  
373	20/11
17:00	 Luzern
Grasshopper	
–1.0
+1.0
1.90
1.80
 
2.75
1.95
 	
1.76
 	
1.50
3.55
5.75
1.07
1.21
2.50
 
 	 2:1(0:0)  
374	20/11
17:00	 Sion
Xamax	
-0.75
+0.75
1.80
1.90
 
 	
2.5
1.75
1.96
1.54
3.65
5.00
1.10
1.20
2.40
 
 	 2:0(2:0)  
375	20/11
17:00	 Zurich
FC Lausanne-Sport	
–1.5
+1.5
1.95
1.76
3.0
1.80
 	
1.90
 	
1.26
4.70
8.60
1.01
1.12
3.40
 
 	 4:1(2:1) 
310	03/12
18:45	 Basel
Luzern	
–1.0
+1.0
1.85
1.85
 
3.0
1.75
1.96
1.45
3.75
6.00
1.07
1.19
2.60
 
 	 1:0(0:0)  
311	03/12
18:45	 FC Lausanne-Sport
Xamax	
0
0
2.10
1.65
  	
2.75
1.95
 	
1.76
 	
2.60
3.25
2.30
1.49
1.25
1.39
1.5
1.5
2.20
2.00
1.60
1.70
 	 1:3(0:2)  
312	04/12
17:00	 Young Boys
Sion	
0
0
1.30
3.20
  	
2.75
1.80
 	
1.90
 	
1.70
3.30
4.30
1.15
1.25
2.03
 
 	 1:1(1:1)  
313	04/12
17:00	 Grasshopper
Thun	
0
0
1.65
2.11
  	
2.75
1.90
 	
1.80
 	
2.25
3.25
2.70
1.36
1.25
1.51
 
 	 1:0(0:0)  
314	04/12
17:00	 Servette
Zurich	
0
0
2.00
1.72
  	
2.75
1.80
 	
1.90
 	
2.60
3.25
2.30
1.49
1.25
1.39
 
 	 0:1(0:1) 
358	10/12
18:45	 Zurich
Sion	
0
0
1.45
2.55
  	
2.5
1.75
1.96
2.00
3.25
3.15
1.27
1.25
1.72
1.5
1.5
1.80
2.55
1.90
1.45
 	 1:1(1:0)  
359	10/12
18:45	 Thun
Young Boys	
0
0
2.10
1.65
  	
2.5
1.72
2.00
2.75
3.25
2.20
1.60
1.25
1.35
1.5
1.5
2.20
1.85
1.60
1.85
 	 1:1(1:1)  
360	11/12
17:00	 FC Lausanne-Sport
Grasshopper	
0
0
2.00
1.72
  	
2.75
1.80
 	
1.90
 	
2.50
3.25
2.40
1.45
1.25
1.42
 
 	 2:1(2:0)  
361	11/12
17:00	 Luzern
Servette	
–1.0
+1.0
2.00
1.72
 
2.75
1.80
 	
1.90
 	
1.47
3.80
5.50
1.08
1.19
2.55
 
 	 1:2(1:1)  
362	11/12
17:00	 Xamax
Basel	
0
0
3.20
1.30
  	
3.0
1.85
 	
1.85
 	
4.30
3.30
1.70
2.03
1.25
1.15
 
 	 1:1(0:0)    
308	04/02
18:45	 Luzern
Zurich	
–1.0
+1.0
2.55
1.45
2.75
1.95
 	
1.76
 	
1.85
3.30
3.55
1.21
1.25
1.85
1.5
0.5
1.70
1.30
2.00
3.20
 	 1:1(1:0) 
179	05/02
17:00	 Young Boys
Servette	
–1.0
+1.0
1.80
1.90
3.0
2.00
 	
1.76
 	
1.42
3.90
6.20
1.06
1.18
2.70
 
 	 3:1(3:0)  
180	05/02
17:00	 Grasshopper
Thun	
0
0
1.75
1.96
2.5
2.00
1.72
2.40
3.25
2.50
1.42
1.25
1.45
1.5
1.5
2.10
2.30
1.66
1.55
 	 0:1(0:1)  
797	05/02
17:00	 Basel
Sion	
–1.0
+1.0
1.85
1.85
2.75
1.85
 	
1.85
 	
1.46
3.70
5.90
1.07
1.20
2.60
 
 	 0:0(0:0)  
321	11/02
18:45	 Thun
Luzern	
0
0
1.70
2.03
2.25
1.75
 	
1.96
 	
2.35
3.10
2.65
1.37
1.28
1.47
1.5
1.5
2.10
2.40
1.65
1.50
 	 1:1(0:0)  
322	12/02
17:00	 Zurich
Grasshopper	
0
0
1.35
2.90
2.75
1.90
 	
1.80
 	
1.75
3.30
4.00
1.17
1.25
1.96
 
 	 2:0(0:0) 
173	16/02
21:15	 Young Boys
Basel	
0
0
1.70
2.03
2.75
1.90
 	
1.80
 	
2.30
3.25
2.60
1.39
1.25
1.49
1.5
1.5
1.90
2.10
1.80
1.65
 	 2:2(1:0)  
174	18/02
18:45	 Zurich
Thun	
0
0
1.30
3.20
2.5
2.00
1.72
1.80
3.30
3.75
1.19
1.25
1.90
 
 	 1:1(1:0)
142	19/02
17:00	 Servette
Grasshopper	
–1.0
+1.0
2.55
1.45
2.5
1.80
1.90
1.85
3.30
3.55
1.21
1.25
1.85
1.5
0.5
1.75
1.35
1.95
2.90
 	 3:1(0:0)  
143	19/02
17:00	 FC Lausanne-Sport
Luzern	
0
0
2.40
1.50
2.5
1.85
1.85
3.15
3.25
2.00
1.72
1.25
1.27
1.5
1.5
2.55
1.80
1.45
1.90
 	 0:0(0:0)  
297	25/02
18:45	 Basel
Zurich	
–1.0
+1.0
2.40
1.50
2.75
1.80
 	
1.90
 	
1.75
3.30
4.00
1.17
1.25
1.96
1.5
0.5
1.55
1.40
2.30
2.70
 	 1:0(0:0)  
298	25/02
18:45	 Luzern
Young Boys	
0
0
2.20
1.60
2.5
1.85
 	
1.85
 	
2.75
3.25
2.20
1.60
1.25
1.35
1.5
1.5
2.30
2.00
1.55
1.70
 	 2:0(2:0)  
299	26/02
17:00	 Grasshopper
FC Lausanne-Sport	
0
0
1.30
3.20
2.5
1.75
1.96
1.75
3.30
4.00
1.17
1.25
1.96
 
 	 0:0(0:0) 
345	03/03
18:45	 Thun
Servette	
–1.0
+1.0
2.55
1.45
  	
2.5
1.95
(1.37)
1.76
(1.32)
1.85
3.30
3.55
1.21
1.25
1.85
1.5
0.5
1.75
1.35
1.95
2.90
 	 1:0(0:0)  
346	03/03
18:45	 Zurich
Sion	
0
0
1.50
2.40
  	
2.25
1.75
 	
1.96
 	
2.05
3.25
3.05
1.29
1.25
1.68
1.5
1.5
1.90
2.55
1.80
1.45
 	 0:1(0:1)  
347	04/03
17:00	 Basel
Luzern	
–1.0
+1.0
2.00
1.72
 
2.75
1.95
 	
1.76
 	
1.50
3.50
5.90
1.07
1.22
2.50
 
 	 3:1(1:0)  
348	04/03
17:00	 FC Lausanne-Sport
Young Boys	
+1.0
–1.0
1.80
1.90
 	
2.75
1.95
 	
1.76
 	
6.00
3.45
1.50
2.50
1.23
1.07
 
 	 0:0(0:0)
338	10/03
18:45	 Sion
Thun	
–1.0
+1.0
2.40
1.50
2.25
2.00
 	
1.72
 	
1.75
3.25
4.10
1.16
1.25
1.96
1.5
0.5
1.75
1.45
1.96
2.55
 	 1:0(1:0)  
339	10/03
18:45	 Grasshopper
Basel	
0
0
2.55
1.45
2.5
1.80
1.90
3.10
3.30
2.00
1.72
1.25
1.28
1.5
1.5
2.55
1.85
1.45
1.85
 	 0:2(0:2)  
340	11/03
17:00	 FC Lausanne-Sport
Zurich	
0
0
2.70
1.40
2.5
2.05
1.68
3.15
3.25
2.00
1.72
1.25
1.27
 
 	 0:1(0:1)  
341	11/03
17:00	 Servette
Luzern	
0
0
1.85
1.85
2.5
2.00
1.72
2.50
3.10
2.50
1.42
1.28
1.42
 
 	 2:1(0:0)  
331	17/03
18:45	 Grasshopper
Young Boys	
+1.0
–1.0
1.50
2.40
  	
2.25
1.80
 	
1.90
 	
4.00
3.30
1.75
1.96
1.25
1.17
0.5
1.5
1.45
1.70
2.55
2.00
 	 2:0(0:0)  
332	17/03
18:45	 Luzern
Sion	
0
0
1.55
2.30
  	
2.5
2.10
1.66
2.15
3.25
2.85
1.33
1.25
1.62
1.5
0.5
2.10
1.45
1.65
2.55
 	 0:0(0:0)  
333	18/03
17:00	 Thun
FC Lausanne-Sport	
–1.0
+1.0
1.85
1.85
 
2.25
1.80
 	
1.90
 	
1.50
3.35
6.30
1.06
1.24
2.50
 
 	 2:0(1:0)  
334	18/03
17:00	 Servette
Zurich	
0
0
2.03
1.70
  	
2.25
1.75
 	
1.96
 	
2.55
3.25
2.35
1.47
1.25
1.40
 
 	 1:1(0:1) 
372	24/03
18:45	 Basel
Servette	
-1.25
+1.25
1.80
1.90
 
 	
3.0
1.85
1.85
1.30
4.10
9.00
1.01
1.16
3.20
 	 5:0(1:0)  
373	25/03
17:00	 Luzern
Grasshopper	
-0.75
+0.75
1.75
1.96
 
 	
2.25
1.80
 	
1.90
 	
1.55
3.40
5.45
1.09
1.23
2.35
 	 1:0(1:0)  
374	25/03
17:00	 Young Boys
Thun	
0
0
1.25
3.55
  	
2.25
1.75
 	
1.96
 	
1.70
3.30
4.30
1.15
1.25
2.03
 	 4:0(2:0)  
358	31/03
18:45	 Thun
Basel	
+1.0
–1.0
1.45
2.55
2.75
1.90
 	
1.80
 	
3.75
3.30
1.80
1.90
1.25
1.19
0.5
1.5
1.40
1.75
2.70
1.95
 	 2:3(1:2)  
359	31/03
18:45	 Grasshopper
Sion	
0
0
2.55
1.45
2.25
1.85
 	
1.85
 	
3.15
3.25
2.00
1.72
1.25
1.27
1.5
1.5
2.55
1.90
1.45
1.80
 	 0:2(0:1)  
360	01/04
17:00	 Zurich
Young Boys	
0
0
1.95
1.76
2.25
1.72
 	
2.00
 	
2.55
3.20
2.40
1.45
1.26
1.40
 
 	 2:2(1:0)  
346	07/04
18:45	 Luzern
Basel	
+0.25
-0.25
1.85
1.85
 
 	
2.75
1.80
 	
1.90
 	
2.80
3.30
2.15
1.62
1.25
1.34
0.5
1.5
1.45
1.90
2.55
1.80
 	 1:1(0:1)  
347	07/04
18:45	 Sion
Zurich	
–1.0
+1.0
2.55
1.45
  	
2.25
1.95
 	
1.76
 	
1.90
3.25
3.45
1.23
1.25
1.80
1.5
0.5
2.00
1.45
1.70
2.55
 	 2:1(0:1)  
348	09/04
17:00	 Servette
Thun	
-0.25
+0.25
2.00
1.72
 
 	
2.5
1.95
1.76
2.30
3.20
2.65
1.37
1.26
1.49
1.5
1.5
2.20
2.40
1.60
1.50
 	 0:2(0:1)  
349	09/04
17:00	 Young Boys
FC Lausanne-Sport	
-1.75
+1.75
1.80
1.90
 
 	
3.0
1.75
1.96
1.20
4.65
13.10
1.01
1.12
3.90
2.5
0.5
1.75
1.70
1.95
2.00
 	 1:3(0:2) 
350	14/04
18:45	 FC Lausanne-Sport
Thun	
+0.25
-0.25
1.90
1.80
 
 	
2.25
1.75
 	
1.96
 	
2.90
3.20
2.15
1.62
1.26
1.32
1.5
1.5
2.55
2.10
1.45
1.65
 	 1:0(1:0)  
351	14/04
18:45	 Young Boys
Grasshopper	
-1.25
+1.25
1.80
1.90
 
 	
3.0
1.95
1.76
1.35
3.80
8.30
1.02
1.19
2.95
2.0
0.5
1.60
1.60
2.20
2.20
 	 2:2(1:1)  
352	15/04
17:00	 Zurich
Luzern	
-0.25
+0.25
1.90
1.80
 
 	
2.25
1.80
 	
1.90
 	
2.25
3.15
2.75
1.35
1.27
1.51
1.5
1.5
2.10
2.40
1.65
1.50
 	 0:0(0:0)  
348	21/04
18:45	 Luzern
Servette	
-0.75
+0.75
1.75
1.96
 
 	
2.5
1.75
1.95
1.60
3.25
5.30
1.09
1.25
2.20
1.5
0.5
1.55
1.45
2.30
2.55
 	 3:1(2:0)  
349	21/04
18:45	 Thun
Grasshopper	
-0.75
+0.75
1.95
1.76
 
 	
2.5
1.95
1.76
1.70
3.30
4.30
1.15
1.25
2.03
1.5
0.5
1.75
1.50
1.95
2.40
 	 0:0(0:0)  
350	22/04
17:00	 Zurich
FC Lausanne-Sport	
–1.0
+1.0
1.80
1.90
  	
2.5
1.72
2.00
1.50
3.55
5.70
1.08
1.21
2.50
1.5
0.5
1.45
1.55
2.55
2.30
 	 2:0(1:0)  
322	28/04
18:45	 Grasshopper
Luzern	
+0.25
-0.25
1.85
1.85
 
 	
2.25
1.72
 	
2.00
 	
2.85
3.25
2.15
1.62
1.25
1.33
1.5
1.5
2.55
2.00
1.45
1.70
 	 2:2(0:2)  
323	28/04
18:45	 Servette
Young Boys	
+0.25
-0.25
2.10
1.66
 
 	
2.75
1.80
 	
1.90
 	
3.30
3.25
1.95
1.76
1.25
1.25
0.5
1.5
1.35
1.85
2.90
1.85
 	 2:1(0:0)  
324	29/04
17:00	 Basel
FC Lausanne-Sport	
-1.75
+1.75
1.75
1.96
 
 	
3.25
1.90
 	
1.80
 	
1.20
4.85
12.00
1.01
1.11
3.90
 
 	 3:1(1:1)
774	01/05
20:45	 Young Boys
Zurich	
-0.25
+0.25
1.65
2.15
 
 	
3.0
1.95
1.80
1.90
3.60
3.80
1.25
1.27
1.85
1.5
1.0
1.72
1.65
2.05
2.15
 	 1:0(1:0) 
213	02/05
20:45	 Grasshopper
Servette	
-0.25
+0.25
1.95
1.76
 
 	
2.75
1.75
 	
1.96
 	
2.25
3.25
2.70
1.36
1.25
1.51
1.5
1.5
2.00
2.30
1.70
1.55
 	 0:3(0:1)  
214	02/05
20:45	 Basel
Thun	
-1.25
+1.25
1.90
1.80
 
 	
3.0
1.75
1.96
1.40
3.65
7.45
1.03
1.20
2.75
2.0
0.5
1.75
1.55
1.95
2.30
 	 2:1(1:1)  
215	02/05
21:15	 FC Lausanne-Sport
Sion	
+1.0
–1.0
1.45
2.55
  	
2.5
1.95
1.76
3.65
3.25
1.85
1.85
1.25
1.20
0.5
1.5
1.40
1.90
2.70
1.80
 	 1:0(1:0)  
266	05/05
20:45	 Young Boys
Luzern	
-0.25
+0.25
1.75
1.96
 
 	
2.75
1.95
 	
1.76
 	
1.95
3.30
3.25
1.25
1.25
1.76
1.5
0.5
1.85
1.30
1.85
3.20
 	 2:2(1:0)  
267	06/05
17:00	 Servette
FC Lausanne-Sport	
-0.25
+0.25
1.55
2.30
 
 	
2.75
1.75
 	
1.96
 	
1.75
3.30
4.00
1.17
1.25
1.96
1.5
0.5
1.65
1.40
2.10
2.70
 	 0:0(0:0)  
268	06/05
17:00	 Zurich
Basel	
+0.25
-0.25
1.95
1.76
 
 	
2.75
1.80
 	
1.90
 	
2.95
3.25
2.10
1.65
1.25
1.31
1.5
1.5
2.40
1.85
1.50
1.85
 	 1:5(1:2) 
214	12/05
18:45	 Basel
Grasshopper	
-1.75
+1.75
1.80
1.90
 
 	
3.5
1.95
1.76
1.25
4.45
10.10
1.01
1.14
3.50
2.5
0.5
1.80
1.55
1.90
2.30
 	 6:3(2:1)  
215	12/05
18:45	 Luzern
FC Lausanne-Sport	
-1.25
+1.25
2.00
1.72
 
 	
3.0
1.95
1.76
1.42
3.60
7.00
1.04
1.21
2.70
2.0
0.5
1.85
1.55
1.85
2.30
 	 3:2(0:0)  
216	13/05
17:00	 Thun
Young Boys	
0
0
1.95
1.76
  	
2.5
1.75
1.96
2.50
3.20
2.45
1.44
1.26
1.42
1.5
1.5
2.20
2.10
1.60
1.65
 	 2:2(2:1)  
217	13/05
17:00	 Zurich
Servette	
-0.25
+0.25
1.65
2.11
 
 	
3.0
1.95
1.76
1.95
3.25
3.30
1.25
1.25
1.76
1.5
1.5
1.80
2.55
1.90
1.45
 	 0:1(0:0)  
134	20/05
17:00	 Young Boys
Sion	
–1.0
+1.0
2.40
1.50
  	
2.5
1.65
2.11
1.75
3.30
4.00
1.17
1.25
1.96
1.5
0.5
1.70
1.45
2.03
2.55
 	 3:0(1:0)  
135	20/05
17:00	 Luzern
Thun	
-0.25
+0.25
1.60
2.19
 
 	
3.0
2.10
1.66
1.85
3.30
3.55
1.21
1.25
1.85
1.5
0.5
1.80
1.45
1.90
2.55
 	 0:1(0:0)  
136	20/05
17:00	 Grasshopper
Zurich	
+0.25
-0.25
1.85
1.85
 
 	
2.75
1.80
 	
1.90
 	
2.70
3.25
2.25
1.51
1.25
1.36
1.5
1.5
2.00
1.90
1.72
1.80
 	 0:1(0:0)  
137	20/05
17:00	 Servette
Basel	
+0.25
-0.25
2.20
1.60
 
 	
3.5
1.95
1.76
3.55
3.30
1.85
1.85
1.25
1.21
0.5
1.5
1.35
1.70
2.90
2.03
 	 2:1(1:0)  
96	23/05
21:15	 Basel
Young Boys	
–1.0
+1.0
1.95
1.76
  	
3.25
1.75
 	
1.96
 	
1.55
3.60
5.00
1.10
1.21
2.35
1.5
0.5
1.45
1.45
2.55
2.55
 	 1:2(1:1)  
97	23/05
21:15	 FC Lausanne-Sport
Grasshopper	
-0.25
+0.25
1.80
1.90
 
 	
2.75
1.85
 	
1.85
 	
2.05
3.30
3.00
1.30
1.25
1.68
1.5
1.5
1.75
2.40
1.95
1.50
 	 2:1(1:1)  
98	23/05
21:15	 Sion
Luzern	
0
0
1.95
1.76
  	
2.5
1.90
1.80
2.50
3.25
2.40
1.45
1.25
1.42
1.5
1.5
2.30
2.20
1.55
1.60
 	 1:3(1:1)  
99	23/05
21:15	 Thun
Zurich	
-0.25
+0.25
1.90
1.80
 
 	
2.75
1.95
 	
1.76
 	
2.25
3.25
2.70
1.36
1.25
1.51
1.5
1.5
2.00
2.30
1.70
1.55
 	 2:4(0:0)    
178	26/02
17:00	 FC Sion
Servette	
-0.75
+0.75
1.70
2.03
 
 	
2.5
1.85
(1.30)
1.85
(1.39)
1.57
3.30
5.50
1.08
1.25
2.35
1.5
0.5
1.55
1.35
2.30
2.90
 	 0:1(0:0)  
217	25/03
17:00	 FC Sion
FC Lausanne-Sport	
–1.0
+1.0
1.85
1.85
  	
2.25
1.75
 	
1.96
 	
1.45
3.45
7.00
1.04
1.23
2.60
 
 	 1:0(0:0)  
181	01/04
17:00	 FC Lausanne-Sport
Servette	
0
0
2.10
1.65
2.25
1.90
 	
1.80
 	
2.65
3.15
2.35
1.47
1.27
1.37
1.5
1.5
2.55
2.40
1.45
1.50
 	 3:1(1:1)  
180	15/04
17:00	 Servette
FC Sion	
0
0
2.20
1.60
  	
2.25
1.80
 	
1.90
 	
2.95
3.25
2.10
1.65
1.25
1.31
1.5
1.5
2.70
2.10
1.40
1.65
 	 2:2(0:1)  
174	22/04
17:00	 FC Sion
FC Basel 1893	
0
0
2.40
1.50
  	
2.25
1.75
 	
1.96
 	
3.05
3.25
2.05
1.68
1.25
1.29
1.5
1.5
2.75
2.10
1.40
1.65
 	 0:3(0:0) 
172	29/04
17:00	 FC Thun
FC Sion	
0
0
1.75
1.96
  	
2.0
1.75
1.95
2.45
3.15
2.50
1.42
1.27
1.44
1.5
1.5
2.50
2.55
1.47
1.45
 	 1:1(0:1) 
