665	03/10
22:30	 Vitoria Guimaraes
Boavista	
–1.0
+1.0
2.05
1.77
  	
2.25
1.85
 	
1.95
 	
1.57
3.85
6.30
1.12
1.26
2.39
1.5
1.0
1.75
3.00
2.00
1.36
 	 3:0(1:0)  
666	04/10
22:15	 Penafiel
Sporting Lisbon	
+1.25
-1.25
1.77
2.05
 
 	
2.25
1.85
 	
1.95
 	
8.50
4.35
1.42
2.90
1.22
1.07
1.0
1.5
4.50
1.60
1.18
2.25
 	 0:4(0:0)  
667	05/10
18:00	 Academica Coimbra
Moreirense	
-0.25
+0.25
1.95
1.80
 
 	
2.0
1.90
1.85
2.30
3.10
3.30
1.32
1.36
1.60
1.0
1.0
1.75
2.30
2.00
1.57
 	 0:0(0:0)  
668	05/10
18:00	 Gil Vicente
Estoril-Praia	
+0.25
-0.25
2.05
1.75
 
 	
2.25
1.94
 	
1.85
 	
3.70
3.25
2.10
1.73
1.34
1.28
1.0
1.5
2.20
2.30
1.67
1.62
 	 1:1(1:1)  
669	05/10
18:00	 Pacos de Ferreira
Maritimo	
-0.25
+0.25
1.95
1.85
 
 	
2.25
1.95
 	
1.85
 	
2.30
3.25
3.20
1.36
1.35
1.62
1.0
1.0
1.62
2.00
2.25
1.75
 	 3:2(0:1)  
670	05/10
20:00	 Benfica
Arouca	
-1.75
+1.75
1.85
1.95
 
 	
2.75
1.83
 	
1.97
 	
1.20
6.30
17.00
1.01
1.12
4.60
2.5
1.0
2.10
5.20
1.75
1.16
 	 4:0(0:0)  
671	05/10
20:00	 Porto
Sporting Braga	
–1.0
+1.0
1.77
2.05
  	
2.5
2.00
1.80
1.45
4.20
8.00
1.08
1.23
2.75
1.5
1.0
1.67
3.50
2.20
1.28
 	 2:1(1:1)  
672	05/10
21:00	 Nacional Madeira
Rio Ave	
-0.25
+0.25
1.80
2.00
 
 	
2.25
1.94
 	
1.85
 	
2.10
3.30
3.60
1.28
1.33
1.72
1.5
1.0
2.30
2.20
1.62
1.67
 	 0:0(0:0)  
673	05/10
22:15	 Belenenses
Vitoria de Setubal	
-0.25
+0.25
1.85
1.95
 
 	
2.25
2.05
 	
1.75
 	
2.15
3.20
3.60
1.29
1.35
1.69
1.0
1.0
1.62
2.30
2.30
1.62
 	 1:1(0:1) 
724	24/10
22:30	 Vitoria de Setubal
Vitoria Guimaraes	
0
0
2.10
1.75
  	
2.0
1.77
2.05
2.95
3.15
2.50
1.55
1.36
1.40
1.0
1.0
2.00
1.77
1.80
2.05
 	 0:1(0:0)  
725	25/10
18:00	 Boavista
Pacos de Ferreira	
+0.25
-0.25
2.05
1.80
 
 	
2.25
2.04
 	
1.77
 	
3.80
3.20
2.10
1.75
1.35
1.27
1.0
1.0
2.35
1.60
1.60
2.35
 	 1:2(0:1)  
726	25/10
18:00	 Moreirense
Gil Vicente	
-0.25
+0.25
1.62
2.25
 
 	
2.0
1.80
2.00
1.90
3.30
4.40
1.21
1.33
1.89
1.5
1.0
2.25
2.75
1.65
1.45
 	 2:0(0:0)  
727	25/10
22:15	 Arouca
Porto	
+1.25
-1.25
2.00
1.80
 
 	
2.5
2.00
1.80
11.00
4.70
1.33
3.29
1.19
1.04
1.0
2.0
4.50
2.05
1.18
1.72
 	 0:5(0:3)  
728	26/10
18:00	 Nacional Madeira
Academica Coimbra	
-0.75
+0.75
2.10
1.70
 
 	
2.0
1.83
1.97
1.85
3.30
4.70
1.20
1.33
1.97
1.5
1.0
2.20
2.90
1.62
1.38
 	 1:0(0:0)  
729	26/10
18:00	 Estoril-Praia
Belenenses	
-0.75
+0.75
2.00
1.80
 
 	
2.0
1.75
2.00
1.75
3.50
5.00
1.17
1.30
2.10
1.5
1.0
2.10
3.00
1.70
1.36
 	 1:2(0:1)  
730	26/10
20:00	 Sporting Lisbon
Maritimo	
-1.25
+1.25
1.90
1.90
 
 	
2.5
1.85
1.95
1.37
4.70
9.00
1.06
1.19
3.09
2.0
1.0
1.95
4.00
1.85
1.25
 	 4:2(3:0)  
731	26/10
22:15	 Sporting Braga
Benfica	
+0.75
-0.75
1.72
2.10
 
 	
2.25
1.81
 	
2.00
 	
4.40
3.50
1.85
1.95
1.30
1.22
1.0
1.5
2.35
2.00
1.60
1.80
 	 2:1(1:1)  
732	27/10
22:00	 Rio Ave
Penafiel	
-0.75
+0.75
2.00
1.80
 
 	
2.0
1.85
1.95
1.76
3.35
5.30
1.16
1.33
2.05
1.5
1.0
2.15
2.90
1.65
1.36
 	 3:2(2:1)
776	31/10
21:45	 Benfica
Rio Ave	
–1.5
+1.5
2.00
1.80
  	
2.75
1.95
 	
1.85
 	
1.33
5.00
10.00
1.05
1.17
3.35
2.0
1.0
1.85
3.60
1.90
1.27
 	 1:0(0:0)  
777	01/11
18:00	 Penafiel
Estoril-Praia	
+0.25
-0.25
2.30
1.62
 
 	
2.0
1.80
2.00
4.40
3.30
1.90
1.90
1.35
1.22
1.0
1.5
2.75
2.25
1.45
1.65
 	 1:2(0:1)  
778	01/11
20:00	 Vitoria Guimaraes
Sporting Lisbon	
+0.75
-0.75
1.80
2.05
 
 	
2.5
1.93
1.87
4.40
3.65
1.80
1.99
1.28
1.21
1.0
1.5
2.25
1.90
1.65
1.90
 	 3:0(2:0)  
779	01/11
22:15	 Porto
Nacional Madeira	
-1.75
+1.75
2.00
1.80
 
 	
2.75
1.80
 	
2.00
 	
1.25
6.00
12.00
1.03
1.13
4.00
2.5
1.0
2.15
3.80
1.65
1.25
 	 2:0(1:0)  
780	02/11
18:00	 Gil Vicente
Arouca	
0
0
1.80
1.95
  	
2.25
1.95
 	
1.80
 	
2.60
3.20
2.80
1.45
1.35
1.50
1.0
1.0
1.75
1.85
2.00
1.90
 	 1:1(0:0)  
781	02/11
18:00	 Maritimo
Moreirense	
-0.25
+0.25
1.65
2.15
 
 	
2.0
1.75
2.00
1.95
3.20
4.30
1.21
1.34
1.83
1.5
1.0
2.25
2.50
1.60
1.50
 	 1:2(0:1)  
782	02/11
18:00	 Pacos de Ferreira
Vitoria de Setubal	
-0.75
+0.75
2.10
1.72
 
 	
2.25
1.93
 	
1.87
 	
1.85
3.40
4.50
1.20
1.32
1.95
1.5
1.0
2.05
2.50
1.72
1.50
 	 4:1(0:0)  
783	02/11
21:15	 Academica Coimbra
Sporting Braga	
+0.25
-0.25
2.10
1.75
 
 	
2.0
1.90
1.90
3.90
3.20
2.05
1.76
1.34
1.25
1.0
1.0
2.65
1.65
1.45
2.15
 	 1:1(0:0)  
784	03/11
22:00	 Belenenses
Boavista	
-0.25
+0.25
1.55
2.40
 
 	
2.25
2.05
 	
1.77
 	
1.80
3.40
4.75
1.18
1.31
2.00
1.5
1.0
2.20
2.90
1.67
1.42
 	 3:1(3:1) 
740	07/11
22:30	 Arouca
Vitoria Guimaraes	
+0.25
-0.25
1.80
2.00
 
 	
2.25
2.00
 	
1.80
 	
3.20
3.20
2.30
1.60
1.36
1.36
1.0
1.0
2.05
1.65
1.75
2.15
 	 1:2(0:0)  
741	08/11
22:15	 Sporting Braga
Gil Vicente	
-1.25
+1.25
1.93
1.87
 
 	
2.5
1.85
1.95
1.38
4.60
9.00
1.06
1.20
3.04
2.0
1.0
1.95
3.20
1.85
1.33
 	 2:0(0:0)  
742	09/11
18:00	 Boavista
Penafiel	
0
0
1.75
2.10
  	
2.0
1.90
1.90
2.50
3.05
3.05
1.37
1.37
1.53
1.0
1.0
1.80
2.05
1.95
1.72
 	 1:0(0:0)  
743	09/11
18:00	 Vitoria de Setubal
Maritimo	
0
0
1.97
1.83
  	
2.25
1.94
 	
1.85
 	
2.80
3.20
2.60
1.50
1.35
1.45
1.0
1.0
1.85
1.75
1.95
2.05
 	 1:0(1:0)  
744	09/11
18:00	 Moreirense
Belenenses	
-0.25
+0.25
1.93
1.87
 
 	
2.0
1.90
1.90
2.25
3.15
3.40
1.32
1.35
1.65
1.0
1.0
1.70
2.25
2.10
1.60
 	 0:1(0:0)  
745	09/11
18:00	 Nacional Madeira
Benfica	
+0.75
-0.75
1.93
1.87
 
 	
2.5
2.00
1.80
5.20
3.80
1.67
2.20
1.27
1.16
1.0
1.5
2.55
1.83
1.52
1.97
 	 1:2(1:2)  
746	09/11
20:00	 Sporting Lisbon
Pacos de Ferreira	
–1.0
+1.0
1.87
1.87
  	
2.5
1.87
1.87
1.50
4.00
7.00
1.09
1.24
2.55
1.5
1.0
1.65
2.90
2.15
1.40
 	 1:1(0:1)  
747	09/11
22:15	 Estoril-Praia
Porto	
+1.0
–1.0
2.05
1.77
  	
2.5
2.00
1.80
8.00
4.20
1.45
2.75
1.23
1.08
1.0
1.5
3.70
1.67
1.28
2.20
 	 2:2(1:1)  
748	10/11
22:00	 Rio Ave
Academica Coimbra	
-0.75
+0.75
2.10
1.75
 
 	
2.0
1.90
1.90
1.80
3.30
5.00
1.16
1.32
2.00
1.5
1.0
2.20
3.15
1.62
1.33
 	 3:0(2:0)  
694	28/11
22:30	 Vitoria Guimaraes
Moreirense	
-0.75
+0.75
2.15
1.70
 
 	
2.25
2.00
 	
1.80
 	
1.85
3.40
4.50
1.20
1.31
1.95
1.5
1.0
2.10
2.65
1.70
1.45
 	 2:1(1:1)  
695	29/11
18:00	 Belenenses
Arouca	
-0.25
+0.25
1.70
2.20
 
 	
2.25
2.05
 	
1.75
 	
2.00
3.25
4.00
1.24
1.33
1.79
1.5
1.0
2.30
2.55
1.62
1.52
 	 0:0(0:0)  
696	29/11
20:00	 Penafiel
Sporting Braga	
+0.75
-0.75
2.05
1.80
 
 	
2.25
2.05
 	
1.77
 	
6.50
3.65
1.60
2.35
1.28
1.11
1.0
1.5
3.80
1.97
1.27
1.83
 	 1:6(1:2)  
697	29/11
22:15	 Sporting Lisbon
Vitoria de Setubal	
-1.75
+1.75
1.95
1.80
 
 	
2.75
1.95
 	
1.85
 	
1.23
6.00
13.50
1.02
1.13
4.20
2.0
1.0
1.65
4.80
2.20
1.16
 	 3:0(0:0)  
698	30/11
18:00	 Gil Vicente
Nacional Madeira	
+0.25
-0.25
1.90
1.90
 
 	
2.25
2.01
 	
1.80
 	
3.40
3.15
2.25
1.65
1.35
1.32
1.0
1.0
2.10
1.62
1.70
2.20
 	 0:0(0:0)  
699	30/11
18:00	 Maritimo
Boavista	
–1.0
+1.0
2.05
1.77
  	
2.25
1.90
 	
1.90
 	
1.57
3.80
6.50
1.11
1.27
2.40
1.5
1.0
1.85
3.30
1.95
1.30
 	 4:0(1:0)  
700	30/11
20:00	 Academica Coimbra
Benfica	
+1.0
–1.0
1.93
1.87
  	
2.5
2.00
1.80
7.00
4.00
1.50
2.55
1.25
1.10
1.0
1.5
3.35
1.75
1.33
2.10
 	 0:2(0:2)  
701	30/11
22:15	 Porto
Rio Ave	
–1.5
+1.5
1.85
1.95
  	
2.5
1.85
1.95
1.26
5.50
13.00
1.03
1.15
3.86
2.0
1.0
1.83
5.50
1.97
1.15
 	 5:0(0:0)  
702	01/12
22:00	 Pacos de Ferreira
Estoril-Praia	
-0.25
+0.25
2.00
1.80
 
 	
2.25
1.90
 	
1.85
 	
2.35
3.20
3.20
1.35
1.35
1.60
1.0
1.0
1.62
1.95
2.20
1.80
 	 1:1(0:0)  
751	05/12
22:30	 Boavista
Sporting Lisbon	
+1.75
-1.75
1.80
2.00
 
 	
2.75
1.85
 	
1.95
 	
12.00
6.00
1.25
4.00
1.13
1.03
1.0
2.5
3.80
2.15
1.25
1.65
 	 1:3(0:0)  
752	06/12
18:00	 Rio Ave
Gil Vicente	
–1.0
+1.0
2.05
1.77
  	
2.25
1.82
 	
1.98
 	
1.57
3.80
6.50
1.11
1.26
2.40
1.5
1.0
1.73
3.35
2.10
1.30
 	 0:0(0:0)  
753	06/12
19:00	 Benfica
Belenenses	
–1.5
+1.5
1.80
1.95
  	
2.75
1.90
 	
1.90
 	
1.25
6.00
12.00
1.03
1.13
4.00
2.0
1.0
1.75
4.50
2.05
1.18
 	 3:0(0:0)  
754	06/12
20:00	 Estoril-Praia
Vitoria de Setubal	
–1.0
+1.0
1.95
1.80
  	
2.5
1.90
1.85
1.57
4.00
6.00
1.13
1.24
2.40
1.5
1.0
1.72
2.75
2.05
1.42
 	 1:0(1:0)  
755	06/12
22:15	 Academica Coimbra
Porto	
+1.5
–1.5
1.80
1.95
  	
2.5
1.95
1.85
12.00
5.00
1.30
3.55
1.17
1.03
1.0
2.0
5.20
2.00
1.14
1.80
 	 0:3(0:2)  
756	07/12
18:00	 Arouca
Penafiel	
-0.25
+0.25
1.60
2.35
 
 	
2.0
1.80
2.00
1.85
3.30
4.70
1.20
1.33
1.95
1.5
1.0
2.20
2.90
1.67
1.42
 	 0:1(0:1)  
757	07/12
18:00	 Moreirense
Pacos de Ferreira	
0
0
1.93
1.87
  	
2.25
2.00
 	
1.80
 	
2.75
3.20
2.65
1.48
1.35
1.45
1.0
1.0
1.85
1.80
1.90
1.95
 	 2:0(1:0)  
758	07/12
22:15	 Sporting Braga
Vitoria Guimaraes	
-0.75
+0.75
2.05
1.75
 
 	
2.5
2.00
1.80
1.80
3.60
4.50
1.20
1.30
2.00
1.5
1.0
1.90
2.30
1.85
1.57
 	 0:0(0:0)  
759	08/12
22:00	 Nacional Madeira
Maritimo	
-0.25
+0.25
2.10
1.75
 
 	
2.25
2.00
 	
1.80
 	
2.45
3.20
3.00
1.39
1.35
1.55
1.0
1.0
1.75
1.97
2.10
1.83
 	 3:0(0:0)  
607	12/12
22:30	 Vitoria de Setubal
Boavista	
-0.25
+0.25
1.65
2.25
 
 	
2.25
2.00
 	
1.80
 	
1.95
3.30
4.20
1.23
1.33
1.86
1.5
1.5
2.20
3.70
1.65
1.25
 	 0:1(0:0)  
608	13/12
18:00	 Pacos de Ferreira
Arouca	
-0.75
+0.75
1.90
1.90
 
 	
2.25
1.80
 	
2.00
 	
1.70
3.70
5.00
1.16
1.27
2.13
1.5
1.0
1.85
2.65
1.90
1.45
 	 2:1(0:1)  
609	13/12
18:00	 Gil Vicente
Academica Coimbra	
0
0
1.85
1.95
  	
2.0
1.95
1.85
2.65
3.10
2.75
1.43
1.35
1.46
1.0
1.0
1.95
2.10
1.80
1.70
 	 1:1(0:0)  
610	13/12
18:00	 Penafiel
Nacional Madeira	
+0.25
-0.25
2.05
1.80
 
 	
2.0
1.85
1.95
3.85
3.15
2.10
1.75
1.36
1.27
1.0
1.0
2.55
1.65
1.52
2.25
 	 2:1(1:0)  
611	13/12
22:15	 Belenenses
Sporting Braga	
+0.25
-0.25
2.15
1.70
 
 	
2.0
1.75
2.00
4.30
3.20
1.95
1.83
1.34
1.21
1.0
1.5
2.50
2.25
1.50
1.60
 	 0:1(0:1)  
613	14/12
20:00	 Sporting Lisbon
Moreirense	
–1.5
+1.5
1.90
1.90
  	
2.75
1.90
 	
1.90
 	
1.30
5.30
10.50
1.04
1.16
3.55
2.0
1.0
1.77
4.00
2.05
1.25
 	 1:1(0:1)  
614	14/12
22:00	 Porto
Benfica	
-0.75
+0.75
2.00
1.80
 
 	
2.25
1.82
 	
1.98
 	
1.80
3.50
4.70
1.19
1.30
2.00
1.5
1.0
1.90
2.60
1.90
1.47
 	 0:2(0:1)  
615	14/12
22:00	 Maritimo
Estoril-Praia	
-0.25
+0.25
2.00
1.80
 
 	
2.25
1.80
 	
2.00
 	
2.40
3.30
3.00
1.39
1.33
1.57
1.0
1.0
1.60
1.80
2.35
2.00
 	 0:0(0:0)  
625	19/12
22:30	 Porto
Vitoria de Setubal	
–2.5
+2.5
1.95
1.85
  	
3.25
1.95
 	
1.85
 	
1.09
11.00
25.00
 	
1.04
7.70
2.5
1.0
1.65
7.00
2.25
1.08
 	 4:0(2:0)  
626	20/12
22:15	 Estoril-Praia
Vitoria Guimaraes	
-0.25
+0.25
1.95
1.85
 
 	
2.25
1.95
 	
1.85
 	
2.30
3.25
3.20
1.36
1.35
1.62
1.0
1.0
1.62
2.00
2.25
1.75
 	 1:0(0:0)  
627	21/12
18:00	 Academica Coimbra
Penafiel	
-0.25
+0.25
1.62
2.30
 
 	
2.0
1.80
2.00
1.90
3.30
4.40
1.21
1.33
1.90
1.5
1.0
2.25
2.75
1.65
1.45
 	 1:1(0:0)  
628	21/12
18:00	 Arouca
Maritimo	
+0.25
-0.25
1.85
1.95
 
 	
2.25
1.95
 	
1.85
 	
3.20
3.25
2.30
1.62
1.35
1.36
1.0
1.0
2.00
1.62
1.75
2.25
 	 1:0(0:0)  
629	21/12
18:00	 Moreirense
Boavista	
–1.0
+1.0
2.05
1.77
  	
2.25
2.00
 	
1.80
 	
1.57
3.80
6.50
1.11
1.27
2.40
1.5
1.0
1.85
3.30
1.95
1.30
 	 1:0(1:0)  
630	21/12
19:00	 Benfica
Gil Vicente	
-2.25
+2.25
2.00
1.80
 
 	
3.0
1.90
1.90
1.12
9.00
20.00
 	
1.06
6.30
2.5
1.0
1.90
6.50
1.90
1.10
 	 1:0(1:0)  
631	21/12
21:15	 Nacional Madeira
Sporting Lisbon	
+0.75
-0.75
1.90
1.90
 
 	
2.25
1.80
 	
2.00
 	
5.30
3.70
1.68
2.18
1.28
1.16
1.0
1.5
2.65
1.85
1.45
1.90
 	 0:1(0:0)  
632	22/12
21:00	 Sporting Braga
Pacos de Ferreira	
-0.75
+0.75
2.00
1.80
 
 	
2.25
1.82
 	
1.98
 	
1.80
3.50
4.80
1.19
1.30
2.05
1.5
1.0
1.90
2.60
1.90
1.47
 	 3:0(3:0)  
633	22/12
23:00	 Rio Ave
Belenenses	
-0.75
+0.75
2.05
1.77
 
 	
2.25
1.95
 	
1.85
 	
1.80
3.50
4.80
1.20
1.32
2.05
1.5
1.0
2.05
2.55
1.75
1.48
 	 0:0(0:0)  
683	02/01
22:30	 Belenenses
Academica Coimbra	
-0.25
+0.25
1.70
2.15
 
 	
2.0
1.87
1.93
2.00
3.20
4.10
1.23
1.35
1.80
1.0
1.0
1.60
2.65
2.25
1.45
 	 0:0(0:0)  
684	03/01
18:00	 Pacos de Ferreira
Rio Ave	
-0.25
+0.25
1.93
1.87
 
 	
2.25
1.90
 	
1.90
 	
2.25
3.25
3.30
1.35
1.35
1.65
1.0
1.0
1.60
2.00
2.35
1.80
 	 1:2(0:1)  
685	03/01
18:00	 Maritimo
Sporting Braga	
+0.25
-0.25
1.95
1.85
 
 	
2.25
1.83
 	
1.97
 	
3.50
3.30
2.15
1.70
1.33
1.30
1.0
1.5
2.00
2.20
1.75
1.62
 	 2:1(1:1)  
686	03/01
20:00	 Sporting Lisbon
Estoril-Praia	
–1.0
+1.0
1.90
1.90
  	
2.5
1.90
1.85
1.53
4.00
6.50
1.11
1.25
2.55
1.5
1.0
1.70
2.90
2.10
1.38
 	 3:0(1:0)  
687	03/01
22:15	 Gil Vicente
Porto	
+1.75
-1.75
2.00
1.80
 
 	
2.75
1.90
 	
1.90
 	
15.00
6.50
1.20
4.55
1.11
1.01
1.0
2.5
6.50
2.05
1.10
1.72
 	 1:5(0:1)  
688	04/01
18:00	 Boavista
Arouca	
0
0
1.83
1.97
  	
2.0
1.80
2.00
2.70
3.05
2.75
1.43
1.36
1.45
1.0
1.0
1.87
1.95
1.93
1.85
 	 3:1(1:0)  
689	04/01
18:00	 Vitoria de Setubal
Moreirense	
0
0
2.05
1.77
  	
2.0
1.83
1.97
3.00
3.00
2.55
1.50
1.38
1.38
1.0
1.0
2.00
1.80
1.75
1.95
 	 2:1(0:1)  
690	04/01
19:00	 Vitoria Guimaraes
Nacional Madeira	
-0.25
+0.25
1.75
2.10
 
 	
2.25
2.00
 	
1.80
 	
2.05
3.25
3.85
1.26
1.34
1.76
1.5
1.0
2.30
2.35
1.62
1.60
 	 4:0(3:0)  
691	04/01
21:15	 Penafiel
Benfica	
+1.5
–1.5
1.90
1.90
  	
2.75
2.00
 	
1.80
 	
12.00
5.50
1.27
3.80
1.15
1.03
1.5
1.5
6.50
1.45
1.10
2.65
 	 0:3(0:1)  
818	09/01
22:30	 Estoril-Praia
Moreirense	
-0.25
+0.25
1.62
2.30
 
 	
2.0
1.85
1.95
1.90
3.30
4.40
1.22
1.35
1.90
1.5
1.0
2.25
2.75
1.65
1.45
 	 1:1(1:0)  
819	10/01
19:00	 Benfica
Vitoria Guimaraes	
–1.5
+1.5
2.00
1.80
  	
2.5
1.85
1.95
1.30
5.00
12.00
1.03
1.17
3.53
1.5
1.0
1.50
5.00
2.50
1.16
 	 3:0(1:0)  
820	10/01
20:00	 Academica Coimbra
Pacos de Ferreira	
+0.25
-0.25
1.85
1.95
 
 	
2.0
1.80
2.00
3.30
3.15
2.30
1.61
1.36
1.33
1.0
1.0
2.25
1.75
1.62
2.05
 	 2:2(0:0)  
821	10/01
22:15	 Porto
Belenenses	
–2.0
+2.0
1.90
1.90
  	
3.0
2.00
1.80
1.17
7.00
18.00
1.01
1.10
5.04
2.5
1.0
2.00
5.50
1.75
1.13
 	 3:0(1:0)  
822	11/01
18:00	 Arouca
Vitoria de Setubal	
-0.25
+0.25
1.75
2.10
 
 	
2.0
1.80
2.00
2.05
3.20
4.00
1.25
1.36
1.80
1.0
1.0
1.60
2.50
2.35
1.53
 	 1:0(0:0)  
823	11/01
18:00	 Gil Vicente
Penafiel	
-0.25
+0.25
1.85
1.95
 
 	
2.25
2.05
 	
1.75
 	
2.15
3.20
3.60
1.30
1.35
1.70
1.0
1.0
1.62
2.30
2.30
1.62
 	 2:1(0:1)  
824	11/01
18:00	 Rio Ave
Maritimo	
-0.25
+0.25
1.90
1.90
 
 	
2.25
1.90
 	
1.90
 	
2.20
3.25
3.40
1.32
1.35
1.67
1.5
1.0
2.30
2.05
1.57
1.75
 	 0:0(0:0)  
825	11/01
20:00	 Nacional Madeira
Boavista	
-0.75
+0.75
1.85
1.95
 
 	
2.25
2.00
 	
1.80
 	
1.65
3.50
6.00
1.13
1.30
2.25
1.5
1.0
1.97
3.35
1.83
1.33
 	 2:1(1:1)  
826	11/01
21:15	 Sporting Braga
Sporting Lisbon	
0
0
2.00
1.80
  	
2.25
1.80
 	
2.00
 	
2.80
3.35
2.50
1.53
1.32
1.44
1.0
1.0
1.77
1.65
2.05
2.25
 	 0:1(0:0)  
1040	17/01
20:00	 Vitoria Guimaraes
Academica Coimbra	
-0.75
+0.75
1.85
1.95
 
 	
2.25
1.95
 	
1.85
 	
1.65
3.70
5.70
1.13
1.28
2.20
1.5
1.0
1.87
3.40
1.87
1.27
 	 4:0(3:0)  
1041	17/01
22:15	 Penafiel
Porto	
+2.5
–2.5
1.85
1.85
  	
3.0
1.75
1.96
25.00
10.00
1.10
7.20
1.05
 	
1.0
3.0
7.00
2.05
1.07
1.75
 	 1:3(0:2)  
1042	18/01
18:00	 Belenenses
Gil Vicente	
-0.25
+0.25
1.60
2.35
 
 	
2.0
1.80
2.00
1.85
3.30
4.70
1.20
1.33
1.95
1.5
1.0
2.20
2.90
1.67
1.42
 	 2:0(2:0)  
1043	18/01
18:00	 Boavista
Estoril-Praia	
+0.25
-0.25
2.00
1.80
 
 	
2.25
2.05
 	
1.77
 	
3.70
3.20
2.10
1.72
1.34
1.27
1.0
1.0
2.30
1.50
1.60
2.40
 	 1:2(1:1)  
1044	18/01
18:00	 Vitoria de Setubal
Sporting Braga	
+0.75
-0.75
1.75
2.05
 
 	
2.25
1.80
 	
2.00
 	
4.50
3.60
1.80
2.00
1.30
1.20
1.0
1.5
2.30
1.90
1.57
1.85
 	 1:3(1:0)  
1045	18/01
18:00	 Moreirense
Arouca	
-0.25
+0.25
1.65
2.25
 
 	
2.0
1.87
1.93
1.95
3.20
4.30
1.22
1.34
1.83
1.0
1.0
1.60
2.65
2.25
1.45
 	 1:0(1:0)  
1046	18/01
18:00	 Pacos de Ferreira
Nacional Madeira	
-0.25
+0.25
1.77
2.05
 
 	
2.25
1.90
 	
1.90
 	
2.05
3.30
3.80
1.26
1.33
1.77
1.5
1.0
2.15
2.15
1.65
1.65
 	 2:3(0:1)  
1047	18/01
20:00	 Maritimo
Benfica	
+1.0
–1.0
1.75
2.05
  	
2.5
2.00
1.80
6.30
4.00
1.55
2.45
1.24
1.12
1.0
1.5
3.15
1.75
1.36
2.10
 	 0:4(0:1)  
1048	18/01
22:15	 Sporting Lisbon
Rio Ave	
-1.25
+1.25
1.90
1.90
 
 	
2.5
1.90
1.90
1.37
4.70
9.00
1.06
1.19
3.10
2.0
1.0
2.00
4.00
1.80
1.22
 	 4:2(1:1)  
932	24/01
22:15	 Vitoria Guimaraes
Gil Vicente	
-1.25
+1.25
2.00
1.80
 
 	
2.5
1.90
1.90
1.42
4.50
8.00
1.08
1.22
2.90
1.5
1.0
1.62
3.50
2.30
1.30
 	 2:2(0:1)  
933	25/01
18:00	 Belenenses
Penafiel	
-0.75
+0.75
1.95
1.85
 
 	
2.25
1.90
 	
1.90
 	
1.75
3.50
5.00
1.17
1.30
2.06
1.5
1.0
2.00
2.65
1.80
1.45
 	 0:0(0:0)  
934	25/01
18:00	 Vitoria de Setubal
Rio Ave	
+0.25
-0.25
1.77
2.05
 
 	
2.25
2.04
 	
1.77
 	
3.15
3.15
2.40
1.57
1.36
1.36
1.0
1.0
2.10
1.75
1.75
2.10
 	 4:1(1:1)  
935	25/01
18:00	 Moreirense
Nacional Madeira	
-0.25
+0.25
1.95
1.80
 
 	
2.0
1.77
1.98
2.30
3.10
3.30
1.32
1.34
1.58
1.5
1.5
2.57
3.55
1.47
1.27
 	 2:3(1:0)  
936	25/01
18:00	 Sporting Lisbon
Academica Coimbra	
-1.75
+1.75
1.85
1.95
 
 	
2.75
1.90
 	
1.90
 	
1.20
6.30
15.00
1.01
1.11
4.50
1.5
1.0
1.37
5.50
3.00
1.13
 	 1:0(0:0)  
937	25/01
19:00	 Estoril-Praia
Arouca	
-0.75
+0.75
1.85
1.95
 
 	
2.25
2.00
 	
1.80
 	
1.65
3.60
6.00
1.13
1.30
2.25
1.5
1.0
1.97
3.35
1.83
1.33
 	 1:0(0:0)  
938	25/01
20:00	 Maritimo
Porto	
+1.5
–1.5
1.80
2.00
  	
2.75
1.95
 	
1.85
 	
10.00
5.00
1.33
3.35
1.17
1.05
1.0
2.0
3.60
1.85
1.27
1.90
 	 1:0(1:0)  
939	25/01
22:15	 Boavista
Sporting Braga	
+0.75
-0.75
1.90
1.90
 
 	
2.25
1.80
 	
2.00
 	
5.30
3.60
1.70
2.15
1.29
1.15
1.0
1.5
2.65
1.85
1.45
1.90
 	 1:0(0:0)  
940	26/01
22:00	 Pacos de Ferreira
Benfica	
+1.0
–1.0
1.90
1.90
  	
2.5
1.90
1.90
7.00
4.20
1.50
2.68
1.22
1.10
1.0
1.5
3.35
1.60
1.30
2.30
 	 1:0(0:0)  
1120	31/01
19:00	 Benfica
Boavista	
–2.0
+2.0
2.00
1.80
  	
3.0
1.95
1.85
1.16
7.00
19.00
1.01
1.09
5.11
1.5
1.5
1.28
6.50
3.50
1.10
 	 3:0(2:0)  
1121	31/01
19:30	 Nacional Madeira
Belenenses	
-0.75
+0.75
2.15
1.70
 
 	
2.25
2.00
 	
1.80
 	
1.85
3.40
4.60
1.20
1.32
1.96
1.5
1.0
2.10
2.65
1.70
1.45
 	 2:1(1:1)  
1122	31/01
22:15	 Penafiel
Vitoria Guimaraes	
+0.75
-0.75
1.87
1.93
 
 	
2.25
1.95
 	
1.85
 	
5.30
3.60
1.70
2.15
1.30
1.15
1.0
1.5
2.90
1.95
1.38
1.80
 	 1:1(1:0)  
1123	01/02
18:00	 Academica Coimbra
Maritimo	
0
0
2.00
1.80
  	
2.0
1.95
1.85
2.90
3.10
2.60
1.50
1.37
1.42
1.0
1.0
2.10
1.95
1.70
1.80
 	 1:1(0:1)  
1124	01/02
18:00	 Gil Vicente
Vitoria de Setubal	
0
0
1.87
1.93
  	
2.25
2.00
 	
1.80
 	
2.65
3.20
2.75
1.45
1.35
1.48
1.0
1.0
1.80
1.85
1.95
1.90
 	 1:1(1:0)  
1125	01/02
18:00	 Rio Ave
Estoril-Praia	
0
0
1.87
1.93
  	
2.25
2.00
 	
1.80
 	
2.65
3.20
2.75
1.45
1.35
1.48
1.0
1.0
1.80
1.85
1.95
1.90
 	 2:1(1:0)  
1126	01/02
20:00	 Arouca
Sporting Lisbon	
+1.25
-1.25
1.80
2.00
 
 	
2.25
1.80
 	
2.00
 	
9.00
4.40
1.40
2.95
1.22
1.06
1.5
1.5
6.00
1.65
1.12
2.20
 	 1:3(1:1)  
1127	01/02
22:15	 Porto
Pacos de Ferreira	
-1.75
+1.75
1.85
1.95
 
 	
3.0
1.95
1.85
1.20
6.50
15.00
1.01
1.11
4.50
1.5
1.5
1.30
8.00
3.40
1.08
 	 5:0(3:0) 
1163	07/02
22:15	 Moreirense
Porto	
+1.5
–1.5
2.00
1.80
  	
2.5
1.85
1.95
15.00
6.20
1.22
4.40
1.13
1.02
1.0
2.0
6.80
1.70
1.08
2.10
 	 0:2(0:1)  
1164	08/02
18:00	 Arouca
Nacional Madeira	
0
0
1.97
1.83
  	
2.0
1.80
2.00
2.85
3.05
2.65
1.48
1.37
1.44
1.0
1.0
1.95
1.87
1.85
1.93
 	 3:3(1:2)  
1165	08/02
18:00	 Vitoria Guimaraes
Belenenses	
–1.0
+1.0
2.05
1.77
  	
2.25
1.90
 	
1.90
 	
1.57
3.80
6.50
1.11
1.27
2.40
1.5
1.0
1.85
3.30
1.95
1.30
 	 0:1(0:0)  
1166	08/02
18:00	 Vitoria de Setubal
Academica Coimbra	
-0.25
+0.25
1.80
2.00
 
 	
2.25
2.04
 	
1.77
 	
2.10
3.20
3.70
1.27
1.34
1.72
1.0
1.0
1.60
2.35
2.35
1.60
 	 0:0(0:0)  
1167	08/02
18:00	 Maritimo
Gil Vicente	
–1.0
+1.0
2.00
1.80
  	
2.25
1.85
 	
1.95
 	
1.55
3.90
6.50
1.11
1.25
2.44
1.5
1.0
1.80
3.20
1.95
1.32
 	 1:2(1:1)  
1168	08/02
18:00	 Pacos de Ferreira
Penafiel	
–1.0
+1.0
2.05
1.77
  	
2.25
1.90
 	
1.90
 	
1.57
3.80
6.50
1.11
1.27
2.40
1.5
1.0
1.85
3.30
1.95
1.30
 	 2:1(0:0)  
1169	08/02
20:00	 Estoril-Praia
Sporting Braga	
+0.25
-0.25
1.75
2.10
 
 	
2.25
2.05
 	
1.77
 	
3.10
3.15
2.45
1.57
1.37
1.38
1.0
1.0
2.05
1.75
1.77
2.10
 	 0:2(0:0)  
1170	08/02
22:00	 Sporting Lisbon
Benfica	
0
0
1.90
1.90
  	
2.25
1.85
 	
1.95
 	
2.70
3.15
2.70
1.45
1.35
1.45
1.0
1.0
1.70
1.70
2.10
2.10
 	 1:1(0:0)  
1171	09/02
22:00	 Boavista
Rio Ave	
+0.25
-0.25
1.80
2.00
 
 	
2.25
2.00
 	
1.80
 	
3.20
3.15
2.35
1.60
1.36
1.36
1.0
1.0
2.05
1.65
1.75
2.15
 	 1:1(0:1)  
942	13/02
22:30	 Porto
Vitoria Guimaraes	
-1.75
+1.75
1.85
1.95
 
 	
2.75
1.90
 	
1.90
 	
1.18
7.00
17.00
1.01
1.10
5.00
1.5
1.0
1.37
5.50
3.00
1.13
 	 1:0(1:0)  
943	14/02
20:00	 Gil Vicente
Pacos de Ferreira	
+0.25
-0.25
1.75
2.10
 
 	
2.25
1.94
 	
1.85
 	
3.00
3.20
2.45
1.55
1.35
1.40
1.0
1.0
1.90
1.70
1.85
2.15
 	 1:0(0:0)  
944	14/02
22:15	 Belenenses
Sporting Lisbon	
+1.25
-1.25
1.77
2.05
 
 	
2.5
1.90
1.90
8.00
4.30
1.45
2.80
1.23
1.08
1.0
2.0
3.20
2.15
1.32
1.65
 	 1:1(0:0)  
945	15/02
18:00	 Penafiel
Maritimo	
+0.25
-0.25
1.75
2.10
 
 	
2.25
2.05
 	
1.77
 	
3.10
3.10
2.45
1.57
1.37
1.38
1.0
1.0
2.05
1.75
1.77
2.10
 	 3:4(2:1)  
946	15/02
18:00	 Rio Ave
Moreirense	
-0.25
+0.25
1.80
2.00
 
 	
2.25
2.04
 	
1.77
 	
2.10
3.20
3.80
1.27
1.35
1.75
1.0
1.0
1.60
2.35
2.35
1.60
 	 1:1(1:1)  
947	15/02
19:00	 Academica Coimbra
Boavista	
-0.25
+0.25
1.75
2.10
 
 	
2.0
1.95
1.85
2.10
3.05
4.00
1.24
1.38
1.73
1.0
1.0
1.65
2.65
2.15
1.45
 	 0:0(0:0)  
948	15/02
19:00	 Benfica
Vitoria de Setubal	
-2.25
+2.25
2.05
1.77
 
 	
3.0
1.88
1.92
1.14
8.50
17.00
1.01
1.07
5.70
1.5
1.5
1.28
8.00
3.50
1.06
 	 3:0(2:0)  
949	15/02
21:15	 Sporting Braga
Arouca	
-1.25
+1.25
1.83
1.97
 
 	
2.5
2.00
1.80
1.35
4.70
10.00
1.05
1.20
3.25
2.0
1.0
2.05
4.50
1.72
1.18
 	 2:0(1:0)  
950	16/02
22:00	 Nacional Madeira
Estoril-Praia	
-0.25
+0.25
1.90
1.90
 
 	
2.25
2.01
 	
1.80
 	
2.25
3.20
3.35
1.32
1.35
1.64
1.0
1.0
1.62
2.10
2.20
1.70
 	 1:0(0:0)  
903	20/02
22:30	 Pacos de Ferreira
Vitoria Guimaraes	
0
0
1.93
1.87
  	
2.25
1.95
 	
1.85
 	
2.75
3.20
2.65
1.48
1.35
1.45
1.0
1.0
1.85
1.80
1.90
1.95
 	 2:2(1:1)  
904	21/02
19:00	 Sporting Braga
Nacional Madeira	
-0.75
+0.75
1.77
2.05
 
 	
2.5
2.00
1.80
1.60
3.85
5.80
1.13
1.26
2.35
1.5
1.0
1.75
2.80
2.00
1.40
 	 3:1(0:1)  
905	21/02
20:00	 Vitoria de Setubal
Penafiel	
-0.25
+0.25
1.65
2.25
 
 	
2.25
2.00
 	
1.80
 	
1.95
3.35
4.20
1.23
1.33
1.86
1.5
1.5
2.20
3.70
1.65
1.25
 	 0:1(0:0)  
906	21/02
21:00	 Moreirense
Benfica	
+1.25
-1.25
1.80
2.00
 
 	
2.25
1.80
 	
2.00
 	
9.00
4.40
1.40
2.95
1.22
1.06
1.5
1.5
6.00
1.65
1.12
2.20
 	 1:3(1:0)  
907	22/02
18:00	 Arouca
Rio Ave	
+0.25
-0.25
1.77
2.05
 
 	
2.25
2.04
 	
1.77
 	
3.10
3.15
2.40
1.57
1.36
1.36
1.0
1.0
2.10
1.75
1.75
2.10
 	 1:0(1:0)  
908	22/02
18:15	 Maritimo
Belenenses	
-0.25
+0.25
1.70
2.15
 
 	
2.0
1.77
2.05
2.00
3.30
4.00
1.25
1.35
1.83
1.5
1.5
2.30
3.80
1.60
1.20
 	 1:2(1:1)  
909	22/02
19:00	 Estoril-Praia
Academica Coimbra	
-0.75
+0.75
1.95
1.85
 
 	
2.25
2.05
 	
1.77
 	
1.72
3.50
5.30
1.15
1.30
2.11
1.5
1.0
2.05
3.10
1.75
1.35
 	 1:2(0:1)  
910	22/02
20:15	 Sporting Lisbon
Gil Vicente	
-1.75
+1.75
1.80
2.00
 
 	
2.75
1.80
 	
2.00
 	
1.18
6.70
18.00
1.01
1.11
4.90
2.5
1.0
2.00
5.50
1.75
1.13
 	 2:0(0:0)
1001	27/02
22:30	 Vitoria Guimaraes
Maritimo	
-0.75
+0.75
2.05
1.77
 
 	
2.25
1.90
 	
1.90
 	
1.80
3.45
4.80
1.20
1.32
2.05
1.5
1.0
2.00
2.55
1.75
1.48
 	 1:0(1:0)  
1002	28/02
18:00	 Gil Vicente
Boavista	
-0.25
+0.25
2.00
1.80
 
 	
2.0
1.80
2.00
2.35
3.10
3.25
1.35
1.37
1.60
1.0
1.0
1.70
2.10
2.10
1.70
 	 1:1(0:0)  
1003	28/02
18:00	 Nacional Madeira
Vitoria de Setubal	
-0.75
+0.75
1.80
2.00
 
 	
2.25
1.85
 	
1.95
 	
1.60
3.80
6.00
1.14
1.28
2.35
1.5
1.0
1.85
3.00
1.90
1.37
 	 3:0(2:0)  
1004	28/02
19:00	 Benfica
Estoril-Praia	
-1.75
+1.75
1.80
2.00
 
 	
2.75
1.80
 	
2.00
 	
1.20
6.50
16.00
1.01
1.12
4.70
2.5
1.0
2.05
5.00
1.75
1.15
 	 6:0(4:0)  
1005	28/02
22:15	 Rio Ave
Sporting Braga	
+0.25
-0.25
2.15
1.70
 
 	
2.25
1.94
 	
1.85
 	
4.00
3.30
2.00
1.83
1.33
1.25
1.0
1.5
2.30
2.20
1.57
1.62
 	 0:2(0:0)  
1006	01/03
18:00	 Academica Coimbra
Arouca	
-0.25
+0.25
1.87
1.93
 
 	
2.0
1.90
1.90
2.20
3.10
3.60
1.30
1.37
1.70
1.0
1.0
1.70
2.40
2.10
1.53
 	 1:1(1:0)  
1007	01/03
18:00	 Penafiel
Moreirense	
+0.25
-0.25
1.75
2.10
 
 	
2.0
1.80
2.00
3.10
3.10
2.45
1.55
1.37
1.37
1.0
1.0
2.10
1.77
1.75
2.05
 	 1:2(1:0)  
1008	01/03
21:15	 Porto
Sporting Lisbon	
-0.75
+0.75
1.77
2.05
 
 	
2.5
2.00
1.80
1.60
3.85
6.00
1.13
1.26
2.35
1.5
1.0
1.75
2.80
2.00
1.40
 	 3:0(1:0)  
1009	02/03
22:00	 Belenenses
Pacos de Ferreira	
-0.25
+0.25
2.10
1.75
 
 	
2.25
2.05
 	
1.77
 	
2.45
3.15
3.05
1.38
1.36
1.55
1.0
1.0
1.75
2.05
2.10
1.77
 	 0:1(0:1)  
928	06/03
22:30	 Sporting Braga
Porto	
+0.75
-0.75
1.80
2.00
 
 	
2.25
1.80
 	
2.00
 	
4.90
3.55
1.75
2.06
1.29
1.17
1.5
1.5
4.00
1.95
1.23
1.85
 	 0:1(0:0)  
929	07/03
21:15	 Vitoria de Setubal
Belenenses	
0
0
1.75
2.10
  	
2.0
1.80
2.00
2.50
3.10
3.00
1.40
1.36
1.55
1.0
1.0
1.77
2.00
2.05
1.80
 	 1:1(1:1)  
930	08/03
18:00	 Arouca
Benfica	
+1.5
–1.5
2.00
1.80
  	
2.5
1.87
1.93
15.00
6.00
1.22
4.30
1.13
1.01
1.0
2.0
5.50
1.80
1.13
2.00
 	 1:3(1:0)  
931	08/03
18:00	 Maritimo
Pacos de Ferreira	
-0.25
+0.25
2.10
1.75
 
 	
2.25
1.84
 	
1.95
 	
2.45
3.30
2.95
1.42
1.35
1.57
1.0
1.0
1.62
1.80
2.20
1.95
 	 2:1(1:1)  
932	08/03
18:00	 Moreirense
Academica Coimbra	
-0.25
+0.25
1.67
2.20
 
 	
2.0
1.93
1.87
1.95
3.25
4.30
1.22
1.34
1.85
1.5
1.5
2.37
4.30
1.55
1.20
 	 0:2(0:0)  
933	08/03
19:00	 Estoril-Praia
Gil Vicente	
-0.75
+0.75
1.93
1.87
 
 	
2.25
1.95
 	
1.85
 	
1.70
3.60
5.30
1.15
1.30
2.15
1.5
1.0
1.95
2.90
1.80
1.38
 	 1:1(1:0)  
934	08/03
21:15	 Boavista
Vitoria Guimaraes	
+0.25
-0.25
2.00
1.80
 
 	
2.0
1.87
1.87
3.70
3.15
2.10
1.70
1.35
1.27
1.0
1.0
2.50
1.65
1.50
2.15
 	 3:1(0:1)  
935	09/03
20:00	 Rio Ave
Nacional Madeira	
-0.25
+0.25
2.05
1.77
 
 	
2.25
2.00
 	
1.80
 	
2.45
3.15
3.05
1.38
1.36
1.55
1.5
1.5
2.60
3.10
1.47
1.35
 	 1:1(0:0)  
936	09/03
22:00	 Sporting Lisbon
Penafiel	
–2.0
+2.0
1.95
1.85
  	
3.0
2.00
1.80
1.18
6.70
18.00
1.01
1.11
4.90
2.5
1.0
2.00
5.50
1.75
1.13
 	 3:2(2:2)  
881	13/03
22:30	 Pacos de Ferreira
Boavista	
-0.75
+0.75
2.00
1.80
 
 	
2.25
2.00
 	
1.80
 	
1.75
3.50
5.00
1.17
1.30
2.06
1.5
1.0
2.05
2.90
1.75
1.38
 	 1:0(1:0)  
882	14/03
19:00	 Benfica
Sporting Braga	
-1.25
+1.25
2.00
1.80
 
 	
2.5
1.90
1.90
1.42
4.50
8.00
1.08
1.22
2.90
1.5
1.0
1.62
3.50
2.30
1.30
 	 2:0(1:0)  
883	14/03
21:00	 Vitoria Guimaraes
Vitoria de Setubal	
-0.75
+0.75
1.93
1.87
 
 	
2.25
1.91
 	
1.90
 	
1.70
3.60
5.30
1.15
1.30
2.15
1.5
1.0
1.95
2.80
1.85
1.40
 	 0:1(0:0)  
884	14/03
23:00	 Belenenses
Estoril-Praia	
0
0
1.87
1.93
  	
2.0
1.85
1.95
2.70
3.05
2.80
1.45
1.37
1.47
1.5
1.5
2.85
2.90
1.40
1.38
 	 2:2(1:1)  
885	15/03
18:00	 Academica Coimbra
Nacional Madeira	
+0.25
-0.25
1.77
2.05
 
 	
2.0
1.85
1.95
3.20
3.10
2.40
1.57
1.37
1.35
1.0
1.0
2.15
1.75
1.65
2.00
 	 2:1(1:0)  
886	15/03
18:00	 Gil Vicente
Moreirense	
0
0
1.80
2.00
  	
2.0
1.80
2.00
2.60
3.10
2.85
1.41
1.36
1.48
1.0
1.0
1.80
1.95
1.95
1.80
 	 0:1(0:0)  
887	15/03
18:00	 Penafiel
Rio Ave	
+0.25
-0.25
1.95
1.85
 
 	
2.25
2.05
 	
1.75
 	
3.50
3.25
2.15
1.69
1.33
1.29
1.0
1.0
2.30
1.62
1.62
2.30
 	 0:2(0:0)  
888	15/03
19:00	 Maritimo
Sporting Lisbon	
+0.75
-0.75
2.05
1.77
 
 	
2.5
2.00
1.80
6.00
3.80
1.60
2.30
1.26
1.13
1.0
1.5
2.80
1.75
1.40
2.00
 	 0:1(0:1)  
889	15/03
21:15	 Porto
Arouca	
-2.25
+2.25
1.80
2.00
 
 	
3.25
1.97
 	
1.83
 	
1.12
9.00
20.00
 	
1.06
6.30
2.5
1.0
1.70
5.50
2.10
1.13
 	 1:0(1:0)  
857	20/03
22:30	 Sporting Braga
Academica Coimbra	
-1.25
+1.25
2.00
1.80
 
 	
2.25
1.80
 	
2.00
 	
1.40
4.40
9.00
1.06
1.22
2.95
1.5
1.5
1.65
6.00
2.20
1.12
 	 0:0(0:0)  
858	21/03
18:00	 Estoril-Praia
Penafiel	
–1.0
+1.0
2.05
1.77
  	
2.25
1.90
 	
1.90
 	
1.57
3.80
6.50
1.11
1.27
2.40
1.5
1.0
1.85
3.30
1.95
1.30
 	 3:3(1:2)  
859	21/03
20:00	 Rio Ave
Benfica	
+1.25
-1.25
1.97
1.83
 
 	
2.5
1.90
1.90
9.50
4.80
1.35
3.20
1.18
1.05
1.0
2.0
4.00
2.00
1.22
1.80
 	 2:1(0:1)  
860	21/03
22:15	 Nacional Madeira
Porto	
+1.25
-1.25
1.97
1.83
 
 	
2.5
1.90
1.90
9.50
4.80
1.35
3.20
1.18
1.05
1.0
2.0
4.00
2.00
1.22
1.80
 	 1:1(0:1)  
861	22/03
18:00	 Arouca
Gil Vicente	
-0.25
+0.25
1.87
1.93
 
 	
2.0
1.85
1.95
2.20
3.10
3.60
1.30
1.37
1.67
1.0
1.0
1.70
2.35
2.15
1.57
 	 3:1(1:0)  
862	22/03
18:00	 Boavista
Belenenses	
-0.25
+0.25
2.10
1.75
 
 	
2.0
1.90
1.90
2.45
3.10
3.10
1.37
1.37
1.55
1.0
1.0
1.85
2.15
1.95
1.65
 	 1:0(0:0)  
863	22/03
18:00	 Moreirense
Maritimo	
-0.25
+0.25
2.05
1.77
 
 	
2.0
1.85
1.95
2.40
3.05
3.20
1.35
1.37
1.57
1.0
1.0
1.75
2.15
2.00
1.65
 	 1:1(1:0)  
864	22/03
20:00	 Sporting Lisbon
Vitoria Guimaraes	
-1.25
+1.25
1.93
1.87
 
 	
2.75
2.00
 	
1.80
 	
1.40
4.50
8.50
1.07
1.20
3.00
2.0
1.0
1.95
3.20
1.85
1.33
 	 4:1(3:0)  
865	23/03
22:00	 Vitoria de Setubal
Pacos de Ferreira	
0
0
1.90
1.90
  	
2.25
2.00
 	
1.80
 	
2.70
3.15
2.70
1.46
1.35
1.46
1.0
1.0
1.85
1.85
1.95
1.95
 	 0:0(0:0)  
	03/04
18:00	 Academica Coimbra
Rio Ave	
0
0
1.80
2.00
  	
2.0
1.92
1.88
2.60
3.05
2.90
1.40
1.37
1.50
1.5
1.5
3.00
3.20
1.37
1.32
 	 0:0(0:0)  
 	03/04
20:00	 Vitoria Guimaraes
Arouca	
-0.75
+0.75
1.95
1.85
 
 	
2.25
1.85
 	
1.95
 	
1.70
3.60
5.30
1.15
1.29
2.15
1.5
1.5
1.87
4.00
1.87
1.22
 	 1:0(0:0)  
 	03/04
22:30	 Gil Vicente
Sporting Braga	
+0.75
-0.75
1.85
1.95
 
 	
2.25
1.91
 	
1.90
 	
5.00
3.60
1.75
2.10
1.30
1.18
1.0
1.5
2.65
2.00
1.45
1.80
 	 0:2(0:2)  
 	04/04
18:00	 Penafiel
Boavista	
0
0
1.80
2.05
  	
2.0
1.90
1.90
2.50
3.20
2.90
1.41
1.35
1.53
1.0
1.0
1.95
2.10
1.85
1.70
 	 2:2(0:1)  
 	04/04
19:00	 Benfica
Nacional Madeira	
-1.75
+1.75
1.90
1.90
 
 	
3.0
2.00
1.80
1.20
6.50
16.00
1.01
1.12
4.62
2.5
1.0
2.00
4.80
1.80
1.16
 	 3:1(2:0)  
 	04/04
20:00	 Belenenses
Moreirense	
-0.25
+0.25
1.87
1.93
 
 	
2.0
1.90
1.90
2.20
3.15
3.60
1.30
1.37
1.70
1.0
1.0
1.70
2.40
2.10
1.53
 	 2:0(2:0)  
 	04/04
22:15	 Pacos de Ferreira
Sporting Lisbon	
+0.75
-0.75
2.05
1.77
 
 	
2.5
1.92
1.88
5.50
4.00
1.60
2.35
1.23
1.14
1.0
1.5
2.80
1.77
1.45
2.05
 	 1:1(0:1)  
 	06/04
20:00	 Maritimo
Vitoria de Setubal	
-0.25
+0.25
1.65
2.25
 
 	
2.25
1.90
 	
1.90
 	
1.90
3.40
4.30
1.22
1.32
1.90
1.5
1.0
2.10
2.40
1.75
1.57
 	 1:1(0:0)  
 	06/04
22:00	 Porto
Estoril-Praia	
–2.0
+2.0
1.95
1.85
  	
3.0
1.82
1.92
1.18
7.50
14.00
1.01
1.07
4.65
2.5
1.5
1.95
7.40
1.80
1.07
 	 5:0(2:0)  
	10/04
22:30	 Arouca
Belenenses	
-0.25
+0.25
1.95
1.85
 
 	
2.0
1.90
1.90
2.30
3.10
3.40
1.33
1.37
1.67
1.0
1.5
1.85
3.70
1.90
1.28
 	 0:1(0:0)  
 	11/04
18:00	 Boavista
Maritimo	
0
0
1.75
2.10
  	
2.25
2.05
 	
1.77
 	
2.50
3.15
3.00
1.40
1.36
1.55
1.0
1.0
1.77
2.00
2.05
1.80
 	 0:2(0:0)  
 	11/04
19:00	 Benfica
Academica Coimbra	
-2.25
+2.25
1.90
1.80
 
 	
3.0
1.90
1.85
1.11
9.00
20.00
 	
1.05
6.30
2.5
1.0
1.80
8.50
1.95
1.05
 	 5:1(3:0)  
 	11/04
20:00	 Rio Ave
Porto	
+1.25
-1.25
2.00
1.80
 
 	
2.5
1.92
1.88
9.50
5.00
1.33
3.30
1.17
1.05
1.5
1.5
6.00
1.55
1.11
2.35
 	 1:3(0:2)  
 	11/04
22:15	 Moreirense
Vitoria Guimaraes	
+0.25
-0.25
1.75
2.10
 
 	
2.0
1.90
1.90
3.10
3.10
2.45
1.55
1.37
1.37
1.0
1.0
2.15
1.85
1.65
1.95
 	 2:1(0:1)  
 	12/04
18:00	 Nacional Madeira
Gil Vicente	
-0.75
+0.75
1.80
2.00
 
 	
2.25
1.85
 	
1.95
 	
1.62
3.80
6.00
1.14
1.28
2.35
1.5
1.0
1.85
3.00
1.90
1.37
 	 3:2(1:0)  
 	12/04
19:00	 Sporting Braga
Penafiel	
–1.5
+1.5
1.85
1.95
  	
2.5
1.85
1.95
1.27
5.30
13.00
1.02
1.16
3.80
2.0
1.0
1.83
5.50
1.97
1.15
 	 4:0(1:0)  
 	12/04
21:15	 Vitoria de Setubal
Sporting Lisbon	
+1.25
-1.25
1.77
2.05
 
 	
2.5
1.90
1.90
7.50
4.35
1.45
2.75
1.22
1.10
1.0
2.0
3.20
2.15
1.32
1.65
 	 1:2(0:2)  
 	13/04
22:00	 Estoril-Praia
Pacos de Ferreira	
-0.25
+0.25
2.10
1.75
 
 	
2.25
1.85
 	
1.95
 	
2.45
3.20
3.00
1.39
1.35
1.55
1.5
1.5
2.40
2.75
1.53
1.42
 	 1:0(0:0)  
	17/04
22:30	 Vitoria Guimaraes
Sporting Braga	
+0.25
-0.25
2.00
1.80
 
 	
2.25
2.01
 	
1.80
 	
3.75
3.25
2.10
1.75
1.35
1.28
1.0
1.0
2.25
1.55
1.60
2.35
 	 1:0(0:0)  
 	18/04
20:00	 Porto
Academica Coimbra	
–2.5
+2.5
2.00
1.80
  	
3.0
1.85
1.95
1.08
11.00
27.00
 	
1.04
7.85
2.5
1.0
1.70
10.00
2.10
1.03
 	 1:0(1:0)  
 	18/04
20:00	 Belenenses
Benfica	
+1.75
-1.75
1.80
2.00
 
 	
2.5
1.87
1.93
15.00
6.00
1.22
4.30
1.13
1.01
1.0
2.0
5.50
1.80
1.13
2.00
 	 0:2(0:1)  
 	19/04
18:00	 Gil Vicente
Rio Ave	
0
0
2.05
1.75
  	
2.25
1.95
 	
1.85
 	
2.90
3.20
2.50
1.55
1.35
1.42
1.0
1.0
1.85
1.70
1.95
2.15
 	 0:0(0:0)  
 	19/04
18:00	 Pacos de Ferreira
Moreirense	
-0.25
+0.25
1.75
2.05
 
 	
2.25
1.85
 	
1.95
 	
2.05
3.40
3.70
1.28
1.32
1.77
1.5
1.0
2.15
2.05
1.70
1.72
 	 0:0(0:0)  
 	19/04
18:00	 Penafiel
Arouca	
0
0
2.10
1.75
  	
2.25
2.05
 	
1.77
 	
3.00
3.10
2.50
1.55
1.36
1.40
1.0
1.0
2.00
1.77
1.80
2.05
 	 0:2(0:1)  
 	19/04
19:00	 Vitoria de Setubal
Estoril-Praia	
0
0
1.87
1.93
  	
2.25
2.00
 	
1.80
 	
2.65
3.20
2.75
1.45
1.35
1.48
1.0
1.0
1.80
1.85
1.95
1.90
 	 1:2(1:0)  
 	19/04
20:00	 Sporting Lisbon
Boavista	
–2.0
+2.0
1.95
1.85
  	
3.0
2.00
1.80
1.18
6.70
18.00
1.01
1.11
4.90
2.5
1.0
2.00
5.50
1.75
1.13
 	 2:1(1:1)  
 	20/04
22:00	 Maritimo
Nacional Madeira	
0
0
1.80
2.00
  	
2.25
1.85
 	
1.95
 	
2.55
3.30
2.80
1.45
1.33
1.52
1.0
1.0
1.65
1.75
2.15
2.00
 	 1:1(1:0)  
839	24/04
22:30	 Sporting Braga
Belenenses	
-1.25
+1.25
2.00
1.80
 
 	
2.25
1.80
 	
2.00
 	
1.38
4.50
9.50
1.06
1.21
3.05
1.5
1.5
1.65
6.00
2.20
1.12
 	 1:1(0:1)  
840	25/04
19:00	 Academica Coimbra
Gil Vicente	
-0.25
+0.25
1.83
1.97
 
 	
2.0
1.80
2.00
2.15
3.20
3.60
1.29
1.35
1.69
1.0
1.0
1.62
2.30
2.30
1.57
 	 1:2(1:1)  
841	25/04
20:00	 Estoril-Praia
Maritimo	
-0.25
+0.25
1.75
2.10
 
 	
2.25
1.90
 	
1.90
 	
2.05
3.35
3.80
1.27
1.33
1.80
1.5
1.0
2.20
2.15
1.65
1.65
 	 1:1(0:0)  
842	25/04
22:15	 Rio Ave
Vitoria Guimaraes	
0
0
1.87
1.93
  	
2.0
1.85
1.95
2.70
3.05
2.80
1.45
1.37
1.47
1.5
1.5
2.85
2.90
1.40
1.38
 	 1:1(0:1)  
843	26/04
18:00	 Arouca
Pacos de Ferreira	
0
0
1.83
1.97
  	
2.0
1.80
2.00
2.60
3.10
2.85
1.44
1.37
1.48
1.0
1.0
1.87
1.95
1.93
1.85
 	 1:3(0:1)  
844	26/04
18:00	 Nacional Madeira
Penafiel	
–1.0
+1.0
2.05
1.75
  	
2.5
1.92
1.88
1.60
3.85
6.00
1.13
1.26
2.35
1.5
1.5
1.77
4.00
2.05
1.25
 	 2:0(1:0)  
845	26/04
19:00	 Benfica
Porto	
-0.25
+0.25
2.00
1.80
 
 	
2.25
1.95
 	
1.85
 	
2.35
3.20
3.15
1.35
1.35
1.60
1.5
1.5
2.50
3.00
1.53
1.37
 	 0:0(0:0)  
846	26/04
21:15	 Boavista
Vitoria de Setubal	
-0.25
+0.25
2.05
1.77
 
 	
2.0
1.85
1.95
2.40
3.10
3.10
1.35
1.37
1.57
1.0
1.0
1.75
2.15
2.00
1.65
 	 0:0(0:0)  
847	27/04
22:00	 Moreirense
Sporting Lisbon	
+1.0
–1.0
1.85
1.95
  	
2.5
2.00
1.80
6.70
4.00
1.53
2.50
1.25
1.11
1.0
1.5
3.15
1.75
1.36
2.10
 	 1:4(1:3)  
646	01/05
22:30	 Vitoria Guimaraes
Estoril-Praia	
-0.75
+0.75
2.10
1.72
 
 	
2.25
1.90
 	
1.90
 	
1.80
3.50
4.50
1.19
1.29
1.97
1.5
1.0
2.00
2.50
1.75
1.50
 	 2:0(1:0)  
647	02/05
20:00	 Gil Vicente
Benfica	
+1.75
-1.75
2.00
1.80
 
 	
2.75
1.80
 	
2.00
 	
13.00
7.50
1.18
4.76
1.08
1.02
1.0
2.5
5.50
2.05
1.13
1.70
 	 0:5(0:2)  
648	02/05
22:15	 Sporting Lisbon
Nacional Madeira	
–1.5
+1.5
1.95
1.85
  	
2.75
1.85
 	
1.95
 	
1.32
5.20
10.00
1.05
1.17
3.45
2.0
1.0
1.75
3.50
2.05
1.28
 	 2:0(0:0)  
649	03/05
18:00	 Boavista
Moreirense	
0
0
1.85
1.95
  	
2.0
1.87
1.93
2.65
3.10
2.80
1.45
1.36
1.48
1.0
1.0
1.95
2.00
1.85
1.75
 	 3:1(1:0)  
650	03/05
18:00	 Maritimo
Arouca	
-0.25
+0.25
1.75
2.10
 
 	
2.25
2.00
 	
1.80
 	
2.05
3.25
3.85
1.27
1.35
1.77
1.5
1.0
2.30
2.35
1.62
1.60
 	 1:1(0:0)  
651	03/05
18:00	 Penafiel
Academica Coimbra	
+0.25
-0.25
1.77
2.05
 
 	
2.25
2.05
 	
1.77
 	
3.15
3.15
2.40
1.57
1.36
1.36
1.5
1.5
3.20
2.60
1.32
1.47
 	 0:0(0:0)  
652	03/05
21:15	 Vitoria de Setubal
Porto	
+2.0
–2.0
1.80
2.00
  	
2.75
1.85
 	
1.95
 	
18.00
6.70
1.18
4.90
1.11
1.01
1.0
2.5
5.50
2.00
1.13
1.75
 	 0:2(0:1)  
653	04/05
21:45	 Belenenses
Rio Ave	
-0.25
+0.25
1.90
1.90
 
 	
2.25
2.05
 	
1.77
 	
2.25
3.20
3.35
1.32
1.35
1.65
1.0
1.0
1.65
2.20
2.15
1.62
 	 1:3(0:2)  
654	04/05
22:00	 Pacos de Ferreira
Sporting Braga	
+0.25
-0.25
2.05
1.75
 
 	
2.25
1.85
 	
1.95
 	
3.60
3.30
2.10
1.75
1.35
1.30
1.0
1.5
2.10
2.20
1.70
1.62
 	 2:2(0:1)  
657	09/05
18:00	 Rio Ave
Pacos de Ferreira	
-0.25
+0.25
1.85
1.95
 
 	
2.5
2.00
1.80
2.15
3.40
3.40
1.32
1.32
1.70
1.5
1.0
2.15
1.90
1.65
1.85
 	 0:0(0:0)  
658	09/05
19:00	 Benfica
Penafiel	
–3.0
+3.0
1.80
2.00
  	
3.75
2.00
 	
1.80
 	
1.04
13.00
34.00
 	
1.01
9.41
3.0
1.0
1.60
10.00
2.25
1.03
 	 4:0(2:0)  
659	09/05
20:30	 Academica Coimbra
Belenenses	
-0.25
+0.25
2.05
1.75
 
 	
2.0
2.00
1.75
2.55
2.90
3.15
1.38
1.42
1.53
1.0
1.0
1.95
2.35
1.80
1.55
 	 1:1(0:0)  
660	09/05
22:30	 Sporting Braga
Maritimo	
-1.25
+1.25
2.00
1.80
 
 	
2.75
2.00
 	
1.80
 	
1.45
4.50
7.30
1.10
1.21
2.78
1.5
1.0
1.55
2.80
2.35
1.40
 	 1:3(1:1)  
661	10/05
18:00	 Arouca
Boavista	
-0.75
+0.75
2.20
1.65
 
 	
2.25
2.00
 	
1.80
 	
1.85
3.40
4.50
1.20
1.31
1.94
1.5
1.0
2.10
2.65
1.70
1.45
 	 0:0(0:0)  
662	10/05
18:00	 Moreirense
Vitoria de Setubal	
-0.25
+0.25
1.80
2.00
 
 	
2.25
2.00
 	
1.80
 	
2.15
3.20
3.60
1.30
1.37
1.75
1.0
1.0
1.57
2.35
2.35
1.57
 	 3:1(1:0)  
663	10/05
19:00	 Estoril-Praia
Sporting Lisbon	
+0.75
-0.75
1.93
1.87
 
 	
2.5
1.90
1.90
5.00
3.90
1.67
2.20
1.25
1.17
1.0
1.5
2.60
1.83
1.50
1.97
 	 1:1(1:0)  
664	10/05
21:15	 Porto
Gil Vicente	
–3.0
+3.0
1.97
1.83
  	
3.5
1.90
1.90
1.05
13.00
30.00
 	
1.01
9.10
2.5
1.5
1.45
12.00
2.65
1.03
 	 2:0(1:0)  
665	11/05
22:00	 Nacional Madeira
Vitoria Guimaraes	
-0.25
+0.25
2.00
1.80
 
 	
2.5
1.98
1.83
2.30
3.30
3.10
1.36
1.32
1.60
1.5
1.5
2.25
2.85
1.60
1.40
 	 2:2(1:2)  
482	17/05
20:00	 Belenenses
Porto	
+1.75
-1.75
1.80
2.00
 
 	
2.75
1.80
 	
2.00
 	
13.00
6.00
1.23
4.10
1.12
1.02
1.0
2.5
4.80
1.97
1.18
1.83
 	 1:1(0:1)  
483	18/05
22:00	 Boavista
Nacional Madeira	
+0.25
-0.25
1.80
2.00
 
 	
2.25
1.95
 	
1.85
 	
3.15
3.20
2.35
1.60
1.35
1.35
1.5
1.5
3.00
2.50
1.37
1.53
 	 0:1(0:1)  
484	17/05
20:00	 Vitoria Guimaraes
Benfica	
+1.5
–1.5
2.00
1.80
  	
3.0
2.00
1.80
11.00
5.70
1.27
3.80
1.14
1.04
1.0
2.5
3.60
2.15
1.27
1.65
 	 0:0(0:0)  
485	17/05
20:00	 Vitoria de Setubal
Arouca	
-0.25
+0.25
1.87
1.93
 
 	
2.0
2.00
1.80
2.20
3.20
3.40
1.30
1.34
1.65
1.0
1.0
1.80
2.60
1.95
1.45
 	 2:1(2:0)  
486	17/05
20:00	 Maritimo
Rio Ave	
-0.25
+0.25
1.75
2.05
 
 	
2.25
1.83
 	
1.97
 	
2.05
3.40
3.70
1.28
1.32
1.77
1.5
1.0
2.15
2.05
1.70
1.72
 	 4:0(1:0)  
487	17/05
20:00	 Moreirense
Estoril-Praia	
-0.25
+0.25
1.90
1.90
 
 	
2.25
1.85
 	
1.95
 	
2.25
3.25
3.30
1.33
1.34
1.64
1.5
1.0
2.30
1.95
1.60
1.80
 	 1:1(0:0)  
488	17/05
20:00	 Pacos de Ferreira
Academica Coimbra	
-0.75
+0.75
1.95
1.85
 
 	
2.25
1.85
 	
1.95
 	
1.75
3.60
4.75
1.18
1.28
2.05
1.5
1.0
1.95
2.60
1.80
1.47
 	 3:2(1:0)  
489	17/05
20:00	 Penafiel
Gil Vicente	
+0.25
-0.25
1.90
1.90
 
 	
2.25
1.85
 	
1.95
 	
3.30
3.25
2.25
1.65
1.35
1.35
1.0
1.5
1.95
2.30
1.85
1.60
 	 2:1(0:0)  
490	17/05
20:00	 Sporting Lisbon
Sporting Braga	
–1.0
+1.0
2.05
1.75
  	
2.5
1.92
1.88
1.60
3.85
6.00
1.13
1.26
2.35
1.5
1.5
1.77
4.00
2.05
1.25
 	 4:1(1:1)  
482	22/05
22:30	 Porto
Penafiel	
–3.5
+3.5
1.80
1.95
  	
4.0
1.80
1.95
1.04
15.00
40.00
 	
1.01
11.00
4.0
1.0
1.95
20.00
1.80
 
 	 2:0(0:0)  
483	23/05
19:00	 Estoril-Praia
Boavista	
-0.25
+0.25
1.60
2.35
 
 	
2.25
1.80
 	
2.00
 	
1.85
3.50
4.40
1.20
1.30
1.95
1.5
1.0
2.00
2.35
1.80
1.60
 	 2:0(1:0)  
484	23/05
20:00	 Arouca
Moreirense	
-0.25
+0.25
1.90
1.90
 
 	
2.25
1.85
 	
1.95
 	
2.25
3.25
3.30
1.33
1.34
1.65
1.5
1.0
2.30
1.95
1.60
1.85
 	 1:2(0:2)  
485	23/05
20:00	 Benfica
Maritimo	
-2.25
+2.25
1.90
1.90
 
 	
3.5
1.90
1.85
1.16
8.00
15.00
1.01
1.08
5.21
3.0
1.0
2.05
4.00
1.70
1.22
 	 4:1(2:1)  
486	23/05
20:00	 Gil Vicente
Belenenses	
+0.75
-0.75
1.80
2.00
 
 	
2.5
1.90
1.85
4.30
3.70
1.80
2.05
1.30
1.22
1.0
1.5
2.30
1.85
1.57
1.90
 	 0:2(0:0)  
487	23/05
20:00	 Nacional Madeira
Pacos de Ferreira	
-0.25
+0.25
1.90
1.90
 
 	
2.75
2.00
 	
1.80
 	
2.25
3.50
3.10
1.37
1.30
1.65
1.5
1.5
2.05
2.60
1.77
1.47
 	 3:0(2:0)  
488	23/05
20:00	 Rio Ave
Sporting Lisbon	
+0.75
-0.75
1.95
1.85
 
 	
2.75
1.95
 	
1.85
 	
5.00
3.90
1.67
2.25
1.25
1.18
1.5
1.5
3.35
1.70
1.30
2.10
 	 0:1(0:0)  
489	23/05
22:15	 Sporting Braga
Vitoria de Setubal	
-1.25
+1.25
1.80
2.00
 
 	
2.75
2.00
 	
1.80
 	
1.35
4.80
10.00
1.05
1.19
3.24
2.0
1.0
1.90
3.80
1.85
1.22
 	 5:0(3:0)  
490	23/05
22:15	 Academica Coimbra
Vitoria Guimaraes	
+0.25
-0.25
1.75
2.05
 
 	
2.5
2.00
1.80
3.00
3.30
2.40
1.57
1.33
1.40
1.0
1.5
1.75
2.30
2.05
1.57
 	 2:4(1:1)  