656	03/10
21:00	 SBV Vitesse
ADO Den Haag	
–1.0
+1.0
1.85
1.90
  	
3.25
1.80
 	
1.90
 	
1.53
4.50
5.30
1.14
1.20
2.45
2.0
1.0
1.80
1.90
1.95
1.85
 	 6:1(5:1)  
657	04/10
19:30	 Heracles Almelo
NAC Breda	
-0.25
+0.25
1.85
1.85
 
 	
3.0
1.90
1.85
2.10
3.60
3.10
1.35
1.27
1.70
1.5
1.5
1.80
2.25
1.95
1.60
 	 6:1(3:0)  
658	04/10
20:45	 Cambuur Leeuwarden
FC Dordrecht	
–1.0
+1.0
1.85
1.90
  	
3.0
1.80
1.95
1.53
4.50
5.50
1.14
1.20
2.50
2.0
1.0
1.85
2.00
1.90
1.75
 	 4:1(2:0)  
659	04/10
20:45	 Willem II
Heerenveen	
0
0
1.77
2.05
  	
3.0
1.95
1.85
2.40
3.60
2.80
1.45
1.30
1.57
1.5
1.5
1.95
2.10
1.85
1.75
 	 2:1(0:1)  
660	04/10
21:45	 Utrecht
Go Ahead Eagles	
-0.75
+0.75
1.95
1.76
 
 	
2.75
1.85
 	
1.85
 	
1.75
3.85
4.50
1.20
1.26
2.10
1.5
1.0
1.70
1.95
2.15
1.85
 	 2:3(0:0)  
661	05/10
13:30	 PSV Eindhoven
Excelsior Rotterdam	
–2.0
+2.0
1.95
1.80
  	
3.5
1.87
1.87
1.20
6.50
12.00
1.02
1.10
4.30
2.5
1.0
1.72
2.75
2.05
1.42
 	 3:0(2:0)  
662	05/10
15:30	 AZ Alkmaar
Twente	
+0.25
-0.25
1.87
1.83
 
 	
2.75
1.80
 	
1.90
 	
3.10
3.60
2.15
1.67
1.27
1.25
1.0
1.5
1.57
1.90
2.30
1.85
 	 2:2(1:0)  
663	05/10
15:30	 Feyenoord
FC Groningen	
-1.25
+1.25
1.85
1.85
 
 	
3.25
1.97
 	
1.74
 	
1.40
5.00
7.50
1.10
1.18
3.00
2.0
1.0
1.65
2.25
2.20
1.60
 	 4:0(1:0)  
664	05/10
17:45	 Ajax
PEC Zwolle	
–1.5
+1.5
1.85
1.90
  	
3.25
1.80
 	
1.90
 	
1.32
5.50
8.50
1.06
1.14
3.40
2.5
1.0
1.95
2.30
1.80
1.57
 	 0:0(0:0)  
880	18/10
19:30	 PSV Eindhoven
AZ Alkmaar	
–1.0
+1.0
1.80
1.95
  	
3.25
1.95
 	
1.80
 	
1.50
4.45
6.30
1.09
1.20
2.50
2.5
1.0
2.35
2.05
1.57
1.70
 	 3:0(3:0)  
881	18/10
19:30	 Willem II
SBV Vitesse	
+0.25
-0.25
1.85
1.85
 
 	
3.0
1.87
1.87
3.10
3.50
2.20
1.65
1.30
1.35
1.5
1.5
2.20
1.87
1.62
1.87
 	 1:4(0:2)  
882	18/10
20:45	 Feyenoord
Heracles Almelo	
-1.75
+1.75
1.95
1.76
 
 	
3.25
1.80
 	
1.90
 	
1.28
6.00
9.50
1.05
1.13
3.70
2.5
1.0
1.90
2.50
1.85
1.50
 	 2:1(2:0)  
883	18/10
21:45	 Twente
Ajax	
-0.25
+0.25
1.95
1.80
 
 	
2.75
1.85
 	
1.90
 	
2.30
3.60
2.80
1.40
1.26
1.57
1.5
1.5
2.00
2.25
1.72
1.57
 	 1:1(1:0)  
884	18/10
21:45	 NAC Breda
ADO Den Haag	
-0.25
+0.25
1.85
1.90
 
 	
2.75
1.85
 	
1.90
 	
2.20
3.40
3.10
1.34
1.29
1.62
1.5
1.5
2.02
2.40
1.74
1.53
 	 1:1(1:0)  
885	19/10
13:30	 Heerenveen
Cambuur Leeuwarden	
-0.75
+0.75
2.05
1.68
 
 	
3.0
1.87
1.87
1.85
3.70
4.00
1.23
1.27
1.95
2.0
1.0
2.30
1.65
1.60
2.15
 	 2:2(1:0)  
886	19/10
15:30	 FC Dordrecht
Utrecht	
0
0
1.87
1.87
  	
3.0
1.87
1.87
2.60
3.40
2.60
1.47
1.30
1.47
1.5
1.5
1.95
1.96
1.80
1.80
 	 1:3(0:1)  
887	19/10
15:30	 Go Ahead Eagles
PEC Zwolle	
+0.25
-0.25
1.72
2.00
 
 	
2.75
1.85
 	
1.85
 	
2.80
3.50
2.40
1.57
1.30
1.42
1.5
1.5
2.25
2.05
1.62
1.72
 	 3:2(3:1)  
888	19/10
17:45	 FC Groningen
Excelsior Rotterdam	
-0.75
+0.75
1.75
1.96
 
 	
3.0
1.95
1.80
1.60
4.00
5.30
1.14
1.23
2.30
1.5
1.0
1.57
2.05
2.30
1.75
 	 1:1(1:1)  
709	24/10
21:00	 ADO Den Haag
FC Dordrecht	
–1.0
+1.0
1.85
1.90
  	
3.25
1.95
 	
1.76
 	
1.53
4.50
5.30
1.14
1.20
2.45
2.0
1.0
1.80
1.90
1.95
1.85
 	 2:0(1:0)  
710	25/10
19:30	 SBV Vitesse
NAC Breda	
–1.5
+1.5
1.95
1.85
  	
3.25
1.85
 	
1.85
 	
1.35
5.30
8.50
1.08
1.17
3.30
2.5
1.0
2.10
2.50
1.70
1.50
 	 2:2(1:0)  
711	25/10
20:45	 AZ Alkmaar
FC Groningen	
-0.75
+0.75
2.00
1.72
 
 	
3.0
1.95
1.80
1.80
3.70
4.40
1.20
1.27
1.95
1.5
1.5
1.67
2.65
2.12
1.44
 	 2:2(0:1)  
712	25/10
20:45	 Heracles Almelo
Willem II	
-0.25
+0.25
1.80
1.90
 
 	
3.0
1.95
1.80
2.05
3.60
3.25
1.31
1.26
1.71
1.5
1.0
1.75
1.55
1.96
2.35
 	 1:3(0:1)  
713	25/10
21:45	 Ajax
Go Ahead Eagles	
–2.0
+2.0
1.90
1.90
  	
3.5
1.83
1.97
1.20
7.00
13.00
1.02
1.10
4.60
3.0
1.0
2.10
2.75
1.70
1.42
 	 3:1(1:1)  
714	26/10
13:30	 Cambuur Leeuwarden
Feyenoord	
+0.25
-0.25
2.00
1.72
 
 	
3.0
1.97
1.83
3.30
3.70
2.10
1.75
1.28
1.35
1.5
1.5
2.35
1.85
1.60
1.95
 	 0:1(0:1)  
715	26/10
15:30	 PEC Zwolle
Heerenveen	
-0.25
+0.25
1.80
1.90
 
 	
3.0
1.95
1.80
2.12
3.50
3.35
1.28
1.28
1.67
1.5
1.5
1.80
2.45
1.95
1.50
 	 2:2(0:1)  
716	26/10
15:30	 Utrecht
PSV Eindhoven	
+0.75
-0.75
1.80
1.90
 
 	
3.0
1.80
1.95
4.20
4.00
1.72
2.05
1.22
1.20
1.0
2.0
1.65
2.00
2.11
1.72
 	 1:5(0:3)  
717	26/10
17:45	 Excelsior Rotterdam
Twente	
+1.0
–1.0
1.80
1.95
  	
3.0
1.90
1.85
5.50
4.00
1.57
2.35
1.22
1.13
1.0
2.0
2.00
1.95
1.75
1.80
 	 2:1(1:1)  
850	01/11
19:30	 Ajax
FC Dordrecht	
–2.5
+2.5
1.87
1.87
  	
4.0
1.85
1.85
1.12
9.00
18.00
1.01
1.05
6.00
3.0
1.0
1.70
3.20
2.10
1.32
 	 4:0(1:0)  
851	01/11
20:45	 Feyenoord
PEC Zwolle	
–1.5
+1.5
1.90
1.85
  	
3.25
1.95
 	
1.76
 	
1.33
5.30
8.00
1.06
1.14
3.20
2.5
1.0
2.10
2.50
1.70
1.50
 	 2:0(0:0)  
852	01/11
20:45	 Twente
Heerenveen	
–1.0
+1.0
1.85
1.90
  	
3.0
1.72
2.05
1.53
4.50
5.50
1.14
1.20
2.50
2.0
1.0
1.80
1.90
2.00
1.85
 	 2:0(0:0)  
853	01/11
21:45	 PSV Eindhoven
ADO Den Haag	
–2.0
+2.0
1.80
1.95
  	
3.5
1.80
1.95
1.18
7.00
13.00
1.02
1.08
4.60
3.0
1.0
2.05
2.90
1.75
1.40
 	 1:0(0:0)  
854	02/11
13:30	 Utrecht
SBV Vitesse	
+0.25
-0.25
2.00
1.72
 
 	
3.25
1.85
 	
1.85
 	
3.40
3.80
2.00
1.77
1.24
1.30
1.5
1.5
2.20
1.62
1.63
2.20
 	 3:1(1:1)  
855	02/11
15:30	 Willem II
Cambuur Leeuwarden	
-0.25
+0.25
2.00
1.72
 
 	
2.75
1.80
 	
1.90
 	
2.35
3.40
2.90
1.40
1.30
1.57
1.5
1.5
1.95
2.20
1.80
1.62
 	 1:1(0:0)  
857	02/11
15:30	 AZ Alkmaar
Excelsior Rotterdam	
-1.25
+1.25
1.90
1.80
 
 	
3.0
1.75
2.00
1.45
4.80
6.50
1.11
1.20
2.80
2.0
1.0
1.70
2.15
2.10
1.65
 	 3:3(1:2)  
858	02/11
17:45	 FC Groningen
NAC Breda	
-0.75
+0.75
1.80
1.90
 
 	
3.0
1.87
1.87
1.65
4.00
4.80
1.17
1.23
2.20
2.0
1.0
2.05
1.85
1.72
1.90
 	 1:0(1:0)  
725	07/11
21:00	 Excelsior Rotterdam
Utrecht	
-0.25
+0.25
2.00
1.75
 
 	
3.0
1.80
2.00
2.30
3.50
2.90
1.40
1.28
1.60
1.5
1.5
1.80
2.00
1.95
1.75
 	 2:2(1:1)  
726	08/11
19:30	 ADO Den Haag
Willem II	
-0.25
+0.25
1.80
1.90
 
 	
2.75
1.87
 	
1.83
 	
2.10
3.40
3.50
1.28
1.30
1.70
1.5
1.0
1.90
1.70
1.85
2.05
 	 3:2(2:0)  
727	08/11
20:45	 Heerenveen
Go Ahead Eagles	
-1.25
+1.25
1.90
1.80
 
 	
3.25
1.80
 	
1.90
 	
1.45
4.80
6.00
1.12
1.17
2.70
2.5
1.0
2.15
1.90
1.65
1.85
 	 2:2(0:2)  
728	08/11
20:45	 PEC Zwolle
FC Groningen	
-0.25
+0.25
1.75
1.96
 
 	
2.75
1.80
 	
1.90
 	
2.00
3.60
3.60
1.30
1.30
1.80
1.5
1.0
1.80
1.65
1.95
2.15
 	 2:0(1:0)  
729	08/11
21:45	 NAC Breda
AZ Alkmaar	
0
0
1.95
1.76
  	
2.75
1.80
 	
1.90
 	
2.70
3.45
2.50
1.51
1.30
1.45
1.5
1.5
2.30
2.00
1.60
1.80
 	 0:1(0:0)  
730	09/11
13:30	 Cambuur Leeuwarden
Ajax	
+0.25
-0.25
2.15
1.63
 
 	
2.75
1.77
 	
1.94
 	
3.70
3.70
1.95
1.85
1.28
1.28
1.0
1.5
1.65
1.85
2.11
2.05
 	 2:4(1:2)  
731	09/11
15:30	 FC Dordrecht
Twente	
+1.0
–1.0
1.95
1.80
  	
3.25
1.95
 	
1.76
 	
5.50
4.50
1.50
2.50
1.18
1.13
1.0
2.0
1.95
1.75
1.80
2.00
 	 0:4(0:4)  
732	09/11
15:30	 SBV Vitesse
Feyenoord	
-0.25
+0.25
2.00
1.72
 
 	
3.25
1.95
 	
1.76
 	
2.30
3.70
2.80
1.42
1.27
1.60
1.5
1.5
1.75
1.95
2.00
1.80
 	 0:0(0:0)  
733	09/11
17:45	 Heracles Almelo
PSV Eindhoven	
+0.75
-0.75
1.90
1.80
 
 	
3.5
1.95
1.76
4.50
4.10
1.65
2.15
1.21
1.18
1.0
2.0
1.60
1.75
2.25
1.96
 	 1:2(1:1)  
903	22/11
19:30	 AZ Alkmaar
SBV Vitesse	
0
0
2.00
1.75
  	
3.0
1.80
1.95
2.80
3.40
2.45
1.54
1.31
1.42
1.5
1.5
1.85
1.95
1.90
1.85
 	 1:0(1:0)  
904	22/11
19:30	 Go Ahead Eagles
NAC Breda	
-0.25
+0.25
1.85
1.95
 
 	
3.0
1.90
1.85
2.10
3.60
3.10
1.35
1.27
1.70
1.5
1.5
1.80
2.25
1.95
1.60
 	 2:0(2:0)  
905	22/11
20:45	 Feyenoord
FC Dordrecht	
–2.5
+2.5
1.90
1.90
  	
4.0
1.90
1.85
1.12
9.50
20.00
1.01
1.06
6.50
3.0
1.0
1.65
3.10
2.15
1.35
 	 2:0(0:0)  
906	22/11
21:45	 Ajax
Heerenveen	
-1.25
+1.25
1.80
1.90
 
 	
3.5
1.95
1.80
1.38
5.20
7.00
1.10
1.15
3.00
2.5
1.0
2.00
2.00
1.75
1.75
 	 4:1(0:1)  
907	22/11
21:45	 Willem II
Excelsior Rotterdam	
-0.75
+0.75
1.80
1.95
 
 	
2.75
1.75
 	
2.00
 	
1.60
3.75
5.55
1.12
1.25
2.25
1.5
1.0
1.55
2.10
2.30
1.65
 	 1:1(0:0)  
908	23/11
13:30	 FC Groningen
PSV Eindhoven	
+0.75
-0.75
2.00
1.72
 
 	
3.0
1.75
2.00
4.70
4.20
1.65
2.25
1.22
1.18
1.0
2.0
1.80
1.95
1.95
1.80
 	 1:1(0:0)  
909	23/11
15:30	 Heracles Almelo
ADO Den Haag	
-0.25
+0.25
1.67
2.07
 
 	
3.25
1.95
 	
1.76
 	
1.95
3.75
3.50
1.27
1.25
1.80
1.5
1.5
1.60
2.25
2.20
1.57
 	 3:1(3:1)  
910	23/11
15:30	 PEC Zwolle
Twente	
+0.25
-0.25
2.00
1.72
 
 	
2.75
1.87
 	
1.83
 	
3.30
3.70
2.10
1.75
1.28
1.35
1.0
1.5
1.65
1.93
2.25
1.87
 	 1:2(1:1)  
911	23/11
17:45	 Utrecht
Cambuur Leeuwarden	
0
0
1.75
2.00
  	
3.0
1.95
1.80
2.40
3.50
2.75
1.42
1.28
1.55
1.5
1.5
1.95
2.10
1.80
1.70
 	 1:3(1:1)  
675	28/11
21:00	 FC Dordrecht
Willem II	
+0.25
-0.25
2.00
1.85
 
 	
3.0
1.87
1.87
3.30
3.70
2.10
1.75
1.28
1.35
1.5
1.5
2.25
1.70
1.57
2.03
 	 0:4(0:2)  
676	29/11
19:30	 Heerenveen
Heracles Almelo	
-0.75
+0.75
1.80
1.90
 
 	
3.25
1.95
 	
1.76
 	
1.65
4.30
4.50
1.20
1.22
2.20
2.0
1.0
1.90
1.72
1.85
2.05
 	 0:1(0:0)  
677	29/11
20:45	 SBV Vitesse
Go Ahead Eagles	
-1.75
+1.75
1.93
1.78
 
 	
3.5
1.85
1.95
1.28
6.20
9.50
1.06
1.13
3.80
2.5
1.0
1.80
2.30
2.00
1.62
 	 2:2(1:0)  
678	29/11
20:45	 NAC Breda
Utrecht	
0
0
1.80
1.95
  	
2.75
1.80
 	
1.90
 	
2.53
3.55
2.60
1.48
1.30
1.52
 
 	 1:5(1:2)  
679	29/11
21:45	 Cambuur Leeuwarden
AZ Alkmaar	
-0.25
+0.25
1.85
1.85
 
 	
2.75
1.80
 	
1.90
 	
2.15
3.40
3.40
1.28
1.30
1.65
1.5
1.0
1.80
1.65
1.95
2.20
 	 0:2(0:1)  
680	30/11
13:30	 ADO Den Haag
Ajax	
+0.75
-0.75
2.00
1.72
 
 	
3.0
1.80
1.95
4.70
4.20
1.65
2.25
1.22
1.18
1.0
2.0
1.80
1.95
1.95
1.80
 	 1:1(0:1)  
681	30/11
15:30	 Twente
FC Groningen	
-1.25
+1.25
1.75
1.96
 
 	
3.0
1.75
2.00
1.36
5.00
7.50
1.07
1.15
3.00
2.5
1.0
2.15
2.40
1.65
1.53
 	 1:2(0:2)  
682	30/11
15:30	 Excelsior Rotterdam
PEC Zwolle	
0
0
1.80
1.95
  	
2.75
1.80
 	
1.90
 	
2.45
3.50
2.75
1.43
1.30
1.52
1.5
1.5
2.00
2.20
1.75
1.62
 	 0:5(0:3)  
864	06/12
19:30	 AZ Alkmaar
Go Ahead Eagles	
–1.0
+1.0
1.90
1.85
  	
3.25
1.90
 	
1.85
 	
1.55
4.00
5.85
1.11
1.23
2.35
1.5
1.5
1.42
2.65
2.65
1.42
 	 2:0(1:0)  
865	06/12
19:30	 Excelsior Rotterdam
Feyenoord	
+1.5
–1.5
1.83
1.97
  	
3.0
1.75
1.96
8.00
5.20
1.36
3.15
1.16
1.08
1.0
2.0
2.40
1.60
1.57
2.35
 	 2:5(0:3)  
866	06/12
20:45	 Cambuur Leeuwarden
NAC Breda	
-1.25
+1.25
1.95
1.76
 
 	
3.0
1.85
1.90
1.45
4.60
6.50
1.10
1.20
2.70
2.0
1.0
1.75
2.25
2.00
1.62
 	 0:1(0:1)  
867	06/12
21:45	 Ajax
Willem II	
–1.5
+1.5
1.85
1.90
  	
3.25
2.00
 	
1.75
 	
1.30
5.50
9.00
1.05
1.14
3.50
2.5
1.0
2.05
2.75
1.72
1.42
 	 5:0(4:0)  
868	06/12
21:45	 FC Dordrecht
PSV Eindhoven	
+2.0
–2.0
1.95
1.80
  	
3.75
1.90
 	
1.80
 	
12.00
7.00
1.22
4.42
1.11
1.04
1.0
2.5
2.37
1.70
1.55
2.10
 	 1:3(1:2)  
869	07/12
13:30	 PEC Zwolle
ADO Den Haag	
-0.75
+0.75
1.80
1.90
 
 	
2.75
1.80
 	
1.90
 	
1.65
3.90
5.00
1.16
1.25
2.20
2.0
1.0
2.15
2.00
1.65
1.75
 	 3:1(1:0)  
870	07/12
15:30	 FC Groningen
Heerenveen	
-0.25
+0.25
1.85
1.85
 
 	
3.0
1.90
1.85
2.10
3.60
3.10
1.35
1.27
1.70
1.5
1.5
1.80
2.25
1.95
1.60
 	 1:1(1:1)  
871	07/12
15:30	 Utrecht
Heracles Almelo	
-0.25
+0.25
1.72
2.00
 
 	
3.5
1.95
1.76
2.10
3.50
3.30
1.31
1.28
1.69
2.0
1.5
2.20
2.05
1.60
1.70
 	 2:4(1:1)  
872	07/12
17:45	 SBV Vitesse
Twente	
-0.25
+0.25
1.75
1.96
 
 	
2.75
1.75
 	
1.96
 	
2.00
3.70
3.40
1.30
1.27
1.80
1.5
1.0
1.80
1.62
1.95
2.20
 	 2:2(2:1)  
588	12/12
21:00	 Heracles Almelo
FC Dordrecht	
–1.5
+1.5
1.87
1.87
  	
3.5
1.75
1.96
1.33
5.50
8.00
1.07
1.14
3.30
2.5
1.0
1.80
2.00
1.90
1.72
 	 1:1(0:1)  
589	13/12
19:30	 NAC Breda
Heerenveen	
+0.25
-0.25
1.90
1.80
 
 	
2.75
1.80
 	
1.90
 	
3.10
3.70
2.20
1.70
1.30
1.38
1.5
1.5
2.30
1.93
1.62
1.87
 	 0:2(0:1)  
590	13/12
20:45	 Willem II
PEC Zwolle	
-0.25
+0.25
1.95
1.76
 
 	
2.75
1.90
 	
1.80
 	
2.25
3.50
3.00
1.37
1.30
1.62
1.5
1.0
2.05
1.60
1.75
2.25
 	 0:1(0:0)  
591	13/12
20:45	 ADO Den Haag
Excelsior Rotterdam	
-0.75
+0.75
1.77
1.94
 
 	
3.0
2.00
1.80
1.60
4.20
5.30
1.14
1.23
2.30
1.5
1.0
1.50
2.05
2.45
1.70
 	 2:2(2:2)  
592	13/12
21:45	 Go Ahead Eagles
Cambuur Leeuwarden	
+0.25
-0.25
1.80
1.90
 
 	
2.75
1.80
 	
1.90
 	
3.05
3.20
2.35
1.57
1.33
1.35
1.5
1.5
2.30
2.00
1.60
1.80
 	 1:2(0:1)  
593	14/12
13:30	 Ajax
Utrecht	
-1.75
+1.75
1.80
1.90
 
 	
3.5
1.80
1.95
1.25
6.50
11.00
1.05
1.12
4.20
3.0
1.0
2.20
2.40
1.62
1.53
 	 3:1(2:1)  
594	14/12
15:30	 FC Groningen
SBV Vitesse	
+0.25
-0.25
1.87
1.83
 
 	
3.0
1.87
1.87
3.10
3.70
2.15
1.70
1.27
1.36
1.5
1.5
2.15
1.80
1.65
1.95
 	 1:1(0:1)  
596	14/12
17:45	 Feyenoord
AZ Alkmaar	
-1.25
+1.25
1.80
1.90
 
 	
3.0
1.80
1.95
1.37
5.00
7.50
1.08
1.16
3.00
2.0
1.0
1.70
2.50
2.10
1.50
 	 2:2(0:2)  
613	19/12
21:00	 Heerenveen
ADO Den Haag	
–1.0
+1.0
1.80
1.95
  	
3.25
1.95
 	
1.80
 	
1.50
4.45
6.30
1.09
1.20
2.50
2.5
1.0
2.35
2.05
1.57
1.70
 	 0:0(0:0)  
614	20/12
19:30	 Cambuur Leeuwarden
PEC Zwolle	
-0.25
+0.25
1.85
1.85
 
 	
2.75
1.90
 	
1.80
 	
2.15
3.30
3.45
1.28
1.30
1.65
1.5
1.0
1.90
1.65
1.85
2.20
 	 2:1(0:1)  
615	20/12
20:45	 FC Dordrecht
FC Groningen	
+0.25
-0.25
2.15
1.63
 
 	
3.0
1.90
1.85
3.70
3.70
1.95
1.85
1.28
1.28
1.0
1.5
1.60
1.70
2.25
2.03
 	 1:1(0:1)  
616	20/12
20:45	 PSV Eindhoven
Go Ahead Eagles	
–2.5
+2.5
1.90
1.90
  	
4.0
1.90
1.85
1.12
9.50
20.00
1.01
1.06
6.50
3.0
1.0
1.65
3.10
2.15
1.35
 	 5:0(2:0)  
617	20/12
21:45	 AZ Alkmaar
Utrecht	
-0.75
+0.75
1.80
1.90
 
 	
3.25
1.95
 	
1.76
 	
1.65
4.30
4.50
1.20
1.22
2.20
2.0
1.0
1.90
1.72
1.85
2.05
 	 0:3(0:3)  
618	21/12
13:30	 SBV Vitesse
Heracles Almelo	
–1.5
+1.5
1.95
1.76
  	
3.5
1.75
1.96
1.37
5.40
7.20
1.08
1.13
3.05
2.5
1.0
1.80
1.90
1.90
1.85
 	 3:0(3:0)  
619	21/12
15:30	 NAC Breda
Feyenoord	
+1.5
–1.5
1.80
2.00
  	
3.0
1.87
1.93
8.50
5.20
1.36
3.25
1.17
1.08
1.0
2.0
2.65
1.65
1.45
2.15
 	 0:1(0:1)  
620	21/12
15:30	 Excelsior Rotterdam
Ajax	
+1.5
–1.5
1.85
1.95
  	
3.25
1.93
 	
1.78
 	
8.50
5.50
1.35
3.35
1.17
1.08
1.0
2.5
2.40
2.05
1.53
1.72
 	 0:2(0:0)  
621	21/12
17:45	 Twente
Willem II	
–1.0
+1.0
1.75
2.00
  	
3.0
1.87
1.87
1.43
4.50
7.25
1.07
1.20
2.75
2.0
1.0
1.80
2.30
1.95
1.57
 	 3:2(1:1)  
847	16/01
21:00	 Ajax
FC Groningen	
–1.5
+1.5
1.90
1.85
  	
3.25
1.95
 	
1.80
 	
1.33
5.30
8.00
1.06
1.14
3.20
2.5
1.0
2.10
2.50
1.70
1.50
 	 2:0(1:0)  
848	17/01
19:30	 PEC Zwolle
NAC Breda	
-1.25
+1.25
1.95
1.80
 
 	
3.0
2.00
1.75
1.45
4.25
7.25
1.06
1.23
2.60
2.5
1.5
2.50
3.75
1.47
1.23
 	 4:1(1:0)  
849	17/01
20:45	 ADO Den Haag
Cambuur Leeuwarden	
0
0
1.75
2.00
  	
2.5
1.80
1.95
2.45
3.40
2.80
1.42
1.32
1.55
1.5
1.5
2.20
2.35
1.62
1.57
 	 2:2(2:1)  
850	17/01
21:45	 SBV Vitesse
PSV Eindhoven	
+0.25
-0.25
1.85
1.85
 
 	
3.0
1.80
1.95
3.10
3.70
2.15
1.69
1.27
1.36
1.5
1.5
2.05
1.75
1.72
2.00
 	 0:1(0:1)  
851	17/01
20:45	 AZ Alkmaar
FC Dordrecht	
-1.75
+1.75
1.95
1.76
 
 	
3.25
1.80
 	
1.90
 	
1.28
6.00
9.50
1.05
1.13
3.70
2.5
1.0
1.90
2.50
1.85
1.50
 	 2:0(1:0)  
852	18/01
13:30	 Willem II
Go Ahead Eagles	
-0.75
+0.75
1.75
1.96
 
 	
3.0
1.95
1.80
1.60
4.00
5.30
1.14
1.23
2.30
1.5
1.0
1.57
2.05
2.30
1.75
 	 1:0(0:0)  
853	18/01
15:30	 Utrecht
Heerenveen	
0
0
1.87
1.87
  	
3.0
1.87
1.87
2.60
3.40
2.60
1.47
1.30
1.47
1.5
1.5
1.95
1.96
1.80
1.80
 	 1:2(0:1)  
854	18/01
15:30	 Feyenoord
Twente	
-0.75
+0.75
1.87
1.83
 
 	
2.75
1.80
 	
1.90
 	
1.70
3.80
4.70
1.17
1.25
2.10
1.5
1.0
1.65
1.95
2.15
1.80
 	 3:1(1:0)  
855	18/01
17:45	 Heracles Almelo
Excelsior Rotterdam	
-0.75
+0.75
1.87
1.87
 
 	
3.25
2.00
 	
1.75
 	
1.70
4.10
4.60
1.18
1.22
2.13
2.0
1.0
1.95
1.75
1.80
2.00
 	 0:3(0:1)  
826	23/01
21:00	 Twente
Heracles Almelo	
–1.5
+1.5
1.97
1.83
  	
3.25
1.85
 	
1.85
 	
1.37
5.30
7.50
1.10
1.16
3.15
2.5
1.0
2.10
2.25
1.75
1.65
 	 2:0(0:0)  
827	24/01
19:30	 Cambuur Leeuwarden
PSV Eindhoven	
+1.0
–1.0
1.85
1.90
  	
3.0
1.85
1.90
5.80
4.20
1.57
2.45
1.24
1.14
1.0
2.0
2.00
1.95
1.75
1.85
 	 1:2(0:1)  
828	24/01
20:45	 FC Dordrecht
Excelsior Rotterdam	
0
0
1.85
1.95
  	
2.75
1.95
 	
1.76
 	
2.55
3.45
2.70
1.47
1.32
1.52
1.5
1.5
2.15
2.25
1.65
1.60
 	 1:0(0:0)  
829	24/01
20:45	 PEC Zwolle
AZ Alkmaar	
-0.25
+0.25
1.80
1.90
 
 	
2.75
1.95
 	
1.76
 	
2.10
3.40
3.40
1.30
1.30
1.70
1.5
1.0
1.95
1.72
1.80
2.05
 	 1:1(1:1)  
830	24/01
21:45	 Heerenveen
SBV Vitesse	
0
0
1.80
1.95
  	
3.0
1.80
1.95
2.50
3.40
2.75
1.45
1.32
1.53
1.5
1.5
1.85
1.95
1.90
1.85
 	 4:1(3:0)  
831	25/01
13:30	 Ajax
Feyenoord	
-0.25
+0.25
1.90
1.80
 
 	
2.5
1.80
1.95
2.20
3.50
3.10
1.35
1.30
1.65
1.5
1.0
2.05
1.70
1.72
2.10
 	 0:0(0:0)  
832	25/01
15:30	 NAC Breda
Willem II	
+0.25
-0.25
1.75
1.96
 
 	
2.75
1.95
 	
1.76
 	
2.85
3.50
2.35
1.57
1.30
1.42
1.5
1.5
2.25
2.20
1.60
1.65
 	 0:0(0:0)  
833	25/01
15:30	 FC Groningen
Utrecht	
-0.25
+0.25
1.67
2.07
 
 	
2.75
1.77
 	
1.94
 	
1.90
3.80
3.80
1.27
1.27
1.90
1.5
1.0
1.75
1.70
2.10
2.15
 	 2:2(1:1)  
834	25/01
17:45	 Go Ahead Eagles
ADO Den Haag	
0
0
1.75
2.00
  	
2.75
1.95
 	
1.76
 	
2.40
3.50
2.75
1.42
1.28
1.55
1.5
1.5
2.15
2.30
1.65
1.57
 	 1:0(1:0)  
929	30/01
21:00	 FC Dordrecht
Heerenveen	
+0.75
-0.75
1.85
1.85
 
 	
3.0
1.90
1.85
4.50
3.80
1.75
2.10
1.27
1.20
1.0
2.0
1.80
2.15
2.00
1.65
 	 0:0(0:0)  
930	31/01
19:30	 PSV Eindhoven
Willem II	
–2.0
+2.0
1.90
1.85
  	
3.5
1.90
1.85
1.18
7.25
13.50
1.02
1.09
4.55
 
 	 2:1(0:1)  
931	31/01
20:45	 Excelsior Rotterdam
NAC Breda	
-0.25
+0.25
1.65
2.11
 
 	
2.5
1.80
1.95
1.90
3.55
4.00
1.23
1.30
1.90
1.5
1.0
1.95
1.95
1.80
1.80
 	 0:0(0:0)  
932	31/01
20:45	 FC Groningen
Go Ahead Eagles	
-0.75
+0.75
1.95
1.76
 
 	
3.0
1.90
1.85
1.70
3.80
4.85
1.16
1.25
2.05
1.5
1.5
1.55
2.75
2.35
1.42
 	 2:0(1:0)  
933	31/01
21:45	 Twente
Cambuur Leeuwarden	
–1.0
+1.0
1.87
1.87
  	
2.75
1.90
 	
1.80
 	
1.50
4.20
6.75
1.09
1.22
2.50
1.5
1.0
1.55
2.65
2.35
1.45
 	 2:1(0:0)  
934	01/02
13:30	 Feyenoord
ADO Den Haag	
–2.0
+2.0
1.87
1.87
  	
3.0
1.80
1.95
1.18
6.50
14.50
1.01
1.09
4.55
2.5
1.5
1.90
5.95
1.84
1.11
 	 2:1(2:0)  
935	01/02
15:30	 SBV Vitesse
Ajax	
-0.25
+0.25
2.00
1.72
 
 	
3.0
1.90
1.85
2.45
3.45
2.85
1.42
1.32
1.55
1.5
1.5
1.90
2.00
1.85
1.75
 	 1:0(0:0)  
936	01/02
15:30	 Utrecht
PEC Zwolle	
-0.25
+0.25
1.87
1.83
 
 	
2.75
1.77
 	
1.94
 	
2.15
3.60
3.20
1.35
1.30
1.70
1.5
1.5
1.87
2.30
1.93
1.62
 	 0:2(0:1)  
937	01/02
17:45	 AZ Alkmaar
Heracles Almelo	
-0.75
+0.75
1.80
1.90
 
 	
3.25
1.95
 	
1.76
 	
1.65
4.30
4.50
1.20
1.22
2.20
2.0
1.0
1.90
1.72
1.85
2.05
 	 3:1(1:0)  
828	03/02
19:30	 Go Ahead Eagles
Excelsior Rotterdam	
-0.25
+0.25
1.80
1.90
 
 	
2.75
1.95
 	
1.76
 	
2.05
3.70
3.40
1.32
1.30
1.77
1.5
1.0
1.95
1.75
1.85
2.05
 	 0:0(0:0)  
829	03/02
21:45	 NAC Breda
PSV Eindhoven	
+1.5
–1.5
1.95
1.80
  	
3.25
1.90
 	
1.85
 	
8.50
5.80
1.30
3.50
1.13
1.06
1.0
2.5
2.60
2.00
1.46
1.75
 	 0:2(0:0)  
830	04/02
19:30	 ADO Den Haag
Twente	
+0.25
-0.25
2.10
1.66
 
 	
2.75
1.95
 	
1.76
 	
3.70
3.60
1.95
1.85
1.28
1.26
1.0
1.5
1.85
1.87
1.95
1.87
 	 2:0(1:0)  
831	04/02
19:30	 Heerenveen
Feyenoord	
+0.25
-0.25
2.15
1.63
 
 	
2.5
1.80
1.95
3.90
3.50
1.90
1.85
1.28
1.23
1.0
1.5
1.90
1.87
1.85
1.87
 	 3:1(1:1)  
832	04/02
20:45	 PEC Zwolle
FC Dordrecht	
–1.5
+1.5
1.95
1.80
  	
3.0
1.82
1.93
1.32
5.30
9.00
1.05
1.14
3.25
2.5
1.5
2.20
4.50
1.62
1.18
 	 4:0(1:0)  
833	04/02
21:45	 Willem II
Utrecht	
-0.25
+0.25
1.70
2.03
 
 	
2.75
1.80
 	
1.90
 	
1.95
3.60
3.70
1.27
1.28
1.85
1.5
1.0
1.80
1.70
1.95
2.10
 	 1:0(0:0)  
834	04/02
21:45	 Cambuur Leeuwarden
SBV Vitesse	
+0.25
-0.25
1.80
1.90
 
 	
2.75
1.80
 	
1.90
 	
3.05
3.20
2.35
1.57
1.33
1.35
1.5
1.5
2.30
2.00
1.60
1.80
 	 0:2(0:1)  
835	05/02
19:30	 Heracles Almelo
FC Groningen	
-0.25
+0.25
2.05
1.75
 
 	
2.75
1.80
 	
1.95
 	
2.40
3.55
2.80
1.42
1.30
1.55
1.5
1.5
2.00
2.12
1.75
1.67
 	 2:2(1:0)  
836	05/02
21:45	 Ajax
AZ Alkmaar	
–1.0
+1.0
1.80
1.95
  	
3.0
1.75
2.00
1.50
4.30
5.80
1.12
1.20
2.50
2.0
1.0
1.80
2.00
1.95
1.75
 	 0:1(0:0)  
1154	07/02
19:30	 FC Dordrecht
ADO Den Haag	
+0.25
-0.25
1.80
1.90
 
 	
2.75
1.95
 	
1.76
 	
3.00
3.50
2.25
1.62
1.30
1.37
1.0
1.5
1.62
2.05
2.20
1.72
 	 0:0(0:0)  
1155	07/02
19:30	 Twente
Excelsior Rotterdam	
-1.25
+1.25
1.75
1.96
 
 	
2.75
1.85
 	
1.85
 	
1.30
5.10
10.50
1.03
1.15
3.35
2.5
1.5
2.35
5.00
1.55
1.14
 	 1:3(1:1)  
1156	07/02
20:45	 Heerenveen
PEC Zwolle	
-0.25
+0.25
1.75
1.96
 
 	
2.75
1.85
 	
1.85
 	
2.05
3.50
3.50
1.30
1.30
1.75
1.5
1.0
1.87
1.65
1.87
2.15
 	 4:0(3:0)  
1157	07/02
21:45	 PSV Eindhoven
Utrecht	
–2.0
+2.0
1.85
1.90
  	
3.75
1.90
 	
1.80
 	
1.20
7.00
12.00
1.02
1.10
4.50
3.0
1.0
2.05
2.60
1.75
1.46
 	 3:1(0:0)  
1158	07/02
21:45	 NAC Breda
SBV Vitesse	
+1.0
–1.0
1.80
2.05
  	
2.75
1.87
 	
1.83
 	
5.50
4.00
1.62
2.35
1.25
1.15
1.0
2.0
1.95
2.05
1.80
1.75
 	 0:1(0:0)  
1159	08/02
13:30	 Feyenoord
Cambuur Leeuwarden	
–1.5
+1.5
1.80
1.95
  	
3.0
1.85
1.90
1.28
5.50
10.50
1.04
1.14
3.60
2.5
1.0
2.05
3.10
1.72
1.35
 	 2:1(1:0)  
1160	08/02
15:30	 Willem II
Heracles Almelo	
-0.75
+0.75
2.10
1.66
 
 	
2.75
1.80
 	
1.90
 	
1.85
3.80
4.00
1.25
1.27
1.95
1.5
1.0
1.75
1.75
2.05
2.00
 	 3:0(2:0)  
1161	08/02
15:30	 Go Ahead Eagles
Ajax	
+1.0
–1.0
1.80
1.95
  	
3.0
1.90
1.85
5.50
4.00
1.57
2.35
1.22
1.13
1.0
2.0
2.00
1.95
1.75
1.80
 	 1:2(0:1)  
1162	08/02
17:45	 FC Groningen
AZ Alkmaar	
-0.25
+0.25
2.05
1.68
 
 	
2.75
1.95
 	
1.76
 	
2.40
3.30
2.85
1.38
1.30
1.53
1.0
1.0
1.45
1.55
2.60
2.35
 	 2:4(2:1)  
926	13/02
21:00	 AZ Alkmaar
PSV Eindhoven	
+0.75
-0.75
1.75
2.00
 
 	
2.75
1.75
 	
2.00
 	
4.30
3.75
1.80
2.00
1.27
1.22
1.0
1.5
1.75
1.70
2.00
2.10
 	 2:4(1:2)  
927	14/02
19:30	 Heracles Almelo
Feyenoord	
+1.0
–1.0
1.80
1.95
  	
3.0
1.90
1.85
5.50
4.00
1.57
2.35
1.22
1.13
1.0
2.0
2.00
1.95
1.75
1.80
 	 2:0(1:0)  
928	14/02
20:45	 SBV Vitesse
Willem II	
–1.0
+1.0
1.75
2.00
  	
3.0
1.87
1.87
1.48
4.50
6.20
1.11
1.20
2.65
2.0
1.0
1.80
2.15
1.95
1.65
 	 2:0(2:0)  
929	14/02
20:45	 Excelsior Rotterdam
FC Groningen	
-0.25
+0.25
1.95
1.76
 
 	
2.75
1.95
 	
1.76
 	
2.30
3.35
3.00
1.35
1.35
1.57
1.5
1.5
2.00
2.35
1.72
1.52
 	 1:1(0:0)  
930	14/02
21:45	 ADO Den Haag
NAC Breda	
-0.75
+0.75
1.85
1.85
 
 	
2.5
1.90
1.85
1.67
3.60
5.20
1.14
1.27
2.15
1.5
1.0
1.80
2.40
1.95
1.53
 	 3:2(0:1)  
931	15/02
13:30	 Cambuur Leeuwarden
Heerenveen	
0
0
1.90
1.85
  	
2.5
1.80
1.95
2.65
3.35
2.55
1.48
1.30
1.45
1.5
1.5
2.30
2.25
1.60
1.62
 	 2:1(2:1)  
932	15/02
15:30	 Utrecht
FC Dordrecht	
-1.25
+1.25
1.80
1.90
 
 	
3.0
1.80
1.95
1.37
5.00
7.50
1.08
1.16
3.00
2.0
1.0
1.70
2.50
2.10
1.50
 	 6:1(2:0)  
933	15/02
15:30	 PEC Zwolle
Go Ahead Eagles	
–1.0
+1.0
1.90
1.85
  	
2.75
1.85
 	
1.85
 	
1.55
4.20
5.50
1.13
1.22
2.40
2.0
1.0
2.10
2.30
1.70
1.57
 	 0:1(0:1)  
934	15/02
17:45	 Ajax
Twente	
-0.25
+0.25
1.75
1.96
 
 	
2.5
1.80
1.95
2.00
3.45
3.55
1.28
1.28
1.75
1.5
1.0
1.95
1.85
1.80
1.90
 	 4:2(2:1)  
889	20/02
21:00	 NAC Breda
Cambuur Leeuwarden	
+0.25
-0.25
1.72
2.00
 
 	
2.5
1.95
1.80
2.85
3.35
2.40
1.55
1.30
1.40
1.0
1.0
1.72
1.57
2.05
2.35
 	 2:1(0:0)  
890	21/02
19:30	 ADO Den Haag
PEC Zwolle	
0
0
1.75
2.05
  	
2.5
1.90
1.90
2.45
3.40
2.85
1.42
1.30
1.51
1.5
1.5
2.25
2.50
1.65
1.50
 	 3:2(1:0)  
891	21/02
20:45	 Go Ahead Eagles
AZ Alkmaar	
+0.25
-0.25
1.85
1.85
 
 	
2.5
1.80
1.95
3.10
3.50
2.20
1.65
1.30
1.35
1.0
1.5
1.70
2.05
2.10
1.72
 	 0:2(0:1)  
892	21/02
21:45	 Heracles Almelo
Utrecht	
-0.25
+0.25
2.00
1.72
 
 	
3.0
1.80
2.00
2.30
3.70
2.90
1.42
1.28
1.65
1.5
1.5
1.80
2.05
2.00
1.77
 	 1:1(0:0)  
893	22/02
13:30	 Heerenveen
FC Groningen	
-0.75
+0.75
1.95
1.76
 
 	
3.0
1.95
1.80
1.75
3.60
4.70
1.18
1.28
2.05
1.5
1.0
1.62
1.75
2.20
2.00
 	 3:1(1:0)  
894	22/02
15:30	 Twente
SBV Vitesse	
-0.25
+0.25
1.95
1.76
 
 	
2.75
1.75
 	
1.96
 	
2.25
3.50
3.05
1.33
1.28
1.60
1.5
1.5
1.87
2.35
1.87
1.55
 	 1:2(0:1)  
895	22/02
15:30	 Willem II
Ajax	
+0.25
-0.25
1.90
1.80
 
 	
2.5
1.87
1.87
3.30
3.30
2.20
1.65
1.32
1.32
1.0
1.5
1.75
2.10
2.00
1.70
 	 1:1(0:1)  
896	22/02
15:30	 PSV Eindhoven
FC Dordrecht	
–3.0
+3.0
1.85
1.95
  	
4.0
1.80
1.95
1.07
11.00
22.00
 	
1.02
7.50
3.5
1.0
1.80
5.30
1.95
1.14
 	 3:0(1:0)  
897	22/02
17:45	 Feyenoord
Excelsior Rotterdam	
-1.75
+1.75
1.80
1.90
 
 	
3.0
1.85
1.90
1.20
6.50
15.00
1.01
1.11
4.60
2.5
1.0
1.95
4.00
1.80
1.22
 	 3:2(0:2)  
982	27/02
21:00	 FC Dordrecht
Go Ahead Eagles	
+0.25
-0.25
1.80
1.90
 
 	
2.5
1.80
2.00
3.00
3.40
2.35
1.60
1.32
1.40
1.0
1.5
1.62
2.15
2.25
1.70
 	 2:1(1:1)  
983	28/02
19:30	 SBV Vitesse
PEC Zwolle	
–1.0
+1.0
1.75
2.00
  	
3.0
1.87
1.87
1.48
4.50
6.20
1.11
1.20
2.65
2.0
1.0
1.80
2.15
1.95
1.65
 	 2:1(1:1)  
984	28/02
20:45	 AZ Alkmaar
Willem II	
-0.75
+0.75
2.00
1.72
 
 	
2.75
1.85
 	
1.85
 	
1.80
3.80
4.10
1.22
1.25
2.00
1.5
1.0
1.75
1.87
2.05
1.87
 	 2:0(1:0)  
985	28/02
20:45	 Twente
NAC Breda	
–1.5
+1.5
1.80
1.95
  	
3.0
1.85
1.90
1.28
5.50
10.50
1.04
1.14
3.60
2.5
1.0
2.05
3.10
1.72
1.35
 	 1:1(1:0)  
986	28/02
21:45	 Cambuur Leeuwarden
Heracles Almelo	
-0.25
+0.25
1.63
2.14
 
 	
2.75
1.85
 	
1.85
 	
1.90
3.50
4.15
1.22
1.30
1.90
1.5
1.0
1.72
1.75
2.03
2.00
 	 1:0(1:0)  
987	01/03
13:30	 Excelsior Rotterdam
Heerenveen	
+0.25
-0.25
1.72
2.00
 
 	
2.5
1.80
1.95
2.90
3.30
2.40
1.55
1.32
1.40
1.0
1.5
1.60
2.15
2.25
1.65
 	 3:0(1:0)  
988	01/03
15:30	 FC Groningen
ADO Den Haag	
-0.25
+0.25
1.75
1.96
 
 	
2.75
1.95
 	
1.76
 	
2.00
3.60
3.60
1.30
1.30
1.80
1.5
1.0
1.87
1.80
1.87
2.00
 	 1:1(0:0)  
989	01/03
15:30	 Utrecht
Feyenoord	
+0.75
-0.75
1.65
2.11
 
 	
2.75
1.80
 	
1.90
 	
4.00
3.70
1.85
1.92
1.26
1.23
1.0
1.5
1.80
1.75
2.00
2.10
 	 0:0(0:0)  
990	01/03
17:45	 PSV Eindhoven
Ajax	
–1.0
+1.0
1.90
1.90
  	
3.0
1.80
2.00
1.55
4.50
5.50
1.15
1.22
2.50
2.0
1.0
1.85
1.95
1.95
1.85
 	 1:3(0:1)  
916	06/03
21:00	 Willem II
Twente	
0
0
1.87
1.87
  	
2.5
1.85
1.90
2.65
3.20
2.65
1.45
1.33
1.45
1.5
1.5
2.30
2.43
1.57
1.57
 	 2:2(2:1)  
917	07/03
19:30	 Go Ahead Eagles
PSV Eindhoven	
+1.25
-1.25
1.95
1.76
 
 	
3.0
1.75
2.00
7.50
5.00
1.38
3.00
1.17
1.08
1.0
2.0
2.35
1.65
1.55
2.15
 	 0:3(0:3)  
918	07/03
20:45	 ADO Den Haag
Heerenveen	
0
0
1.70
2.05
  	
2.75
1.95
 	
1.76
 	
2.45
3.35
2.85
1.37
1.30
1.50
1.5
1.5
2.10
2.25
1.68
1.60
 	 0:1(0:0)  
919	07/03
20:45	 Heracles Almelo
SBV Vitesse	
+0.75
-0.75
1.75
1.96
 
 	
3.0
1.85
1.95
4.00
3.80
1.80
1.95
1.24
1.22
1.0
2.0
1.75
2.15
2.10
1.70
 	 1:1(0:1)  
920	07/03
21:45	 PEC Zwolle
Cambuur Leeuwarden	
-0.25
+0.25
1.60
2.19
 
 	
2.5
1.75
2.00
1.90
3.50
3.85
1.22
1.27
1.85
1.5
1.0
1.80
1.85
1.90
1.85
 	 6:1(2:0)  
921	08/03
13:30	 FC Groningen
FC Dordrecht	
-1.25
+1.25
1.85
1.85
 
 	
3.0
1.80
1.95
1.40
4.75
7.85
1.07
1.18
2.90
1.5
1.0
1.42
2.35
2.75
1.55
 	 2:0(1:0)  
922	08/03
15:30	 Feyenoord
NAC Breda	
–2.0
+2.0
1.95
1.80
  	
3.25
1.90
 	
1.80
 	
1.18
6.50
15.00
1.01
1.10
4.60
2.5
1.0
1.85
4.00
1.90
1.20
 	 3:0(1:0)  
923	08/03
15:30	 Ajax
Excelsior Rotterdam	
-1.25
+1.25
1.80
1.90
 
 	
3.0
1.87
1.87
1.37
4.80
8.00
1.07
1.17
3.00
2.0
1.0
1.70
2.60
2.10
1.46
 	 1:0(0:0)  
924	08/03
17:45	 Utrecht
AZ Alkmaar	
0
0
1.72
2.05
  	
2.75
1.85
 	
1.85
 	
2.35
3.50
2.80
1.42
1.28
1.57
1.5
1.5
2.05
2.25
1.72
1.60
 	 6:2(3:0)  
862	13/03
21:00	 SBV Vitesse
AZ Alkmaar	
–1.0
+1.0
1.85
1.90
  	
3.0
1.80
1.90
1.55
4.10
5.45
1.11
1.23
2.30
1.5
1.0
1.47
2.05
2.50
1.68
 	 3:1(1:1)  
863	14/03
19:30	 Twente
PEC Zwolle	
-0.75
+0.75
1.80
1.90
 
 	
2.75
1.80
 	
1.90
 	
1.63
4.00
5.30
1.15
1.25
2.25
1.5
1.0
1.57
2.05
2.30
1.70
 	 2:0(0:0)  
864	14/03
20:45	 Cambuur Leeuwarden
Utrecht	
-0.25
+0.25
1.95
1.76
 
 	
2.75
1.90
 	
1.80
 	
2.25
3.50
3.00
1.37
1.30
1.62
1.5
1.0
2.05
1.60
1.75
2.25
 	 3:1(2:1)  
865	14/03
20:45	 NAC Breda
Go Ahead Eagles	
-0.25
+0.25
1.70
2.03
 
 	
2.5
2.00
1.80
2.05
3.35
3.75
1.27
1.33
1.77
1.5
1.0
2.12
2.00
1.67
1.75
 	 1:0(0:0)  
866	14/03
21:45	 Excelsior Rotterdam
Willem II	
-0.25
+0.25
1.85
1.90
 
 	
2.5
1.90
1.85
2.20
3.05
3.45
1.28
1.37
1.60
1.5
1.0
2.10
1.85
1.65
1.85
 	 2:3(0:1)  
867	15/03
13:30	 ADO Den Haag
Heracles Almelo	
-0.75
+0.75
2.05
1.68
 
 	
2.75
1.80
 	
1.90
 	
1.85
3.70
3.90
1.23
1.25
1.90
1.5
1.0
1.75
1.75
2.05
2.00
 	 1:3(1:1)  
868	15/03
15:30	 PSV Eindhoven
FC Groningen	
-1.75
+1.75
1.80
1.90
 
 	
3.5
1.95
1.85
1.23
6.50
12.00
1.03
1.12
4.30
2.5
1.0
1.80
2.75
2.00
1.42
 	 2:1(1:1)  
869	15/03
15:30	 Heerenveen
Ajax	
0
0
1.95
1.85
  	
2.75
1.85
 	
1.85
 	
2.70
3.40
2.55
1.50
1.32
1.47
1.5
1.5
2.15
2.10
1.65
1.70
 	 1:4(1:3)  
870	15/03
17:45	 FC Dordrecht
Feyenoord	
+1.5
–1.5
1.80
1.95
  	
3.0
1.87
1.87
9.00
5.20
1.33
3.30
1.16
1.06
1.0
2.0
2.80
1.65
1.40
2.15
 	 1:2(0:1)  
841	20/03
21:00	 Utrecht
NAC Breda	
–1.0
+1.0
1.80
1.95
  	
3.0
1.95
1.80
1.47
4.10
7.25
1.07
1.22
2.55
1.5
1.5
1.47
3.40
2.50
1.27
 	 3:4(1:1)  
842	21/03
19:30	 Go Ahead Eagles
SBV Vitesse	
+0.75
-0.75
1.95
1.76
 
 	
3.0
1.90
1.85
4.80
4.00
1.65
2.20
1.25
1.17
1.0
2.0
1.90
2.05
1.85
1.72
 	 0:2(0:1)  
843	21/03
20:45	 Willem II
FC Dordrecht	
–1.5
+1.5
1.97
1.83
  	
2.75
1.80
 	
1.90
 	
1.33
5.20
9.50
1.06
1.17
3.40
2.0
1.0
1.65
3.80
2.11
1.22
 	 2:1(1:0)  
844	21/03
20:45	 Heracles Almelo
Heerenveen	
0
0
1.95
1.85
  	
2.75
1.75
 	
1.96
 	
2.70
3.40
2.55
1.50
1.32
1.47
1.5
1.5
2.15
2.10
1.65
1.70
 	 1:4(1:1)  
845	21/03
21:45	 AZ Alkmaar
Cambuur Leeuwarden	
-0.75
+0.75
1.80
1.90
 
 	
2.75
1.80
 	
1.90
 	
1.63
4.00
5.30
1.15
1.25
2.25
1.5
1.0
1.57
2.05
2.30
1.70
 	 2:1(1:0)  
846	22/03
13:30	 PEC Zwolle
Excelsior Rotterdam	
-0.75
+0.75
1.90
1.80
 
 	
2.75
1.90
 	
1.80
 	
1.72
3.80
4.50
1.18
1.25
2.10
1.5
1.0
1.72
2.05
2.05
1.72
 	 1:1(1:1)  
847	22/03
15:30	 FC Groningen
Twente	
+0.25
-0.25
1.95
1.76
 
 	
2.75
1.90
 	
1.80
 	
3.40
3.40
2.10
1.70
1.30
1.30
1.0
1.5
1.65
1.90
2.15
1.85
 	 2:2(1:1)  
848	22/03
15:30	 Feyenoord
PSV Eindhoven	
0
0
1.85
1.90
  	
2.75
1.80
 	
1.90
 	
2.55
3.35
2.65
1.42
1.30
1.45
1.5
1.5
2.00
2.10
1.72
1.66
 	 2:1(0:0)  
849	22/03
17:45	 Ajax
ADO Den Haag	
-1.25
+1.25
1.90
1.85
 
 	
3.0
1.90
1.85
1.42
4.50
7.50
1.08
1.20
2.85
2.0
1.0
1.80
2.40
1.95
1.53
 	 1:0(0:0)  
	04/04
19:30	 PEC Zwolle
Willem II	
-0.25
+0.25
1.75
1.96
 
 	
2.75
1.95
 	
1.76
 	
2.00
3.60
3.60
1.30
1.30
1.80
1.5
1.0
1.87
1.80
1.87
2.00
 	 1:0(0:0)  
 	04/04
19:30	 SBV Vitesse
FC Groningen	
–1.5
+1.5
1.90
1.85
  	
3.25
1.95
 	
1.76
 	
1.33
5.30
8.00
1.06
1.14
3.20
2.5
1.0
2.10
2.50
1.70
1.50
 	 1:1(0:1)  
 	04/04
20:45	 Heerenveen
NAC Breda	
-1.25
+1.25
1.95
1.76
 
 	
3.0
1.85
1.90
1.45
4.60
6.50
1.10
1.20
2.70
2.0
1.0
1.75
2.25
2.00
1.62
 	 0:0(0:0)  
 	04/04
21:45	 FC Dordrecht
Heracles Almelo	
+0.25
-0.25
1.85
1.95
 
 	
2.75
1.80
 	
2.00
 	
3.00
3.70
2.25
1.67
1.30
1.40
1.5
1.5
2.30
1.95
1.62
1.85
 	 2:3(2:1)  
 	04/04
21:45	 Twente
PSV Eindhoven	
+0.75
-0.75
1.72
2.05
 
 	
2.75
1.80
 	
1.95
 	
4.00
3.70
1.85
1.95
1.27
1.23
1.0
1.5
1.75
1.72
2.00
2.05
 	 0:5(0:3)  
 	05/04
13:30	 Utrecht
Ajax	
+0.25
-0.25
1.87
1.87
 
 	
3.0
1.87
1.87
3.10
3.70
2.15
1.70
1.27
1.36
1.5
1.5
2.15
1.80
1.65
1.95
 	 1:1(0:0)  
 	05/04
13:30	 AZ Alkmaar
Feyenoord	
+0.25
-0.25
2.00
1.85
 
 	
2.75
1.87
 	
1.93
 	
3.30
3.70
2.10
1.75
1.28
1.35
1.0
1.5
1.65
1.93
2.25
1.87
 	 1:4(0:3)  
 	05/04
15:30	 Excelsior Rotterdam
ADO Den Haag	
-0.25
+0.25
2.05
1.75
 
 	
2.5
1.87
1.87
2.35
3.40
2.90
1.40
1.30
1.57
1.5
1.0
2.25
1.65
1.62
2.15
 	 2:3(0:1)  
 	05/04
17:45	 Cambuur Leeuwarden
Go Ahead Eagles	
-0.75
+0.75
1.95
1.80
 
 	
2.75
1.85
 	
1.90
 	
1.75
3.80
4.30
1.20
1.25
2.05
1.5
1.0
1.70
1.95
2.10
1.80
 	 1:0(0:0)  
	10/04
21:00	 PSV Eindhoven
PEC Zwolle	
-1.75
+1.75
1.90
1.85
 
 	
3.25
1.75
 	
2.00
 	
1.25
5.55
11.50
1.02
1.12
3.60
2.5
1.5
1.85
5.10
1.85
1.13
 	 3:1(1:1)  
 	11/04
19:30	 Excelsior Rotterdam
SBV Vitesse	
+0.75
-0.75
1.85
1.85
 
 	
3.0
1.90
1.85
4.50
3.80
1.75
2.10
1.27
1.20
1.0
2.0
1.80
2.15
2.00
1.65
 	 1:3(1:1)  
 	11/04
20:45	 Heerenveen
AZ Alkmaar	
-0.25
+0.25
1.70
2.10
 
 	
3.0
1.95
1.80
1.95
3.60
3.60
1.27
1.27
1.80
1.5
1.0
1.75
1.62
2.05
2.20
 	 5:2(1:1)  
 	11/04
20:45	 NAC Breda
FC Dordrecht	
–1.0
+1.0
1.90
1.85
  	
2.75
1.85
 	
1.85
 	
1.55
4.20
5.50
1.13
1.22
2.40
2.0
1.0
2.10
2.30
1.70
1.57
 	 2:2(2:0)  
 	11/04
21:45	 Heracles Almelo
Ajax	
+0.75
-0.75
1.75
1.96
 
 	
3.0
1.95
1.80
4.30
3.75
1.80
2.00
1.27
1.22
1.0
1.5
1.75
1.70
2.00
2.10
 	 0:2(0:1)  
 	12/04
13:30	 Willem II
Feyenoord	
+0.75
-0.75
1.70
2.03
 
 	
2.75
1.90
 	
1.80
 	
4.00
3.75
1.85
1.95
1.27
1.25
1.0
1.5
1.87
1.80
1.87
1.95
 	 2:2(1:1)  
 	12/04
15:30	 Go Ahead Eagles
Twente	
+0.25
-0.25
2.10
1.66
 
 	
2.75
1.95
 	
1.76
 	
3.70
3.60
1.95
1.85
1.28
1.26
1.0
1.5
1.85
1.87
1.95
1.87
 	 1:3(1:2)  
 	12/04
15:30	 FC Groningen
Cambuur Leeuwarden	
-0.25
+0.25
1.90
1.80
 
 	
2.75
1.90
 	
1.80
 	
2.20
3.50
3.10
1.35
1.30
1.65
1.5
1.0
2.00
1.62
1.75
2.20
 	 3:2(1:2)  
 	12/04
17:45	 ADO Den Haag
Utrecht	
-0.25
+0.25
1.85
1.85
 
 	
2.75
1.80
 	
1.90
 	
2.15
3.50
3.20
1.33
1.30
1.70
1.5
1.0
1.90
1.57
1.85
2.30
 	 2:0(0:0)  
17/04
21:00	 Cambuur Leeuwarden
Excelsior Rotterdam	
-0.75
+0.75
2.00
1.72
 
 	
2.75
1.85
 	
1.85
 	
1.80
3.80
4.10
1.22
1.25
2.00
1.5
1.0
1.75
1.87
2.05
1.87
 	 1:1(0:0)  
 	18/04
19:30	 AZ Alkmaar
ADO Den Haag	
-0.75
+0.75
1.95
1.76
 
 	
3.0
1.95
1.80
1.75
4.00
4.50
1.22
1.27
2.15
2.0
1.0
2.05
1.85
1.72
1.90
 	 3:1(1:0)  
 	18/04
20:45	 PSV Eindhoven
Heerenveen	
-1.75
+1.75
1.83
1.87
 
 	
3.75
1.80
 	
1.90
 	
1.23
7.00
10.00
1.05
1.10
4.00
2.5
1.0
1.72
2.30
2.15
1.62
 	 4:1(3:1)  
 	18/04
20:45	 SBV Vitesse
FC Dordrecht	
-2.75
+2.75
1.95
1.80
 
 	
4.0
1.95
1.80
1.11
10.00
18.00
1.01
1.05
6.50
3.0
1.0
1.65
3.80
2.20
1.25
 	 3:0(0:0)  
 	18/04
21:45	 Willem II
FC Groningen	
-0.25
+0.25
1.70
2.03
 
 	
2.75
1.87
 	
1.83
 	
1.95
3.70
3.60
1.28
1.27
1.85
1.5
1.0
1.85
1.75
1.90
2.00
 	 1:4(0:2)  
 	19/04
13:30	 Feyenoord
Go Ahead Eagles	
-2.25
+2.25
1.95
1.76
 
 	
3.5
1.80
1.95
1.15
8.00
15.00
1.01
1.07
5.30
3.0
1.0
1.95
3.20
1.80
1.33
 	 0:1(0:0)  
 	19/04
15:30	 Ajax
NAC Breda	
-1.75
+1.75
1.90
1.80
 
 	
3.25
1.80
 	
1.90
 	
1.25
6.00
10.00
1.03
1.12
3.80
2.5
1.0
1.87
2.65
1.87
1.45
 	 0:0(0:0)  
 	19/04
15:30	 Heracles Almelo
PEC Zwolle	
0
0
1.80
2.05
  	
3.0
1.90
1.90
2.45
3.60
2.75
1.47
1.30
1.57
1.5
1.5
1.93
2.05
1.87
1.77
 	 2:0(1:0)  
 	19/04
17:45	 Utrecht
Twente	
0
0
1.97
1.83
  	
2.75
1.80
 	
1.90
 	
2.60
4.00
2.40
1.57
1.25
1.50
1.5
1.5
2.15
2.05
1.70
1.77
 	 1:0(0:0)  
820	24/04
21:00	 ADO Den Haag
SBV Vitesse	
+0.25
-0.25
1.95
1.85
 
 	
3.0
1.95
1.85
3.30
3.65
2.10
1.73
1.28
1.33
1.5
1.5
2.15
1.75
1.65
2.00
 	 1:0(0:0)  
821	25/04
19:30	 Heerenveen
Willem II	
-0.75
+0.75
1.95
1.76
 
 	
3.0
1.75
2.00
1.75
3.90
4.30
1.22
1.25
2.05
2.0
1.0
2.05
1.65
1.72
2.15
 	 1:1(0:0)  
822	25/04
20:45	 Go Ahead Eagles
Utrecht	
0
0
1.85
1.90
  	
2.75
1.80
 	
1.90
 	
2.55
3.35
2.65
1.42
1.30
1.45
1.5
1.5
2.00
2.10
1.72
1.66
 	 0:2(0:1)  
823	25/04
20:45	 NAC Breda
Heracles Almelo	
-0.25
+0.25
1.95
1.76
 
 	
3.0
1.97
1.83
2.30
3.55
2.80
1.40
1.26
1.57
1.5
1.5
1.95
2.20
1.87
1.65
 	 1:3(1:2)  
824	25/04
21:45	 Excelsior Rotterdam
PSV Eindhoven	
+1.25
-1.25
1.80
1.90
 
 	
3.25
1.80
 	
1.90
 	
6.50
4.50
1.45
2.66
1.19
1.10
1.0
2.0
1.87
1.62
1.87
2.20
 	 2:3(0:0)  
825	26/04
13:30	 FC Dordrecht
Cambuur Leeuwarden	
+0.75
-0.75
1.85
1.85
 
 	
3.0
1.90
1.85
4.50
3.80
1.75
2.10
1.27
1.20
1.0
2.0
1.80
2.15
2.00
1.65
 	 0:0(0:0)  
826	26/04
15:30	 FC Groningen
Feyenoord	
+0.75
-0.75
1.75
1.96
 
 	
2.75
1.75
 	
1.96
 	
4.30
3.75
1.80
2.00
1.27
1.22
1.0
1.5
1.85
1.70
1.85
2.10
 	 1:1(1:1)  
827	26/04
15:30	 PEC Zwolle
Ajax	
+0.25
-0.25
1.85
1.85
 
 	
2.75
1.80
 	
1.90
 	
3.00
3.70
2.25
1.67
1.30
1.40
1.5
1.5
2.30
1.95
1.62
1.85
 	 1:1(0:0)  
828	26/04
17:45	 Twente
AZ Alkmaar	
-0.75
+0.75
1.85
1.85
 
 	
3.0
1.75
2.05
1.75
4.10
4.30
1.23
1.24
2.10
2.0
1.0
2.00
1.75
1.80
2.10
 	 0:2(0:2)  
526	10/05
15:30	 FC Groningen
PEC Zwolle	
-0.25
+0.25
1.87
1.83
 
 	
3.0
1.95
1.80
2.15
3.70
3.15
1.36
1.28
1.70
1.5
1.5
1.80
2.20
2.00
1.67
 	 0:1(0:0)  
527	10/05
15:30	 Ajax
Cambuur Leeuwarden	
-1.25
+1.25
1.95
1.80
 
 	
3.25
1.95
 	
1.80
 	
1.45
4.70
6.70
1.09
1.19
2.70
2.0
1.0
1.70
2.05
2.05
1.70
 	 3:0(0:0)  
528	10/05
15:30	 AZ Alkmaar
NAC Breda	
–1.0
+1.0
1.90
1.85
  	
3.25
1.95
 	
1.80
 	
1.57
4.20
5.20
1.14
1.22
2.35
2.0
1.0
1.80
1.80
1.95
1.95
 	 3:2(1:2)  
529	10/05
15:30	 Twente
FC Dordrecht	
-2.25
+2.25
1.95
1.80
 
 	
4.0
1.80
1.95
1.18
8.00
10.00
1.03
1.06
4.50
3.0
1.0
1.75
2.20
2.00
1.62
 	 3:0(0:0)  
530	10/05
15:30	 Utrecht
Excelsior Rotterdam	
-0.25
+0.25
1.87
1.83
 
 	
3.0
1.90
1.90
2.15
3.70
3.15
1.36
1.28
1.70
1.5
1.5
1.80
2.20
2.00
1.67
 	 2:2(0:0)  
531	10/05
15:30	 Go Ahead Eagles
Heerenveen	
+0.25
-0.25
1.77
2.05
 
 	
3.0
1.87
1.93
2.65
3.65
2.40
1.53
1.26
1.45
1.5
1.5
2.05
1.93
1.75
1.87
 	 1:1(0:0)  
532	10/05
15:30	 PSV Eindhoven
Heracles Almelo	
-2.25
+2.25
1.80
2.00
 
 	
4.0
1.85
1.95
1.15
8.50
16.00
1.01
1.07
5.55
3.0
1.0
1.70
2.60
2.10
1.47
 	 2:0(1:0)  
533	10/05
15:30	 Willem II
ADO Den Haag	
-0.25
+0.25
1.70
2.10
 
 	
3.0
1.95
1.80
1.95
3.60
3.60
1.27
1.27
1.80
1.5
1.0
1.75
1.62
2.05
2.20
 	 1:0(0:0)  
534	11/05
21:00	 Feyenoord
SBV Vitesse	
-0.25
+0.25
1.62
2.16
 
 	
3.0
1.85
1.90
1.85
3.90
3.70
1.25
1.23
1.90
1.5
1.5
1.65
2.40
2.15
1.53
 	 1:4(1:3)  
473	17/05
15:30	 Heracles Almelo
Go Ahead Eagles	
-1.25
+1.25
1.95
1.76
 
 	
3.5
1.90
1.90
1.50
5.00
5.50
1.15
1.18
2.62
2.5
1.0
2.10
1.77
1.72
2.05
 	 1:0(0:0)  
474	17/05
15:30	 Excelsior Rotterdam
AZ Alkmaar	
+0.75
-0.75
1.77
2.05
 
 	
3.5
1.93
1.87
3.90
4.00
1.80
1.97
1.23
1.24
1.5
2.0
2.15
1.95
1.72
1.85
 	 1:4(1:3)  
475	17/05
15:30	 Heerenveen
Twente	
0
0
1.90
1.90
  	
3.25
1.80
 	
1.90
 	
2.60
3.50
2.60
1.49
1.30
1.49
1.5
1.5
1.80
1.80
2.00
2.00
 	 1:3(1:0)  
476	17/05
15:30	 PEC Zwolle
Feyenoord	
+0.75
-0.75
1.83
1.87
 
 	
3.0
1.90
1.90
4.30
4.05
1.77
2.10
1.25
1.23
1.0
2.0
1.77
2.20
2.05
1.67
 	 3:0(0:0)  
477	17/05
15:30	 FC Dordrecht
Ajax	
+1.5
–1.5
1.90
1.90
  	
3.5
1.85
1.95
8.00
5.50
1.35
3.30
1.16
1.08
1.0
2.5
2.20
1.85
1.60
1.90
 	 2:1(0:0)  
478	17/05
15:30	 Cambuur Leeuwarden
Willem II	
-0.25
+0.25
1.95
1.76
 
 	
3.0
1.85
1.95
2.25
3.70
3.00
1.40
1.30
1.67
1.5
1.5
1.85
2.15
1.95
1.70
 	 1:2(0:1)  
479	17/05
15:30	 ADO Den Haag
PSV Eindhoven	
+1.25
-1.25
1.83
1.95
 
 	
3.5
1.85
1.95
5.50
4.50
1.55
2.65
1.16
1.16
1.0
2.5
1.72
2.10
2.15
1.75
 	 2:3(1:1)  
480	17/05
15:30	 SBV Vitesse
Utrecht	
-1.75
+1.75
1.87
1.83
 
 	
4.0
1.95
1.80
1.28
6.20
8.50
1.06
1.11
3.60
3.0
1.0
2.10
1.90
1.70
1.85
 	 3:3(2:2)  
481	17/05
15:30	 NAC Breda
FC Groningen	
+0.25
-0.25
1.75
1.96
 
 	
3.0
1.95
1.80
2.80
3.60
2.35
1.60
1.28
1.42
1.5
1.5
2.15
1.95
1.65
1.80
 	 4:5(2:3)  